0.692774752189
0.0888008160403
0.986671536919
0.811657327526
0.808561596049
0.85526845046
0.25080203708
0.430753220309
0.399466791098
0.4171472113
0.476332457335
0.95341969197
0.398423979861
0.799251725341
0.798150860836
0.0959748958963
0.349605644525
0.315814164366
0.835467565356
0.144117031769
0.227588880989
0.848210257649
0.888301728956
0.500962889606
0.896109805934
0.253298851643
0.600965500033
0.843971551608
0.542814806342
0.182115210595
0.243122794117
0.700340237998
0.828618807319
0.486809554961
0.0731407125877
0.3418869592
0.55254727702
0.91889521185
0.783076491268
0.0295026825961
0.985436299316
0.671126854583
0.92969795713
0.134069956208
0.023489623509
0.584123889695
0.395328795141
0.285750180171
0.903213611256
0.115853094346
0.169020390447
0.319161139697
0.0929797676219
0.327775613525
0.938337054108
0.0664816453724
0.164276506213
0.00516864965449
0.741731648138
0.955696905486
0.00453082372268
0.109534530387
0.145024290206
0.945713527391
0.0103798457598
0.0287044553389
0.622987288475
0.192596925009
0.706249403146
0.364401289364
0.83918452652
0.364422645643
0.619184690599
0.690729753728
0.485027842795
0.320895474411
0.547049484649
0.556366683875
0.709413621074
0.345537590051
0.12678781552
0.299857624566
0.794904166256
0.551259853505
0.473634125009
0.704134168183
0.836565818972
0.552596994438
0.258294087213
0.41005346513
0.446329917069
0.792895372748
0.0767032353324
0.225568977995
0.468547380709
0.0593511254992
0.637620350397
0.484179376782
0.397107074836
0.597041629031
