0.465546025213
0.217506053824
0.715718003376
0.975744027543
0.803398129693
0.807295249156
0.383205913022
0.669144839505
0.512298828594
0.819627482361
0.871052671
0.415499184659
0.865828957947
0.928955830299
0.504395606437
0.878434849782
0.260601656503
0.541018047248
0.319253958186
0.301749832829
0.54986381163
0.630578656772
0.988714724669
0.641826995738
0.911977895828
0.455831260577
0.890778695638
0.781553353251
0.494261410473
0.337026761771
0.567827005918
0.604797661361
0.932785619136
0.626513732315
0.171955523466
0.0269864560157
0.289888586014
0.510716465258
0.26255315431
0.538962712279
0.165350605476
0.965620908126
0.820131756979
0.170032891274
0.193651869671
0.845699342729
0.0319569626042
0.731728105591
0.837206387251
0.55531769383
0.376078097432
0.150489509683
0.0323229274755
0.658456052942
0.68304477348
0.0404105575057
0.189308741218
0.00268465438719
0.144580431947
0.251062870342
0.00111759626906
0.257249855001
0.261146696468
0.647572490718
0.238735094357
0.00473766300882
0.562358825769
0.799010247048
0.449012705087
0.535699366727
0.586807437033
0.545674528765
0.171594038848
0.960999120599
0.238326763559
0.178575964615
0.466982291066
0.571647177967
0.764531887399
0.170323070274
0.80592673688
0.925320073619
0.712911681832
0.541229771019
0.821940082141
0.641355659234
0.634516328543
0.79857484187
0.694681478646
0.436854306527
0.965715640751
0.797126528446
0.587852333351
0.522349318186
0.850385340792
0.156721655153
0.941145731523
0.44894656239
0.195800155483
0.206503092616
