0.908755808523
0.863335161341
0.852995962545
0.354323386301
0.628912952474
0.221504076318
0.139543836137
0.666600087909
0.406389411154
0.0913838195898
0.444315114191
0.623948432875
0.0907019270198
0.560537616345
0.881286881592
0.186828404397
0.977830192492
0.736338417493
0.390065363937
0.37686933019
0.0711326272205
0.158612940463
0.525189224462
0.876694064128
0.617388941429
0.178582453522
0.212925106531
0.231568030333
0.317698420784
0.855055122384
0.588260110835
0.181374753827
0.58582254087
0.284700729226
0.966571818541
0.852368331739
0.742153360406
0.555082074872
0.232934017336
0.190763162731
0.272776807216
0.44204877029
0.589975741247
0.149469513283
0.342243833546
0.132657621329
0.773475815373
0.584749173271
0.00157753968703
0.830602260686
0.631408431463
0.711353431658
0.731836826806
0.514223284403
0.0153084021737
0.481247042029
0.115820650793
0.261429271685
0.564266269303
0.677558683193
0.72083531472
0.0308273108867
0.782412939065
0.155844822191
0.125118332139
0.456970604843
0.479238380756
0.834418615946
0.798474570448
0.727303604238
0.820850857349
0.323709747137
0.960813788269
0.758894845097
0.075111432602
0.898528388228
0.453122476773
0.959528214729
0.439711558612
0.430228011916
0.107018863582
0.197038651292
0.264715356197
0.343875867508
0.38155837103
0.985963724204
0.281231453007
0.738474669663
0.528448353817
0.666167108103
0.0536179769376
0.944117329129
0.0456067695897
0.739417418785
0.907694428888
0.297128785226
0.0368338260715
0.52651152937
0.0590315836358
0.494028840919
