0.435192971447
0.666536009953
0.632800868765
0.334043553032
0.437381571564
0.0958267782817
0.19962232461
0.863438730444
0.343602467413
0.702903951385
0.294450841736
0.241597331305
0.802943616441
0.123422540059
0.902286892286
0.220046644489
0.706001154626
0.0618984483388
0.253151970084
0.244319341656
0.695170305981
0.920333645564
0.780759480155
0.253340958808
0.475419870969
0.379750796538
0.395209367404
0.0020092104548
0.222747960501
0.546756142444
0.379639841007
0.77722371146
0.151758463328
0.364294001241
0.0462862699988
0.178028403833
0.516000359503
0.885864216582
0.615521885917
0.735651002051
0.541985530855
0.748109172829
0.65633321884
0.0046844776405
0.350713378012
0.250714253883
0.306634736778
0.893474800791
0.220295194816
0.838466565996
0.168333292064
0.615743577677
0.609285145889
0.545014939018
0.627182610401
0.334255140182
0.645260243823
0.756109977442
0.689783829209
0.46875477254
0.682723823896
0.0983239105841
0.0151831569362
0.336456364871
0.592306748994
0.914361249985
0.190747587876
0.603329145936
0.423182984906
0.990248898098
0.601113543188
0.119702805881
0.729319442573
0.0228323080991
0.578040651996
0.860983712739
0.563888064292
0.661639457542
0.026154115456
0.648542543957
0.777567092586
0.697028938668
0.111544917235
0.42535173574
0.0715720439656
0.904026554933
0.370834400091
0.878002046197
0.710642095551
0.802203018989
0.543749431258
0.115678568681
0.114356286623
0.359633465103
0.418645532129
0.362052275543
0.818112132641
0.282704835268
0.632728363966
0.96946034159
