0.289936448869
0.380567541851
0.539414113629
0.338733351127
0.666074864377
0.353119018259
0.150372280876
0.0236463759145
0.845821042058
0.593159679407
0.392719881663
0.181493041788
0.132630534616
0.502425942834
0.561124061311
0.602715133943
0.472347110869
0.550072771474
0.442556258983
0.0238057097476
0.740755174282
0.267501127088
0.105433248054
0.0838538876026
0.66282076307
0.896479774053
0.669335245413
0.111745743682
0.711351881278
0.870786524548
0.0183049541677
0.331942587312
0.936677402094
0.439486885861
0.703566273868
0.536628720679
0.942364305575
0.471748777415
0.348695532113
0.0124086797825
0.584871563408
0.323735632697
0.854578969027
0.52014570911
0.478190746654
0.641078395816
0.556779470326
0.924738992539
0.0191783530019
0.0808929837988
0.105163607252
0.187516213307
0.364643878165
0.160553200091
0.503486489315
0.574063014043
0.654961724796
0.417311580834
0.385988957167
0.699285929792
0.406178858681
0.597026593005
0.682147409245
0.448043878381
0.046107584639
0.0158110164723
0.13044063429
0.77611058796
0.060133259329
0.258566851608
0.891699591638
0.0524430804135
0.215258621173
0.768976577076
0.655085319503
0.0578928189119
0.452120854029
0.889497483684
0.563694708477
0.580672551481
0.852703891228
0.0169822061095
0.224826519434
0.996130129073
0.41706662705
0.964411013567
0.799764130937
0.257222991152
0.885805528299
0.772307997625
0.208314432924
0.958444821057
0.953930956781
0.390376483106
0.408646063367
0.629592789312
0.851864051111
0.540069801077
0.49225148039
0.839329422721
