0.251072086008
0.563128335046
0.0111745308798
0.545564969977
0.679536102249
0.332383140527
0.315617722485
0.813053097992
0.184429653606
0.478866064086
0.0227985717598
0.508797240555
0.8493713714
0.305746388526
0.901666129848
0.787481402269
0.54262354571
0.90043470798
0.885571108868
0.372993905698
0.951310632723
0.604765388339
0.894968172048
0.699372829199
0.0176442585075
0.493013672352
0.986199414296
0.413808084409
0.0115917190008
0.403488728922
0.874563895923
0.463773879146
0.614728254655
0.576345915821
0.236660888399
0.855498682414
0.69102885201
0.231306136606
0.375074053083
0.360101572648
0.531139163083
0.124854024778
0.440977101835
0.760731072252
0.39565025143
0.499862726545
0.692938488134
0.610309360756
0.703288114624
0.796760846163
0.341196531773
0.742091317506
0.459573897058
0.428652566166
0.166042087482
0.689099272106
0.538716293813
0.203306080091
0.845944316653
0.14605305394
0.62775925761
0.0594255302435
0.675591656228
0.819280031383
0.124414608137
0.994444343441
0.644205146328
0.746534423566
0.687973247888
0.32224571474
0.987208777741
0.91653556902
0.0228352622708
0.581403155268
0.767572237468
0.00693787743572
0.905263793349
0.558662423724
0.961219047511
0.446003604869
0.132715706583
0.636920776765
0.538371117077
0.220146020408
0.549120795673
0.0195124285102
0.234866034392
0.769313774537
0.359970976072
0.427153356839
0.967939555165
0.245465225529
0.989892295704
0.653998176477
0.342511215013
0.383343131642
0.0695982110182
0.770970509826
0.703355424255
0.656449177919
