0.0
0.0
0.0
0.0
0.0
0.0
0.0
0.0
0.0
0.0
0.0
0.0
0.0
1.11022302463e-16
0.0
0.0
0.0
0.0
0.0
0.0
0.0
0.0
0.0
0.0
0.0
0.0
0.0
0.0
0.0
0.0
0.0
1.7763568394e-15
0.0
0.0
3.64153152077e-14
0.0
0.0
0.0
0.0
0.0
0.0
1.11022302463e-16
0.0
0.0
0.0
0.0
0.0
0.0
0.0
0.0
0.0
0.0
0.0
0.0
0.0
3.33066907388e-16
0.0
0.0
0.0
0.0
1.11022302463e-16
0.0
0.0
0.0
7.77156117238e-16
0.0
0.0
0.0
0.0
0.0
0.0
4.15247836116e-11
0.0
0.0
0.0
0.0
0.0
0.0
0.0
0.0
0.0
0.0
0.0
6.66133814775e-16
0.0
4.4408920985e-16
0.0
0.0
0.0
0.0
0.0
0.0
0.0
0.0
1.11022302463e-16
0.0
0.0
1.16129328376e-13
0.0
0.0
