0.844550422915
0.036430092713
0.336288915019
0.58156100368
0.47672939742
0.0811003027428
0.445662981441
0.633542237798
0.543161083591
0.329629377068
0.180979734935
0.187419799992
0.678907814189
0.841896182187
0.184770297928
0.714665732871
0.550673023334
0.538540264891
0.694008669987
0.955925218408
0.453164133701
0.807095333973
0.0866961597362
0.981676402548
0.0772143878771
0.937318193135
0.251896695982
0.870114280241
0.657557182845
0.757912461639
0.73357316578
0.764682272064
0.239895179953
0.221606840704
0.0633474794074
0.491414283829
0.184699003103
0.306465574202
0.193168858903
0.679575195239
0.475827482938
0.256111466996
0.412121347038
0.518631751696
0.91168162849
0.320204543142
0.467443935802
0.751232087695
0.201169155373
0.801202145778
0.014566123898
0.221908661425
0.693130130382
0.132743829556
0.274737575445
0.829033558722
0.416453539378
0.758455565104
0.726633528197
0.288834906003
0.162645670614
0.848872918772
0.677661321489
0.0460944671273
0.758707957312
0.278000897053
0.842213159128
0.795239804805
0.627863731272
0.967623615746
0.801374654437
0.145296805565
0.809801583449
0.0792705281622
0.414403733569
0.0614543122702
0.579163056603
0.606561964176
0.260681262839
0.66666057169
0.694235234503
0.0438322322322
0.299538305268
0.695816112457
0.210822309512
0.70473439723
0.742004102381
0.0257246863364
0.858137958348
0.401589127452
0.430832065064
0.619404911456
0.724498023631
0.444260212141
0.107757261763
0.296992572667
0.984276468141
0.793594284313
0.620915781167
0.663180698302
