0.289533154245
0.265117319609
0.206298018312
0.267147378964
0.512964172737
0.154454341583
0.66312659824
0.0133240320988
0.317865960319
0.749738433101
0.969559647871
0.711741642803
0.214345927509
0.188043117225
0.741285080036
0.450518380846
0.517133854798
0.823519951128
0.524732681802
0.0131604413259
0.60588797602
0.414271909283
0.084482046025
0.0912623790066
0.875839782753
0.827385336482
0.836718791967
0.00388016795635
0.43237399996
0.462819094013
0.0906667190057
0.0067036599904
0.919669975403
0.483397422406
0.596821080407
0.356318480494
0.642970254578
0.579711457364
0.0416025076021
0.0371807431824
0.37269037549
0.0850935884213
0.952386884789
0.445329724147
0.826005148326
0.617209384161
0.52158443963
0.591117930385
0.0282663024987
0.0744883510417
0.298649079704
0.291586066363
0.459452068908
0.188458547612
0.427382059254
0.228057482013
0.966896282056
0.173528861832
0.314256543519
0.366704576799
0.581079595297
0.447899251081
0.829765247407
0.557914792591
0.0146572594198
0.00777100458171
0.0471424524062
0.472893258706
0.545262106495
0.605041358027
0.356425477419
0.234269891011
0.0518406508755
0.740715305528
0.876773931908
0.305388463302
0.625348558505
0.535046589512
0.807321710135
0.683742097709
0.382980452397
0.170382317158
0.175973480083
0.976764057234
0.699605451666
0.938224763039
0.842174489587
0.0384409299165
0.95775989039
0.391140262188
0.362489371096
0.919423685082
0.948065810205
0.741767208377
0.227868990368
0.612010364684
0.982804932612
0.671597990234
0.409336629444
0.870124225882
