0.779514926391
0.728637284225
0.332792378175
0.679765856942
0.638163913677
0.59150840091
0.91757087979
0.499648754033
0.901218647345
0.486342850575
0.528888949906
0.932024428344
0.336767048318
0.834943362624
0.233158684527
0.416003279549
0.304209078454
0.671912331228
0.475220406136
0.269534985772
0.570817087383
0.931101370839
0.826603184353
0.86111408188
0.390551910597
0.124228229042
0.38085810584
0.836315339838
0.117753946502
0.156835770819
0.209807340086
0.0741025550501
0.560056097989
0.919783446822
0.0939010679044
0.584101666117
0.526813842555
0.758203011712
0.820966751846
0.542956523515
0.44159446899
0.441362876335
0.739409147963
0.564459505509
0.901352456431
0.0403814001282
0.0353722881894
0.594167141137
0.278203919535
0.266742096179
0.582667647193
0.899519542153
0.472008433648
0.465915922385
0.983584834336
0.88996982323
0.725056211849
0.0632835558251
0.874030416803
0.993971070036
0.284400179683
0.64661606415
0.254038622792
0.0265979674711
0.936616772852
0.200477233837
0.609547907682
0.582466988596
0.0791352511228
0.755514345518
0.865846906922
0.975252374511
0.0343737857344
0.247058681158
0.887047840168
0.452588278952
0.0579370729876
0.398192499102
0.757527489673
0.431817282711
0.840601607789
0.91496207776
0.715466809096
0.655042478713
0.19481576269
0.904892801462
0.449335399305
0.793724416979
0.53780993946
0.768549990779
0.878526708597
0.481614794957
0.0976645048575
0.392606891347
0.35371809773
0.936825496751
0.402527447301
0.764729680964
0.421202469481
0.597994835928
