0.539686540586
0.6609709098
0.378457153371
0.812213990088
0.971014772181
0.77750530292
0.959469290837
0.331882132491
0.819120888405
0.332681896326
0.740298323342
0.134120765309
0.529888536971
0.252540531627
0.493615956729
0.735720091404
0.731587803644
0.0131209946567
0.21633737411
0.0820672445808
0.0557555247885
0.330073405492
0.864362835468
0.651222966942
0.396243996124
0.777053081485
0.214648600375
0.859917034512
0.153473708538
0.846292606984
0.485604414331
0.750688964721
0.155111028129
0.142810158368
0.0837620525871
0.847725734215
0.380638314005
0.0048237223369
0.962509721786
0.851695589578
0.404214699898
0.443238750956
0.745764125832
0.124940287966
0.436819069558
0.868989576394
0.0924209950995
0.780573415201
0.411779974717
0.655426802732
0.686320369957
0.59911949303
0.334996134714
0.894980255796
0.874670562398
0.0173202823658
0.703798658209
0.225004047453
0.399054505414
0.987939481153
0.581795134105
0.841436820815
0.485616735977
0.790034781846
0.391853732901
0.696512069924
0.797645815603
0.128087816039
0.202471134974
0.63621092222
0.0606055684869
0.565381427171
0.440064417907
0.837404883499
0.723652422207
0.700089833448
0.722283999791
0.208624338876
0.526567333787
0.351089260097
0.441582792497
0.676893765172
0.921291127644
0.501552927532
0.588130684482
0.961961553069
0.935696842645
0.489795071056
0.646154723242
0.578543782057
0.402763239239
0.090132116964
0.405544056629
0.599579723259
0.836959263408
0.783532034654
0.173206138331
0.0149719804585
0.591852058189
0.538139193333
