0.270575504472
0.0161869182881
0.198217832071
0.436128849831
0.641692559213
0.699786409158
0.148345006965
0.0445562524281
0.141274399316
0.130782287582
0.412858227999
0.265078934831
0.0426269015064
0.0172574823756
0.346366801622
0.603903343602
0.709429356897
0.819144072086
0.110410414936
0.989938432629
0.0722827364873
0.00584910211598
0.263038304429
0.764920448259
0.972086996195
0.853534371005
0.0232258966611
0.349842316045
0.23628532209
0.173386452291
0.182868815689
0.0542272272357
0.377553550894
0.708054639104
0.00269735947995
0.272602532376
0.945311908995
0.148186626028
0.0108191899435
0.448373779183
0.233748948768
0.427239640201
0.175725435652
0.0411264665705
0.578700167424
0.294659757955
0.139923629328
0.306437401338
0.0605458215322
0.156715031669
0.0541224516356
0.402673944452
0.539210785041
0.0170037861039
0.542465151796
0.301692995492
0.321466864328
0.114409187762
0.00777008476536
0.511722838874
0.855564476798
0.679268915685
0.417853714605
0.0533678266172
0.658405045073
0.376081901211
0.427296645889
0.101216772079
0.565442907318
0.837509970332
0.649618273475
0.413181236861
0.798598131905
0.172181947336
0.756228462841
0.384266295446
0.265323868931
0.917449812182
0.304411232668
0.640062087211
0.32600043251
0.502599605672
0.0687235988387
0.639231306286
0.0416925893037
0.627520532831
0.496364580496
0.0795671076013
0.349347444008
0.142151277864
0.179898088396
0.200013166628
0.151802542694
0.0138294019405
0.545874668756
0.409274816589
0.0338103055032
0.250124134755
0.00343268152012
0.0885080274183
