0.917233268284
0.017992044569
0.385083909891
0.0685874574558
0.120255915963
0.131589318492
0.398463141371
0.292368522474
0.106510838229
0.0713980255694
0.014825119326
0.00335867334125
0.32459354217
0.184142397487
0.190141637651
0.127516065847
0.0795452820698
0.251582135502
0.415018409618
0.102172074607
0.0307795548558
0.0445967019219
0.00792578675618
0.196114240853
0.121127495632
0.512612836591
0.536625471591
0.0201993094039
0.901704507461
0.00890761237363
0.479321739156
0.28000671861
0.258010442174
0.166086621587
0.619729914615
0.0482002627464
0.0946111190213
0.0288743394346
0.0023142842898
0.000695892378708
0.115012385671
0.0127909818579
0.00732204075078
0.000714720706797
0.297887085576
0.0755389117644
0.0750240969897
0.327175513732
0.048225943985
0.0843278836868
0.0689613496251
0.229387995164
0.546113240475
0.00192047651195
0.637451449869
0.0566982347572
0.0354312714929
0.210075686975
0.0134092648882
0.384925074713
0.0998116356988
0.187387949106
0.402783158534
0.00583303180337
0.071779364745
0.0182633073147
0.0517286349111
0.101036359356
0.0426533148884
0.397273469783
0.758137564264
0.0039816153736
0.26194456845
0.398997777521
0.180431404223
0.0377522005185
0.000270739913147
0.00158029452619
0.0645418804484
0.0218742735488
0.00322957114081
0.415546607373
0.0453694979206
0.0644091550211
0.000169536184169
0.0017775189054
0.0475262029676
0.568803812047
0.655378156667
4.16486523322e-05
0.532566359037
0.895035945413
0.37616617856
0.248429063429
0.030688225156
0.36495631849
0.0598896199854
0.596069538688
0.00356883021101
0.0194453511716
