0.50392632463
0.397326984627
0.00270158214527
0.170100366726
0.368687002356
0.32334848367
0.278009663716
0.0531863055809
0.116666312646
0.765549046563
0.132684805757
0.2899035974
0.453853590413
0.0144090452741
0.16510566928
0.100541540827
0.0237884105754
0.0266310919651
0.726834676452
0.133839957318
0.255875871873
0.282623243406
0.44764518518
0.0622765116211
0.170536702932
0.00228602151382
0.420373679793
0.284553164468
0.235976099484
0.558187092321
0.225580303444
0.0472986373695
0.58941786196
0.0797185845855
0.60285397716
0.413102540045
0.088308824311
0.128007706078
0.0294162049018
0.0169864861415
0.769432604412
0.237369723746
0.348607591256
0.786665062836
0.391392515186
0.0112293005321
0.137875419795
0.272529207185
0.193691678541
0.00377346372042
0.567240350593
0.0102032957033
0.0401749043049
0.0866793186891
0.152844746118
0.17426813391
0.457834831731
0.537857148516
0.329453964454
0.407203901897
0.217928965091
0.409488664578
0.25553869344
0.967304931897
0.62011999949
0.093814631747
0.845946931252
0.365965989431
0.102646687574
0.278198190416
0.307739815938
0.191884583554
0.265362423574
0.21320659691
0.0638817918858
0.424992852005
0.0790187693922
0.471365436228
0.135628682675
0.0590410249035
0.451167087557
0.434873930909
0.276811330357
0.522461852487
0.709918481512
0.549838815479
0.195750984523
0.733084606756
0.0745440972855
0.0998865319661
0.255444605196
0.358728681225
0.512416686293
0.209008618294
0.241655095606
0.957570825715
0.529106304458
0.00185788249749
0.186821198272
0.0279012627676
