0.91689809553
0.270726148946
0.492206064853
0.454619197969
0.537527392247
0.632013614333
0.948223532086
0.555593210978
0.82547088
0.699690077271
0.958618889444
0.191732458136
0.429500526206
0.560996084397
0.349729484413
0.462436849691
0.435201818959
0.556535514939
0.255767749553
0.787367459113
0.895102722486
0.26625443381
0.263258637041
0.950288376846
0.333046944825
0.668918740862
0.87375141977
0.497577838473
0.683660518553
0.746641928297
0.630785146945
0.934291570169
0.315794631546
0.763271739888
0.243685626932
0.40975928495
0.642158097898
0.593996886981
0.455699211822
0.904587473851
0.521949873335
0.358987582023
0.32658008608
0.120282117644
0.712644754857
0.584873307622
0.349319974164
0.67475464982
0.108210197374
0.429727305618
0.701432175018
0.778249599613
0.980567041453
0.765850185622
0.769518145746
0.772904659377
0.325979799523
0.58668932757
0.683433000563
0.321656382974
0.0761869086598
0.780900191727
0.220420025028
0.651555993734
0.883032759383
0.00306662366309
0.488547418179
0.265794278384
0.0768704746801
0.550563274537
0.725547714537
0.0331357051491
0.780277688109
0.730661588244
0.709143645699
0.761892187525
0.211822754854
0.818368128939
0.856197235694
0.697699506931
0.328434201408
0.461718132956
0.411548009013
0.778646205528
0.309913439657
0.322145657944
0.929596996283
0.670878334769
0.0468016623072
0.224123657167
0.824948527274
0.710860560794
0.758686055596
0.914292776688
0.13155227118
0.729550607527
0.344114139697
0.879888158574
0.141465719946
0.272878525553
