0.518969723029
0.435502031587
0.403446965216
0.0420493608267
0.266852200404
0.454145212093
0.42783511548
0.535742543736
0.70338246817
0.415412433789
0.0542269797083
0.959317698685
0.62704585312
0.854240673611
0.900212651036
0.674947589342
0.552412399266
0.810992546699
0.953680316573
0.559079543368
0.226582465677
0.388858533855
0.339162051149
0.466299674191
0.396105324761
0.823034089264
0.626194696686
0.919177686594
0.843759994189
0.175241881929
0.262165366836
0.335409161192
0.978546216579
0.933464923249
0.303454505578
0.687626539162
0.586035549505
0.809164670758
0.860013295034
0.872420739161
0.159198803424
0.222788031979
0.935442430722
0.441036273426
0.766968083792
0.556447268999
0.861130887849
0.603712162055
0.912043449534
0.844167706161
0.64786820255
0.741596730935
0.77895155194
0.163510820773
0.228699895727
0.71458648472
0.968948985845
0.243508141068
0.614904804564
0.301830860528
0.672966213408
0.688166079491
0.666259644016
0.805395771852
0.174664378341
0.899351845301
0.718752077131
0.33710961898
0.94340362947
0.98537922656
0.194161335996
0.0167941178814
0.113009946082
0.793368346
0.666225120147
0.741756754906
0.209757788477
0.183711655482
0.521910920579
0.174518655618
0.238567020451
0.11504423183
0.558487054687
0.428817271295
0.192105592452
0.0440458286076
0.996327623945
0.958159284602
0.511492746276
0.351123335164
0.422575298756
0.990202050113
0.153722732741
0.948490168493
0.0110478746195
0.0388308691822
0.162045574002
0.795074700276
0.699072147586
0.270426234433
