0.524899670924
0.58710479343
0.280326610245
0.168235663467
0.507436241788
0.714184493768
0.862810503835
0.799539487292
0.0684420996196
0.295600271202
0.660719800298
0.276525042351
0.0178423778267
0.928209039804
0.86004475041
0.369984400422
0.808483471929
0.139517201715
0.457139242609
0.876409986118
0.178575864431
0.404320798006
0.30962958279
0.969067436194
0.185930403596
0.661706254953
0.292319445887
0.632168637343
0.29127380498
0.70130914113
0.254524373494
0.687403467712
0.839627956594
0.549768988573
0.168989126608
0.113991824291
0.57973227037
0.89886111255
0.124786281024
0.264021382248
0.334696401338
0.585681765049
0.250190155782
0.4862166926
0.440585314392
0.814250980765
0.712558532832
0.275509436322
0.135493578993
0.433355086241
0.739223969756
0.558641383633
0.667028682701
0.025681169421
0.730417186229
0.610423544995
0.431845846124
0.399105430551
0.952778438782
0.146789367242
0.803613901899
0.358425804492
0.739069295707
0.496094029543
0.455726081012
0.438819504805
0.404973854076
0.826338600752
0.56265331004
0.423491400774
0.154981190572
0.718203679954
0.433743994602
0.0117855585897
0.203475454255
0.318406952978
0.11510201137
0.37493981826
0.714508611285
0.180299895846
0.0741256903967
0.727069913433
0.300763827727
0.362471033752
0.376995776246
0.495954668615
0.0370525857603
0.754563283521
0.747121234846
0.398351592248
0.488888644717
0.429522779993
0.381503341442
0.614013833024
0.0262904403388
0.378282282982
0.306131984219
0.219625896428
0.4228205344
0.827995906458
