0.134645750371
0.196500756433
0.645552067864
0.764604685589
0.140963986542
0.906850715207
0.880463982322
0.101965889139
0.950598740589
0.261374693282
0.874571886599
0.0751879597564
0.463252458193
0.720816480335
0.520384967363
0.798867352299
0.612683486642
0.985546581752
0.885503175572
0.647381158242
0.741078884434
0.307421360908
0.593718440337
0.21125257248
0.256837952163
0.542605698548
0.821852710809
0.579849454998
0.880089858676
0.451875347935
0.299952840204
0.815398647202
0.844576005365
0.198329881249
0.893199629749
0.6100117202
0.177795939774
0.409832586116
0.587003980405
0.482912876351
0.282971762096
0.355970141549
0.333563744748
0.479786511035
0.70605551709
0.56208052023
0.476645841698
0.433222701374
0.905736859491
0.715977592192
0.651786467064
0.30214385688
0.661220560759
0.615701638729
0.406764493263
0.194020690709
0.872900380036
0.48430904222
0.316444395789
0.805966138635
0.421197601498
0.416065567414
0.838052173106
0.324736905994
0.346164362128
0.56274467881
0.717623798253
0.52372749411
0.557989314907
0.947401220721
0.708843990063
0.92530417353
0.490181961484
0.512322580532
0.65118692481
0.582313255061
0.59517575594
0.335462753533
0.207997687669
0.881215922847
0.284360516945
0.288388175963
0.81087757662
0.36959336294
0.147542650066
0.0331171063524
0.555657073115
0.671298034879
0.1909674172
0.352715338133
0.84295383771
0.280121503566
0.7083203217
0.662938441733
0.169976104274
0.465902615164
0.613866872742
0.116124560544
0.945538167471
0.71140526616
