1.08612704275e-07
0.000142588523096
3.19280885184e-05
0.00252754441781
5.06981355564e-07
1.22932403901e-06
4.99305739329e-05
8.26101150708e-07
5.2466038919e-06
5.45285527842e-09
3.45142952651e-06
1.95045630758e-08
0.00192914660038
3.80848742543e-08
4.95714580495e-13
3.12476442254e-05
2.2133600508e-09
6.77040532193e-07
1.17972527299e-05
1.23945436137e-08
1.35157551817e-10
1.81005011191e-06
1.21930420538e-07
5.87114848261e-06
1.07487835821e-06
7.19413135286e-07
1.07654990478e-08
1.05247319038e-06
5.48898478892e-07
4.29756230602e-11
4.34522056003e-07
8.04867283932e-12
2.39598399487e-06
2.96287131695e-05
2.79917406698e-07
3.22595789082e-07
1.2700549501e-09
0.00176464717003
8.58807724935e-09
1.17604128036e-06
1.9722566309e-06
1.747093754e-06
3.2885391632e-08
8.30804328067e-06
1.02687479631e-08
5.28133092814e-13
9.78524705708e-10
5.19975811248e-05
2.1461402286e-05
1.06952556811e-08
6.96534662281e-07
2.8269457375e-07
2.25995533398e-09
2.835191526e-09
2.14087789718e-08
1.75737202568e-12
3.32266691938e-09
9.6509909242e-07
1.25546295915e-07
7.29435216262e-06
4.34243234704e-08
7.28060688515e-07
6.81103210087e-06
3.67319286099e-10
0.000839745452438
1.51709785112e-06
1.03170721966e-08
3.1158742253e-11
0.00761387833325
5.84240643406e-05
0.00207577428209
8.73656702538e-12
2.21626046404e-08
3.09665115772e-09
7.19630131041e-08
0.000250138791576
9.65894031424e-15
2.05601791148e-09
9.18577237607e-08
9.81317886928e-06
2.63977050075e-06
7.66642945793e-08
4.1496853731e-09
5.46336703544e-07
2.12420719237e-07
1.7473145153e-10
8.2653907838e-06
0.000116505829548
1.46842638049e-09
5.58775248294e-13
1.30934152409e-11
1.29880772803e-10
3.07271881239e-06
2.06063046393e-06
1.45212018521e-07
1.00832865724e-07
7.39524138482e-07
8.6249786202e-09
2.93796098561e-10
3.80605045813e-07
