0.322901800218
0.00252550612652
0.602032915815
0.528171211799
0.0586875899821
0.697282906014
0.254333824364
0.184307496943
0.237978121386
0.0487985550506
0.619668479477
0.620743016708
0.425329573998
0.272278730116
0.133623192143
0.449266155326
0.293174394691
0.536877789166
0.0647109939659
0.142876093841
0.482094742702
0.705578216786
0.074560187771
0.214945884123
0.783546468727
0.308313843368
0.64902077335
0.555666850368
0.945665660247
0.52440636937
0.67508911571
0.516225875226
0.987902104422
0.193336388524
0.371921234816
0.110144144083
0.124408336707
0.0186539068973
0.164637359087
0.0880720168105
0.452370678432
0.24372239574
0.437723652257
0.0118497792748
0.429911888911
0.00508576302183
0.158633664035
0.214440657419
0.601751950352
0.033471839234
0.174457612794
0.139117387414
0.107408240526
0.100230288622
0.576131899409
0.465488986357
0.116569750038
0.487217580589
0.959870948287
0.294681270605
0.0682280163036
0.0348924172327
0.544849938626
0.02670836164
0.431476297467
0.00989899466325
0.0305397476967
0.0356497460926
0.0225209845226
0.153620563034
0.0220281922
0.199178631465
0.233359320659
0.109369206388
0.632868197955
0.117678821871
0.456866633355
0.0266977517557
0.0491632401832
0.299164756667
0.870009332474
0.525249014983
0.0563629074211
0.260498295205
0.446333021848
0.866556811892
0.29995026111
0.0253426051793
0.319759805081
0.472588074584
0.186156561827
0.471203663619
0.230331227487
0.736150826069
0.174445052239
0.0699646217544
0.0489674880482
0.870027449137
0.334716697704
0.0505929934688
