0.179729011578
0.823919561178
0.820835768164
0.514120431008
0.0116937964109
0.168400835321
0.335223549843
0.0884557965666
0.0822911952054
0.386410643155
0.301682048278
0.753973466829
0.0744837851487
0.246750642543
0.654166690599
0.320588633719
0.359977160735
0.0500124825681
0.941719256552
0.182375979691
0.223730400565
0.655527926895
0.399628320718
0.220175360966
0.343805385233
0.413254093981
0.136664965556
0.167543982685
0.493707918935
0.65273411794
0.319381310919
0.336238586891
0.987052302788
0.794266867647
0.728343004969
0.617007643329
0.00158254659205
0.466549782978
0.457198692217
0.0404365569894
0.0935347527683
0.775976796387
0.489111909711
0.656635684582
0.833679768473
0.741013924472
0.525412360931
0.72808737471
0.282161357492
0.411855354314
0.693744660519
0.449102854969
0.311195434085
0.368835629943
0.672103766056
0.344263979629
0.272566371209
0.875410083186
0.0478996566779
0.378303504507
0.0916707096228
0.0198732661108
0.682196737568
0.640070050467
0.873255371057
0.284992391552
0.823370887044
0.868425307275
0.547258641921
0.733846816838
0.855127526865
0.0272513755714
0.748546210974
0.669581712125
0.381169188159
0.0986379307077
0.0831942300448
0.336999673907
0.638518157839
0.470212269027
0.152754895506
0.883297120251
0.490183269793
0.544397837367
0.358786743685
0.0339639963156
0.881624185404
0.133726818533
0.90296180929
0.859414545484
0.635741741879
0.036467508846
0.379614841312
0.577687496109
0.504401377858
0.807017203367
0.0003002393538
0.44945670186
0.484758530988
0.279930125616
