0.0591809664654
0.522146984524
0.238065514127
0.597283995811
0.397977902269
0.632458449591
0.362089379632
0.582378550431
0.642109313927
0.667178036006
0.380186584764
0.719037781572
0.569237134916
0.570624867478
0.0762443429933
0.127141040396
0.328713726236
0.677431884128
0.395957198732
0.988348852239
0.652573033036
0.56880022364
0.973245879389
0.618596046152
0.652782519029
0.381855064043
0.765615685555
0.119967506235
0.64120586164
0.716773096356
0.34996334419
0.547889436709
0.4720712506
0.143776658152
0.804616702146
0.320303226677
0.427690683795
0.945930670922
0.148583641696
0.0284612416812
0.888816414256
0.209777048284
0.861164707534
0.502852086475
0.666272106796
0.740143390598
0.565999519015
0.326561731342
0.357497199182
0.81251287162
0.273525193569
0.514526485884
0.153587776135
0.773460190158
0.949688492966
0.927417097983
0.546439614553
0.0298390403244
0.105831929041
0.93235779977
0.416221812174
0.201933132564
0.967744915191
0.826815610087
0.144452974014
0.576959523351
0.488450650835
0.0667725629336
0.762113830605
0.820910068971
0.327351233022
0.493180900747
0.554867053404
0.567504687147
0.881504128953
0.330131986929
0.656370295192
0.726760031475
0.814530638156
0.272586886782
0.676315830391
0.732606831498
0.704116868806
0.856293134601
0.343393496522
0.604258857815
0.065929933609
0.912232371309
0.561859717194
0.603824809688
0.367574350151
0.620056941965
0.482348125292
0.951056047148
0.210022651817
0.350296227865
0.232709972188
0.552689647285
0.165805664991
0.616003791631
