0.0181835664103
0.00106713982545
0.000493374707763
0.0107486982545
1.10509640339e-05
0.00378444500646
2.61815894326e-05
1.86817520568e-05
0.0144278606177
0.00186997879042
0.00526925623903
0.000160523709598
0.00100345554789
1.9945058492e-05
0.000613227898018
0.00108410813675
0.000764823036211
0.000725040745705
0.0452053116582
0.0123562736622
0.00191075754091
0.0344124912608
0.000854545512301
0.00390899226571
0.0218405613442
0.0142294864147
1.02412590163e-05
0.00122238549228
0.00033510779266
1.16997133637e-06
0.000325074021178
0.100071548906
7.31894738356e-05
4.02613432693e-05
0.00646250850663
0.0799945619481
0.00523664111008
0.00067592678709
0.0142885316446
0.00144870417636
0.0222121572893
0.000751580330207
0.000727453171858
0.0246113379639
0.00153318779199
0.0927275306208
0.000411558887591
0.00198037607768
2.03601737592e-06
5.73792261181e-05
1.31874981113e-05
0.0139551770786
4.75842680214e-06
8.01840161421e-05
0.000640427442202
0.0120561772031
4.13252513066e-05
0.000691722226336
0.0332059150313
0.0786153215867
0.000492342236122
0.00204549088581
3.55490955077e-05
0.0135676394763
0.00501116910094
0.000215329077892
1.99622627424e-05
0.000745323976202
5.03213692786e-05
0.000720102855344
6.14137372146e-06
0.00327445345541
0.00280930103272
0.000299771479093
1.46555271988e-05
0.000798997502043
0.00287494056662
0.0465839159961
0.00145962906858
3.60359071616e-06
0.00129903180272
5.07449638855e-05
0.000491026857541
0.00579578697199
0.00169769065777
3.11095260608e-06
0.00163121309712
0.0151500287492
5.06203620443e-06
0.00305039640348
0.00226889469403
0.0112049801556
0.00834427148931
0.0209724306974
0.000195092353935
0.000217349249067
0.0612537236198
0.156327917979
0.0223816034521
0.000447385152555
