0.0120939124143
0.607077939219
0.790499797204
0.277178459503
0.290854927611
0.529110995386
0.0712680571612
0.434789825025
0.0748495965346
0.96208112525
0.609907694291
0.171549930102
0.255318212148
0.156632353588
0.663389614741
0.990788846174
0.553492468677
0.793757854435
0.498309942315
0.519355166246
0.268034330294
0.134361577029
0.594084793198
0.740160727818
0.358622039003
0.655180591106
0.811895963913
0.655570704132
0.447556563758
0.290488286855
0.855267599544
0.137087307097
0.477261632801
0.147901144872
0.178830185934
0.966597154081
0.567177373602
0.527778113962
0.704506071241
0.684447586484
0.0504750491362
0.989508902842
0.22505848885
0.881480160045
0.898240475074
0.0516223777735
0.95052963559
0.00164893827268
0.00301632852109
0.238354788241
0.142735156642
0.328248522435
0.204936367268
0.504413589509
0.055951695928
0.843821027035
0.765273523359
0.536127891296
0.615575905515
0.0722792557919
0.0334098417884
0.657016197126
0.300040804168
0.258057009419
0.263096328333
0.282747199715
0.305515551319
0.508026181284
0.251546468975
0.333602817141
0.762697742321
0.116540056808
0.431747753863
0.0161740565969
0.0241635268694
0.0529619580565
0.0967415205918
0.437271972648
0.61202719346
0.925946086415
0.806091322018
0.220914135765
0.716441405566
0.970117892629
0.0780197237529
0.122857473386
0.993777032978
0.14383871405
0.283044246894
0.602709089604
0.286792910308
0.799291272592
0.470843561067
0.924019874964
0.871598574648
0.0351231273928
0.107557183386
0.84161693226
0.824057327574
0.16139800155
