0.382866546506
0.482327602027
0.854725697221
0.853860070563
0.654544520369
0.0139185026039
0.826290649912
0.0541485580959
0.830328574016
0.323826976466
0.994883514359
0.2402347724
0.776978720646
0.512938162252
0.276688883948
0.867039137087
0.246374762068
0.5912683924
0.700799065169
0.716597887448
0.734392312114
0.602144428555
0.469586147528
0.0721623652301
0.866387396322
0.594445998322
0.354138244777
0.204678368696
0.348755400028
0.791690547511
0.31077095766
0.884737787063
0.757292495291
0.267040607171
0.0344527251953
0.942819617631
0.23123082533
0.819216893876
0.385075061747
0.642422959552
0.23700767328
0.383331157221
0.948177622265
0.559184989332
0.388700815393
0.203747410875
0.350896767857
0.0617287977473
0.853636889949
0.558637664235
0.926164367243
0.475863755527
0.380710796055
0.186153487275
0.232512281178
0.952512477094
0.0565903349077
0.0309462023218
0.346590398824
0.653121970532
0.821721447774
0.915287463989
0.401492397996
0.941331771363
0.412302083101
0.60252667115
0.937838450201
0.409180151634
0.697921123073
0.889810963502
0.707311998697
0.0244119924265
0.504469716482
0.93611480867
0.996122243666
0.667960082729
0.510198686909
0.164185500766
0.27945168354
0.00747676634632
0.448537621009
0.313954259455
0.61016257647
0.657180217729
0.0931453763822
0.808361192711
0.376417145128
0.444472990589
0.714683969908
0.206439098857
0.972083964798
0.743106532578
0.337584018038
0.605904096796
0.809979265305
0.349669152357
0.92379439709
0.0229758141637
0.597312804373
0.242063102566
