0.384952717484
0.279439504245
0.637811770693
0.910016955889
0.399749297424
0.0611126653192
0.163060401039
0.609690625313
0.487963781658
0.27249780517
0.157414480471
0.282803827864
0.799130341201
0.739204773114
0.844484097761
0.322278272041
0.714764425051
0.850540714456
0.47434467825
0.566393079451
0.505286174378
0.0726438930762
0.994105739201
0.149116064941
0.468195806992
0.308105422231
0.325213747666
0.122845321371
0.955862073542
0.600513544463
0.588213305991
0.365433845145
0.0357715756965
0.126337961321
0.220378141104
0.667667201692
0.373801855302
0.111698385434
0.738603189497
0.341048659132
0.918251101468
0.955389808593
0.0395162843611
0.0965045846431
0.674244448722
0.924043059737
0.219445409958
0.918238081549
0.920535765634
0.23645123066
0.215304538202
0.191465670296
0.72137964223
0.752661983135
0.0364434039106
0.189534371952
0.457936234786
0.724209681547
0.650149807555
0.697614599773
0.149406975412
0.748077607043
0.748138550355
0.669142424133
0.626900923718
0.91157525309
0.727587189948
0.273883001622
0.972112583922
0.994726447079
0.26402167811
0.478291975833
0.985579205734
0.907653030681
0.508714783949
0.299784335587
0.019425250006
0.283224575051
0.619751592711
0.475003776236
0.596020164379
0.546541942221
0.768097259009
0.893813262651
0.909575299254
0.566547295541
0.756004143991
0.935249502995
0.970732781401
0.666019584085
0.95278654988
0.164264169984
0.398950910742
0.808481771035
0.567685072968
0.497789162923
0.600077084977
0.993661716496
0.262049976775
0.212886823096
