0.875983580507
0.944829833957
0.330927996754
0.543501161069
0.90803795641
0.513383626253
0.517655429156
0.543054984739
0.160871092062
0.663201884956
0.717090883819
0.566119258995
0.744616875221
0.276547630364
0.0104323777092
0.860763350533
0.30106451929
0.696349059675
0.630873083625
0.32350193772
0.0728201623756
0.836516692207
0.0167846819688
0.284992287006
0.652198573741
0.651619149217
0.48605003324
0.351672456702
0.961166129946
0.39248904752
0.687540250832
0.0151335093407
0.791506604467
0.392832043716
0.525144606372
0.503004975899
0.895717825959
0.703590798291
0.827330041361
0.376191386708
0.679288190744
0.840666553069
0.250032169938
0.896376805244
0.600914286511
0.156025067565
0.430844350895
0.288387572703
0.0359506338305
0.402333783553
0.63239746784
0.877973751069
0.110614252625
0.95934917807
0.399742944193
0.815391427295
0.886497030882
0.135602893737
0.35726752046
0.739421518346
0.690680377141
0.0159240051848
0.455324798681
0.459803501019
0.421716360652
0.20887067194
0.048157740281
0.950168577808
0.0440760670962
0.915965296486
0.186694808201
0.178289820491
0.686719614131
0.801140067956
0.316161206111
0.114336689813
0.466347748437
0.831236950329
0.881678348423
0.9339520467
0.173977023946
0.483785727618
0.46000692823
0.555156290311
0.45397654267
0.185256224051
0.821652481087
0.178883301264
0.937664255016
0.781969687678
0.283553523614
0.210055146057
0.0301034836721
0.716898141047
0.829908330187
0.58690402174
0.639177820115
0.909900526693
0.210954044456
0.645578340014
