0.0278792634961
0.00778758872456
0.0807746930136
0.964951507322
0.424819008282
0.377184351544
0.0376519396923
0.51331998293
0.165262428801
0.0695548897982
0.00917481863057
0.0501177357638
0.755944667954
0.0987466586433
0.0219809247089
0.767625447652
0.0232743035479
0.0903261730548
0.0362016787698
0.878259016333
0.0574518549454
0.405186360584
0.460889298308
0.322342629723
0.0369046156373
0.239669709425
0.62022687669
0.375093710483
0.214701023338
0.145419850061
0.920742396855
0.0264822592586
0.123275320493
0.0571443096431
0.152097550403
0.468034125452
0.0803716430928
0.0397737609871
0.389032117821
0.829895639442
0.498328606305
0.545615946762
0.136036537787
0.00170875816115
0.526879648116
0.0525055888905
0.384046160097
0.0388037465086
0.16885281288
0.179165286349
0.274908966933
0.00302611314363
0.402868294498
0.286084702842
0.00229640086067
0.472114289927
0.0845058868302
0.0821743120672
0.0871243355107
0.586599712747
0.808216507462
0.185264625809
0.257163977854
0.0194442132437
0.0570784680583
0.261673572614
0.428676714686
0.0333204035299
0.10017312923
0.0429964915798
0.53910147963
0.100300516946
0.378421340531
0.0368723221014
0.103110138107
0.0505466183885
0.0184427272462
0.166393756768
0.764338370958
0.0141491872425
0.355257874078
0.193198321713
0.00448330095045
0.205485476646
0.00321602485358
0.0142417375684
0.542635448652
0.286382705509
0.00315209036193
4.49169951062e-05
0.114850877591
0.0247712341856
0.589871102354
0.0291237169486
0.849953013334
0.0805100849591
0.152466523914
0.114044976378
0.697246461953
0.355409441093
