0.000254761490513
4.694702518e-05
0.0552756240315
0.000383865324716
0.00018774735981
0.0735344946463
0.00314236631671
0.0167088687666
6.57238107004e-05
0.000973471110802
0.0320748735182
0.00190873507985
0.0178715909641
6.85685339952e-07
8.45935076133e-06
1.23464429689e-05
0.000375724454155
0.00398050294006
0.00258396811359
0.0358420424829
5.99585785466e-08
0.00081829927459
0.0162103512493
2.53483988244e-08
9.44156037364e-06
0.0222823197246
0.113491464921
0.0425277593628
0.00215759999784
0.000885518844974
0.000966048973559
0.000328037960079
0.0215773588597
0.000386599924184
2.2401010269e-08
0.035933120628
0.0521150073567
0.0178342301377
4.11883590323e-06
0.0328026804254
0.0153674723361
0.00176787627201
0.000807428242883
0.0152464689605
0.0909881739016
0.0620227882678
0.100607140002
0.0474302531761
0.0063396776432
0.146903905279
0.00214530797462
0.000110670223307
0.0228824735215
0.000613379058846
0.000868552293217
0.178261382143
0.000586271056553
0.000147252799556
0.0330950859804
0.00861881373657
0.00705884617459
0.0150839199051
0.000387372485784
1.17359547276e-05
0.00158506028356
0.0373659585672
7.06435344733e-06
0.0381123608181
0.000215109987062
0.0111298193772
9.96537805674e-05
0.000549092900787
0.0016230836034
0.0024008810609
0.0298783866146
1.27669203033e-05
0.00300678096192
0.0788460885395
0.00165306982663
0.00394159800683
0.000126136378938
1.51485579636e-09
6.39724055111e-05
0.00785358269791
7.75866202035e-05
0.00172666429734
1.02582509531e-06
0.0366525923235
2.45270782462e-07
0.0416172331029
0.044788665048
3.75615064485e-06
9.12048197842e-05
0.000446919193243
0.00212113577886
8.79800948328e-06
1.53792816256e-05
1.51987233069e-05
0.00038742652175
7.6196057841e-07
