0.514727086169
0.183399385892
0.91578047078
0.505819947653
0.421265821149
0.296989753256
0.275154738749
0.104418244438
0.25712836301
0.766230833
0.144425119617
0.155652382878
0.0736215147597
0.595411635627
0.61980546298
0.804171325611
0.464278534266
0.720650284983
0.574729394413
0.555103734424
0.767495030818
0.438424153121
0.868261529959
0.804955034867
0.00278101887456
0.11338712329
0.811234632536
0.320747239555
0.494234763282
0.835555349999
0.0647971647753
0.183342662079
0.639327235757
0.762989881408
0.0765245847518
0.183907765811
0.912212478801
0.174122368434
0.553589120156
0.220968294797
0.944297514704
0.181510142167
0.711666091547
0.938164011631
0.936086352862
0.835080323376
0.395969390979
0.216699723371
0.0938521333133
0.350054618374
0.444909477268
0.217899171741
0.633680272389
0.797947673419
0.873512973996
0.311647411675
0.020195528823
0.83047640787
0.541117561335
0.842013443628
0.761475772542
0.288777847153
0.710443772465
0.434230792663
0.0207340560931
0.837819739622
0.233952430135
0.0706772957816
0.948393003325
0.0722316212807
0.620511372003
0.0895599588857
0.785453347877
0.430593316092
0.312240852791
0.213460584071
0.516624953963
0.512024561785
0.829470506333
0.678109638553
0.77669138432
0.963441105569
0.947863189245
0.816966201018
0.719681938528
0.931838084704
0.537493974811
0.510472139127
0.037499465585
0.271880580334
0.683744652309
0.0205322304082
0.0245096094804
0.671834971347
0.0182670425197
0.65167340641
0.428707637909
0.0686589206718
0.869152621272
0.0604506138782
