0.00033711677512
0.0483991059746
6.63350002417e-06
0.000199007681386
0.000373967784166
4.56473946087e-07
0.00865530946728
9.84350487787e-08
5.46427691555e-05
0.00010035975976
0.000155553313518
2.35957210803e-06
1.47529065165e-05
0.000207900798419
0.0114293398566
1.09625241307e-05
0.0382618727813
0.0497991148393
2.9315818542e-05
0.00482064191831
0.00135463768417
7.92360418334e-06
0.000178705601583
0.000429905686596
1.48709903336e-06
0.00961948327133
0.000417691066843
0.00213837841168
5.09417068045e-05
2.88501051213e-05
0.000108348121352
0.000207568218605
1.4459467772e-06
0.0044842833806
0.0005766878374
8.64066130279e-06
0.000311880441141
1.20557426576e-05
1.09567622536e-05
0.0109464853453
0.0010486334588
0.000814380851686
0.000703293498598
5.13245417972e-05
0.023279725037
0.0102058490421
0.00146528411427
0.000645760517225
1.67188872361e-05
0.00178477689856
0.000119759036349
3.0480288169e-06
0.0030284278581
5.6192151382e-06
0.00785241520345
0.000649440833351
0.00956406267033
0.00103389045205
9.87774051442e-09
5.05062917044e-08
0.0501688274266
9.04719246586e-06
2.56181134084e-08
0.000543571146566
0.0184114876251
0.00970615431982
0.00131885799812
0.004107510034
0.00174438740002
0.00167443687362
3.13519256667e-07
0.00909083539421
2.97491282277e-05
3.1757968969e-06
0.00449968772678
0.00161779275678
0.00141225538926
3.03561631276e-05
0.0398785324451
0.000505449167003
0.0173015267236
1.68206374385e-08
0.00376084970762
0.0259069091894
0.000653607896015
3.14385451006e-08
6.31421474601e-05
1.61998542439e-05
0.000720360397702
6.35044917429e-05
8.17705303469e-09
0.00404357545182
0.00954750091009
0.00148932084154
0.00716981322388
2.30705441829e-05
0.00163876827405
0.0027971690294
2.74904132891e-06
0.217797529101
