0.620915335296
0.315915806425
0.981566462793
0.573351285701
0.388427009281
0.928239530628
0.0620173484503
0.689778607542
0.540872603586
0.126284364291
0.690560610124
0.469325291481
0.304891028544
0.425516812532
0.594227278876
0.0635031206249
0.15327891842
0.643819251332
0.0558208732506
0.615728142518
0.890137105806
0.97957811257
0.454160461299
0.666979022754
0.0627841678604
0.53023390621
0.316407023502
0.156745177581
0.940348843905
0.830563981334
0.403329190249
0.832145586205
0.572607884038
0.842829272002
0.343434077486
0.632970418909
0.583720183894
0.958630204927
0.416937102906
0.295041791536
0.624912241102
0.676647637918
0.620267938094
0.870181331374
0.28819401729
0.279806075959
0.881394296668
0.862093914699
0.382330923592
0.133272512102
0.869024033657
0.376089077148
0.795538054848
0.181805333972
0.930710241974
0.831802176281
0.519184737606
0.63134828007
0.0507235965947
0.0307740501615
0.101185542574
0.912902221926
0.257352353199
0.527841354437
0.834627335922
0.46577508885
0.917820870194
0.654835184908
0.106912177918
0.231421160211
0.67609328823
0.5021386508
0.339595504996
0.854866335576
0.878320901259
0.935083251352
0.823981292399
0.191139807628
0.87281131496
0.820259463517
0.5267269811
0.783389234696
0.729187832919
0.540245786267
0.818746078067
0.524165639283
0.932889538059
0.901984472864
0.239234034318
0.577053523996
0.232266225328
0.298420179764
0.865333272375
0.573833696688
0.909345928741
0.920884646309
0.221358605131
0.985430819856
0.58507533007
0.419173950957
