0.695900000602
0.186005751967
0.410171830529
0.83990182487
0.781342051258
0.905078537976
0.125572605084
0.0847030315358
0.778405975112
0.234074538819
0.733252658578
0.76243111868
0.216452902609
0.0694916144132
0.281171999066
0.599161242331
0.831488252714
0.672221413367
0.359443752127
0.161667815065
0.295762823316
0.809041796846
0.2493108492
0.408256247397
0.0810574080181
0.347227656685
0.300499405209
0.0148830134564
0.768930001275
0.93393083596
0.348103455097
0.0317906740575
0.739761945649
0.305487428661
0.480745576631
0.680669413739
0.126597500089
0.991877395251
0.916290166969
0.0941568828239
0.44919838809
0.922130600329
0.0979870046102
0.290363622323
0.619586778122
0.815006814688
0.308182208895
0.460466257343
0.89106310162
0.364619230335
0.497753800129
0.621297833769
0.466258842101
0.202190672412
0.175698570375
0.829852625086
0.102676354919
0.620100623431
0.220430528073
0.630663183004
0.77003145565
0.446249962842
0.853243532052
0.7595589188
0.071037508196
0.595911485418
0.997584418119
0.622705103556
0.28145446117
0.000556135576683
0.219896900552
0.457030002019
0.0986260791974
0.618392371278
0.998783667827
0.919558264157
0.48689177545
0.220272164545
0.796301875763
0.189242697532
0.107245905946
0.873769521783
0.0375570684438
0.197147003751
0.336574527033
0.0265748304902
0.174333038032
0.667354368896
0.585456397782
0.954848378498
0.87542293079
0.164658584564
0.539800913328
0.624840823546
0.715820562264
0.856507528821
0.361564397997
0.0226178266037
0.293579492718
0.492676906157
