0.136059585432
0.491419413688
0.201931515917
0.184134775022
0.454800883344
0.0645907092244
0.223451752359
0.254336867064
0.0564016704469
0.000940673710094
0.730612681705
0.00458972852121
0.0137750606839
0.0942167259851
0.00102589911685
0.205603899239
0.435410780807
0.0493408206971
0.0366444093894
0.321695962316
0.0566622265571
0.944310594503
0.467680353256
0.0865632070579
0.20562038458
0.530474895152
0.45521734824
0.00825375997974
0.000915085573118
0.0103702192019
0.296795250842
0.484555090217
0.387562991763
0.0933756799114
0.27632609435
0.197506098987
0.21648651469
0.362108794022
0.000141723916971
0.559900729599
0.104976122581
0.882799158931
0.296013268661
0.215850853664
0.209923934546
0.0694739738724
0.00731595544728
0.199668605084
0.0314707425003
0.230057860267
0.00253588977456
0.145980829434
0.596148166612
0.145013259678
0.409659334646
0.305032466353
0.118745014836
0.313674715589
0.0340809532411
0.0033788953616
0.61143256227
0.409146973497
0.0474353562715
0.318868465867
0.0404665613981
0.0653675422524
0.758867297637
0.00865247378367
0.0589585912046
0.000504848952305
0.169911723118
0.189334339404
0.134993787059
0.191995944266
0.571761464472
0.101336447547
0.320340472913
0.0115311782142
0.476303963201
0.393106660931
0.00783606055959
0.536127234478
0.494156672132
0.5413990578
0.851196608467
0.0131086325862
0.125092087939
0.0345920120995
0.00667093745045
0.185422389261
0.118451532641
0.593696930993
0.0204714819279
0.145355999814
0.038385146678
0.387594531888
0.562297921412
0.0125101716727
0.0447243434595
0.000248357380648
