6.3202738001e-06
0.000165654108465
0.000229051433537
8.54516325477e-08
2.3485797751e-09
3.66867688064e-05
2.99755946964e-06
0.00488757501668
1.16013358098e-06
5.76744026981e-08
0.000150682005481
2.69127287122e-07
0.000118644755202
6.93313000044e-06
2.52606058293e-09
2.0430412917e-10
4.74866354039e-06
7.28909357761e-07
9.94392746467e-05
3.13248361111e-05
0.000899232812104
1.22060905827e-09
9.72967567736e-07
4.37458694821e-05
0.000100265551534
7.45664784363e-08
6.96447138535e-05
1.19219785085e-05
1.59933077892e-09
2.30880011153e-05
9.43632660899e-09
3.54353213439e-11
6.30884755548e-09
4.24976550906e-06
0.000208047635949
1.23852813235e-05
8.94840753515e-05
4.57189356373e-08
3.47938388534e-06
2.3352486247e-06
2.68676846615e-06
0.00184374013478
4.28277391329e-09
0.00104313969856
0.00229059324206
1.21481649162e-06
0.0027710810234
1.36895933478e-07
7.01354066601e-07
0.00620508364975
1.2702631178e-06
0.000909275312922
1.25159906017e-06
0.00621748035718
5.64509550216e-11
8.51804702995e-07
0.00146740125268
2.61332067097e-11
0.00046904942111
1.20051557584e-08
3.07663412702e-06
5.86023644056e-08
0.00181600907219
9.2057523271e-08
0.00012606467274
5.3290705182e-15
0.000300732696357
0.000239266158704
5.22557462779e-06
3.32202725983e-06
6.38402657027e-05
8.97731676452e-06
5.62882730648e-07
0.000122533565139
2.33590827081e-06
5.14164155696e-10
2.94705647663e-08
3.72810482485e-09
0.00150147389962
0.00336504734037
0.020778188382
9.00903766032e-08
2.66147793004e-05
4.18895975729e-06
0.000240051355286
5.8731066265e-05
3.79555071239e-06
0.0285189484898
4.77257749321e-07
1.66416489392e-05
1.96392824225e-08
7.71318575676e-09
2.31877182721e-06
5.94682369781e-06
0.0145021168394
2.77821181438e-06
4.88331537429e-08
1.53323820085e-07
3.00655843621e-06
0.00111650157155
