0.29686957512
0.743108982615
0.132633359667
0.277143546343
0.0364993002837
0.733632421386
0.792200368126
0.763713495527
0.0733755613102
0.177727112847
0.193889371866
0.540513415866
0.228105051052
0.142081298727
0.434075218841
0.177423465746
0.368369970201
0.171055077458
0.294690681222
0.103319157722
0.496545082514
0.00304555129907
0.370886412591
0.512518443035
0.00655094593297
0.717303691566
0.154946372258
0.0797865277161
0.145287161676
0.462996473736
0.0700900210017
0.642598382459
0.182377413924
0.0993470623254
0.0861198123934
0.00431761290092
0.112504506882
0.759089523316
0.000746433410919
0.397241242709
0.630329658347
0.0734614216831
0.0961920905224
0.639695183256
0.333157732114
0.692821673337
0.589076953687
0.206217374629
0.389233660205
0.00848122827037
0.895564362081
0.364103181918
0.921070085827
0.0654035090815
0.317992973903
0.732782749052
0.531968349028
0.24198967736
0.926975670014
0.714328479357
0.0983982332435
0.643244902884
0.0135230354254
0.615087344151
0.275144308996
0.75451982804
0.0324992105847
0.814113371912
0.617184036206
0.559960183669
0.434066139484
0.233247286821
0.0812029253054
0.315350954039
0.0356831149961
0.89184399996
0.34054449713
0.694475738624
0.921619115857
0.170745019942
0.570805385092
0.231425768394
0.025782780511
0.51230174881
0.54285221696
0.59011552276
0.0363113767394
0.347882824199
0.949003780567
0.60493752728
0.306104838864
0.10041310201
0.116867505082
0.227704914813
0.301134377004
0.305417764037
0.792732252688
0.459070991694
0.0206792480732
0.129811669383
