0.129381624059
0.455263033791
0.981790656754
0.750154847802
0.353832148532
0.549641335848
0.0224852077745
0.25821812885
0.725695134936
0.718880638063
0.811340380103
0.69110087886
0.270447592745
0.615298391757
0.923253735317
0.407216402118
0.776001946546
0.263394807638
0.589999707574
0.541528668686
0.685239029694
0.387433434506
0.775600379891
0.692726044906
0.627838333697
0.7186090899
0.59634851851
0.374046891604
0.00245681488662
0.945863969458
0.964316179012
0.515640726641
0.574182773149
0.288743672282
0.99357650727
0.624469431927
0.514399003519
0.738654501054
0.969364398687
0.408246778809
0.395513150803
0.341305143
0.65782262349
0.613765553802
0.812401307416
0.842100374786
0.698607760359
0.0296368483328
0.977263565489
0.619153139942
0.786056772954
0.232734937667
0.532367218822
0.899147183024
0.700095660858
0.868983427799
0.833034175772
0.940392253953
0.0698475656005
0.907076865066
0.515137853988
0.512376759873
0.522027892824
0.382932487606
0.977293633256
0.666297472442
0.899404650237
0.486588601451
0.0839608362332
0.601423967123
0.604271453266
0.445233545828
0.791256940464
0.534817625414
0.835358114841
0.282563210585
0.0898704379299
0.136357093214
0.667712890072
0.445108969346
0.578095375028
0.646983403651
0.376432641484
0.960251324111
0.416334017884
0.924879926466
0.545881745352
0.811711259795
0.265302586535
0.412194521395
0.263008015905
0.0774859099546
0.127936910557
0.897126170913
0.842774395974
0.212226079587
0.684447072461
0.790041248437
0.946858064777
0.382188435279
