3.11303078715e-06
9.03322361578e-07
0.00265016987361
7.35739970703e-06
1.18290075402e-07
8.20678025537e-09
0.000156974412308
4.03136360738e-07
0.000499050015644
0.000336764496807
0.00116111576644
6.24463105114e-07
6.64262719274e-08
5.23004745068e-08
1.87378316152e-06
3.05426561042e-07
7.01800509684e-06
5.50789270304e-07
2.03171572899e-07
5.28497501318e-09
0.000828595128427
1.95618586507e-05
0.000100443060842
0.000908524714178
3.82286713326e-05
0.000152965263227
2.86796081378e-05
8.56901074764e-07
1.33220556808e-09
3.08991389142e-08
0.000112765249825
0.000109001243563
0.000316565792315
3.48910759174e-08
0.000408250230929
5.6444848795e-12
3.40092544127e-08
6.77821014183e-06
2.33505919345e-05
1.04122039879e-08
4.716165513e-05
5.34738919811e-11
1.93631458956e-06
2.48044834672e-08
0.0034424365876
2.245529096e-08
0.000399537622792
2.16040338108e-06
3.29226906182e-07
1.06526694132e-08
1.12831846644e-06
7.87223085608e-08
3.28424613869e-05
0.00703215507191
0.00168510415166
9.38888921762e-05
2.36545680821e-07
1.15495958144e-05
0.000849374338642
1.77501533249e-06
1.01931615429e-05
2.97868285593e-09
0.000573007124456
4.77013916367e-07
0.00018618856638
9.99200722163e-16
0.000214750163861
8.75057803995e-11
4.80896339417e-08
4.72840894139e-06
0.000306976030105
6.41467251761e-06
7.94159409012e-05
2.76417547596e-06
3.32669052305e-08
1.06545328116e-10
0.000212925445989
1.35567896908e-08
4.48523209898e-05
7.53818159827e-06
4.11318312743e-09
0.000105099444309
6.64501236258e-07
4.92560706689e-06
0.000195960423774
9.64791058156e-09
0.0010093275542
2.84702856845e-08
0.000167761149846
5.77192309503e-08
7.19917525593e-08
4.19391568944e-05
0.000705404526121
8.46544163657e-08
0.000141406294729
1.18893073053e-07
1.36550840341e-05
0.00034312120899
6.12144734902e-09
9.49447147447e-05
