0.0932327328537
0.080123228072
0.0734257919767
0.550867895639
0.0794973107327
0.206976922725
0.322071097073
0.278180958952
0.0705552407092
0.133554036306
0.157878400134
0.00422436651893
0.092611444553
0.363635311306
0.189264233815
0.0239990780098
0.21130752787
0.0647963780376
0.123993312638
0.416504143458
0.258658074996
0.0280983729235
0.503030832204
0.00197312419143
0.00755091508874
0.0332308108646
0.0113695972635
0.0872751386281
0.161719312233
0.184664861487
0.52051309444
0.0224683452199
0.0521681867733
0.230639062535
0.0212052511906
0.0400470414348
0.00134637565143
0.14975650558
0.17102036563
0.705494566894
0.513653863846
0.0404177314138
0.127963558198
0.000727706722006
0.119249622634
0.689555040527
0.112913211844
0.0247827299165
0.035925176194
0.003269999267
0.355388313609
0.529163188628
0.17379292935
0.0165599791288
0.16086473356
0.484586684877
0.200087929992
0.134218014065
0.480369206171
0.0360674489126
0.0996868781291
0.0325146449826
0.29718837195
0.710450796736
0.172776520788
0.446490131894
0.0448417640271
0.116920962435
0.261105765259
0.10610695389
0.132543830179
0.00192420286826
0.435980597404
0.00452837450012
0.681659269373
0.0953275924806
0.0553211173084
0.126689537592
0.102671481649
0.0523160481726
0.0178857843216
0.151462424452
0.0633802950034
0.172989789343
0.221230290081
0.0203340763848
0.596160388545
0.0608896110177
0.100586560283
0.0432840390829
0.424775954479
0.000990124275188
0.216227286978
0.365007653706
0.0239596319678
0.0162898735459
0.00191948136054
0.102030720336
0.00759179349008
0.0795610880207
