0.0916691410273
0.048269321336
0.608706547437
0.830544510404
0.956829478759
0.276894779269
0.0666215051225
0.0512598519387
0.350240216307
0.15778791764
0.00609655588076
0.306466221073
0.361105546826
0.602376553639
0.489005749778
0.14801513294
0.463478089398
0.787334211822
0.774178165294
0.797533471531
0.390562070014
0.147748649992
0.614686776541
0.296797500949
0.407613838948
0.326228595813
0.792209808761
0.372019347017
0.41556855085
0.00468905342757
0.545020685453
0.43523154215
0.833051036556
0.396191576768
0.473028298227
0.319042092013
0.420004059985
0.854410239217
0.35566419312
0.070229470058
0.0569864794371
0.0756648757257
0.593266809186
0.943769123452
0.0981509726278
0.22012204126
0.134461950362
0.0603615294954
0.405481450688
0.94085241608
0.777341373433
0.675203622123
0.725955331175
0.405741849341
0.839549486399
0.709734519343
0.744569170156
0.408392735445
0.415407969159
0.274149453771
0.556845906963
0.980926591314
0.280545897415
0.351725421564
0.221106637144
0.393530933056
0.285492871622
0.214285031583
0.520443230561
0.186482167302
0.0869636043504
0.605491926268
0.980715738956
0.475557298198
0.43742226019
0.445948273098
0.159541496696
0.957900753891
0.491025396435
0.94564052955
0.738765185609
0.0699506967777
0.229684034486
0.359662912743
0.566685256227
0.533108521959
0.134450704401
0.937558884557
0.991860392694
0.177020897332
0.0503610879516
0.330645748029
0.210821668701
0.272285594061
0.148286110923
0.70920666603
0.614196327972
0.429007645139
0.903048873573
0.58627199324
