0.0112835210054
0.00151301047277
0.0165081375954
0.73891194188
0.195518451314
0.109867704698
0.0303043355591
0.0998588196308
0.553478044211
0.0272584778193
8.1078464141e-05
0.0368802710026
2.92487592306e-05
0.000854438104945
0.762751273738
0.277516781271
0.0150796261947
0.182641940447
0.0070757711109
0.429888079605
0.0318528102559
0.222400022148
0.183820808947
0.0155876522592
0.00223569377311
0.2545338363
0.0962243294839
0.0232266607045
0.029379236833
0.220336348132
0.021339792516
0.00116856226752
4.09051434614e-05
0.000340503519948
0.864297932146
0.00962967755284
0.0169929309053
0.0137125083598
9.39446506276e-06
0.21353801505
0.660276860111
0.00198131751843
0.328277713439
0.222686689468
7.1781112454e-07
0.134175682609
0.0139867208954
3.69054413686e-05
0.141220922288
0.0073788839112
7.35753268682e-05
2.62929427308e-06
3.46668299611e-06
0.225719116854
0.00674098923613
0.0277184124633
0.169387547949
0.0930990369979
0.073691004559
0.00242204704534
0.0881842091424
0.215486341892
0.0069313405202
0.0980759573232
2.41771113907e-06
0.218845124407
1.5234659876e-05
0.289981263895
0.254430081551
0.0142116065256
0.54676835534
0.20959685681
0.507170908667
0.000901544522229
0.0391002199103
0.0536489614291
0.0127603520671
0.0206335654936
0.0443401657749
0.00674274193167
0.000160968443318
0.234403848084
0.963457636245
0.000414878152887
1.70830158617e-05
0.0157296555089
0.00330564189857
0.0039866594359
0.00126322500663
0.192080970427
0.000753262491209
0.00937164089303
0.282800450483
0.205279049188
0.288851964192
0.028154316018
0.0504571742722
0.267900963052
0.0286271251742
0.01986253704
