0.766574522487
0.465923069144
0.936428720868
0.253448036778
0.992966780531
0.0894453452176
0.20864971649
0.455389203902
0.550609385272
0.0405523392752
0.289725018801
0.0577448775535
0.506276894001
0.987093415457
0.713141391941
0.00884453500276
0.928763137395
0.0269999591661
0.797466942554
0.490230459059
0.764293419575
0.0478903849254
0.929988901589
0.0806918082403
0.131037510554
0.807466698119
0.794957751019
0.219834452755
0.146763683091
0.641490806591
0.314230782408
0.785076645198
0.390320193437
0.899226220434
0.911246927579
0.856656311551
0.144414966546
0.550732586059
0.883090863441
0.96802041985
0.973643048672
0.322221270763
0.648263666406
0.951819654159
0.777939422291
0.331808274326
0.764570778132
0.36498845205
0.304744052448
0.958230270241
0.070543248486
0.591391711512
0.914015293362
0.160741851356
0.559977937288
0.596628666569
0.84287086144
0.370297156745
0.850553817734
0.0118758201499
0.0779680492039
0.490474656825
0.0636502990303
0.56093464763
0.883509441513
0.362147625976
0.465852060528
0.554413897529
0.0312590595426
0.981492582292
0.31233114714
0.897445352682
0.341403305335
0.899388847291
0.0961026968015
0.941362029005
0.695719171235
0.790384262229
0.562425918574
0.249747007198
0.434647394828
0.697711928889
0.558265142161
0.438660540967
0.957982176328
0.948567135187
0.612515333757
0.921238487649
0.274109735434
0.443864765792
0.174183941246
0.191576989005
0.864307008247
0.70713754148
0.849116150095
0.510684533633
0.670506781498
0.809993365007
0.961319957794
0.590036957049
