4.32986979604e-14
9.61415158596e-09
7.04803326812e-10
2.99142932647e-11
0.0
0.0
2.22044604925e-16
2.51354492775e-13
9.80326930744e-14
0.0
0.0
0.0
1.25455201783e-14
0.0
0.0
0.0
1.11022302463e-14
3.21964677141e-15
0.0
0.0
1.77687198288e-10
2.22044604925e-16
2.01172412062e-13
0.0
2.88657986403e-15
2.99760216649e-15
2.22044604925e-16
1.58439927844e-12
9.00035601603e-12
0.0
1.29551924744e-11
0.0
1.487698853e-14
0.0
3.33066907388e-16
5.55111512313e-16
3.00615088378e-12
3.32012195514e-12
0.0
0.0
0.0
6.43929354283e-15
0.0
0.0
0.0
3.47445405779e-11
4.46309655899e-14
3.33066907388e-16
0.0
1.11022302463e-15
0.0
6.83897383169e-14
0.0
3.91722099202e-10
0.0
0.0
1.11022302463e-15
2.22044604925e-16
2.22044604925e-16
0.0
8.63713545129e-11
0.0
0.0
0.0
3.43058914609e-14
1.40350508993e-09
4.4408920985e-15
0.0
1.11022302463e-15
0.0
0.0
5.59679824708e-09
2.77555756156e-15
0.0
2.74080758089e-12
0.0
1.13520304268e-12
0.0
0.0
8.14903700075e-14
3.46389583683e-14
1.62092561595e-13
0.0
7.77156117238e-16
1.11022302463e-16
0.0
5.02931030155e-14
0.0
0.0
0.0
0.0
0.0
2.22044604925e-16
7.77156117238e-16
0.0
0.0
7.45264960855e-11
1.16432419262e-11
4.4408920985e-16
9.99200722163e-16
