0.426540473168
0.389687135462
0.456430442325
0.386122045777
0.795088127723
0.643826156213
0.560804472072
0.962375024859
0.111238439825
0.678264020725
0.593522424683
0.106915519734
0.882157871547
0.554202213854
0.00647459403075
0.775081050319
0.465134964693
0.0696162020696
0.340012440136
0.867368447107
0.278705090529
0.0791859434241
0.733735633021
0.74974291668
0.210962490337
0.606499357763
0.347509457665
0.482152952111
0.781654089764
0.750965750673
0.980045747531
0.866324077027
0.590584784861
0.345332408022
0.540686563376
0.257648295166
0.164815916473
0.470531531129
0.605824622428
0.006597319517
0.467618559496
0.615370705563
0.833730684028
0.230381146997
0.673851615547
0.631267583065
0.710008458007
0.424249522562
0.457178074942
0.592360594129
0.674733220746
0.397644332215
0.196483839444
0.40041547773
0.595724200357
0.100813612437
0.876573622118
0.527615876899
0.740442612097
0.196333014484
0.142914580936
0.692313926797
0.889510308405
0.163596406574
0.304608703438
0.664590664879
0.0754462893682
0.560050291378
0.371173412987
0.869755862945
0.68647827335
0.00336870101145
0.22955325854
0.971945577934
0.813295343629
0.839584103837
0.451827773124
0.29397162253
0.332267909731
0.477997962773
0.521872946162
0.46290340302
0.521438431516
0.636726096438
0.433888749988
0.704332177072
0.49871759427
0.0386224701578
0.454268181455
0.756717255097
0.556863534491
0.666026626083
0.0646188211415
0.173559381079
0.226262842781
0.888348171726
0.145628108461
0.344202295006
0.113623566767
0.379827072055
