0.347308340544
0.681905718831
0.104073336138
0.0833332569434
0.452382848558
0.137183726707
0.072558306208
0.558217858202
0.727816036682
0.00116815081794
0.864674998109
0.630400869707
0.293641915494
0.726402938273
0.193846653711
0.342367756818
0.766275640515
0.186902548582
0.0719216536097
0.0255422462675
0.348925151962
0.308152760477
0.0379430103452
0.682013673291
0.747785864819
0.429780894643
0.867212246249
0.743206306417
0.934028639158
0.979438301522
0.207772559006
0.0708028024066
0.648231781294
0.0517736685735
0.49093959194
0.698109566898
0.576175557116
0.905380211535
0.943843029291
0.150656648568
0.0562956522098
0.180567747506
0.195313278742
0.735022730835
0.880905317089
0.726971146789
0.018098052319
0.294406305204
0.727598134742
0.435084187245
0.173321936908
0.862549970558
0.0708318189389
0.453628277104
0.926198032438
0.582298191818
0.714214318068
0.235944766922
0.944342307006
0.308915836774
0.49491987917
0.408032682085
0.123912233891
0.645142834024
0.865076890041
0.676560364581
0.777466009039
0.908316304476
0.783118749862
0.478238498398
0.66791579532
0.728792846655
0.526387183025
0.980841669839
0.294221531386
0.564643988409
0.720807759102
0.587967854327
0.998230881847
0.029547281064
0.887205909855
0.624809187892
0.368700285571
0.577832270782
0.686386469206
0.0757716820354
0.695593049138
0.387426018005
0.882997904526
0.354951490135
0.848394768532
0.37208435194
0.881989121918
0.615297415801
0.622977005254
0.861275815992
0.439200559449
0.582177876787
0.868573843573
0.311840218653
