0.821978296592
0.266554549254
0.750248834766
0.271157946527
0.18999098552
0.016023257857
0.0585559666816
0.621113648041
0.23693838582
0.319655577049
0.611851775746
0.637325515741
0.435575690587
0.675301959762
0.580108932903
0.866369158424
0.744990380018
0.134482719232
0.872732402674
0.722012068969
0.828671183952
0.213664230816
0.526099058375
0.213752506676
0.66650362058
0.195146772455
0.430881413692
0.948175432362
0.153412154483
0.183712255853
0.297288616843
0.712384422015
0.357141752617
0.00457093525853
0.301199865573
0.937403472537
0.338401029983
0.0925650261684
0.153391199227
0.309529752357
0.234496287866
0.491062367866
0.852197509587
0.06233473439
0.376521559714
0.828481507244
0.955809093311
0.628238836709
0.128597984433
0.373603056078
0.995427194426
0.857705823201
0.212004485856
0.268989561551
0.692182978818
0.463866515483
0.0999190939443
0.679959747099
0.161088181706
0.352677364472
0.184501343598
0.534128889807
0.930445423084
0.994580267614
0.436780343998
0.202625814184
0.816666550889
0.0809542015665
0.910555899678
0.773575992217
0.909495562765
0.97012422049
0.145481998092
0.273229690473
0.692769216463
0.192204868554
0.408918877354
0.713228914432
0.419416783831
0.0197689506085
0.102022843636
0.840606464097
0.105590147693
0.553529965935
0.252269261989
0.674041239857
0.253609951613
0.207887778614
0.284945240237
0.88954557555
0.55946867866
0.167561751477
0.189017610467
0.803387762085
0.0392870997619
0.709057086207
0.468331269617
0.547340270222
0.461535151205
0.995211576118
