6.99440505514e-15
6.51401155238e-12
2.0909951548e-10
7.66592311852e-09
5.19029264012e-13
4.88498130835e-15
1.01567764642e-05
3.77475828373e-15
1.11022302463e-16
1.11022302463e-16
1.38888900381e-13
1.4607737242e-09
6.5146776862e-12
2.6645352591e-15
9.69713198629e-12
1.12137641586e-05
5.99520433298e-15
5.8652988022e-09
1.00953689852e-11
1.22616028442e-10
0.0
1.28486462581e-08
5.07461599408e-08
2.05643280182e-11
2.95996560595e-12
1.15594200878e-11
1.06386932597e-08
8.20643553112e-12
3.8591352336e-13
3.56314977523e-12
1.49436224728e-07
1.78499389114e-06
1.55431223448e-15
7.5968120683e-12
2.46247466862e-13
9.47261713513e-10
4.20774526333e-14
6.32827124036e-15
5.77005110358e-12
2.92830809268e-07
3.88776477012e-07
2.38451558499e-09
6.23323614946e-12
1.11022302463e-16
1.22319332441e-09
1.92867943838e-12
5.54884471704e-10
5.59437505654e-07
2.7438940009e-11
1.57105480292e-07
6.15063555642e-14
2.22044604925e-16
1.2877294342e-08
1.01982866596e-11
1.55663126833e-09
1.02802747426e-08
2.80590116475e-07
6.30606677987e-14
3.60526510867e-08
1.88737914186e-15
8.2495924314e-08
4.61552123188e-08
2.5362822953e-10
0.0
3.01293232585e-08
3.92156462858e-09
2.04058991926e-13
2.04421425343e-08
1.50324197534e-13
5.48944913747e-07
2.28734231555e-09
7.70879471368e-10
0.0
1.1901590824e-13
1.11022302463e-16
2.33146835171e-15
3.48336437472e-09
1.59849911086e-12
1.85330277014e-07
8.16562484296e-10
5.22429077776e-09
3.62400220943e-10
1.5465406733e-13
1.02907118826e-07
4.06896738525e-13
1.95755633925e-11
2.08567864313e-07
3.30889682321e-09
3.96208577058e-09
2.82396328544e-12
5.22315524165e-12
2.42667520634e-07
5.42899059042e-14
4.36162217454e-12
1.29538602067e-11
2.5020164518e-07
2.67019739653e-12
1.1134227762e-08
5.9058702373e-10
1.12354570092e-13
