0.59866529394
0.621184265503
0.0239073431778
0.0164709408414
0.562892154341
0.404065524797
0.91741959763
0.0353452879941
0.378214341553
0.781776490519
0.876457670906
0.935970915108
0.57962676056
0.413330038755
0.0985954592069
0.378299841679
0.395152081523
0.0956160698712
0.899250389936
0.80501301118
0.508800557771
0.630088567749
0.124606896162
0.810176258736
0.831829731145
0.645644665753
0.867074432746
0.139521324571
0.758808237637
0.217828492563
0.903092372323
0.38575674599
0.737671594322
0.0970946201939
0.177659827862
0.812279138856
0.240524255329
0.468835178957
0.138900924922
0.587585434191
0.207587623675
0.818482163139
0.921620138679
0.575564003196
0.732863467169
0.133188791968
0.698084457162
0.653569662365
0.924526088685
0.320416235678
0.449021187594
0.826188390165
0.00593679792091
0.627678760748
0.814472589551
0.158647995266
0.0529409198714
0.323235747654
0.916213114912
0.809508506853
0.657129149198
0.901782172166
0.702142258199
0.0898066402706
0.835085805195
0.0303761364983
0.431714522922
0.659069851596
0.0640282085889
0.746317816071
0.6523388235
0.542998170698
0.589408459983
0.528294264084
0.987418485599
0.721424975283
0.124673306222
0.388774678749
0.260634203356
0.253033898183
0.552619712013
0.207809409697
0.696026133607
0.849629173774
0.958240865837
0.467771199357
0.90742581168
0.0267581594884
0.974828309632
0.575500513618
0.40501328679
0.436766436561
0.0124995614819
0.0471794839039
0.977064796032
0.290073247759
0.597165688221
0.404635838539
0.91182969859
0.0885248782864
