8.02691246804e-14
3.33066907388e-16
9.59365920039e-11
1.57152069136e-12
1.66866520601e-12
8.02821831991e-06
3.83425624584e-10
1.01827990484e-10
1.11022302463e-16
2.94573099247e-08
2.209343819e-14
2.13431916585e-09
1.55379618172e-07
2.95874436063e-12
7.7859940717e-13
9.7699626167e-15
1.2001355798e-08
2.32036612147e-11
7.43849426499e-15
0.0
1.05379417414e-08
6.8167693712e-14
9.15156839199e-13
1.33226762955e-15
5.51119039294e-10
6.02962124674e-12
3.47499806708e-14
5.48510648013e-09
2.93098878501e-14
6.87184753545e-11
7.71605002114e-14
1.54321000423e-14
2.18957029174e-08
3.02948092521e-05
6.77813360994e-12
1.04357744668e-10
5.21815923804e-12
3.9515219985e-09
1.0190737143e-12
5.55111512313e-16
2.63840205239e-09
1.31006316906e-14
1.11022302463e-16
7.61835039498e-12
5.07260899951e-13
1.92805549304e-10
9.30144850031e-13
9.89465965828e-08
2.17603712827e-14
2.22044604925e-16
0.0
2.34257058196e-14
2.22044604925e-14
1.64346314335e-12
1.07358566481e-13
2.30782060129e-12
1.06559205904e-12
0.0
1.77233827614e-09
0.0
2.02282635087e-13
1.9975565646e-10
3.09663406028e-12
9.44466727049e-13
1.01179065126e-11
1.33361988119e-10
5.71764857682e-13
1.09991256103e-08
0.0
1.33780453382e-09
0.0
3.16518478094e-10
1.03805852802e-13
6.98488900053e-09
4.15123491138e-10
1.11022302463e-16
2.27040608536e-13
3.4383285108e-10
9.59790970034e-08
3.17135206984e-12
9.87210313497e-13
6.15177686569e-10
4.40617764497e-10
6.66133814775e-15
1.09769748846e-10
3.72312181085e-11
5.42407230242e-11
6.02851102371e-14
0.0
2.13162820728e-14
9.99200722163e-16
2.01028083069e-12
1.35018662917e-11
3.25699204551e-06
2.53819965046e-10
9.10160835588e-13
3.5527136788e-15
3.67697794434e-09
5.55111512313e-16
2.02060590482e-14
