0.0486270204628
0.0562943747833
0.203938506903
0.833858013603
0.850881779968
0.345429620819
0.234358144544
0.257088606818
0.0793807654447
0.0115710315313
0.083841698989
0.623935383169
0.156712346904
0.302542022047
0.555167426999
0.126227391152
0.437886359505
0.891316634621
0.839207947067
0.83310802762
0.0857395799395
0.110336760166
0.902789303516
0.28425654401
0.104368570097
0.812334105375
0.556893558314
0.591782720399
0.474328094279
0.207110501373
0.250066550009
0.491178822003
0.771240359153
0.702557961204
0.241343277607
0.803980274458
0.0748738212003
0.995072551193
0.518999274261
0.247554234442
0.431134931968
0.244326051893
0.35671650442
0.497404406252
0.0773752365042
0.325997384451
0.349428217216
0.315520068132
0.600458274457
0.812598293463
0.911668212113
0.466555648906
0.457970938318
0.475467243914
0.816904113385
0.63287466649
0.849049417626
0.399454485956
0.382318340954
0.380562320783
0.653374654749
0.90879316205
0.531253321235
0.117911412117
0.159782403777
0.259802785838
0.302636478721
0.430439479284
0.0510883097548
0.421983694807
0.00903194414494
0.695021530597
0.788193559983
0.815955951024
0.711867399139
0.00907609013072
0.564744178181
0.849219849378
0.463068876049
0.973810382163
0.922576499586
0.262593240873
0.211707521599
0.236601867203
0.401011852065
0.224082869795
0.287518659293
0.888947110141
0.891729629032
0.219494546756
0.046139235791
0.173645067043
0.793337570252
0.564178848412
0.629371618144
0.693879664502
0.737579293299
0.587607629048
0.86842154352
0.747572273206
