0.00314129063907
0.479215992184
0.950662315231
0.349339851618
0.0232651259561
0.0486898328611
0.337136202958
0.485997500946
0.793305883604
0.366075319117
0.0183243635049
0.0912168525755
0.358665935661
0.276660116157
0.00056585731975
0.610456843731
0.0932018968979
0.199079187443
0.49605237868
0.0523682678693
0.429515537489
0.0183355182539
0.236032856161
0.129454014346
0.979306094128
0.671761655561
0.128380038104
0.0810710240836
0.165589957086
0.892728482622
0.007759912732
0.0403694275181
0.182665934395
0.856260064907
0.876123197629
0.270347387951
0.174052989505
0.63542891292
0.798803562205
0.0280965956787
0.0404983273204
0.0012839252074
0.80303713986
0.0274216106821
0.651260722649
0.003009429308
0.469589205182
0.0242677187419
0.76853703075
0.0011085874525
0.99190577632
0.326937917505
0.212765556702
0.870556196708
0.20363296411
0.258579438686
0.208508252836
0.664105403771
0.000108300955885
0.0279976364458
0.0147780999508
0.303603331488
0.0816656876524
0.0607236687823
0.000603069170192
0.94261554194
0.0044537055695
0.60706146961
0.280874610471
0.0678524242077
0.801114126711
0.0487394211421
0.411875978488
0.453697788662
0.00165605724027
7.31332078204e-05
0.566997981249
0.795444277404
0.198277015935
7.54055806664e-05
0.339893353241
0.494952593964
0.0124924984915
0.0434060791433
0.826185066426
0.0141951036809
0.0267282399666
0.0212554832336
0.146008897546
0.427332139984
0.00987850717963
0.898524216606
0.0614306026625
0.0346949500223
0.46138620522
0.112046715336
0.0470771214758
0.141878787995
0.168618532334
0.0171878051351
