0.586904624051
0.188599772158
0.227809704449
0.67040952512
0.327653549219
0.343536075792
0.268717738489
0.593659538561
0.0457054078683
0.993179233991
0.924286866324
0.217486160974
0.997344139832
0.610249242252
0.674953048704
0.763635383844
0.6941762717
0.388839443232
0.917446628456
0.616264054851
0.679975432316
0.34986386189
0.642780827191
0.225521363834
0.332586354107
0.192917876256
0.351887080421
0.924704308473
0.396248627305
0.534613206534
0.368253795826
0.0682626100196
0.209532234638
0.97314581216
0.179085395221
0.725228261732
0.500747761298
0.336918995279
0.301406027176
0.666885697534
0.664387617224
0.41291807468
0.608488284027
0.11402113159
0.809810043431
0.710114731697
0.772249057706
0.389684757048
0.298926899637
0.326119721079
0.865447171822
0.843932003892
0.549080105201
0.587923527342
0.951163430484
0.00748885412434
0.575220065053
0.140773306157
0.947003572279
0.694720754136
0.565586410393
0.560794341317
0.277702308516
0.875064234495
0.855646079221
0.891256919524
0.177531565494
0.357561652468
0.622694201112
0.303939693725
0.207188623928
0.453956581571
0.482194444002
0.797635129557
0.0182647145753
0.109828631806
0.817608421016
0.00421627836818
0.834462472923
0.991674282102
0.0299550133001
0.826404522528
0.721385354677
0.820645733978
0.909521540169
0.021812127443
0.179715245032
0.519817586972
0.787229467729
0.559445716102
0.77405483676
0.0208077886583
0.738498585649
0.390949355441
0.920575160802
0.388447591795
0.801421534054
0.402334239147
0.572225818026
0.551897126784
