0.0877160637807
0.555635776236
0.504665505837
0.635485573693
0.316272479383
0.962267001284
0.0647402684518
0.788751421735
0.0846078457031
0.572879084874
0.936142033788
0.462573875603
0.465507532421
0.727070532997
0.459751695922
0.111468046317
0.974476199209
0.616254454675
0.169351327788
0.420013755633
0.333612181938
0.624536701271
0.539181954937
0.519502562794
0.163791642575
0.765805378884
0.7713137403
0.870481290294
0.353935502004
0.202643831323
0.384494240314
0.212511832607
0.546318594626
0.686225012229
0.723650953914
0.529306405179
0.34443218812
0.272475463922
0.881367036845
0.751511905807
0.700913876577
0.541637112092
0.140285423938
0.446695960824
0.0405824194849
0.763452558367
0.171014288112
0.0447328522055
0.279252223332
0.191837970486
0.885092575305
0.254354501596
0.187502756603
0.582520459498
0.304131427587
0.963864325351
0.661296728198
0.00598643155688
0.0731215480767
0.345259396376
0.494846862461
0.865636913039
0.726865663414
0.411362638322
0.638804401977
0.724467514136
0.279455029827
0.451162213636
0.719616015123
0.39719994904
0.0964340699595
0.451522850233
0.433492548158
0.767794987387
0.446650403848
0.337525854794
0.0985201132442
0.32682938293
0.117931841095
0.0656247078698
0.0150526215871
0.653655947676
0.52762866898
0.215838993263
0.980243310144
0.751611556945
0.308866586632
0.0999602358045
0.402396434411
0.103271260325
0.900455460577
0.0181378836317
0.416398807637
0.676209105525
0.848387162954
0.410478284306
0.113528521495
0.345257850178
0.780808280154
0.666586452544
