0.859803443803
0.759468460617
0.438837033981
0.0530146094385
0.694875321097
0.171531944506
0.803341026479
0.148566356691
0.248269876305
0.877526563773
0.311431241663
0.597548368642
0.953423866511
0.845190825552
0.646469764729
0.732734598133
0.191274442294
0.933402548369
0.592550147153
0.248219012865
0.805637226776
0.750376732897
0.082805984066
0.124074059272
0.224401838971
0.426210482329
0.583195027399
0.625416596812
0.899531431577
0.600609561628
0.0616111572807
0.855594406376
0.248748097926
0.266659991668
0.482877421669
0.617612384023
0.552036521921
0.939182175416
0.742382907925
0.346529237265
0.843218018955
0.483027436195
0.406589436912
0.523155072308
0.326153027321
0.32064937007
0.107094550042
0.498957371441
0.253769640468
0.36815820726
0.92761048287
0.882977685909
0.560894992626
0.00813028968295
0.304445998312
0.752110317563
0.305326192046
0.689215245901
0.854650298422
0.561319852899
0.613430806341
0.235592638536
0.402286758086
0.0337992446286
0.067195037721
0.851458130206
0.61928634139
0.665962640898
0.742951080384
0.816812719402
0.0442857399242
0.529452652124
0.14401063383
0.312182814124
0.142629197525
0.350097963502
0.605786390042
0.772260874792
0.0932745701465
0.295846552979
0.336224368034
0.962697409209
0.750947423387
0.770338652513
0.858352051412
0.0108598652992
0.413282110377
0.349175677714
0.400558067635
0.301228330551
0.141783488638
0.988510041346
0.332446936206
0.844814494748
0.635607108409
0.171178495606
0.625690550085
0.532506113308
0.906571391998
0.421546336501
