4.9072876774e-05
0.019637849798
0.000493296718984
0.0179877393683
4.8962492738e-07
0.00356876194183
3.56532067174e-05
7.80439244674e-07
0.000450460677276
1.01614546777e-08
0.000100025044168
6.53732677252e-05
0.0180109472525
2.01647084486e-06
3.03378400179e-09
2.83539379241e-05
3.79218728896e-06
0.000225338355793
6.698679358e-05
2.77741895705e-07
1.35565688647e-05
0.000385808474511
2.88206026253e-05
0.01902254162
9.81786453735e-06
0.00016304610807
1.21666461461e-07
0.000611537357744
4.05451517085e-05
6.35751830391e-06
6.00048539978e-06
1.03522049411e-06
0.000150612299176
0.00514504923871
0.000164122366345
0.000491113475489
3.49761073981e-06
0.0171857805122
8.13230545238e-07
0.00024075126328
0.000142917232048
0.000842832357744
7.93368165275e-07
0.00174567470532
2.97503504276e-07
2.21401896816e-09
1.39816044298e-08
0.00591336309987
0.00112425132797
9.23179838463e-07
2.52158809642e-05
9.79579881135e-05
7.38935071765e-06
3.80179489001e-08
8.48215707361e-06
4.02928267418e-08
1.56594377249e-05
3.01340850816e-05
0.000241384772124
0.00238807166738
7.85186662355e-08
0.000524672463009
0.00206345522308
3.02118428597e-06
0.0108428190481
2.94156086378e-06
7.00890958161e-07
6.95813521245e-08
0.00124417325732
7.52476355625e-05
0.0178390406111
1.15858100891e-10
3.05228268547e-05
5.06723349947e-08
7.86830491417e-06
2.22121598553e-05
3.30718574748e-09
3.17241867898e-06
1.8343576047e-07
0.000935187248486
0.00221717612203
1.26928081829e-05
2.33325867416e-06
3.90509216741e-07
7.18590155602e-07
3.0239721982e-07
9.27305218477e-05
0.00168076252188
0.00138796920176
1.52611256965e-12
7.42725385638e-08
2.94154318681e-08
0.00429291842409
0.000101460540826
3.14144398417e-05
6.93716991629e-08
0.000773941571858
5.84680696081e-08
2.42176309007e-08
0.00016856318539
