0.29268821218
0.423838751444
0.734654156305
0.0442078049083
0.0677955460679
0.35982308606
0.770451725751
0.405482277323
0.644260406643
0.506437683568
0.0477631649031
0.614332872423
0.369974382455
0.776203273368
0.746101514246
0.78689471339
0.675941897975
0.391406711282
0.147930243727
0.416460003697
0.295566842701
0.629026792662
0.391469652671
0.763803990622
0.133130814293
0.707686849095
0.332794114351
0.785320884677
0.845007759488
0.795565313851
0.880054131161
0.15531012939
0.377138527552
0.0752365995144
0.161183450959
0.294076517495
0.428374195886
0.702579784106
0.0537534897232
0.732776869959
0.204946010801
0.933390713835
0.989792605436
0.28971523168
0.914784944777
0.00613627453167
0.30405133173
0.635404705022
0.812782363446
0.672820118832
0.702668362865
0.193144273696
0.540517491865
0.0693547691121
0.576179976999
0.330570533949
0.193898803506
0.770627779274
0.325586030485
0.500097838443
0.547109129615
0.975535914565
0.97367402274
0.562641300625
0.96325951177
0.756678685304
0.97999550533
0.149967079373
0.289079012506
0.184068603302
0.46969668874
0.317410361698
0.988526487746
0.372341337364
0.664101932548
0.559371888458
0.0569316365432
0.100655018421
0.0714612567053
0.186178489847
0.851112627629
0.714078081781
0.447895412301
0.816757359378
0.652280110232
0.458309067516
0.655746036588
0.218863730974
0.473882675085
0.609323310134
0.263519361892
0.445439186875
0.596098872523
0.205911962504
0.783146895099
0.135607800892
0.559829251111
0.181523629171
0.272814258147
0.233851362759
