0.195462165617
0.992347079386
0.232252300182
0.459693206117
0.898329965594
0.5469429406
0.302084806147
0.637123009882
0.859097976248
0.278413057143
0.883887583402
0.748651908882
0.514411469755
0.509762615798
0.80356436894
0.37130573783
0.19101060945
0.827892535066
0.221710957961
0.325069156831
0.0294159682578
0.653670871058
0.0219407324881
0.210226426916
0.540310131009
0.701173808632
0.0769092610239
0.973018602013
0.86773998086
0.459477566339
0.183490408688
0.750597280186
0.315103634096
0.685799645654
0.478093409467
0.421090480715
0.726271091394
0.293583522526
0.183062966716
0.138679225909
0.910832787753
0.971076705334
0.798172564717
0.371859691321
0.773052050667
0.499891130508
0.759770625655
0.484450672309
0.185735241433
0.00646761007243
0.380316524031
0.583521514993
0.780644734286
0.533470913272
0.177960844141
0.593749160521
0.624596260613
0.360569316635
0.986238932023
0.657160547494
0.405264023957
0.0401828174924
0.754049484654
0.0894609648506
0.562622793594
0.708130832641
0.198120116655
0.519040458163
0.00585425628352
0.229596001767
0.527992625121
0.448434147866
0.33723835127
0.445375254011
0.507634174629
0.31006415693
0.620410799311
0.615939915754
0.186085802217
0.273171133868
0.767149084116
0.179773610609
0.935826212942
0.54444416447
0.39981168275
0.926720157886
0.625843827985
0.923457093152
0.395404990443
0.982985751015
0.657605536729
0.971545137286
0.907696359622
0.956241745673
0.422053280466
0.592899129463
0.887293146046
0.0743377675574
0.742316061683
0.345197606853
