0.697587737818
0.283859215276
0.803779463831
0.390678932624
0.295296786802
0.971625347692
0.360941221526
0.691379874868
0.223865842081
0.163579850035
0.678101301605
0.0879455172976
0.663116012672
0.0909405917793
0.252762808
0.217708947851
0.6570452378
0.0466389209344
0.18431119432
0.663845899937
0.809890835177
0.383437940319
0.646138705506
0.961273573598
0.429891065898
0.790460300743
0.814435652295
0.966697968663
0.317028811995
0.0340591980246
0.160618946899
0.890721122656
0.207782287709
0.673972395047
0.163083764013
0.94205733062
0.152642577262
0.868644630967
0.810870401278
0.136399959101
0.741536181332
0.772981089427
0.590884136391
0.62923955441
0.691305341927
0.579060254776
0.960710093333
0.31682108061
0.896097064105
0.575757864832
0.0770631784049
0.575102828631
0.818442937559
0.494458297034
0.268609125326
0.522188003705
0.176074615577
0.636768097763
0.274953977558
0.82853366639
0.0884943074156
0.968637263201
0.268515945271
0.949477894644
0.254134368014
0.190793182531
0.774535390962
0.964938453179
0.0266219162752
0.823911720075
0.900398945813
0.165515537918
0.560721518701
0.2255979111
0.691953781006
0.0478293296461
0.72270131421
0.0500500726969
0.489443728236
0.620365791366
0.789442905071
0.827507690273
0.790588800379
0.156623274269
0.461565897167
0.875724055493
0.0252990399541
0.913832606162
0.352409102295
0.834217238621
0.79441444667
0.422750624531
0.943700921869
0.777580803662
0.629773176181
0.873206236197
0.657027514317
0.966011154037
0.104768439881
0.0760646768481
