0.349054345594
0.0707325337864
0.0347875626827
0.735297153557
0.608487546613
0.239643960155
0.499175841433
0.668526123893
0.689522322863
0.222694164023
0.218973801723
0.0846848543412
0.000144840010638
0.170800027943
0.0338846599585
0.68571009741
0.365606491726
0.285752387763
0.288099594731
0.220637568442
0.00555672507637
0.256734773631
0.442665094186
0.00477706634863
0.0609428086131
0.166950711406
0.131848543633
0.279687988569
0.110327455954
0.0496164122816
0.168675594365
0.0693833358738
0.47011078721
0.205432580135
0.0869881938976
0.746298058841
0.0226865519487
0.0915322978408
0.00986179773713
0.64776935237
0.567964668095
0.532747899956
0.391478918654
0.1974183236
0.00282998473614
0.0194627081065
0.511014233392
0.00385346313762
0.0476534223737
0.221675944766
0.104784283012
0.256822988773
0.0246830858216
0.411741018539
0.902212932873
0.0369445704883
0.0915980603969
0.480129412221
0.0180845620083
0.250184527835
0.10796674912
0.0237303229451
0.24204415209
0.00967096269342
0.190832214492
0.03436903249
0.148915993894
0.72164362257
0.512814927787
0.129431208552
0.622149010498
0.0419931018652
0.0615982944777
0.315461221671
0.917884386558
0.98333073366
0.638958151859
0.301205465778
0.173276392201
0.32120423948
0.0476443139897
0.16662181857
0.228867849143
0.0467109515305
0.105244788764
0.0554791816957
0.00652505381414
0.33461451659
0.534316324197
0.796494117433
0.414644758971
0.311055982601
0.386320196995
0.0487262574284
0.0325765583717
0.0335808023385
0.00746145739559
0.00387895462663
0.544981129888
0.150768700158
