0.504468746734
0.308864728077
0.000377157365497
0.109897529563
0.0217784291498
0.0918388594262
0.043711862784
0.236913115024
0.452120549401
0.300797015107
0.613984924314
0.0677766134457
0.000292297092804
0.07142072672
0.417491035729
0.366877943279
0.136305038651
0.141539623395
0.640036029624
0.0343333504455
0.034470171106
0.0943762106777
0.00637157862703
0.0344329826104
0.000536965913182
0.00860804848949
0.0128051354488
0.483661477015
0.0676050944953
0.0600907033936
0.0685092389073
0.0246352287353
0.315304258879
0.202764049338
0.0787038323928
0.339479593048
0.599918524112
0.0445531358247
0.0096395404515
0.0280917280664
0.575751905853
0.541063676696
0.501007106558
0.109234741571
0.0291032867405
7.56857134565e-06
0.0426475372308
0.315254154613
0.119243683714
0.186915019072
0.268479612661
0.0949858456244
0.000238118549808
0.029539134226
0.635739696557
0.241523846853
0.012722090589
0.255577073583
0.0182920251248
0.0332301996719
0.0665156308847
0.183284975
0.132527422999
0.459063185884
0.436910591568
0.231869572701
0.0135094179204
0.553115553089
0.157390304523
0.0353117064383
0.019268445856
0.116634697725
0.0728236932311
0.0741575653485
0.188954963216
0.482845847758
0.161038807011
0.00619192987391
0.158794427364
0.411373982727
0.0133485947007
0.113134663125
0.0693064293055
0.00820714939015
0.135779520864
0.270794981828
0.122096152781
0.354732481707
0.0315334130245
0.01664105722
0.0127723191784
0.357139374914
0.409973752537
0.350958632749
0.0165441968899
0.0443303509239
0.0291213584118
0.000178706425564
0.0112766396064
0.0532649682416
