0.488181104954
0.585782572636
0.269283402253
0.674286333241
0.755267196082
0.895158842802
0.584610811946
0.234793250485
0.267277083887
0.00719497834915
0.694310711325
0.249591079467
0.62135610937
0.549798906002
0.914034045202
0.463671161116
0.345046036172
0.655956443988
0.618820760525
0.562480188417
0.000377530645783
0.594031719763
0.870569727709
0.479991913214
0.831261582623
0.700554050618
0.947725527772
0.644496062974
0.19871919276
0.957798035136
0.794672430437
0.942680243888
0.78600285123
0.540708347144
0.519654322022
0.216832156612
0.0204338151608
0.0496613715565
0.281355273814
0.882549959477
0.0781490225914
0.0047814177473
0.200555487283
0.288610382814
0.241436175102
0.372963945191
0.963568941812
0.339117137401
0.804970035431
0.373541495427
0.202151039331
0.353652971429
0.372182184861
0.367827876457
0.656685862502
0.452537590032
0.322912520413
0.520214880068
0.626678975503
0.439303241594
0.976412111912
0.583086324705
0.872721363973
0.464694609494
0.279979785299
0.0605013116961
0.432630765732
0.212741782616
0.366450702828
0.180222643498
0.378448921042
0.478588948517
0.417248062955
0.633273519972
0.799516850486
0.0927401907618
0.361217991154
0.180689312905
0.163865525537
0.0825410570274
0.825774595438
0.0928769496796
0.423596879007
0.327324173712
0.910517819454
0.418724167088
0.872385846891
0.823480360283
0.0819630279168
0.0706105543569
0.988039342707
0.18339046153
0.152232356524
0.520993418427
0.21834370721
0.28597338469
0.51226631314
0.0711302929749
0.0452213074368
0.582205556582
