0.0197566162234
0.0345223139324
0.43267644546
0.0494953808566
0.308267377948
0.164911569342
0.0787381387306
0.269691809959
0.00105722449994
0.0218938520062
0.128925400923
0.309249453169
0.124621000712
0.122920031448
0.409877859049
0.689901490165
0.0736253367699
0.587552247255
0.417607600558
0.330183805449
0.0591921591804
0.0936196561379
0.46979900374
0.563274637955
0.0719503045788
0.331250733135
0.0315891868324
0.271471976167
0.466007756175
0.00487032414957
0.181168240373
0.171738690902
0.0687589818949
0.265615842609
0.0993284838379
0.240390468209
0.0948756487069
0.00882349387823
0.356298847329
0.568326393751
0.00286414907082
0.0856125244474
0.206101776426
0.724360401533
0.0420447304641
0.634659400603
0.363880914475
0.0175190751229
0.00397078888095
0.348496898936
0.728168837709
0.117078410652
0.0400958054875
0.100182483956
0.33244785359
0.0113157438107
0.127019411554
0.0384430277311
0.467526280573
0.785435805215
0.046473158789
0.476882036876
0.103292534377
0.609694752279
0.0193703778062
0.0859865595651
0.00241223347692
0.0929171558108
0.0109176063528
0.626620548628
0.117338788753
0.716741274201
0.14859714369
0.148233913165
0.0737245309117
0.095529666042
0.0452966709252
0.0384066167827
0.0543372041
0.952291247397
0.898466646295
0.0637914692415
0.960194105985
0.0344517847352
0.139482555771
0.838784066388
0.222988188444
0.603124830394
0.255667060097
0.0153737595476
0.126183452611
0.771910932349
0.00696180381157
0.00470732311366
0.230988254238
0.143922119346
0.0420252009373
0.373540236409
0.256120840468
0.047017950131
