0.889963393051
0.277686649149
0.123382823829
0.745162056452
0.0690375448694
0.235327752869
0.0710200087358
0.0532650105064
0.0510273312598
0.311389354685
0.391892794012
0.00176751751461
0.490509638457
0.208966238071
0.237035928549
0.00627661114549
0.0282160583652
0.324499011066
0.157511527306
0.019824094442
0.0483667430899
0.752349654812
0.00320192167769
0.0179463629135
0.109922119267
0.626103449575
0.677136924327
0.0358859084483
0.104976806794
0.589832383618
0.161062155062
0.177961974757
0.217994481414
0.142018840184
0.00683465755792
0.180927820919
0.345837086467
0.179239116502
0.0663998242109
0.28461896095
0.00464458363779
0.449987163791
0.0271730582233
0.127514252204
0.0294260214771
0.0243100744195
0.11433220036
0.113013307775
0.0988172904242
0.314432743265
0.11502337268
0.175034490418
0.00308591514194
0.00120372449815
0.1921937305
0.0029369850277
0.0352028699121
0.47956674533
0.0739792257038
0.0495420597605
0.0904464882682
0.278440378325
0.00700857098129
0.0271360130189
0.00103836049479
0.144626080082
0.44912392256
0.405437649333
0.261698666556
0.00540168593805
0.0305499412464
0.301729313401
0.250633594327
0.480935407223
0.02865534765
0.337958931521
0.0019850518019
0.41353271396
0.737349166552
0.0150705564686
0.100371377904
0.00711727672109
0.00733867612198
0.234839776382
0.072919201543
0.0430384328742
0.00592868972458
0.799784617059
0.187240874131
0.440348731752
0.0594236908497
0.0123513695685
0.00445016721308
0.419522313317
4.97030986448e-05
0.00291857234877
0.013425641894
0.117485677411
0.436504623777
0.0401270255559
