0.313649568586
0.107201859437
0.372785370003
0.631577636429
0.973406939774
0.826211377475
0.761172352631
0.323549912807
0.69442519168
0.473422678361
0.0472448886922
0.916113157336
0.775036466338
0.513694466768
0.874581597015
0.695495424407
0.989936367569
0.363581804409
0.585492753304
0.523521567955
0.0807344837272
0.089758894987
0.233353604548
0.876870821002
0.393445585759
0.197402695857
0.0562154051022
0.81359907135
0.316743224894
0.680777133164
0.0461018101535
0.458146045262
0.0547764198076
0.859638290596
0.0881804778655
0.711002048355
0.77199860236
0.911976360115
0.187340040549
0.62160373631
0.950211538777
0.286233157704
0.473987199448
0.0286372181763
0.37689311742
0.225255575711
0.589189894478
0.0404320928473
0.326816959869
0.250982768393
0.336051050807
0.47533064596
0.427244441255
0.390301080766
0.591182247225
0.561183975394
0.801749666185
0.322797549721
0.882931057815
0.9737122388
0.126428038386
0.87811791737
0.862663554501
0.175236693323
0.96947192127
0.39849181637
0.368014027875
0.146565954141
0.351102482691
0.825026854792
0.437898300677
0.106305801678
0.504974839637
0.673763136696
0.55225153959
0.753214506291
0.91398950158
0.20027019404
0.265764807257
0.725818088759
0.127298012779
0.551893262497
0.270012498781
0.635658169845
0.795126027408
0.347517619237
0.632212141487
0.747507698599
0.622069466817
0.116359448312
0.496729041822
0.453385063084
0.279371866195
0.868299193764
0.894880257929
0.290871145159
0.875306800411
0.240105324515
0.550061600291
0.913141398907
