0.0336593803852
0.144050359145
0.579540879925
0.384146667618
0.788549875729
0.772161137337
0.178694294127
0.546335842358
0.358071689717
0.614817266186
0.43361575993
0.995724326911
0.503412506738
0.0146183670883
0.555787508747
0.749731489426
0.724715643308
0.886044487306
0.645793695904
0.87271541141
0.451115522746
0.450870667258
0.908108261438
0.6481965221
0.233631909509
0.603932384911
0.824405617566
0.136479774679
0.935943335361
0.680133087128
0.575407876916
0.331469825326
0.462107611119
0.331443328571
0.35087460174
0.443941687602
0.65352565745
0.963561543453
0.591024658398
0.344207357403
0.6294605628
0.356134446699
0.0736412195888
0.377477258129
0.283615309101
0.507405143582
0.741051577577
0.174235358059
0.439783809114
0.815232113045
0.671710242338
0.645194727906
0.861391978901
0.110768679086
0.758192979211
0.212457817805
0.622159928445
0.602901840254
0.016222269926
0.730374528565
0.525601167213
0.82655654348
0.122511494378
0.914453912313
0.0750790222911
0.00106257078978
0.187547869924
0.492045067011
0.958237906509
0.552058041357
0.999299387509
0.192432599855
0.914597062633
0.653066326363
0.580302208405
0.831864292801
0.306246884453
0.500373635253
0.392962548692
0.925326539412
0.71541742143
0.280544530829
0.220165700845
0.922832841957
0.254276548988
0.692117336898
0.67484190308
0.940763992067
0.266371328179
0.259430478538
0.929230813976
0.244469023475
0.167275034114
0.787337184463
0.941917594149
0.117924228886
0.265615515882
0.188469807766
0.837739975408
0.711455237843
