0.0126152678768
0.601262771061
0.384804172576
0.0379332705108
0.0867945221452
0.0551313936815
0.114219401786
0.00106731083792
0.62018015354
0.435889479734
0.11500198961
0.00631199667279
0.515633035667
0.445982418599
0.00440907057405
0.249369705767
0.16627158536
0.0110609252705
0.224743448438
0.252798476654
0.644908688358
0.7848856812
0.328018047933
0.651269783035
0.607746159262
0.978857136765
0.000112289505394
0.0609082923898
0.680460212627
0.0539679180377
0.116201520464
0.156008887635
0.223970192043
0.557053593258
0.0536441170073
0.0344568210709
0.0234554907812
0.108356448941
0.15927862229
0.682039154196
0.267555197148
0.450875461526
0.847125395193
0.297611256932
0.276037411857
0.452594207255
0.163159921754
0.0511063578699
0.421212247133
0.0016306603005
0.162334128654
0.870538644619
0.0147127077083
0.0847393465761
0.328983537068
0.22871604039
0.32231986773
0.172118544517
0.212311200249
0.611092954627
0.0329839875539
0.272825937251
0.888059981015
0.185018927127
0.174346218518
0.411257401016
0.0629981747662
0.270930706697
0.163779319382
0.1432258433
0.254096021207
0.242609669461
0.118389829414
0.141994125316
0.284894404982
0.656851232058
0.747211979749
0.697731434409
0.0539810031332
0.142418266167
0.00672422741316
0.129139447465
0.608120026942
0.733957615698
0.0154797512304
0.0376291614627
0.119564436081
0.186825429334
0.137835322139
0.555293319384
0.113626657642
0.100467086022
0.0503732839906
0.157326788218
8.05115047545e-05
0.0921340490877
0.483468580594
0.0450488742458
0.617613421186
0.356568802342
