0.976817740337
0.844123285709
0.58955666675
0.162574559585
0.0924665650393
0.0417861654165
0.463564051267
0.22246377382
0.318711483316
0.356533686026
0.0456417642967
0.367039118715
0.559906406849
0.167550951694
0.0615163504477
0.68332528107
0.471816700432
0.968275696979
0.0011234494813
0.145473637178
0.567274291328
0.24155666382
0.552450543486
0.855882305048
0.0398995453696
0.547101322906
0.245216848307
0.917220308043
0.300072821486
0.376208198949
0.29528340916
0.819379221601
0.00662977711092
0.247034174612
0.142939073611
0.134078635638
0.0715255128348
0.0536119045413
0.0317487540196
0.6900118211
0.391843814557
0.524442288464
0.185246000103
0.149286622299
0.807807418651
0.619940118282
0.320618275155
0.374849628052
0.416231347042
0.42133997633
0.27277390725
0.740120874593
0.704004167588
0.61868860048
0.854636366357
0.533752949865
0.525766678868
0.711383258555
0.502455046896
0.590753046111
0.817426086965
0.499582682622
0.524518460873
0.291345112365
0.606197770327
0.178035458116
0.872755868333
0.0616718936653
0.490574147428
0.822966371855
0.998001608015
0.661758301458
0.829267074362
0.710611625942
0.252186876658
0.828954787839
0.324901299863
0.505747614175
0.401783213425
0.0898997729413
0.907749576656
0.0353973796046
0.48793558974
0.932327249441
0.448555305844
0.119723178134
0.844132536495
0.1628679635
0.205719053233
0.0285484575312
0.156136156771
0.0857592293651
0.652828933471
0.484602209179
0.569131516479
0.311695774988
0.450493592308
0.661335484505
0.656941637763
0.868686273246
