0.000791685256044
0.0275936692399
0.000115220758701
1.2290592333e-05
0.000242842730429
0.0109383724395
0.170583224516
0.0002416922364
0.155801765095
0.00500554018425
0.0657255178446
0.0435329871231
0.00362291903503
6.22351092348e-05
0.0459182040876
3.47973571079e-05
0.0285224246142
0.00704194112241
5.44639971589e-06
0.00464771284926
6.72148782486e-05
0.827396205153
0.0014394844637
0.00184731636604
0.00746508058574
0.0814224502922
0.0460645284284
0.000104066838108
0.084717141063
0.0227198942161
0.0234836567227
0.00235605514188
0.000224358960495
0.0136508415733
0.163636453149
0.108173495888
0.00560275615242
0.00170223816988
0.00356863889653
0.569568302673
0.000422131430839
0.121883968824
0.127967465777
0.00252516587706
0.166468854823
0.0672472348396
6.05770263962e-05
0.350649008873
0.00156111248382
0.0614291009937
0.039469111881
4.77718732272e-06
0.0128238170229
0.00261768821121
0.00194090769199
0.00867659227844
0.00439798409665
1.63395088459e-06
0.0318930755935
0.0275519217278
0.0183109530634
0.00494715659387
0.00823253120806
0.478330508808
0.000593833367204
0.668227726755
0.106442339734
0.00625696935999
0.000499708244245
3.86969986721e-07
0.355557155955
0.0961883290261
0.0245552607962
0.000212204423882
1.44478059024e-05
0.44799865766
0.00114233389443
2.25173248456e-05
0.00294462008848
0.227957339551
9.22416731886e-06
0.365512994249
0.00109828568892
0.000353932499291
0.00359398669671
0.00113918480511
0.00108168596169
0.0200845063633
0.0338933510532
0.000988336070961
0.0207156004286
0.131130134712
0.00369623958457
0.0135928156667
0.00152164947528
0.367435108965
0.000235017066942
0.00523566630322
0.023582522653
0.000931442941545
