0.0874994722146
0.306566582153
0.041378866575
0.337509672863
0.964006896105
0.719502782355
0.100174110639
0.368783397822
0.0349027039909
0.272055072909
0.520361439058
0.169790135916
0.626350746143
0.279089776245
0.248263417158
0.000666470807507
0.0215840622461
0.215370063822
0.112041869441
0.000375414944534
0.162783466866
0.625120249213
0.171978910141
0.0469691172273
0.0345886682149
0.591850808971
0.721550655748
0.106947149586
0.0213645422692
0.092808209812
0.665252859338
0.0310240598506
0.0721534262913
0.54985813845
0.253304675206
0.688566978972
0.296967186382
0.886602029202
0.463987493351
0.176845386125
0.0450632685199
0.00223572883401
0.14739440501
0.0872693954554
0.210333304097
0.443067711219
0.0859878472452
0.0778158084412
0.439552743103
0.439388838587
9.19356518884e-05
0.244878396537
0.0115218076084
0.00240636860297
0.35802688274
0.148205715785
0.0528834900873
0.136174677161
0.025380465911
0.0258830888823
0.235136240929
0.274150552805
0.759118602712
0.756839904965
0.467655657935
0.525188555088
0.388552276755
0.154192708137
0.46888243875
0.0960068978678
0.347617478013
0.147120946639
0.29696350246
0.163251188946
0.0199520079073
0.00649389874736
0.898249554479
0.232951981271
0.0548834280874
0.254947103437
0.0701915614053
0.249652424057
0.155837597159
0.0974347638087
0.778862902009
0.327416682808
0.358004448963
0.00331769747093
0.706999128028
0.180779434095
0.0164976414356
0.0247723402409
0.115088984179
0.383476762941
0.159780609806
0.823210126651
0.0387533609886
0.0126848984343
0.0307011142747
0.29081040239
