0.0716039906323
0.664626188705
0.0453072360475
0.876954124
0.803842858242
0.548223303385
0.248706879251
0.375352539116
0.064250239111
0.754916147733
0.444666002223
0.430987134037
0.709032540014
0.282118465405
0.337374736669
0.013408526415
0.243421978512
0.0290777798224
0.31849461723
0.039329585218
0.209489574232
0.9065230536
0.35078927166
0.339795067232
0.0183884652187
0.504948208031
0.539722056178
0.264001536298
0.0689610302388
0.0951002875364
0.897832423825
0.221501309724
0.336058990775
0.612732483597
0.464790895949
0.6544801636
0.416975205709
0.59340983002
0.825337416903
0.18457633766
0.13295886515
0.000111026317687
0.108228330294
0.367127515968
0.714779854515
0.990557155412
0.755355323737
0.380050338358
0.415227910733
0.701819595982
0.0178371530174
0.328428244862
0.000224947198855
0.0888845805869
0.58107238856
0.177770996434
0.146303359116
0.239009769941
0.403529208974
0.0448959153863
0.60365884217
0.253538041575
0.550619741349
0.421630811543
0.670794365597
0.59439083486
0.779280286212
0.210058491733
0.931159498156
0.206300746672
0.368773246986
0.0163046711744
0.323469737902
0.37605658089
0.0600610494335
0.0264605048883
0.536470923661
0.341006707867
0.175612250043
0.308663023924
0.363665485454
0.277116295024
0.599125062632
0.291479110589
0.774681192059
0.127785329229
0.811593368612
0.0974075415737
0.930000361101
0.611260621311
0.0369524132151
0.220327672161
0.262726036227
0.759220964215
0.354424414907
0.666985680677
0.235364991675
0.0128990047491
0.049555744777
0.327414474971
