0.450192224323
0.220486888712
0.633747817741
0.193730679302
0.2617812532
0.0602564416387
0.232128226024
0.577626044079
0.632081513637
0.00332941040842
0.499942423255
0.122729965523
0.217065375691
0.0233506343789
0.0134685718659
0.0463528881981
0.0916276540276
0.313804383645
0.604501693114
0.00731617647211
0.00965331423998
0.198714885868
0.0632088861541
0.0608162204144
0.551120278578
0.436771832346
0.0503801355665
0.15379193886
0.000278517995863
0.00301063647506
0.339648500838
0.388638862329
0.493543418363
0.471710187569
0.686940519719
0.071382960608
0.0982383754075
0.595529045291
0.0656730788497
0.072619436377
0.251264936799
0.00454494097481
0.372877534646
0.12302815598
0.254191626522
0.073248987839
0.0613725446716
0.435688142544
0.0194549723651
0.0891904249349
0.174254539078
0.410964755343
0.0288845213928
0.166664229121
0.243901505881
0.270047551938
0.402463468074
0.0588938075559
0.342438141216
0.573774567203
0.773776377193
0.316251445408
0.747837039332
0.389111788386
0.597562349474
0.624531961589
0.0206024710982
0.102717951567
0.590953835523
0.629466906006
0.16329761855
0.000494983616423
0.184337401454
0.887976959195
0.19181218405
0.0127368241687
0.0692314841654
0.206562508311
0.0455052370193
0.327246044408
0.146841968785
0.560584585083
0.155463592494
0.178678334705
0.590832029507
0.00772669319711
0.561050528911
0.182716061443
0.0126643827324
0.00123012660567
0.616712241424
0.23934866156
0.573975999686
0.000208220089936
0.0456672478255
0.0580618806343
0.128293893746
0.444067808446
0.818189958809
0.131091302774
