0.863586290525
0.278533079875
0.410755943159
0.521677549767
0.933299030073
0.238037417944
0.377146201544
0.0999685964663
0.926035364242
0.772657093232
0.646436949387
0.610105754132
0.715898973912
0.183884809205
0.412977829628
0.544673537361
0.870578092657
0.0205337706012
0.861301827303
0.163398372301
0.376082182921
0.54840946218
0.20781161881
0.974201009553
0.479522717055
0.837093178054
0.767560357913
0.800244241667
0.804282795632
0.813429343073
0.184718118503
0.323531748814
0.258657356119
0.958771818142
0.747516516292
0.897515771748
0.584685340503
0.722926159825
0.630627640471
0.557036634822
0.809698643701
0.165572300512
0.333373527148
0.531569007769
0.85710518856
0.753903844386
0.9955035094
0.682109561105
0.505188239131
0.0389464361183
0.0952190791053
0.300223853472
0.885125768844
0.359442768492
0.847131208454
0.131186406268
0.0371912909055
0.141831855784
0.869762958255
0.19474184257
0.190249960906
0.00649036819771
0.677528992641
0.674607979157
0.888301130898
0.35929645764
0.597364138342
0.794495958057
0.839331461598
0.448431229869
0.431256286952
0.782894423024
0.790846820684
0.509406675427
0.828175281494
0.5859647687
0.299035531184
0.193321283567
0.503640179834
0.619938402486
0.765573439674
0.408791565891
0.487002760694
0.785450007958
0.573089690867
0.731298192247
0.544002441051
0.623407004677
0.212129985715
0.387489671806
0.974009021285
0.544490929915
0.00414586700778
0.662603495462
0.600331516504
0.262223987836
0.733834223771
0.0441499381027
0.0364957299688
0.679235637823
