0.447298775692
0.802621285552
0.481791393258
0.493367575031
0.742793356172
0.514648802052
0.412764860717
0.452654361266
0.16582135968
0.923086122781
0.207773136393
0.54794640505
0.978346819599
0.8490025943
0.435473822881
0.386756844229
0.173692971598
0.876043067182
0.899088414835
0.202418416829
0.857541082651
0.491667003982
0.424978375168
0.694304689577
0.373886336705
0.38147143394
0.036985898567
0.181235469369
0.958697091261
0.194959313215
0.229855071467
0.764753411097
0.51592624536
0.183876999885
0.372108852333
0.968169934827
0.771379513175
0.514621534761
0.0999709960033
0.157075410652
0.544434994386
0.192586029627
0.611678236521
0.232529262606
0.230954295687
0.447912985908
0.202877777633
0.10241210768
0.24228111381
0.510737400761
0.112590650099
0.0995798487054
0.463437806262
0.94030519927
0.0311448578483
0.56699200507
0.258921230636
0.599737962322
0.804199362053
0.582593782439
0.305935623378
0.0459649651339
0.692136856994
0.19262870089
0.0384523812605
0.0514366287354
0.32391053221
0.490103616756
0.768097837972
0.482472582426
0.222440228413
0.964525516167
0.166726786956
0.655000535339
0.916613964703
0.781126918357
0.121176357745
0.690043889634
0.870486190972
0.728532224217
0.255793052293
0.451689571084
0.588557850216
0.382158131502
0.244879377311
0.831055834901
0.448830922955
0.504873039016
0.195509455484
0.240700248076
0.294682199086
0.559880524637
0.0464656878585
0.789404776768
0.919655567331
0.351507176256
0.349471507831
0.149293513272
0.201402299646
0.624997659993
