0.798239798581
0.768430337093
0.0118230372242
0.543415746481
0.403502737688
0.778665177635
0.781041997606
0.157599770133
0.238145270077
0.553055850513
0.237191002301
0.0730581104966
0.0113321269949
0.225351061453
0.000374593045597
0.545048853855
0.814183015305
0.185103781248
0.735819824212
0.0497557227277
0.326433965558
0.0977732217191
0.293101560364
0.535800189575
0.0429874790735
0.147592942547
0.241955761078
0.0325191424277
0.432900677686
0.776520807208
0.815215700292
0.431197733776
0.593505425085
0.361797173596
0.928185561089
0.473427608654
0.615573840368
0.192487786004
0.905220896683
0.477092981365
0.858313726367
0.0565150235967
0.0651724109705
0.0339030692509
0.494528022936
0.124483370604
0.139523758039
0.886835452595
0.529955135827
0.213720518828
0.00507243856754
0.767317893052
0.561666950348
0.785505050757
0.114366410842
0.00452808944541
0.210911613443
0.164414233174
0.918680002052
0.347611273433
0.586889614324
0.772457413801
0.464114012961
0.370449791099
0.00278590389677
0.155211323114
0.682124126897
0.190360418078
0.139220257667
0.289630998926
0.402235687114
0.0996292745226
0.915857831847
0.0886511298462
0.429734215287
0.107258593205
0.00803681904551
0.42850206981
0.222511642258
0.356572049365
0.0262200621953
0.890321563324
0.428377539155
0.957519727668
0.0711617677817
0.429281842532
0.452605390011
0.036032768774
0.420038026126
0.253848208273
0.450483580422
0.717620476054
6.19631645351e-05
0.837356165778
0.927618957978
0.444611698167
0.358039650578
0.508515222172
0.513876934444
0.327291846128
