8.01552278995e-08
1.79494411345e-06
0.00236506737694
0.00391661508137
0.00015483467522
0.0116723560826
4.55316974001e-05
9.28357630641e-05
6.62296507126e-06
4.41303397577e-05
4.1434155218e-08
6.15581349561e-06
0.000112260945484
8.69467142728e-08
1.38928718851e-06
0.000758399951841
4.11910667997e-06
0.00199833839415
3.29981021657e-05
8.44579080339e-07
0.000344819766533
3.61501469592e-06
2.96410458244e-05
0.000142748945824
0.000345786393293
6.69684378494e-05
7.06695509108e-05
0.000152062741215
7.30036364693e-10
0.00139783864889
3.54828048893e-05
5.41973764856e-06
0.00586282249611
0.000603673020591
0.00314011681059
1.9703167542e-07
0.00115432272701
0.00689039268402
8.30486918701e-06
3.36777947463e-06
0.002184369459
7.91322055871e-06
1.17615294936e-05
4.31245099175e-05
2.38432948607e-07
7.10882465839e-05
9.48467766437e-06
0.00024050742144
2.50923591838e-06
1.40010680827e-09
1.91392091065e-09
2.45803957077e-07
4.37946092613e-06
5.7544911084e-06
2.54740975468e-05
0.00131842519948
1.87652101756e-05
3.94264233761e-06
1.5764546613e-05
1.81516479536e-06
4.14914194002e-07
5.56294815379e-06
4.02249767939e-07
2.76020809975e-06
7.78557667542e-05
1.41786937469e-06
4.07100034979e-05
0.000290977349512
1.07120055437e-06
0.000716776030364
1.00365271649e-08
0.00417448448728
3.12641317348e-05
0.0412895616855
0.00084963340129
4.71656047552e-11
0.000167844187665
4.43590138954e-06
0.00173224497463
2.39611197791e-05
3.22679042986e-06
0.00632728861962
0.000312743504753
0.000335978686132
4.37503915651e-07
0.000244151779046
2.37231507537e-05
3.05635968645e-07
4.39229980165e-08
3.38404522182e-08
5.84584525232e-09
7.98017755589e-05
0.00238703978663
0.000113812507109
0.0016851035581
0.00027703300608
7.73775533869e-07
7.3794558606e-06
3.12845904737e-09
0.000285138942158
