0.57310324994
0.0390077068067
0.577379005584
0.415560157662
0.104999537529
0.826933974858
0.290361033462
0.0258683729364
0.865306017637
0.14101505621
0.553834910587
0.860562429275
0.0838687958683
0.15021038705
0.195988058648
0.608563783277
0.160931186044
0.0942581826721
0.539926878262
0.257717581527
0.809411158369
0.0231691106615
0.526472051499
0.026980049477
0.165200488282
0.901186757517
0.240760226698
0.251325720852
0.457460826714
0.0369612120802
0.319110000817
0.815814259846
0.0154243271117
0.886762968056
0.865798611259
0.818335137675
0.56989319339
0.73599460803
0.0903817513393
0.0264917587049
0.52210575512
0.261547797614
0.282607225839
0.0985681629321
0.30482434315
0.080025815369
0.389894511923
0.132690945246
0.799923432728
0.590647666578
0.174417672517
0.0971468724783
0.0323715799185
0.140696175596
0.791617861961
0.661289906201
0.0141474449551
0.229722930645
0.669505833154
0.0295688112806
0.530511824695
0.427054526511
0.0657000967139
0.705613059434
0.0344776252289
0.13417856762
0.317132198694
0.366125831756
0.158355025779
0.27761226597
0.629430584056
0.321320663934
0.385605396601
0.215379983881
0.0828916350889
0.10240576336
0.670959169984
0.0681961432186
0.0359174277438
0.691918587426
0.161696116459
0.218462514448
0.343310806561
0.848752343575
0.473792185479
0.124900642936
0.433235304643
0.100480943919
0.646817987282
0.946099005021
0.31168386781
0.139188909992
0.0331273662678
0.155935390693
0.234721434728
0.024030674951
0.55273568185
0.906289902243
0.788393532438
0.130439901717
