0.0324091972702
0.0666556983198
0.00560688456915
0.146279592073
0.053574164787
0.814432309743
0.333550056786
0.145786514357
0.725227751968
0.0240569782811
0.103844690732
0.797714637486
0.201062786916
0.235304192634
0.262873295229
0.142308381698
0.00226675652995
0.0703478234648
0.27672506399
0.257313019268
0.990357430111
0.421256799038
0.161559462764
0.0142886312132
0.0215981788745
0.155484531002
0.0471627351691
0.102785412444
0.0470791230751
0.0650828165193
0.0528828149447
0.151330894395
0.192600357963
0.860611267987
0.0979009634555
0.0225705647612
0.00159917385942
0.0341046507971
0.18304183323
0.387998076409
0.0753145253868
0.359727425377
0.0914171836337
0.0092163495952
0.782231794942
0.357562925912
0.5234328095
0.0284156869671
0.592528726455
0.440610884809
0.00735858262633
0.639149644636
0.157544088229
0.809433529421
0.115508517082
0.053011194406
0.577803146887
0.134898484525
0.601831261635
0.169689720238
0.501288242412
0.0930697476513
0.529311489117
0.0162077962621
0.190196620465
0.0292188537323
0.0355251686208
0.109827105939
0.0155013511725
0.0134039129013
0.0256371892644
0.837742705751
0.103841888233
0.644656812844
0.105493823655
0.327797339888
0.0598097586797
0.0243997919624
0.00519006860257
0.0366397276623
0.00776695942543
0.0875061587876
0.359225721204
0.472574897873
0.013355132567
0.704354730962
0.000731670813294
0.00544626830249
0.20028383888
0.00079175251434
0.140363440481
0.127128163188
0.0456586770459
0.0312135739178
0.295561435495
0.0901527394548
0.0342676421269
0.0818682967154
0.241436878751
0.0370754789547
