0.256013835057
0.139170294939
0.0484759417138
0.280697124986
0.258606764527
0.0626855503806
0.0655140654703
0.278545509588
0.689044055715
0.17006684571
0.314547431116
0.771919305802
0.414280874905
0.384431844748
0.493384519766
0.646558434234
0.671149125478
0.369542198496
0.913983461966
0.728815961509
0.614436200415
0.00349486915029
0.510702711802
0.142968586655
0.0515706782709
0.305572633667
0.267935428444
0.567569460979
0.404530253579
0.00743860665615
0.549869810185
0.0257644770675
0.805356637299
0.575847146502
0.911589463749
0.513538881379
0.394398242785
0.154563924232
0.512269314891
0.24739392945
0.0994008802382
0.469840691585
0.619630261906
0.0775182934419
0.061661312988
0.05619733371
0.73315510089
0.0209968320485
0.0436264999932
0.20182848367
0.264903238941
0.232550057435
0.921592738585
0.185680947358
0.0545919537559
0.530099150902
0.670395137715
0.096960298179
0.118528991677
0.154766938838
0.278244936038
0.176922233551
0.095472519711
0.596162536625
0.061118099484
0.737835823127
0.614805858808
0.391833176985
0.525362568581
0.101032378379
0.6006196306
0.268675789925
0.626406498936
0.997740750472
0.134261254485
0.0163934561729
0.527966732837
0.497210551179
0.0406644202031
0.331963060677
0.576374766289
0.0875366513371
0.0462264769368
0.277297617648
0.431240265696
0.0029869926923
0.774214024372
0.0236183382273
0.240632232326
0.926937731777
0.0258268296321
0.0860520171392
0.783873086253
0.32596900737
0.0344813426992
0.0509585326858
0.274763656248
0.0176656280211
0.591337423116
0.271142110167
