0.0920136218863
3.18195799379e-05
2.51809950101e-05
5.55467559923e-05
0.0117357149361
0.000658931361841
0.000489868857291
0.0195186985627
6.58205604321e-05
0.350916152131
9.54689392063e-06
3.93656679288e-05
7.51374398061e-05
0.000243808049945
9.11927060532e-08
0.000642887691572
3.98505751777e-05
0.00106468369245
0.00240163929865
1.55224610152e-05
4.7122684933e-06
0.048619247176
5.60910093095e-06
0.00195206128456
0.00352601366301
0.000228302395526
0.00161606104558
0.00288235526852
0.000350703271748
0.00396789208032
4.31506617438e-07
5.59563710845e-06
0.0354086923328
0.000125412094855
0.000237245369284
5.48121274502e-06
3.26061380229e-07
0.000269106857796
0.000308457901594
0.000103023120778
0.0076396657214
0.00265626979011
1.71800187643e-06
0.00054077512221
2.19006375035e-07
0.00956306984216
9.28552283448e-05
0.011341503622
0.000945616268406
0.00011595402157
0.000338189812738
0.0719832368167
7.22965728185e-05
2.47539985287e-07
0.000189990667874
0.139239665458
7.7495197591e-05
5.10755615579e-09
0.000185346354351
0.000449968806193
2.7414631773e-05
7.80571729475e-09
0.00640045449193
1.63703840154e-05
0.000141485470343
2.30477291651e-05
8.45872499888e-06
3.00069303846e-05
2.00526809851e-05
6.46555614858e-06
1.02667406021e-07
0.0141396123312
0.000576974253277
0.000992587738534
0.00157363097997
1.03880299351e-06
0.00392129385721
3.88170939836e-10
1.75772706679e-06
0.00194695794379
0.000262877090407
2.82509443003e-05
0.0935251643163
2.95650781634e-09
0.000110425749374
0.0123096007731
2.11489200264e-07
2.39440015504e-06
0.00841467686576
9.05207313551e-08
1.42105959295e-05
2.6257797614e-07
1.03450338892e-05
3.638604264e-05
0.0061466625253
5.14461850898e-08
0.00449030600117
0.264902995315
0.00721922424452
8.20501569786e-05
