0.232465216903
0.485519028385
0.723965898914
0.971496542942
0.482274430461
0.227746094997
0.0314972272227
0.260927671008
0.82989995133
0.48338589433
0.685356623881
0.0336725387357
0.255194839759
0.200628576947
0.182530869809
0.100374923911
0.443098859928
0.853431313382
0.264995214659
0.896969950223
0.499621851454
0.071627723069
0.44626351616
0.131368387035
0.882493482648
0.369471365687
0.545628682945
0.872643035372
0.858954990498
0.593903790363
0.885957790788
0.0719993630317
0.431345654997
0.0744900816335
0.853843957553
0.304547907844
0.117441534702
0.779534636129
0.188523584457
0.874527837688
0.0138249104143
0.219578990034
0.647177278122
0.255262512633
0.250670706482
0.246100222836
0.162220860141
0.881705011103
0.0513936665848
0.0146423964232
0.0252806244171
0.403161414688
0.0169646519557
0.0480739978959
0.557676611773
0.250831185884
0.269347012679
0.598745008302
0.504264042355
0.777088469644
0.0308825848095
0.560890965427
0.405480663164
0.510740222351
0.672618623501
0.934736083414
0.224963089911
0.320911484578
0.0548841630514
0.418793984751
0.488080471505
0.183521369073
0.481849600284
0.293128795262
0.865072971506
0.586675999969
0.0422306642752
0.270466340329
0.599363413994
0.660537093136
0.42343667998
0.74307980715
0.579555102013
0.261297748482
0.674608078046
0.68998049031
0.558138558354
0.696894931858
0.0194457845391
0.0804399312604
0.250726188417
0.257261611859
0.528817900976
0.00305736470456
0.302449795874
0.110931254433
0.289335187593
0.557340366424
0.0384900648714
0.695752806908
