3.00051428148e-10
2.22044604925e-16
1.35336186702e-13
1.32696820199e-09
2.14683826272e-12
9.70779012732e-13
6.77236045021e-13
1.6592205121e-07
9.78692682452e-11
2.55351295664e-15
0.0
1.62536650805e-13
2.27244711937e-09
3.01980662698e-14
1.87467552593e-09
1.55431223448e-15
5.25135490648e-14
1.66533453694e-15
0.0
0.0
1.76525460915e-14
4.76961037332e-09
0.0
3.88578058619e-15
2.42863507083e-11
7.88352428582e-06
1.72006853205e-12
9.99200722163e-16
0.0
7.77156117238e-16
0.0
0.0
2.73980012566e-07
1.11022302463e-16
1.71880065736e-10
0.0
1.19237952845e-13
6.10622663544e-15
9.82658399096e-13
1.11022302463e-16
0.0
5.48450174165e-14
1.06026298852e-13
2.6645352591e-14
6.3615779311e-14
6.88071766231e-09
5.99520433298e-15
0.0
4.59180471424e-11
1.11022302463e-16
1.74548153709e-11
1.46549439251e-14
0.0
3.66373598126e-15
2.22044604925e-16
0.0
8.45412628792e-11
1.10356168648e-12
3.33066907388e-16
1.79634085384e-13
2.22044604925e-16
2.30482299912e-13
1.11022302463e-16
3.15303338994e-12
0.0
3.21964677141e-15
0.0
2.22155627227e-13
0.0
2.22044604925e-16
0.0
1.88737914186e-15
3.68668429118e-11
5.16331422062e-12
2.22044604925e-16
9.24593734908e-13
1.68118852173e-11
1.47705943032e-08
9.9364960704e-14
3.14577253135e-11
1.60860103016e-10
0.0
2.22044604925e-16
7.77156117238e-15
1.11022302463e-16
0.0
0.0
0.0
5.88418203051e-14
0.0
0.0
3.64343710757e-09
6.50479670128e-13
1.72306613422e-13
4.12336831346e-13
0.0
1.23463461676e-11
1.11022302463e-16
3.81372711189e-12
1.11022302463e-16
