0.0332119676436
0.263978271236
0.760081278596
0.834704435614
0.0782599274229
0.614857518138
0.0997824812014
0.779593142677
0.587156393914
0.592321803564
0.238728274588
0.246074912556
0.39152714912
0.351315720146
0.124742160108
0.837872842578
0.444014712245
0.749694425801
0.180665361558
0.184424994262
0.274533688084
0.786121645455
0.801242855312
0.853293414901
0.270153952535
0.525387042987
0.847364407248
0.131014280016
0.142078135434
0.652782934255
0.242684773301
0.172982357282
0.699677799241
0.129437584533
0.274118138587
0.360473160006
0.61292081272
0.359022167716
0.642791641323
0.419986124919
0.347612706079
0.147076810266
0.645877342674
0.228500564509
0.72332354961
0.527669448461
0.931072368754
0.832915552762
0.201591635803
0.665247029879
0.0369436087412
0.542945638104
0.403030535346
0.884118004085
0.653168241554
0.720082051887
0.81558559603
0.393594432945
0.729566706222
0.542268582535
0.849316619502
0.390285058913
0.764552442866
0.362352685688
0.757192388083
0.982517377307
0.783395064249
0.166116227988
0.831076105191
0.966558000339
0.715740304503
0.0476826442194
0.0849709906655
0.557805739793
0.149863352254
0.650794942924
0.617980022861
0.880046778083
0.571697785646
0.173757407667
0.131031557213
0.367203286188
0.803580139688
0.0754924682762
0.356996623922
0.71437622713
0.744852890901
0.627315186455
0.618059127718
0.509228731835
0.266074796503
0.635848223797
0.888020963432
0.947597887147
0.28297006715
0.845988091131
0.542271226348
0.273563832807
0.270228853389
0.68186217501
