0.647854696449
0.202585664647
0.312522888458
0.670770543938
0.243829728889
0.426712280839
0.186364088596
0.146920859652
0.373427485926
0.5788250539
0.698920282423
0.160647556042
0.557260972609
0.135398184331
0.486329528769
0.231086475551
0.646105106579
0.188044261113
0.0987546501888
0.661503719397
0.380818677389
0.734521701565
0.476084911513
0.284745669004
0.0764130979479
0.413496316476
0.613076018217
0.0364486522359
0.0152479953005
0.440521812469
0.727605020478
0.692117227295
0.631546780094
0.817158885215
0.585386778184
0.670381548431
0.520055605649
0.530016079601
0.639073954508
0.240306992412
0.620752602391
0.356087644356
0.752336323335
0.112367655921
0.345863142924
0.561259192362
0.699308623657
0.949135098755
0.747993604774
0.771181152349
0.768255569297
0.514844022581
0.692853621594
0.485576109322
0.590193151894
0.991153998482
0.418695572028
0.681023009151
0.069784182688
0.340242775716
0.0119049395307
0.963321137798
0.18933749425
0.607687672528
0.709375794596
0.206369884063
0.376937144162
0.802383977786
0.232036998922
0.0394322864358
0.243503148061
0.128975370216
0.0365951099531
0.81832774057
0.804658666247
0.922141763845
0.939216352351
0.896187404434
0.723532867857
0.612460901452
0.117813820463
0.498229572352
0.968342453677
0.801691628318
0.280648678731
0.708435759315
0.690659062798
0.39418776692
0.0604885425421
0.31225237223
0.555267622029
0.266919225898
0.449823761014
0.634150275445
0.954986108705
0.885573687308
0.48422196957
0.890759183717
0.459527788849
0.770151510039
