0.815146332024
0.0161881033979
0.255466782231
0.345442318528
0.348660421431
0.107380401588
0.985504723815
0.431000321823
0.212811573784
0.299957001223
0.54911229246
0.0469647652311
0.412500228277
0.011783951624
0.26268436785
0.438095877477
0.776673202969
0.65424484634
0.538597592449
0.987135150104
0.90864316254
0.195282629646
0.440792435632
0.461795049904
0.163941917024
0.688305791877
0.603144507403
0.925268984159
0.118106660934
0.366717494479
0.90213790789
0.488203109747
0.0970838647464
0.30312893867
0.846340098473
0.641891431949
0.477647452165
0.832575740814
0.553220373142
0.690738446199
0.307366492867
0.0453955596681
0.462784517014
0.754366239458
0.746803671892
0.0640750225631
0.840582783288
0.456287740089
0.443953084834
0.0176020544221
0.600170270641
0.0631147460135
0.278594976746
0.752964913037
0.924451713226
0.354358319356
0.0823604470732
0.4474371945
0.374808741167
0.739245914786
0.264055496295
0.810197019909
0.464061379584
0.790349350598
0.496161168042
0.981851452406
0.844396945853
0.158004529345
0.289077247789
0.602026888979
0.431976467287
0.84710929296
0.657028115707
0.824802555733
0.158814887462
0.694415661768
0.617482886782
0.529287823762
0.533814583083
0.0590271610906
0.321422937998
0.835401917031
0.65214883109
0.778919466337
0.143421726203
0.246847083541
0.585490902738
0.458675274259
0.976300758017
0.585990535549
0.0272134259499
0.67246886499
0.000196083537232
0.948190585255
0.396790812977
0.955599418416
0.20462334139
0.04986286825
0.780367030078
0.843609180657
