9.58344514856e-13
2.18450801193e-06
9.73646583469e-07
2.18064922419e-06
2.87464496651e-11
3.30152238881e-10
5.32564243816e-08
3.17244119863e-10
2.1366486358e-10
1.53761448018e-11
2.72827105352e-08
1.27342580925e-13
4.54968710928e-07
2.91988655476e-14
3.33066907388e-16
5.60759216839e-11
8.1556983389e-13
1.30707444868e-10
1.45720324696e-10
4.18998169494e-13
1.16573417586e-14
1.70214731199e-10
1.99840144433e-14
4.72534555929e-09
5.51547696404e-11
6.20838935816e-11
7.98250354705e-14
3.45834472171e-13
3.00785885088e-09
1.55431223448e-15
3.90825174446e-08
1.00808250636e-13
7.42103045681e-11
4.61384819239e-10
2.05043759749e-10
2.48745468667e-11
3.33066907388e-16
9.50694567514e-09
3.56492613207e-13
1.58210322621e-09
6.9555916582e-11
4.08768796589e-10
4.75619543749e-12
1.2467249455e-11
1.22899024291e-10
0.0
1.03810293695e-10
1.19340190174e-06
2.38446029588e-09
6.50606013508e-10
2.22843965503e-11
1.02740038699e-12
2.37809771875e-13
1.3211653993e-14
8.34887714518e-14
1.11022302463e-16
4.4408920985e-16
1.88009907642e-09
3.21391180336e-09
2.30510055488e-11
7.10298486695e-11
3.27387372767e-09
3.7022888999e-07
1.55431223448e-15
3.21234161493e-09
1.7604495639e-10
4.36317648678e-14
1.2578826869e-13
4.67809132654e-07
1.14039888643e-11
4.66794425336e-09
0.0
2.26041407814e-13
6.66133814775e-16
7.89368570508e-14
5.9756024573e-09
0.0
5.93969318174e-14
4.16161438643e-10
6.25427776235e-08
3.43058914609e-14
5.37454525329e-11
2.13384865333e-13
1.108890757e-12
3.78586051397e-13
8.881784197e-16
1.13642428801e-12
1.8410087399e-07
3.33066907388e-16
0.0
1.58761892521e-14
4.21884749358e-15
1.45529427398e-08
1.02562403015e-12
4.49640324973e-14
9.9997787828e-13
1.77077064123e-09
1.13693277015e-10
6.47260023356e-14
8.06021915878e-14
