0.0559997144916
0.0191202307423
0.0302806419757
0.00953098225727
0.0948639962697
0.624009993858
0.481236179956
0.000735399448714
0.0845423554531
0.0239471559752
0.00010971687973
0.00187661867674
0.157520104176
0.012092256797
0.0439705412927
0.0119742005238
0.244491263146
0.188155007653
0.000873028619827
0.116884952897
0.321427929719
0.154902088787
0.459160097418
0.0561877749455
0.073972318485
0.251254968777
0.0140626551902
0.0697576505397
8.45637714552e-05
0.00223323082407
0.643498967747
0.0294757889512
0.0122650128041
0.0102725879341
0.00747347180922
0.516379124902
0.0261684532817
0.0753207570901
0.134819916058
0.0273193623172
0.708372202678
0.0545953052114
0.0115494110312
0.00243975041589
0.0241401381335
2.5704476796e-06
0.535616966888
0.040369199241
0.0031225157983
0.00565649666743
0.0979511217374
0.0802307325712
0.0585639131938
0.0109162234939
0.00192703097595
0.00634707703848
0.586087626557
0.178945261685
2.73676406559e-05
0.00495497904185
0.951896848084
0.000122525028568
0.0573645550973
0.0159677219434
0.231353370984
0.183553921661
0.307327736058
0.0356530520185
0.0852387141112
0.0368973340158
0.0381730011023
0.556142475503
0.011348137443
0.0113614610033
0.161413113111
0.000931031808928
0.00776340064918
0.00101897459346
0.00135470315342
0.0281189257902
0.00114621698237
0.014837243248
0.255630887376
0.196884263681
0.0309475994416
0.226788038197
0.0369888798324
0.637158492129
0.020420370652
0.102484542021
0.00123925840809
0.353020789958
0.0049908728862
0.568625504478
0.0465812970606
0.28628061396
0.00297840806164
0.0160556943715
0.00292751333353
0.00528691221582
