0.0420607484398
0.000114872436033
0.0333441905665
0.00440399621073
0.123027092849
0.00293821802252
0.000113373267236
0.0975662585023
0.0415984183912
0.00208409349599
0.154180868227
0.00459956610019
3.10239828571e-06
0.00104060324684
0.00723506323582
6.18442416772e-05
0.290452786671
0.00131875251179
0.000805740128684
0.186005318674
0.000127514368183
0.0527352290562
0.00367528203039
0.278185632046
0.716778988242
3.34862001794e-07
6.96401225575e-09
0.000276046328856
0.074461814751
0.000108738364363
0.0554154995113
0.000157015570912
0.00219336809888
2.16315383833e-05
0.00071410118726
0.0661602686425
8.01422911034e-06
0.00187528197532
0.00831591730862
0.000989793134899
0.00152419818038
0.000299150217913
5.01307992895e-07
0.000199812271897
0.00632362936173
0.00178694303094
0.000114824283478
0.000209611861346
0.00340635122946
6.76006633149e-06
0.176415228217
0.0245363697885
0.00165021089884
0.00961046697873
0.0385860539726
5.32683410092e-05
0.00916547200324
5.49021586093e-05
0.178416110646
2.20385015426e-06
0.0263011414785
0.0237020311839
3.31643098916e-06
0.156730725633
0.00809717006406
0.00153427076907
2.10714003515e-05
0.000606938322013
0.0705745347905
0.398666132392
0.00540207355472
0.0106390326626
3.03934327063e-05
4.36817105822e-05
0.30403173733
0.000298457010697
0.104749126906
3.66153887432e-07
0.00716408549056
0.00785703538795
0.00108662697782
0.0122851612192
0.000250847103578
2.80499764914e-05
0.00398968696977
1.53376983172e-05
0.000372085686675
0.0131925089025
0.00159119134014
0.000241656022728
0.116005665787
0.143424712452
1.41098258996e-05
0.00152422710218
0.00479583130092
3.14302104343e-08
0.00232003084439
0.00647520068224
0.00461847008305
5.29066532851e-06
