0.553573237122
0.0534784973634
0.447824516678
0.296914818995
0.138440840276
0.144906120721
0.463173151696
0.705087759193
0.845261965353
0.396171061874
0.668891813731
0.833590868939
0.851161216696
0.0693079624311
0.64564572987
0.253661088267
0.276486573066
0.650800769249
0.537213416867
0.943615904454
0.936241543288
0.236063264454
0.417827872259
0.789416486704
0.350964669293
0.192210514247
0.912885774944
0.0445862130235
0.793972334001
0.859731049358
0.694229353994
0.566302844071
0.437034874146
0.762774568598
0.590592482174
0.242688487189
0.733865976979
0.85806505524
0.119758691925
0.536011305327
0.599358700947
0.255089840788
0.817519531485
0.207264356512
0.033658016529
0.3077133782
0.903006308764
0.595089528167
0.909691989404
0.0293591946062
0.440379030546
0.850805354666
0.813910391338
0.852335903417
0.67200372349
0.733671001556
0.509658010403
0.764024787195
0.329211471773
0.273028309799
0.547440945127
0.670875725576
0.112940359095
0.803163485717
0.329203653654
0.113434456754
0.311859068657
0.797918954115
0.437415463366
0.666772562959
0.330422329667
0.737494842472
0.435858723084
0.261475652722
0.0734781906629
0.480062250415
0.589005825249
0.46199600769
0.719404745403
0.414862006997
0.580279293418
0.318408840596
0.696395231535
0.228206130666
0.868016006217
0.939166270397
0.909869690522
0.65530760036
0.289631247513
0.732682824457
0.674775605964
0.293753900994
0.545468168782
0.498708939432
0.757456011433
0.514660665537
0.197996587895
0.371594776943
0.337683518095
0.727694411008
