1.64984500506e-08
3.97014506137e-06
0.000306507986263
1.89773796677e-09
0.0010857819978
5.61930323417e-06
0.861660946914
0.000502966255973
2.58626564609e-10
1.05517705684e-10
0.00198727591429
0.000228202905553
0.000447649697419
5.47176843058e-06
0.000527593722962
1.23573061749e-05
3.54153279813e-07
0.0450053544104
0.00318328052269
1.21194331336e-05
0.0133958930983
5.59302364423e-05
1.31246934432e-08
0.00491094872652
8.30530195068e-05
1.5108422069e-08
0.0140254995793
7.64492643635e-08
0.000442881800682
0.000557357347476
0.000260071462635
0.000354490887672
5.59078423557e-08
0.0410118658099
0.000863211086851
0.124972051079
6.00336079293e-07
0.00150404475688
0.498854248114
6.23094265106e-06
0.00342547570512
1.27345874112e-06
0.244057696424
4.58928993385e-06
0.000724206988865
3.75719791945e-05
0.000119481520804
0.0159055190056
0.0529731201056
7.41193351139e-09
0.000136350511421
0.000130852803216
1.51176074548e-07
4.1470898432e-06
4.24338475209e-05
0.00081983964231
7.2112020445e-06
0.00574057299377
2.57119170177e-07
0.000315308530265
0.000379523518227
0.000116671315224
1.72605621929e-06
0.00307739594077
0.0203887372756
0.268689094808
3.19730199548e-05
0.0143287919248
0.0195154184327
5.32027338185e-07
0.00256379154966
3.33987282275e-10
1.02587693451e-07
0.00303960972795
4.05659368472e-05
1.34057284038e-05
9.58428891806e-11
0.0490366404248
0.000190922610774
0.000147717570756
0.000135460411438
0.00201812649104
3.52862590924e-07
5.48084573117e-05
0.000936353560721
2.10408985357e-06
3.08992311232e-05
0.0471331791967
0.000129848511327
1.0378707318e-06
0.0364017519604
3.19864412579e-06
0.00226333619209
0.0196148989465
0.00325420739634
4.68404516285e-08
0.0199266191801
0.000159288815414
1.01644818531e-05
0.000171345202873
