0.0134560807156
3.96703565163e-05
2.86588280329e-07
0.139392967326
0.000504557278071
0.00136403845762
0.00124122486762
0.0158421899589
0.0780236188155
0.0579875796613
0.0107283774812
0.000216978903165
0.0278213540468
1.61191641257e-06
2.44856811493e-08
0.248258345515
0.00148804864065
0.000166583557146
0.000459816340412
0.00753742224549
0.037930764674
0.0101755455945
0.00106119158423
7.90633559289e-06
0.000116101137545
0.00685844155335
3.66824072973e-06
0.0276380154943
0.00126448654654
0.000720407748508
0.000454919952612
0.00378219784234
0.00128180168239
7.7023591053e-06
4.13274263031e-05
0.00108169597828
0.000633999834789
0.00369268810388
3.25439497968e-05
0.0245587838451
4.86042853056e-05
0.000741834677752
5.11595625371e-05
0.00373019422228
1.15147575219e-06
0.000487605750434
1.08231053302e-05
0.002436316408
7.35453611483e-05
0.0225021503153
3.98702069482e-06
0.0758687828114
0.00227051872357
0.10213024508
0.000171939892347
0.048262652703
0.0117210921936
0.00277872063642
0.0198465025433
0.0118712736318
0.00284478008391
1.15427371306e-05
0.000574850517958
0.00511835252593
0.0282960915198
0.000549895523503
0.0893202733602
0.287713221373
2.66973323448e-07
1.96379112177e-05
0.0005974557922
0.000688514971568
0.00221979254743
0.0513435841943
0.000796646899081
0.13854563704
0.00676236681359
0.00623935182152
0.0102999232355
0.00153637241766
0.0798324983298
0.00811160808477
0.00312550456752
0.0348841079631
0.000715134309848
3.07130300081e-08
5.70292408646e-05
0.00318648854389
0.00639235386787
9.96818365173e-06
0.00468529431048
0.0014908163375
0.00566280235651
0.0340969235536
0.00949972335601
0.00459044182468
0.00107253905743
0.0149377738471
0.000811313410716
0.0144564555685
