0.660552261564
0.353598216736
0.532334555261
0.241809200197
0.951155759523
0.29144060134
0.841751176911
0.143916853284
0.801201364597
0.87375269963
0.332615858362
0.529724836002
0.0944535977916
0.398873969663
0.750247986586
0.990528845579
0.343984930789
0.981626628935
0.20229462933
0.523561390308
0.529407804404
0.699750886997
0.764566071503
0.415822194833
0.476188325823
0.295791348319
0.581825861676
0.293828677872
0.583219533978
0.865305211574
0.251570664005
0.329609417945
0.613133108889
0.142968190552
0.370174604948
0.654728957585
0.922051253545
0.708692458546
0.114094607089
0.161680875692
0.425285119058
0.969673243033
0.976134774834
0.808709887632
0.954337590676
0.470977004617
0.932507890348
0.203627594426
0.314200641937
0.139393060916
0.134093765751
0.983153777923
0.719424360105
0.0974923501377
0.848294709097
0.782510979082
0.515438395002
0.220538859018
0.634648227213
0.474650653311
0.893704759369
0.789886062597
0.829435703944
0.72751031214
0.505532718909
0.245955510419
0.394416905025
0.293312226415
0.935908395031
0.932970205232
0.35085345842
0.774812762727
0.529009266921
0.545482131322
0.921529879358
0.872406392843
0.739612391303
0.680976028436
0.606663714094
0.624468286173
0.223555974527
0.881090589589
0.577044408586
0.0466963752777
0.332418129389
0.980396099149
0.325518394697
0.971428174424
0.36037697296
0.7912008138
0.279004038537
0.900419467408
0.580223399246
0.518033935361
0.903433729882
0.561235017163
0.964663260095
0.151616162466
0.447332612381
0.414453583234
