0.000418099867446
0.0014427299364
0.0381584386487
0.00482173057979
0.000247654189417
0.000284276507866
0.237192250036
0.000591489392895
0.000296336593739
0.0367912833415
0.000317755578519
0.0278711040246
0.00354227798339
3.76675722946e-07
5.91721598064e-05
0.0206416393599
0.0150230043525
0.0108835704843
0.00175634220594
6.06387029112e-06
1.6089217787e-06
0.00960473045127
0.00021980135619
0.0254423262922
0.00607462277126
0.00931981651078
0.00113153770331
0.000164854753315
7.79011493116e-05
3.75816707379e-05
0.0272853312594
0.000268711414868
0.00125271982192
3.04160555054e-06
0.00800629007299
0.0044242186469
0.0105785626466
0.000165023032876
0.157157367871
0.00108387849518
9.90409751234e-06
0.000661593414848
0.122888258719
0.0345187195516
0.0350917015553
1.6786092199e-05
0.00749173992123
0.02911312796
0.0131989870949
0.000898404692879
0.00475413962425
2.9955161116e-06
0.00022055023668
0.00195535584528
0.0240109388468
0.0152162366195
0.00988167588821
0.000195462618303
0.00207388243266
0.00126836141738
0.0170523075048
0.120582388452
0.00319926056699
1.18207960875e-06
0.00064594403312
0.00220238801487
3.39550413631e-06
0.00453152496093
0.000337431602753
0.00871270303318
0.000134478931404
0.000431555657122
0.00320725508617
0.147077392198
0.174455770746
0.0206991689467
0.000346749227854
0.00784596748795
0.00183134367676
0.000294432288519
0.00288685617582
0.20516057842
0.000187912383608
0.0122096120586
0.251444909422
1.12572632086e-05
0.0084660460802
0.00056217394021
0.000329205866064
0.000902459029016
0.00115809109821
0.000299631435198
0.000906931447083
0.000734853152021
0.0204537965168
0.00433437132631
0.0147544803887
8.39699049821e-05
0.000191170336848
0.035779855379
