0.0121868959601
0.596202664917
0.274122922877
0.120577122398
0.00453016567097
0.00278211463619
0.0481887442617
0.0181226870457
0.00305561940685
0.0607815630812
0.0364147690491
0.104358818952
0.0351041454416
0.0155045813816
0.0335474555783
0.24355669333
0.140693878058
0.00835268113552
0.0227864315945
0.0404614086458
0.000632809347788
0.000326143011088
0.0790452692888
0.0332453260385
0.0212394031784
0.115530775678
0.0937335915847
0.0356849331584
0.0452095658452
0.00109424839645
0.000361046859504
0.014830849643
0.0336773211414
0.259200474449
0.0157973503995
0.000945409329539
0.00605605355418
0.463458915514
0.457579606296
0.0903772755395
0.0183219545565
0.0065147743866
0.00334327946015
0.0735067603925
0.1802227302
0.000353655184431
0.209773580173
0.00275834969285
0.450342133074
0.00838436552393
0.00624002266751
0.426443692811
0.772186747256
0.0736999006987
0.000461667936841
0.317342275519
0.660736709451
0.00124324409515
0.058348670924
0.00016096608214
0.00824329737688
0.357560299306
0.346778864213
0.114369115068
0.002956566859
0.0190329153354
1.9435657002e-05
0.0540481778846
0.00735079766772
0.0276732174039
0.000851642923839
0.210344867047
0.127422316262
0.0419582305706
0.338258418862
0.00191360186246
0.00157573041802
0.107078944954
0.00113599145002
0.15504341579
0.0160486048642
0.028475448755
0.158342940214
0.0433500113371
0.0603626482305
0.0158363447823
0.0371071887193
0.000353367500394
0.0077312287916
0.000935182366661
0.383224104971
0.000262840999909
0.000401334924447
0.0215700040497
0.0242499428198
0.0496952816847
0.0785462987815
0.000141055413534
0.0185950913624
0.0886758463195
