0.00103433881604
1.11205905595e-08
0.000195387165512
1.8469943189e-05
0.00777997693472
0.00365759254912
0.00703923108066
6.82898715951e-05
0.00640301755486
7.34644244449e-05
7.85861591024e-07
0.0413677746065
4.46549062716e-06
0.0452775976632
0.00361277975162
9.3494500919e-08
4.55528679433e-06
0.0034183309563
0.00070493423154
0.00418929494544
0.00215261027769
0.0262535108645
0.00296820889733
0.00506432871493
0.00238268414
5.99600882935e-05
4.03762516088e-07
0.0272730107397
1.05590177487e-05
0.0449177487707
0.0181559278352
2.26212373733e-06
8.74632656456e-06
6.52366172964e-05
0.00433858246571
0.00150772603624
5.7427327495e-05
0.0226638315048
0.0674070715713
1.03763480835e-05
0.000210780915294
0.000116448380633
0.00874288107716
0.0148546507338
0.00636594161307
0.341234610453
0.00478036101277
0.000936949998534
0.0144011377849
0.000731296510091
0.000459922359814
0.00372347050067
0.00851967020119
0.00590845412749
4.90514096085e-06
0.00446470015072
2.20960542303e-05
9.82715858855e-06
0.00165218094529
7.35453476424e-05
0.0974756267566
0.0233783299866
2.93587902722e-06
3.76651140555e-06
0.000612894172219
0.00114302279632
0.0404686536681
0.0785466678336
0.000875443426809
0.00221631659107
0.00694944581988
0.00064440643517
1.34857347511e-08
1.82225495819e-05
0.00138736420066
7.09107726619e-05
0.000140586753142
0.0385694271541
0.000116944725146
0.00357497929585
0.0117734174935
0.000106201149834
1.14409479998e-05
0.0617722445161
1.94193196652e-05
0.00674900538442
0.000111161447999
0.0612519701618
5.0852745126e-07
0.00339963826824
0.486501978909
0.00150042888614
4.73504049836e-05
0.00320648463661
0.0645792504533
0.00132466432543
0.0024791046622
0.0371039045187
0.002068891595
0.00535433754546
