0.668924937863
0.0448296800242
0.40801848554
0.568331734375
0.922399187695
0.310164884726
0.431151327115
0.90711195758
0.322065218527
0.412486538941
0.291051932743
0.820289191088
0.772689625349
0.433580969626
0.853489949224
0.470737135821
0.407392294398
0.830745078716
0.804865206709
0.389221007725
0.372310377363
0.198992864701
0.138508146167
0.231353818623
0.998983367572
0.111254445076
0.608681681309
0.125023502782
0.456618917913
0.626945888185
0.499980190359
0.839016617371
0.459804789652
0.615841114885
0.034413372827
0.891218778975
0.106806364361
0.708476153607
0.759030177776
0.270291603627
0.0229190965341
0.200929892392
0.11354410023
0.262310629384
0.361966330822
0.654772615024
0.0795799163151
0.049128155236
0.241233755432
0.942977936548
0.905847401433
0.986124648263
0.361493493863
0.786093029406
0.356782605005
0.164251909232
0.138476690196
0.394935040055
0.194274094527
0.638337131408
0.859024512578
0.90818210907
0.484116822049
0.0478689935402
0.16045546849
0.660247356359
0.508027684879
0.476806644958
0.0943136663813
0.19297201625
0.520649765481
0.135798325045
0.712230067406
0.874964603622
0.153041983177
0.311986867255
0.771930758374
0.632517733518
0.818304517312
0.907304993045
0.547311777147
0.867841633715
0.705414104214
0.90955665853
0.171961771445
0.880029385545
0.267047097989
0.589531649321
0.481453145718
0.304437133075
0.219409162646
0.982223174866
0.507536850376
0.699109737071
0.35915443532
0.905663805238
0.450567247798
0.770588313125
0.989282273643
0.895438052188
