3.38524095977e-07
7.71450512138e-07
2.13230100243e-10
4.74088527325e-07
1.71568813615e-05
3.5084055009e-06
4.91134976559e-05
1.1921732046e-07
6.62813359753e-10
3.24773892391e-06
5.21804821574e-14
1.93535676918e-06
8.82432127369e-10
8.97874662842e-07
0.000505672263403
0.000430821263532
7.39171057695e-09
3.27429860547e-06
2.51088039249e-12
0.00321553269295
2.84907590853e-08
1.29997963505e-08
8.5144092965e-07
5.09290188089e-06
0.00305285238339
3.51778930419e-06
3.66684460573e-12
1.37678953549e-06
9.66176693096e-08
1.79680911261e-08
2.3777843583e-08
2.71815669017e-06
1.35314138561e-07
0.000506310031404
2.19063656104e-11
1.81404460002e-05
1.1971487022e-05
2.39528585189e-07
2.129396659e-11
2.19351192765e-09
3.50574052799e-06
3.1620795371e-07
3.59819964935e-08
4.27005317221e-05
2.00282923468e-07
3.29109124741e-06
4.23874413347e-07
2.10943740253e-09
1.28905686121e-05
6.56476212169e-07
2.52638559214e-05
9.37178133542e-07
8.39217377813e-08
5.0498362842e-05
1.81613134531e-08
2.40699621012e-07
2.35949483004e-05
2.67078205551e-07
3.31337839499e-07
7.07227609809e-11
9.47575351518e-13
8.18105153622e-07
0.000188920887542
3.66021131404e-07
9.3987141736e-08
0.000198591798591
4.95614443929e-08
5.29528088045e-10
4.79574713275e-09
4.93820540015e-11
1.38107024705e-08
1.13427149118e-07
8.23099557401e-07
2.32452468385e-09
4.11422084179e-08
7.52510986857e-09
1.25099552939e-09
2.07397099494e-10
1.58343361756e-07
3.54725016027e-09
2.1125884242e-07
1.54338830283e-06
9.72925611877e-05
1.10389724362e-07
1.02487449456e-05
7.59919016602e-10
9.713890747e-06
7.76706339336e-05
7.60675071387e-06
1.00273999999e-05
2.28372876165e-13
8.15717715597e-09
1.65893383475e-08
6.90966692307e-07
3.40675899713e-08
1.66982926264e-06
8.82663049318e-08
1.25488508473e-12
3.99196464773e-08
0.000101158151013
