8.31111846011e-11
3.37431184727e-06
1.20494059175e-10
0.000457472782064
7.78036866045e-08
2.01296874613e-07
1.32216460003e-12
1.97619698383e-13
3.33066907388e-16
1.01030295241e-14
3.46416118013e-10
6.08063599472e-11
5.88418203051e-14
1.8395285295e-12
2.33300045949e-11
2.80861556234e-09
4.43208170164e-09
1.64657176782e-12
2.64578126408e-07
1.31310848972e-07
1.01237618289e-08
9.22801834946e-11
1.24138195279e-08
1.00722019614e-09
1.47826195729e-12
1.78839154596e-09
7.4478201384e-12
6.28125687019e-08
1.42022238414e-09
1.66779083877e-08
9.11892783506e-12
5.23614374082e-10
2.25142127164e-12
7.8403949999e-13
9.62452340048e-13
3.08642000846e-13
1.39798272958e-09
7.18314296932e-13
1.58151719498e-08
1.02867159235e-10
9.79549774627e-13
1.88737914186e-15
1.79856129989e-14
8.80406858528e-14
5.28775906172e-07
2.64233079861e-14
3.44169137634e-15
3.31623617456e-13
1.72084568817e-14
1.09806098658e-08
3.47352191454e-09
1.4710961671e-08
5.92259574717e-12
1.35515709765e-10
2.3759554324e-09
4.45927562764e-07
4.3897697144e-08
2.4811153132e-11
4.10801270778e-09
7.10143244209e-09
1.60375915881e-08
1.5471623982e-11
2.58421395394e-10
6.0729199447e-14
1.20237153567e-13
1.33949303871e-07
1.14179399269e-09
4.04447140112e-07
3.23285710424e-08
2.22044604925e-16
6.00719141097e-10
3.40072114913e-09
3.33153047483e-07
2.50345777442e-09
1.94178007007e-13
3.75893083326e-09
4.89240314927e-10
5.38791233851e-13
5.92702409374e-09
9.43689570931e-15
1.08730202619e-09
5.86197757002e-13
1.4551559957e-10
5.1841083093e-08
1.65246705208e-11
1.45899958781e-11
8.46041644076e-07
8.19122547568e-13
5.5674020949e-11
1.09396668391e-08
5.16393822148e-08
2.59792187762e-14
1.60657164239e-08
1.41663888398e-07
3.08726543219e-08
1.49322076926e-08
2.17993715534e-06
1.01160080312e-10
1.2586069279e-06
1.34878774816e-11
