0.225551057191
0.396955483755
0.00932364617435
0.774278354327
0.882067062303
0.534238860042
0.942686977514
0.445676040257
0.244914190339
0.345829925328
0.774092116428
0.494470476952
0.312755027862
0.490766137634
0.0552271893139
0.249275016834
0.889215645804
0.0667176505032
0.944971294729
0.0959626756505
0.693574391095
0.387996893008
0.385453298662
0.365612014103
0.885582525212
0.546678993685
0.552827975458
0.0561126524763
0.438338401752
0.253148759393
0.00165863255234
0.353830174294
0.825842591036
0.292341295439
0.0873704113995
0.595290789449
0.729987254285
0.728719252885
0.841154715412
0.877899034629
0.803070349876
0.152429210192
0.349873304809
0.725138629428
0.718185426102
0.359038811659
0.554798616479
0.168709990907
0.375200651889
0.219083092652
0.94659364494
0.897267726321
0.29161005628
0.888949425179
0.972566783615
0.187830500167
0.908176782198
0.226493024471
0.0824056416839
0.514634450828
0.124858484495
0.767584960522
0.234209354682
0.608065168021
0.48836304843
0.282747136388
0.09663707763
0.100379306219
0.232041755809
0.867469284022
0.986091627942
0.952033657147
0.521054033679
0.443691693106
0.671695732822
0.752937512905
0.739399240173
0.659807030232
0.783303666054
0.00973639828332
0.530142329674
0.576358322225
0.283410569055
0.22490711725
0.996574176761
0.185727410442
0.793050406353
0.572508579403
0.0408534745406
0.932587253935
0.494192936945
0.176024446253
0.598343046126
0.503522466642
0.97711854357
0.923899844841
0.317838494288
0.958322153171
0.529362436353
0.714568599051
