0.0257781441561
0.0626032447417
0.0872434632745
0.00519387002192
0.00338818525912
0.0240985487421
0.00667490668385
0.0046333264826
0.106018132366
0.0179282437917
0.0271961574063
0.390639663359
0.0089865848464
0.116719138922
0.199756354438
0.00106954100962
0.000213274601576
0.153954793611
0.290630274086
0.618742149374
0.0115861741862
0.328301403645
0.000549400795586
0.00633053402761
0.10724048207
0.0229347798868
0.00213875983553
0.00413033606972
0.119663831337
0.00179810010005
0.104453784745
0.000387085881897
0.00449189722014
0.117994441864
0.000852876706536
0.000576280397963
9.07925929878e-05
0.00192265622176
0.298658308834
0.301051851315
0.000754208033084
0.103837859232
4.57102470273e-05
0.02859208761
0.356370978365
0.118140753256
0.207675206289
0.00457589996749
1.38327887145e-06
0.115278423673
0.000854275731873
0.0980131120632
0.00350452281391
0.00541009253994
0.00635622416327
0.00366239717288
0.0503240575963
0.000425909742838
0.146503449395
0.294597413579
0.119776496547
0.0153955910293
0.0484659732133
0.000951169633767
0.0309890847069
0.00152492781663
0.00308128877434
0.00179340268664
0.0303188744453
0.00749735520833
0.0494423838733
0.00479308972278
0.00373021520939
0.00584522209825
0.0104918823649
0.327654574568
0.000488934888978
0.014992511259
0.00200752731868
0.0063598549679
0.0113451579379
0.00112353262716
0.00372053262305
0.00852583748357
0.18281458187
0.000355515016899
0.000289594740059
1.15007426803e-05
0.105255846527
0.0107579536719
0.233288347
0.00190092560415
0.814333402944
0.337391416106
0.103073307869
0.00490869786145
0.0101504504041
0.0113207495586
0.0391036327758
0.826676028855
