0.882962458762
0.232224019895
0.918304373015
0.0904938772358
0.255269298819
0.030525416743
0.237439842013
0.421533379861
0.62080498461
0.0448635303679
0.872996569784
0.183463202546
0.496079769558
0.51239074352
0.00599537306585
0.68837841727
0.563742445968
0.250310325281
0.218128151587
0.778299546006
0.671562621366
0.571411998519
0.688126619842
0.701646558533
0.746815663424
0.345348237431
0.865831056066
0.247659238784
0.208501132261
0.552838441687
0.422082644474
0.145190008581
0.0126921768947
0.724010699717
0.124615700178
0.135198575938
0.976872913308
0.819438696483
0.76857749021
0.575526737439
0.461545921404
0.384143893692
0.181144197685
0.769969783018
0.0623729562375
0.242158869472
0.395375158191
0.563459847753
0.74729925447
0.700939701982
0.00911383106954
0.0882185201404
0.622254002793
0.029140351222
0.303437225106
0.52290673799
0.904268829524
0.696728638816
0.818250883559
0.65747930943
0.000662831638367
0.382057121496
0.309501093072
0.808416427394
0.693487005008
0.0499376341997
0.203156436211
0.334620478386
0.960618953383
0.101153786533
0.790819834863
0.630090645651
0.699967447359
0.0719185718601
0.990260395183
0.551464037285
0.0707423946127
0.230309355717
0.795824523755
0.794068255381
0.203396230172
0.336305161965
0.207642121196
0.802286116412
0.258068261457
0.0136728632729
0.417432634392
0.577947571708
0.805706464336
0.851615791798
0.0953258355711
0.296266574379
0.510944683241
0.879340620116
0.0182530294622
0.122095583275
0.516996681999
0.931939398192
0.0298761352875
0.823335725801
