0.473758717382
0.116604709087
0.121409827246
0.360027510474
0.332387449529
0.571996128853
0.194970876685
0.0158106164409
0.71618373059
0.0220140668458
0.122414723353
0.00523386636434
0.248724836098
0.249705076895
0.0293244790908
0.0509510168626
0.310144948765
0.19928331718
0.825139007023
0.256843046926
0.0946557809005
0.592388216308
0.0516030922336
0.0473597234589
0.00152056802319
0.139520530395
0.113450505508
0.594897688882
0.122436702312
0.566210349533
0.57305009781
0.328289815988
0.835854099885
0.214091455111
0.281580240566
0.318353990498
0.290671770104
0.113187879877
0.39846128046
0.145718758629
0.100269063923
0.0444396494205
0.146136665121
0.209298252577
0.13745340979
0.196199711037
0.00468753804423
0.12849252286
0.0484102473169
0.339025513015
0.0586428199839
0.274994654993
0.00418109136039
0.0128927500338
0.0621389775481
0.000907358793543
0.0154839689544
0.644858260125
0.00185096372174
0.184469463965
0.450192065134
0.0119424481612
0.00210695192175
0.0670540592409
0.113539225763
0.359336133754
0.0455544862133
0.136490019643
0.934589668571
0.0294807918983
0.050353838299
8.32010740104e-06
0.134947305875
0.0519231233534
0.127808661901
0.852094289888
0.496400853642
0.280815129833
0.0452329953327
0.0815315225942
0.856831636711
0.00047465174445
0.236622921649
0.00132947194478
0.0157077595251
0.91842240563
0.873436768905
0.140968422048
0.592175091298
0.0302914741993
0.459880301836
0.0354350102405
0.487246894844
0.0479628127137
0.000400571923664
0.511456753235
0.188457296879
0.00511250425632
0.457008174597
0.0312869463642
