1.16883422676e-05
0.000647898237999
0.000308622600853
2.60183189886e-05
2.96702852537e-05
3.05174779114e-07
6.88046317504e-05
3.70410371198e-05
2.62196285898e-05
2.05868165404e-07
7.68746847235e-06
3.82769427265e-09
1.19507281192e-05
3.41716908137e-06
6.79255501845e-08
0.00417749464149
3.0939251161e-10
9.94459630976e-07
2.1385490534e-06
2.99092263286e-05
0.00116079822361
1.47017076486e-05
9.08105812769e-11
0.000413429285726
0.010739783548
0.000236947069161
0.000279393601722
1.77840151353e-05
3.00955458499e-06
3.26862802125e-06
7.23644201828e-06
4.6272617128e-06
8.61614094527e-06
4.98189578985e-05
6.63868950479e-07
9.03004416797e-08
1.65248706008e-06
1.48545002642e-05
4.99867939419e-05
1.48484380236e-07
0.0002756817491
4.60920763334e-07
0.000146957574144
1.87680550512e-06
3.28526071902e-08
8.49457137964e-09
6.66684122208e-06
1.36314111456e-05
2.80224022831e-06
0.000413664041627
1.3016717049e-05
4.85705274222e-07
1.25883227176e-08
0.000171086585066
1.4894989567e-05
9.6028407448e-11
4.86078175488e-08
2.86394598359e-05
1.38381571989e-05
7.67657570844e-09
5.99034166715e-09
2.87019129797e-07
0.000651815364012
1.55943191693e-09
9.67639858271e-05
0.000305606718247
1.08349179107e-06
2.38192543467e-09
0.00395170486991
2.3414492567e-10
0.000255759455559
9.24562093552e-10
0.000178769676661
1.85415016674e-11
2.61444654703e-07
8.56649897019e-07
1.29340596416e-05
7.20660826126e-07
0.000713808044906
0.00160231434181
5.08646159386e-05
1.47747879931e-07
3.31169133061e-06
1.46857962373e-05
1.03780872784e-10
7.1054273576e-14
2.72344369279e-10
5.51026793016e-06
2.19468887508e-12
1.70308211977e-13
4.24608656147e-06
1.94619931282e-08
0.00302972643628
0.000523666233156
9.46999957341e-08
1.29200060983e-07
4.87544449257e-11
1.02334541952e-08
4.11483711882e-07
1.23681948461e-07
