0.281477630031
0.170595245156
0.163583523096
0.384914929965
0.337269233158
0.0170436297995
0.874361035011
0.0791895546512
0.287544004519
0.0287768335019
0.0642806390657
0.380568830871
0.689309682319
0.0150261836442
0.815756952042
0.429232685201
0.0378185737389
0.325168165236
0.0886971476191
0.0845860985691
0.462375736784
0.151258113964
0.632746157127
0.0764080912139
0.038321523219
0.739718656293
0.693906384833
0.552166054404
0.0510555489525
0.00342556052799
0.300315864869
0.343408274411
0.824640604436
0.159401458334
0.2878975091
0.334766020048
0.353716504217
0.250871574311
0.643253019541
0.00930224204558
0.139375587878
0.487268065291
0.336725649333
0.0572840679927
0.295630525027
0.458196964003
0.159348983405
0.101785406556
0.00736388948909
0.531380548891
0.294104544098
0.0636374361764
0.0205560735566
0.0819006841563
0.256573595882
0.0492544302677
0.0506226839373
0.241136576859
0.341481289762
0.0889768254556
0.0380039624085
0.130301681133
0.512088879552
0.110704370081
0.359100815994
0.772346856918
0.0678267308735
0.00027418422416
0.114160741529
0.0141741343781
0.617511343441
0.277035320345
0.499594456708
0.613287422837
0.332276531026
0.650222007175
0.122016593844
0.113040808762
0.284235585837
0.0330737066657
0.0915442194654
0.0167514404381
0.0786152794203
0.806620401876
0.0736561529474
0.313688096759
0.612053931049
0.066496540408
0.0699143830328
0.145251390014
0.204177704726
0.555777596409
0.741106826672
0.139018387229
0.228597002297
0.125428389912
0.0496380182341
0.139457772268
0.236187460657
0.84674940578
