0.0423401811725
0.171940213128
0.782628833221
0.123248998868
0.0530565883956
0.00706294191508
0.292027639109
0.506502090172
0.555385462964
0.0151015508759
0.213118121
0.0234258450981
0.19131970217
0.0624740673561
0.00555171636196
0.0216620849876
0.0460754358109
0.0356477397964
0.213534654433
0.00578030131763
0.0244544728678
0.031852212286
0.0641278493467
0.00564767905675
0.220940795801
0.360663511883
0.00423858586236
0.0230683687807
0.0167184588664
0.0100920893821
0.0211632932018
0.301019286576
0.538026039664
0.0346613034299
0.579939359845
0.0155585052928
0.17425099785
0.255329738285
0.0994803626759
0.0171167848208
0.106997610606
0.000336268207824
0.353751495357
0.00728316001229
0.458222950065
0.0135805293804
0.00220098745529
0.434193400125
0.00882748070316
0.00830839094053
0.0105215589345
0.0812069985039
0.0140242225075
0.199625755668
0.385897230416
0.417247436864
0.100528412879
0.0258893860567
0.350248580649
0.431227862669
0.0984700002819
0.209581638556
0.807290508071
0.0246006186134
0.208483435867
0.613822071947
0.0194544549936
0.025325503846
0.518001008233
0.157852130832
0.0676433584689
0.0464122232276
0.0563481540049
0.180251501254
0.0316199919477
0.0428248386421
0.0265426456924
0.300671647047
0.0198720517402
0.0225501778677
0.11567445727
0.512011564128
0.00349573998999
0.153677631194
0.46371271715
0.00490321407803
0.0882375048298
0.490507841795
0.000467505311102
0.00653297101346
0.31629545148
0.000841364275467
0.108513701418
0.0104459753325
0.0462139896298
0.145136339401
0.025975386208
0.0610015988859
0.334126416034
0.0455442668163
