0.0253922456884
0.129609724198
0.00771559135814
0.0482779076739
0.234766390227
0.0847550430093
0.672440999685
0.260658577437
0.0303218825229
0.00274290756529
0.141585473513
0.233273612526
0.000163205331159
0.090522437536
0.00202430739571
0.146074307053
0.145548850385
0.0433527039161
0.278333327374
0.0125172097213
0.0493346633085
0.924765777946
0.551508002433
0.0572579621077
0.0821229093529
0.146786715336
0.38215858855
0.00304275297956
0.0146888902409
0.108448883026
0.0338988899523
0.544179483128
0.382038414134
0.0930160463802
0.447996332397
0.28305114107
0.329476401724
0.177953363343
2.31221724191e-05
0.640468565085
0.0623496949484
0.982489892483
0.426515199742
0.145163108316
0.348352443865
0.20361932706
0.00426595137246
0.0155164871361
0.1443514406
0.206806989756
0.00255291850681
0.141572472955
0.1556999193
0.180842518705
0.531248615159
0.117723595338
0.0371316103607
0.481945590474
0.0185980680632
0.00464994682045
0.17528291153
0.344325200029
0.198605292764
0.159045057213
0.0454328590335
0.246539464489
0.0102344135035
0.0817939817172
0.17950217457
0.00245116628349
0.465327127748
0.0226769660824
0.0234957530944
0.14018092466
0.131897455828
0.0323476276249
0.304677789296
0.0203448665902
0.130540735292
0.322205662691
0.0955999736972
0.514936969081
0.796744685874
0.645724370054
0.469180332928
0.0154249360462
0.0150289720702
0.0776513986154
0.000405290841279
0.327776600264
0.0449345090112
0.112485271349
0.0768519770918
0.00502024220552
0.0400306409126
0.289964926836
0.489840154165
0.00424000415381
0.0761407980545
0.000734290843923
