0.0146199887425
0.57476361852
0.163340982745
0.43247593306
0.478404779576
0.549907363522
0.0943694803243
0.510936890429
0.617342308331
0.733143785271
0.4159954683
0.713816770067
0.768598460157
0.058857460095
0.360766727196
0.621150431185
0.912824803837
0.265230746458
0.626592740592
0.733614880505
0.3920328571
0.514766765836
0.819567608463
0.761320644263
0.525765799066
0.967008254231
0.0617828045078
0.898445575495
0.125623413241
0.923474097167
0.496006487931
0.874933726213
0.288191807035
0.791343176565
0.497198271008
0.414700145096
0.107518365407
0.457633218576
0.0345725736955
0.986812797624
0.420034753866
0.737579717911
0.267679541438
0.615599147179
0.271855736126
0.0785827671963
0.703398184658
0.483336290136
0.247698529908
0.883832765937
0.402391329194
0.840193703333
0.309973515023
0.581975763215
0.642619573387
0.680771179483
0.551971595622
0.161404473996
0.936624521695
0.0118064025653
0.365951944617
0.358746389661
0.737740414378
0.355656350781
0.43365747732
0.840014206453
0.612636011643
0.317202284596
0.898912497512
0.287498498572
0.0276289808335
0.305012599025
0.56254744339
0.0635921080509
0.436131585791
0.938978233069
0.509728998412
0.928009494698
0.487796306539
0.568297286058
0.998008853066
0.70538309948
0.888395323621
0.465868640612
0.604325105619
0.764615483042
0.189708242873
0.956936814896
0.235197582983
0.0997585186506
0.652390825749
0.161117701401
0.175890089577
0.815285803204
0.202977023519
0.603720281509
0.843184334355
0.39656282
0.195061377674
0.196557705317
