0.300085346024
0.0495894663433
0.383180753128
0.58756173334
0.702179684142
0.17639226202
0.0474685685259
0.410432294415
0.0858014293576
0.048587744041
0.328078034121
0.316717828561
0.818281384784
0.0195455653357
0.120932403014
0.648503848144
0.905441044626
0.1160959615
0.100435432005
0.630586702139
0.521533256718
0.855201315415
0.592678241462
0.250776624785
0.192092110103
0.111220969149
0.508173471289
0.343053710316
0.282908409972
0.0232092297033
0.251424514782
0.0672025131422
0.138928931633
0.536340204948
0.324922647
0.740626573592
0.0245263865056
0.431369762513
0.920491651869
0.512037389067
0.0525283721917
0.32506538329
0.286620893756
0.209426818855
0.0242284908868
0.419997981611
0.00724728311546
0.178617674991
0.388533985632
0.151756463416
0.128917536657
0.892892539619
0.019693088985
0.651557371459
0.0378266706449
0.341847197583
0.0949886833343
0.368864598396
0.234659274519
0.992433850705
0.906721754528
0.135636566917
0.111210564209
0.426492363574
0.356790188562
0.354991964535
0.745875099477
0.19554656409
0.224635481434
0.093775848495
0.126877369387
0.0720720702457
0.585898666147
0.586265818425
0.0854541260386
0.389033138441
0.259112535931
0.70192340475
0.490715087718
0.614308555363
0.540909615573
0.202084146642
0.488771117665
0.513410457514
0.020263469297
0.102997773701
0.213028287752
0.116332663217
0.208437288436
0.0623414974532
0.0861220113428
0.543488931456
0.0618830168996
0.871350172509
0.144258741435
0.0860157072776
0.231669129389
0.129040265728
0.212276816932
0.19624405531
