0.000555687159834
0.000434013885425
2.47012189677e-05
9.06073212239e-05
1.44151787144e-05
0.000153251744483
0.257163488564
2.26118402891e-08
0.00054378901345
1.85704448681e-05
0.0021215952861
0.000328995509747
9.67774322869e-06
1.13553109138e-08
1.07018155115e-07
0.0542719884147
0.182773547644
0.0011760480972
0.00688963156298
4.49769550948e-06
0.000205997587064
0.00473251701073
0.00687856394794
0.0163342852174
0.000346526985666
0.000461987627762
0.000222711805817
5.98875552935e-05
0.0775454166947
3.40179421765e-06
0.000125284316339
6.8690090868e-05
0.00123350376631
1.64530929954e-05
0.0512450282878
0.000860280896521
0.000817856846012
0.0109783043368
0.000299285952953
0.00282788319516
1.15782444476e-06
1.32482026425e-05
0.0188704523325
1.06339719363e-06
0.000615899075471
0.0146849213957
0.000425429549518
1.5526985414e-05
0.00208719001505
3.49085422968e-05
0.000319827596851
1.11785676884e-05
0.00562086168616
0.024574483221
0.000530051326279
0.00162424058371
0.127440248234
0.00173591060918
0.00115569680559
0.00614060570172
0.00129455995694
0.0295819811635
5.43978429068e-06
0.000134076695896
0.00163387445142
0.0571721857125
0.0305559903355
0.093015393964
0.0253801183722
0.000221787690579
0.000116121014046
4.410865749e-05
0.00101522600005
0.150086888185
0.000374118802551
0.0179626083298
0.010708107316
0.000206453225545
0.0540279037117
0.000161124723955
0.00221825782545
5.12240100605e-05
0.000231882714175
0.00716504202372
0.000651287788246
1.18595933651e-06
0.123733779239
0.00944091962672
0.00123062528584
0.000565816165506
3.19009250243e-05
0.000708824928794
0.00343109389875
0.00106455712741
0.000340005857505
0.000220527230727
0.000170238992487
1.48318459601e-05
0.00479252349592
9.91341231105e-07
