0.283547098838
0.23525031223
0.262783449095
0.917037009835
0.176290532166
0.810013856421
0.299915307916
0.777891069709
0.954655623093
0.89149546232
0.200693880372
0.216870250932
0.869310684417
0.096621355312
0.700715613357
0.337990176901
0.723801992016
0.497388765651
0.56410325183
0.460392720692
0.791858034831
0.632368662017
0.813864457371
0.584102808667
0.999093325499
0.166078070141
0.191992709843
0.650921615105
0.323121824456
0.252754276999
0.517494950395
0.464141269925
0.804921127896
0.0932657510248
0.131644052062
0.992645200909
0.184689513968
0.169340053406
0.728041618892
0.819721620781
0.624132225858
0.755111076454
0.635308068249
0.737343604508
0.124574400606
0.655987346514
0.612215790117
0.876429926935
0.995135238138
0.390257796109
0.214602182063
0.58186234874
0.783185544199
0.661033140837
0.2160622777
0.527902078019
0.614206296798
0.439739116903
0.814298597646
0.489629311504
0.507967748601
0.627006297972
0.94590519747
0.907998208146
0.985130542187
0.859861042925
0.760589573241
0.325426369584
0.799145411258
0.293414128702
0.48819396988
0.621513333996
0.941032321881
0.170002120618
0.778682785545
0.0415403416456
0.2072421471
0.966684026308
0.653694788999
0.279915360032
0.598505155703
0.017002520239
0.558615352292
0.55017095729
0.205227063066
0.915817383613
0.936777356662
0.533594517528
0.509345115526
0.184263826661
0.0837142347057
0.750503145176
0.2738149223
0.296346189765
0.978073940449
0.311004534167
0.719137743184
0.0468793662136
0.554163518449
0.469419230213
