0.489213390414
0.215299005023
0.583273451959
0.822041706
0.997617913592
0.541209904064
0.647556064104
0.216666487257
0.804866657903
0.252382137323
0.0520210935815
0.921670019787
0.318733386814
0.264628108646
0.442489068486
0.48418982251
0.827571931577
0.15740272912
0.214465750907
0.483737917237
0.0731839867507
0.336051845108
0.461717526195
0.545021287093
0.0495343112067
0.519444934625
0.0770400496702
0.195439598947
0.558066000291
0.528459544647
0.40744610953
0.321285822341
0.415257926748
0.911426292664
0.29494694287
0.404689032057
0.471335516993
0.75932973196
0.135247006518
0.38054927511
0.715379602006
0.503545464107
0.583608233395
0.103994155338
0.79370214055
0.956919113696
0.178363539708
0.0336366036602
0.513208071765
0.469672115777
0.436310559875
0.487669148763
0.648293334135
0.516484145789
0.285487253796
0.493550519671
0.449045196397
0.46354761048
0.753955303042
0.915316937841
0.0351529944863
0.454491174859
0.524532768673
0.167255817244
0.865160385528
0.71179890823
0.0543381488287
0.188553651758
0.287059590224
0.859117479076
0.857636378906
0.582269751133
0.366063251562
0.439033572944
0.467446659711
0.963157275553
0.982261540857
0.386620527025
0.395139014649
0.710330342836
0.263083342132
0.936801295907
0.459707545625
0.289126418815
0.927476128671
0.161361179532
0.906172133047
0.91694706281
0.726699057437
0.0109934963886
0.683200588323
0.396272702079
0.0870662080256
0.736769825987
0.404217356026
0.400920130705
0.625621364413
0.543044970067
0.720617717921
0.937410906256
