0.991613659946
0.361329200253
0.642102329905
0.295015047963
0.438063950023
0.947518096906
0.581809995707
0.00893020137166
0.339813255828
0.79080284519
0.184394190107
0.241978517836
0.808668261753
0.347273636639
0.837744474347
0.47927789616
0.440870598782
0.945223359117
0.125986583051
0.676281349316
0.733312977678
0.377221855487
0.353230675255
0.936434794043
0.0183260149034
0.866831437522
0.200790644096
0.942391129061
0.0702696593282
0.143403105581
0.546980059636
0.300099606971
0.29189165061
0.655151277201
0.437232679653
0.18410761688
0.442589372587
0.880278205086
0.57330056478
0.384027076998
0.0211641888172
0.932040526155
0.0579812740804
0.356745754825
0.357695216969
0.612879232815
0.944559749465
0.952601648627
0.703444183719
0.346724361737
0.641694659831
0.841824052535
0.866986563048
0.368940377408
0.82557944995
0.863140467287
0.76305046695
0.785932099814
0.851261668237
0.466058110845
0.0494189201727
0.8518977352
0.62370509519
0.59619412758
0.93436369706
0.0589074386793
0.325080520796
0.180764414619
0.452604366813
0.0660617270101
0.884791062303
0.432585902002
0.275354985099
0.470456759758
0.554231928407
0.892144191497
0.858351860134
0.471163135456
0.0375849073574
0.32668065535
0.75339414888
0.86291160163
0.927852406114
0.479120042622
0.633189186723
0.634249267617
0.610801190883
0.870298043411
0.523930997382
0.308671959766
0.0195433105443
0.630622840408
0.332193178582
0.35702755167
0.309262015474
0.0744561136903
0.151836430832
0.718400966573
0.081199258053
0.390749476766
