0.333022132672
0.379456277824
0.945148384968
0.268270367386
0.934387011475
0.186499786616
0.251134668496
0.222502916926
0.181593192628
0.802712605523
0.0501952310413
0.763946570653
0.127465640739
0.715874344011
0.507945924131
0.413111446226
0.236750590636
0.509228984247
0.589492824881
0.147612586344
0.942906042384
0.0993663938594
0.941566700026
0.260792945149
0.117359944414
0.125486601369
0.19550394777
0.840732201413
0.971276597565
0.388789857199
0.00136218292942
0.517354416587
0.87998052756
0.814260255315
0.952416118864
0.808879869263
0.277675818927
0.907429473193
0.567154140375
0.370109852053
0.765208798116
0.445830682256
0.774680042349
0.710053369271
0.720906854975
0.0322182419257
0.256447182862
0.176007822637
0.489845649061
0.0109372905664
0.350133785442
0.0675863695264
0.0350944211646
0.682001018058
0.575630678756
0.559222808091
0.448646220893
0.908936405679
0.162382402646
0.804034385211
0.71177139751
0.299093473177
0.665443599059
0.943829816225
0.968487072583
0.56717923529
0.258866728757
0.929390934528
0.681424598352
0.348152921392
0.373596623569
0.0443817243941
0.426425494392
0.858651897315
0.50268283288
0.901872080999
0.324509809707
0.0393162092412
0.135551697733
0.484619854076
0.661780904466
0.916433629372
0.404627582892
0.131922886106
0.607916459494
0.702707929511
0.289465984841
0.809143878575
0.987945141616
0.79844584413
0.232581272452
0.202628923696
0.62422437123
0.575615354674
0.0953930347825
0.103149597651
0.014797530367
0.337691480652
0.313766991908
0.572082240068
