0.0953608090754
0.784065892869
0.357541395123
0.624022076879
0.290715703304
0.581647307929
0.370085582796
0.0291125373497
0.382192631158
0.313781682801
0.342043071461
0.340740759673
0.459572406418
0.162399008099
0.0720589601492
0.467586014883
0.569432982376
0.939672305095
0.831101056635
0.129104741608
0.494469459489
0.131134959136
0.514310333621
0.755830963573
0.732342519402
0.826878575587
0.693171133458
0.320388504979
0.559945564049
0.890347787118
0.377588218321
0.2041370446
0.39243277543
0.155642573829
0.457064217063
0.242008410242
0.833853639263
0.402690952136
0.641365831143
0.756744178521
0.250462635786
0.0893677830337
0.00237843109559
0.643277132856
0.606009226324
0.14796522029
0.464094437739
0.0166333250358
0.455798716938
0.723469120546
0.910546661799
0.336882212392
0.809456671705
0.720295912105
0.561658891293
0.962815033447
0.0385968978486
0.0147905310241
0.944069149715
0.135054003962
0.308656688941
0.384844393551
0.651232182191
0.895014116398
0.139868311157
0.969933551012
0.0957644162722
0.466636927059
0.618286401539
0.746664964633
0.0537690674595
0.363450604876
0.681025569988
0.0304668180975
0.951869351755
0.59591923219
0.263080904829
0.611735687808
0.417962452195
0.326328285988
0.361856534121
0.0794529311733
0.478969265638
0.582180311969
0.699167427417
0.947001263818
0.628377159774
0.577714307755
0.0481866025286
0.629961522912
0.423858636304
0.27058656883
0.0253236907832
0.428822835236
0.51367085141
0.024442958973
0.607458773833
0.44757047841
0.00169670289154
0.513047505149
