0.339655625381
0.0173403797306
0.785035486441
0.127843809681
0.469618427222
0.178288409975
0.656585339757
0.198095542951
0.507701124468
0.330855289012
0.750850455456
0.753957195304
0.275087976775
0.115394870023
0.590725528113
0.253853651354
0.0726534157529
0.661896381998
0.489722094496
0.480076093988
0.103622345555
0.389293000183
0.877570626712
0.0516686700645
0.46607673569
0.941543304293
0.130335856867
0.185377283419
0.0799809559398
0.640319025343
0.401980872465
0.80939846883
0.65962754982
0.359661677326
0.693288408014
0.340655703122
0.0262500150292
0.374838806246
0.268386075385
0.37349362883
0.764327253786
0.295316820556
0.902551230497
0.713600532322
0.568580915733
0.323029934798
0.67609258625
0.927036197395
0.0879148475937
0.698166542804
0.325204849546
0.633313216532
0.808236188885
0.439060921378
0.82889215296
0.9282377317
0.0933547850935
0.0212850269721
0.0861034082123
0.201983222551
0.557079782143
0.105144108194
0.665861608034
0.748781563133
0.13944200479
0.758922935881
0.714286147117
0.431334939019
0.940609509472
0.776324836203
0.543722790508
0.789196419784
0.455242753117
0.336837729838
0.537886607615
0.395368119113
0.843953712392
0.267293839768
0.39852541593
0.790185136571
0.847873555646
0.431762278633
0.978582186534
0.825201967711
0.551125776851
0.211068271922
0.23434677626
0.68480700525
0.36809518066
0.716577473198
0.907985613027
0.948160665946
0.933144025597
0.55427535886
0.632229147134
0.889727697348
0.270218549946
0.659464622111
0.188239253728
0.739713461817
