0.0176622428616
0.0108144458732
5.04708393767e-06
0.2304019129
0.00224990773161
0.00531874360649
0.0301556378555
0.0233006812119
0.117860147818
0.0760322323038
0.0640712439454
0.000560968258388
0.191574015946
0.00040236313482
1.13441658207e-05
0.104334772911
0.235422480205
0.00978246673583
0.00280548720742
0.0778997861043
0.205778407702
0.014523021576
0.00425689345649
5.49327199126e-05
0.000592598070429
0.0120848283232
0.0247731236338
0.0304471402301
0.0231463893547
0.0460824989166
0.00687755441133
0.00429901812158
0.00150103854138
0.00060442647502
0.00129920186742
0.0726627587548
0.0567348617544
0.0304843430144
0.00130426012387
0.0112966924958
0.000609039447916
0.00620526651156
0.0175412936652
0.166951448087
3.08197250072e-05
0.000739530578392
0.00231122251108
0.03851264157
0.0080652892997
0.010127111429
6.82616519837e-05
0.520409067837
0.0113569738941
0.206273180218
0.07337868138
0.0437062504524
0.0913490063449
0.0148598532552
0.100011020224
0.0959467548158
0.0400466720024
0.00435259412801
0.000148895953586
0.0755122835099
0.105097175494
0.000294904426065
0.162723718393
0.319479169402
0.000925844543832
0.00670314700309
0.00129094063381
0.091316570221
0.024674985038
0.344554268937
0.0137061001733
0.144898983027
0.020359682603
0.0180367413778
0.0968731544608
0.194787057352
0.0105987651993
0.0188551370608
0.125498075516
0.577932440901
0.0802838375005
0.00137399959055
1.80307879778e-05
0.0228921593696
0.0640754258119
0.00374454492345
0.00393013898613
0.0141663494425
0.028530669421
0.21629407387
0.0113308088658
0.0180536121398
0.00393298511155
0.00171045058248
0.0429083137074
0.0840592188351
