0.725248605388
0.28070582925
0.682530602973
0.754939887752
0.391818293337
0.120573278701
0.825184836792
0.129872691421
0.278967546194
0.381238370422
0.753854298493
0.21134682822
0.265650402769
0.48853011208
0.332571732388
0.69991565396
0.991918012957
0.766709345277
0.888060121151
0.798207866405
0.461818591181
0.815219095286
0.879369982815
0.100847326613
0.529076133941
0.793006996316
0.696620228404
0.0302963322278
0.848531012594
0.881230919239
0.560216798094
0.356867385212
0.745272722536
0.230955716866
0.479975288923
0.314499583242
0.825838425249
0.106638612886
0.913313423556
0.24715427172
0.437224149707
0.817620275705
0.0364741755979
0.426692554798
0.664034248176
0.129070787328
0.942739717623
0.103571165054
0.118130480075
0.857111158861
0.0857625491905
0.152706553131
0.727473949372
0.649849187758
0.466056247967
0.316596373284
0.590636356047
0.800191882959
0.219696519633
0.198444626904
0.589029715597
0.000684601624748
0.343755024596
0.409917279336
0.37449384087
0.18056875521
0.486546605769
0.88792480993
0.495984179063
0.430521968534
0.283968754977
0.803406871917
0.343935435953
0.831335123576
0.441361558399
0.555237437473
0.0574764210465
0.880752479613
0.854920407619
0.58150024838
0.154126272427
0.655176354432
0.199884958444
0.095458742793
0.939008888408
0.391206424881
0.1649036925
0.148235825567
0.94660596615
0.190753775258
0.67493281541
0.155101183867
0.0159736466999
0.626981704662
0.961740143232
0.805648783993
0.439225886529
0.177028396818
0.298503104261
0.126388457134
