0.263096149864
0.297212038368
0.555536336274
0.0139246874389
0.195983125984
0.0533924491108
0.138289382645
0.134966703917
0.0913986154151
0.139296504777
0.659141755717
0.123068976495
0.547447694997
0.105836474304
0.0900914926744
0.110885012858
0.158029659126
0.0378517904985
0.616262337655
0.915090520903
0.645333443808
0.285530783193
0.78018304849
0.21770233853
0.143023978011
0.848264098833
0.839031376662
0.449552331538
0.389336177579
0.222034012237
0.0497943551351
0.0545865838781
0.717894394229
0.00977277229451
0.702150852698
0.0824328081108
0.0581821652046
0.270076733221
0.258052756225
0.378592881126
0.576391374328
0.594788499892
0.215672112322
0.131894091164
0.134893952121
0.0410481880463
0.20561693865
0.831264029889
0.000122840110029
0.0553444247711
0.072397412656
0.141881811731
0.0695597279701
0.366732708702
0.667718349109
0.915619745681
0.154469866578
0.0441122762156
0.803639082354
0.33281093897
0.358021259445
0.258235493581
0.475804875421
0.769635796382
0.31218976306
0.651497679138
0.0404080606514
0.742401369462
0.149258427598
0.0280985103169
0.464981845072
0.529862164411
0.189261775742
0.386971546721
0.490872662298
0.936387333031
0.12797992609
0.402716387785
0.00629708221751
0.223834358237
0.720873509449
0.0775704384617
0.822641673321
0.144292231933
0.432479913547
0.085556248521
0.680366844128
0.228903677627
0.00705351774151
0.260171105212
0.0212420434415
0.21945014919
0.359753160438
0.0287636975668
0.919630640292
0.197516867664
0.683448711676
0.875453268058
0.0918453968493
0.574256388527
