0.644041310695
0.0185897526615
0.0404665506522
0.125596452992
0.844048293425
0.801701822946
0.161572987531
0.433563840912
0.0571302479546
0.207014826699
0.233532019555
0.74539529817
0.48951553158
0.505711739638
0.335418738328
0.587677666928
0.135728124622
0.431328710084
0.122006073498
0.0505824339104
0.694875218529
0.434903738088
0.610393629313
0.529971970064
0.973989226587
0.0764938043503
0.0560146867111
0.196129746178
0.046220025715
0.126274695345
0.0959408618595
0.546718372064
0.0208932050718
0.151526613482
0.565092828117
0.293946046741
0.256429761005
0.156190143736
0.0194475188463
0.425674533359
0.154091278365
0.108481786654
0.0465560354936
0.268582784866
0.102070667941
0.0916851090961
0.35378135634
0.0130049090615
0.204787992042
0.199512706762
0.489375832733
0.113434219972
0.685267184556
0.147051951205
0.111607480718
0.203879583678
0.0245204928572
0.104212063839
0.00983621057532
0.150441976019
0.677952691357
0.0160839628263
0.113921840302
0.138355758827
0.0157365687808
0.339838906673
0.0694139357488
0.297061673242
0.144762488008
0.609288706167
0.00538370146836
0.111486708231
0.372820217118
0.478583815884
0.622677673361
0.125475035537
0.341207905615
0.717521251094
0.0391054593488
0.0024267491671
0.224863796729
0.021690202798
0.0440990269196
0.160169601354
0.00856796093561
0.626199927664
0.0331266551163
0.484164300088
0.82723315492
0.112519813329
0.0190118264264
0.0488371936974
0.149427557064
0.587834377166
0.0102734819872
0.530978205934
0.253970475228
0.413538103115
0.914649481061
0.552567623862
