0.13208655296
0.0318247252576
0.000491554794407
0.000177906985907
0.101071489772
0.00024172888877
0.00863251750021
0.0159853673417
0.103784887137
0.0185586105469
0.0177777564903
0.0431804266165
0.0367677781149
0.198784803536
0.301316839791
0.00122373459493
0.176128954014
0.0101519033916
0.0222757431814
0.218743032763
8.46793689724e-06
2.08476067547e-05
0.0564266513198
0.0649138603929
0.146820252842
0.0144070799824
0.0663432958584
2.47888835838e-05
0.0607688429783
0.00151109926094
0.024895101458
0.000306765404022
0.0159882978168
0.0998333821035
0.00816643309758
0.0487784613
0.0278847436148
0.00773411385801
0.00873107057143
0.0860587386808
0.00478901622463
0.0487746645496
0.00473512292191
0.171754791724
0.0387172354499
0.00135708557251
0.00222551413258
0.000882610365901
0.215469114341
0.00899104916779
0.0109965563389
0.0250997207205
0.734279744412
0.0809137186767
0.00328303820183
0.0485588895838
0.00737208956538
0.000215001944992
0.000622643859407
0.0007909276158
0.876572283735
1.41640959916e-06
0.192777860123
0.0152721174818
0.000442908421756
0.0585433430064
0.235639899251
0.172357113856
0.00392300654897
0.00742786179109
0.200715950699
0.166549205751
0.00988992955586
0.0825351083374
0.0550525334871
0.0999750377171
1.71274008584e-05
0.0095686648015
0.00138789714654
0.00164619674338
0.0429369524625
0.0051028154843
0.377818341231
0.0344114019675
0.0120690279408
0.0271641470609
0.0116640048633
0.315131524369
0.0318599690607
0.0642905615982
0.00884686019943
0.467582785277
0.838852619494
7.25522358033e-05
0.015275778319
0.000523717278982
0.000501227109379
0.0135419227251
0.00123654263464
0.151118631529
