0.0620844583333
4.92848515612e-05
0.0506878622756
0.000877746216178
0.00386271629669
0.0925634990188
4.20493321863e-05
0.00148282401273
2.22588368626e-07
0.0487546258904
0.00894583375201
0.011518069047
0.000718431380286
1.12420118169e-05
4.39746643222e-06
0.00771125305594
0.00135621156354
6.26533713799e-10
0.000172697893395
1.17632652663e-06
2.7041056762e-05
7.82419355161e-06
0.000703920860492
8.61775160088e-06
0.0339792784931
0.047023504656
0.00208800734341
0.139415811994
1.31658012315e-06
0.162067610187
2.57445469598e-05
4.94364954331e-05
0.0516582796656
9.82497691139e-05
2.63331903385e-05
0.00279785384303
3.5572140795e-05
9.74339906179e-06
0.00992284112536
0.0118833522035
6.52219074082e-06
0.0162021523726
3.81572184394e-06
1.21045206591e-06
6.7350071568e-05
5.95492989808e-07
1.51026910977e-08
7.98368340443e-05
4.05900422074e-06
1.88374223997e-08
2.76062161662e-05
0.000754959499869
3.03069523171e-05
0.000119290896514
0.0271216522751
9.27741017342e-09
0.0310242127931
4.38526469781e-06
0.00044500879231
1.79128382793e-05
0.000191952968474
9.85623028704e-06
0.0652095226287
0.00269711852507
0.000298141711703
7.03255192764e-05
0.0022354636819
3.1937598588e-06
1.99432730219e-07
0.00246932938801
3.44180428602e-09
0.00879048103323
1.66751464215e-06
4.81169271305e-05
2.31482697686e-05
1.11799820401e-07
8.15569406232e-07
0.000467590655396
0.0017013050018
2.88904305035e-07
2.10477524887e-06
2.69857041102e-06
0.000157124423224
0.000752101416108
0.0136467920849
0.0172729960197
0.000203492722264
8.56541509476e-05
0.000513123336577
0.00714571790174
0.00232961500394
3.30002974086e-05
2.89646417961e-07
2.15065139769e-05
2.66309455155e-07
0.000626941542963
0.000179706364757
0.0276058386471
4.40640170288e-05
1.18039945143e-05
