0.873354242697
0.314366753598
0.443152919102
0.474338604592
0.709967862631
0.183524313272
0.711986324202
0.0810853112198
0.0959139678498
0.333617234357
0.628921125596
0.196412767233
0.715670490265
0.739930583209
0.0676034484878
0.449438803814
0.346126630805
0.495544371864
0.704400749581
0.789714279666
0.472786843639
0.644320853146
0.391397209611
0.889362216695
0.842528561833
0.389794311359
0.403190772716
0.697881319222
0.626064180618
0.809146693282
0.579650571517
0.470734342649
0.0379284518624
0.854245473719
0.27834776244
0.540731498426
0.642128671447
0.246925583388
0.775033872303
0.695036967709
0.376503612597
0.463087097367
0.963452113182
0.418972190406
0.792211284932
0.211029014424
0.48253196193
0.274899691995
0.252883659719
0.606226781622
0.761434357837
0.484335891863
0.0356332941467
0.260674348834
0.284920656234
0.933279974513
0.57706231451
0.26960386353
0.0284233508365
0.192328744943
0.221188326448
0.17974344557
0.202523513148
0.270076555255
0.162633400847
0.573949270754
0.853435141907
0.175124015583
0.935234278657
0.683773097472
0.744381407404
0.895325351755
0.551334503728
0.304721871623
0.432127501851
0.633785269695
0.339296390994
0.324910149973
0.882578904611
0.861186554329
0.435335391799
0.123846878839
0.73692317535
0.186295019271
0.240279483414
0.373921658253
0.890249381585
0.868574712096
0.112461657483
0.366967645381
0.0879835291956
0.467439328835
0.831800946532
0.989632131031
0.273622890687
0.82630141288
0.422306289442
0.401501632519
0.00213308643739
0.774326507709
