0.559120132628
0.177089540931
0.604394870269
0.261433539378
0.594134691744
0.887735597023
0.753856306371
0.926120537656
0.786430596125
0.465510178764
0.42088665644
0.438437064145
0.878182004193
0.455526715659
0.256592300917
0.281757844453
0.12742285773
0.653168753347
0.426353202806
0.229486074379
0.875672364158
0.999361719537
0.144454754423
0.134635220922
0.13883722692
0.371705745757
0.893732786304
0.166559751422
0.125441974945
0.909328132251
0.861827882712
0.989917953231
0.42741085555
0.622064417329
0.927979751192
0.0115185028038
0.931166440259
0.507808530714
0.384059149142
0.905434668375
0.457398165828
0.0893887395816
0.538033260879
0.667033134946
0.842093553821
0.290138220637
0.236843972608
0.421768852507
0.00378045272226
0.205350958516
0.106763387251
0.161208464797
0.9142759852
0.395165404354
0.573375727871
0.68258067705
0.851305754453
0.738062585828
0.387856518799
0.381639027263
0.0246364883126
0.964385329069
0.135658735796
0.846388237588
0.938997859737
0.0386970891695
0.647585132282
0.575264550887
0.284268393962
0.141103633321
0.951569827645
0.553640012511
0.579728217749
0.28117492352
0.307655359411
0.814834377214
0.038174666286
0.99415532777
0.97584999469
0.97272841289
0.127941182931
0.414859982254
0.880162243662
0.961935349611
0.893994962537
0.661750214486
0.0458824211719
0.908693848812
0.348423784821
0.371672220762
0.779067824597
0.33143659641
0.593184383151
0.805273347164
0.503766618037
0.936949868846
0.420471599951
0.602915459595
0.541648150482
0.122622032962
