0.0315521990427
0.328639614487
0.473884761738
0.816948575046
0.735157681973
0.379602387781
0.798563891365
0.2048198187
0.488688232234
0.0597193179606
0.0382618092006
0.3111748307
0.40944849376
0.467619979979
0.814157780776
0.642908595587
0.922145956201
0.255427861966
0.25344927577
0.310296131417
0.0553840257645
0.624049657592
0.23338701859
0.540062747668
0.0367282204757
0.432359840672
0.6379162158
0.0417034331094
0.740178683508
0.861639344808
0.682790318482
0.488743734761
0.53045401018
0.907760165103
0.595678821365
0.18851828697
0.917725198887
0.769053331789
0.138374716813
0.286527850541
0.715128639135
0.270074271774
0.226964204641
0.0404659924635
0.611546718762
0.779321324542
0.137480466523
0.0270563276741
0.795975172547
0.588506471285
0.827887071834
0.465221897909
0.624563592905
0.910260866754
0.719287163089
0.75525654736
0.88370611513
0.294070207194
0.669847744018
0.849705230177
0.0371894496634
0.355513207487
0.434398339075
0.66747036117
0.61881061364
0.873168732317
0.447373883666
0.120973152746
0.183466541019
0.702461898312
0.968676501381
0.383916053912
0.885423913021
0.865343206039
0.425239735343
0.655639152688
0.527309762581
0.579249437028
0.753832240973
0.842687586643
0.415084988193
0.683508028982
0.0340787633878
0.14930287831
0.941096642148
0.683150368234
0.952157232722
0.995995001061
0.489324566396
0.00358366764554
0.374590778564
0.121216779733
0.145932047641
0.196408433194
0.272841126623
0.409021716372
0.899367317092
0.843851740489
0.759948796676
0.99204953025
