0.935204922268
0.581101136585
0.413564298131
0.767663427793
0.111063967724
0.329048755653
0.302954654693
0.373312114989
0.140290373979
0.740618428042
0.839618197896
0.721889064128
0.1256805813
0.946033873368
0.167191683812
0.0312393410697
0.282919562437
0.376652314377
0.140013726406
0.310340203811
0.375683174792
0.454731341691
0.786249425626
0.0342644155395
0.695183240167
0.871864622996
0.954904291562
0.036181735773
0.347233348338
0.49723830255
0.688972001562
0.331321452376
0.465819994937
0.279343693886
0.394648131881
0.362315531521
0.123596246804
0.758261580194
0.740721057725
0.927255410782
0.201350580582
0.977691814172
0.110523873771
0.663009355896
0.148617444964
0.166800997292
0.333075944546
0.202020696499
0.990660665803
0.653091934611
0.524907703157
0.617945702122
0.230833861715
0.705772559264
0.6501473549
0.0935689296903
0.230954132351
0.425962941
0.784561721396
0.661727536003
0.793562887355
0.00592763004438
0.709657229613
0.350677281397
0.595791997642
0.0471995674555
0.0394984618976
0.347213286481
0.338846522127
0.964657231027
0.239750960925
0.640133404486
0.391662181537
0.633404337352
0.737554809076
0.959782776122
0.718883760398
0.263130115042
0.278442026656
0.463414469321
0.132113180455
0.60940747815
0.85728312565
0.54170741688
0.696721036331
0.854885898498
0.713494254515
0.360903861068
0.0232057050283
0.631553663216
0.817271905235
0.895386152638
0.58074502652
0.16136063046
0.509727397946
0.888536023375
0.422154568894
0.149553563124
0.45360038233
0.235148165836
