1.22352127541e-07
1.48534940396e-05
3.42211603499e-08
2.45459900006e-06
5.25924640881e-05
1.16063344491e-08
4.78513036972e-08
1.49337597248e-05
4.17260955565e-07
4.46111973443e-05
5.12485980492e-05
8.68370100271e-08
4.56517242788e-05
6.24190039447e-05
1.64813888651e-05
3.90866942886e-05
1.48268563797e-05
5.59873583533e-05
3.44774990135e-05
8.02290822666e-09
4.20997702211e-06
1.18041923414e-06
3.383867893e-06
0.00104330239535
1.48756966598e-05
2.9438638689e-06
1.63106724385e-05
4.5075299242e-06
2.24706979324e-06
0.000921692816654
3.85954768415e-05
2.50937649584e-05
2.9939904164e-05
5.56996014756e-07
1.9264037876e-07
8.16624441513e-06
4.55932480325e-06
2.82433582534e-05
0.000118421296897
0.000201558438089
5.66048885098e-06
3.88274175145e-07
1.31083095694e-05
2.66011983707e-06
7.93023535728e-08
1.10054176791e-05
1.32948422849e-06
2.47447768134e-05
1.3316832721e-06
6.00825552421e-07
1.47884490209e-08
3.88150966923e-08
1.00296373207e-07
1.40006946406e-05
1.00438037359e-05
0.000581919401435
1.18388866688e-06
4.52324246947e-08
7.5095482166e-07
1.44560212578e-07
1.12346573533e-06
5.24661320511e-06
3.84834253708e-06
0.000178023536761
7.86014648257e-07
2.64303046116e-09
1.32099141492e-06
0.000162234079423
2.18875412006e-06
0.000204895975081
2.17463181684e-06
1.84617844212e-06
5.96271385156e-07
1.31495060907e-06
6.66643760638e-07
2.31228616587e-07
4.33733081673e-08
0.000210229070961
1.06160100932e-07
2.2108736053e-07
3.12840401264e-05
3.19977394692e-07
1.92019398049e-06
3.59713649756e-07
2.32291145627e-05
6.13424999718e-06
3.86916294837e-05
1.03679734986e-06
2.30543508094e-05
1.90330268701e-06
8.52042569832e-09
1.56255137373e-06
6.17809849834e-07
8.80775274537e-06
3.78179794128e-05
3.27099396068e-05
1.86803985248e-05
0.000469853430326
5.07674019046e-07
5.72994617487e-06
