0.838887351486
0.622922540372
0.254612295737
0.248765925349
0.763605308945
0.354268780828
0.106238353517
0.171628072799
0.310260528825
0.466368465988
0.508165669818
0.97541451606
0.363837186595
0.382103532587
0.315089086418
0.485341527699
0.168486244554
0.360669326033
0.56790860019
0.733038965766
0.417091128256
0.181593330014
0.0609495041789
0.272939831065
0.323465620688
0.234218423517
0.873569678609
0.728863666878
0.355678335571
0.722369657421
0.437749954256
0.800432125858
0.0551014486716
0.318274510514
0.484939923167
0.188488995929
0.28075909231
0.878063470466
0.81261946992
0.67563099802
0.604639463231
0.125354857123
0.316359920888
0.149996741063
0.414386520062
0.191927878079
0.467343561309
0.457193178708
0.711272198848
0.286005568624
0.539533666391
0.34147311724
0.202916949541
0.578052502629
0.155997009599
0.379113260543
0.959892677844
0.222084814219
0.356794364186
0.632651169509
0.363879769372
0.0715117536083
0.204966905086
0.766332949595
0.506530029231
0.299720815659
0.574958190221
0.139986326366
0.193913196447
0.323912323963
0.756750068587
0.715462935511
0.480502585537
0.66108109885
0.284010185252
0.388806446044
0.861383250192
0.514901637762
0.204260558129
0.136270639066
0.122696390945
0.121041193032
0.302925515097
0.474043350786
0.317883219718
0.0839721347819
0.51595421722
0.28523184775
0.581267571854
0.164002530022
0.519875359201
0.606729727906
0.209020254315
0.203902746861
0.565294964785
0.56217878162
0.474815572605
0.630617181244
0.426109140886
0.779235888345
