0.453384216318
0.934806757277
0.139912391043
0.275155325881
0.15494300891
0.781569376694
0.525768580293
0.201461635528
0.24100117061
0.671348365501
0.533183974524
0.493181525561
0.929631731807
0.11547579684
0.512011909972
0.0619435209426
0.742162162004
0.338780024554
0.271007947088
0.249702110797
0.524901310953
0.597839326668
0.69048803554
0.390112059375
0.751298051652
0.433476385787
0.696735669491
0.0292847203072
0.454585203506
0.860030209425
0.122648310204
0.398489197831
0.338514203659
0.521711287566
0.446592465999
0.177350941999
0.433546824754
0.670476806894
0.949344611641
0.603101696351
0.132225548513
0.874402107462
0.519967027201
0.794015556169
0.815550887536
0.66355501266
0.0513704255757
0.21561881717
0.334542137498
0.574924793941
0.38255502208
0.446017028499
0.243318352992
0.584801476164
0.21001090042
0.333969660532
0.769735292212
0.775896728839
0.18296154619
0.960697994501
0.450048114592
0.466727411596
0.65790164469
0.379828000167
0.130761673983
0.157158595436
0.177208409013
0.0799578544028
0.245580988832
0.828466655846
0.449198697762
0.265548325509
0.639289996584
0.383128121357
0.519436540584
0.313734600038
0.0935986735118
0.388666108348
0.308071975872
0.128741068366
0.445751245692
0.764917675159
0.179098672772
0.500054355058
0.630948586661
0.526360354306
0.426520207419
0.234660241008
0.168902866602
0.65629981447
0.411549107576
0.731112040328
0.468237710541
0.371168163115
0.296776343929
0.702753054099
0.398676435841
0.50361449255
0.365423182134
0.578779663343
