0.336168747402
0.837650804735
0.364259463427
0.415662934725
0.113988247258
0.0313054463039
0.240637122331
0.290542060256
0.355052923659
0.128790473614
0.827856710859
0.387699305549
0.695387711331
0.955695615683
0.202834988354
0.0199639716994
0.729598474677
0.423723140099
0.43191025158
0.456438084941
0.209154840248
0.753852960021
0.58499395797
0.273345863839
0.580872045
0.037963037918
0.728205939293
0.375921691996
0.909158509132
0.372025896651
0.313317099241
0.158096425754
0.154751920952
0.368123875826
0.867695196069
0.00132525958392
0.209143822181
0.423766894994
0.885584694492
0.136494192641
0.803641597612
0.341442968103
0.178236340714
0.799460775265
0.311878678071
0.17874634201
0.508652844852
0.464691199912
0.427783090579
0.527033051139
0.547812550223
0.818285815905
0.234423456594
0.657210397317
0.0759476783239
0.532883563044
0.431906992458
0.315473464
0.872347566608
0.691670569433
0.759227122144
0.593190275367
0.993820604879
0.840328499221
0.245713744932
0.8732636875
0.0616747121367
0.331699101894
0.362683744395
0.489545044269
0.625588111461
0.67573197625
0.431853267226
0.580875335425
0.198860811088
0.73522919507
0.62399870597
0.0341316736952
0.00459189464333
0.936234180487
0.701338569205
0.202845798285
0.521195675352
0.237504101701
0.452345667381
0.841378037603
0.744295422722
0.676534390737
0.219144327569
0.602979714949
0.237509734813
0.113590158098
0.0313004277206
0.576721668216
0.379889072213
0.212070844477
0.740117100935
0.745662429632
0.0817283123202
0.304709431268
