0.946700728549
0.127265542404
0.883796479282
0.332687708941
0.97976561295
0.161915800199
0.378913901603
0.837288283395
0.449614253858
0.37266935698
0.0990233477543
0.365035811388
0.155713138925
0.247843795782
0.784201705319
0.800691872244
0.0622912629093
0.369360565923
0.76543605246
0.873446155643
0.334431218165
0.101568790758
0.708577118723
0.457541753037
0.133763635286
0.847149564998
0.217241489184
0.400182227396
0.633112782686
0.78438882796
0.549633647386
0.377933885778
0.290195959332
0.454333907084
0.313212113519
0.432443930328
0.200354303609
0.0166608544684
0.785687550874
0.741922056839
0.712716764607
0.158938394925
0.544716846083
0.644127509244
0.886636780343
0.34392344141
0.3455735766
0.976884024282
0.892663707954
0.570604315659
0.414736454634
0.232127775197
0.428177506214
0.608689030926
0.442398929403
0.783220125971
0.052929877834
0.372057075528
0.454556888619
0.908010310089
0.650327505472
0.728353900535
0.304472148881
0.794146129329
0.432947393299
0.418795787211
0.0818681424889
0.649767723101
0.0675179934666
0.121812496722
0.788874491735
0.673947170552
0.00357526756021
0.497437045607
0.26608831651
0.377542183638
0.0376629536883
0.723203431293
0.411127378126
0.770588904512
0.619166154626
0.41786415151
0.69036675891
0.356027126673
0.803103160751
0.322189311948
0.168398060155
0.0531840368571
0.0911146655992
0.268266089094
0.243886598241
0.487215717226
0.437361414675
0.265502558377
0.658603260155
0.286038581606
0.475485319616
0.579470333671
0.772715571359
0.550780712823
