0.568550780805
0.676518354539
0.765887700251
0.0976876922852
0.811357027061
0.101151552028
0.472975807186
0.237509109513
0.939516442234
0.800643844066
0.763911776407
0.0570500558886
0.597262258752
0.871893439842
0.266610186281
0.506240250099
0.179792662361
0.728181095608
0.584956219178
0.556114155869
0.599717804812
0.162000361541
0.387742724079
0.368118191751
0.912694245243
0.0718208183119
0.881298764755
0.543679251536
0.19999554097
0.586617590233
0.381405400861
0.803657761005
0.802447715597
0.609473490898
0.749780635064
0.157146754078
0.166968179802
0.676519117541
0.276743076567
0.246980451874
0.240608743698
0.315474190032
0.947847679047
0.941099387578
0.452381835599
0.582540475762
0.105406670407
0.85067250267
0.914443864126
0.497833192017
0.860580145582
0.959733659759
0.82675949625
0.966100760149
0.771132916078
0.419681092483
0.742216553776
0.44410548389
0.982080647696
0.585046192437
0.456452904519
0.372068698836
0.135629214692
0.885586180731
0.603798323682
0.735236205663
0.684142184474
0.256708173457
0.894666373642
0.287041184242
0.116683361321
0.827847297149
0.341421897694
0.965252102353
0.26796813068
0.533654973637
0.355053687519
0.594841466334
0.325726261016
0.440017769878
0.383797689184
0.794557599554
0.190562560582
0.411632773588
0.95087327677
0.308290273045
0.223967470936
0.142256657007
0.0641012289208
0.112072377175
0.822254565997
0.485432512053
0.601354804669
0.262009869909
0.921148812595
0.157132321849
0.775661350695
0.527024727148
0.941351192352
0.411640009892
