0.0274363696977
0.0512543971625
0.125907562718
0.712373018452
0.0776473242533
0.0078325265841
0.135628347205
0.00900074579211
0.0448448919504
0.711578807449
0.228197604445
0.0324134629545
0.0866119141965
0.381426598317
0.0467050471323
0.185138830116
0.0124802290307
0.0527142909158
0.0157634679887
0.0111925289859
0.00302007619127
0.0645930538255
0.0334111386256
0.0319834335996
0.253482498993
0.00586154414472
0.0570643841173
0.098709420855
0.0537660008741
0.0256518558725
0.584970986917
0.19999554097
0.0430394647453
0.105794873175
0.0188725152012
0.18514902819
0.211476426338
0.00058733711305
0.136508003088
0.173050382278
0.0256519708139
0.14091806963
0.225172443238
0.0616809089564
0.0234422909692
0.356630737218
0.0111905168414
0.0773565976268
0.481255277574
0.0353296821955
0.0256548474955
0.0817262300858
0.174609749767
0.164457464177
0.00178961867634
0.0289282105635
0.464706887804
0.0190480288267
0.247014992599
0.00434787779958
0.0492444462631
0.491263259668
0.0506425615261
0.00555357463593
0.0195041632215
0.755908717999
0.000325664276915
0.00439549850083
0.308280206239
0.19777548985
0.382197936665
0.267957415827
0.034126105262
0.0376454539275
0.531190368649
0.0731724326711
0.0194958931246
0.254763066222
0.210300866625
0.0492285580616
0.327955712346
0.0313059912984
0.124658651928
0.123839662695
0.00561413431234
0.164453493813
0.0856743331223
0.576797403609
0.160513742187
0.157146273408
0.0223925641116
0.0199612823145
0.684144484038
0.462217605879
0.423753119399
0.0531347003882
0.254757854743
0.330188917735
0.489564156848
0.483780004952
