8.489294397892178656e-01 8.042124511208605941e-01 8.593709828884108504e-01
7.163943934348424580e-01 6.748993244858467744e-01 6.859292869103978951e-01
5.615081197639706367e-01 6.458183577062308611e-01 5.951899802778434223e-01
7.378955191932664581e-01 7.009981253129172751e-01 6.592868673861959072e-01
4.664016695558390602e-01 5.027707044995121111e-01 5.315899764307623343e-01
5.159948563423181200e-01 4.605282305003012833e-01 5.765854318746652662e-01
6.729648010129501978e-01 6.400810200017876817e-01 6.677696756285497193e-01
5.182404149565782436e-01 5.397282932419207313e-01 4.791745186631568565e-01
6.185644298605889047e-01 7.334030587829427628e-01 7.419396135186603347e-01
6.108919136551690388e-01 6.227662977473812367e-01 6.541122340202173424e-01
4.427737400147568336e-01 4.518654048129404077e-01 4.263291415328852585e-01
5.212890707287609615e-01 5.678061739262370011e-01 5.337484290116064622e-01
4.378942851811204462e-01 4.106380391749430148e-01 4.037066175953161196e-01
5.576115664451241072e-01 6.050740361270753320e-01 6.367850932353752436e-01
6.050041615629553338e-01 7.103581793579660797e-01 6.852164427619534814e-01
4.179486625384704057e-01 4.964161617421846140e-01 5.168885409029991829e-01
5.426198084696061130e-01 6.195293483649886301e-01 5.549376948308490931e-01
6.826197280961158187e-01 7.795238582683706730e-01 6.855538376902742259e-01
4.311882451790099435e-01 4.143081662134261989e-01 4.070699800756492626e-01
6.566847951396391769e-01 6.834707759645296532e-01 6.889306292402086473e-01
4.072896026879984643e-01 4.377056671081727135e-01 3.943089656402092302e-01
6.726944832060456347e-01 7.095103909032003386e-01 6.067710324805465349e-01
6.747660568667137593e-01 5.916175270038720457e-01 5.901677946514474193e-01
6.332787765117444678e-01 7.386034622274607608e-01 6.709918548369000479e-01
6.185178480356302577e-01 7.376436961796031255e-01 6.195872400015308701e-01
6.985104308538206963e-01 6.778093691019482225e-01 7.235580393570777424e-01
5.206232679630121707e-01 5.412729339160220476e-01 4.494230221286319993e-01
7.127594188186776591e-01 6.883181340271870008e-01 7.693057607182948177e-01
7.242403691153902479e-01 7.453166830506622320e-01 7.093758904718122649e-01
6.050752300397992389e-01 6.378407603822314753e-01 6.176125233593576791e-01
5.589840057905834936e-01 5.364779356375644070e-01 5.939504362315920494e-01
4.541268995034320466e-01 5.553926264579072125e-01 5.455533102212362095e-01
6.776753627209608499e-01 6.597170595285469785e-01 6.686848053770727551e-01
4.648816385118590966e-01 4.548568772859291620e-01 4.600862328352389174e-01
4.986539120180443208e-01 4.604181688562801744e-01 4.445851996340295376e-01
4.981669814069555335e-01 5.310114379827944875e-01 5.625207233526716699e-01
6.327429169657620145e-01 6.223955359670931831e-01 6.509649098872064554e-01
6.242294938313378561e-01 6.306619305816406618e-01 6.525143048680993596e-01
8.064340098781623833e-01 8.711028408658991751e-01 8.659910479381224269e-01
8.213806938458368956e-01 7.864332460789920098e-01 7.576155749646702464e-01
4.111980175360762657e-01 4.024865779765357532e-01 4.667441103781885259e-01
5.515087754477210336e-01 6.555670893629169660e-01 6.225850429916813811e-01
4.730958244619321018e-01 5.019059536157063350e-01 5.241272174741624656e-01
5.312334237774521961e-01 4.580292348202826269e-01 5.153788144641904267e-01
7.312939593507120639e-01 7.956961393802652882e-01 7.147981939631625758e-01
8.106176974916833311e-01 8.365933228281355882e-01 8.074840044186943899e-01
5.556438998645902849e-01 4.984397654372872966e-01 4.651087258343655217e-01
6.326819671807940582e-01 5.980373517356372126e-01 6.890168132051429639e-01
6.797882521211793261e-01 7.008245906554949611e-01 7.169368324754855637e-01
6.404058593424567514e-01 6.897674449659059182e-01 6.682404705083550001e-01
6.983065718207333017e-01 6.842185074681889079e-01 6.568891547738870962e-01
6.898436512574824819e-01 6.683540522832526198e-01 6.539091264157521621e-01
4.074963292379426560e-01 4.495655682463023384e-01 4.838245451482291459e-01
6.543368167626972820e-01 6.602631528928729621e-01 6.457149285344829792e-01
6.024373224926047321e-01 5.225420334263777278e-01 5.515966667662357548e-01
7.733320022847512965e-01 8.327728092710807717e-01 7.812840506262694884e-01
6.134999208852338626e-01 6.335792908333517381e-01 5.535178209057446397e-01
5.169288838287489085e-01 6.360074917527359650e-01 5.459509211632124215e-01
6.035091801397189926e-01 6.085361284499978263e-01 6.082603877318861763e-01
5.494954875964694896e-01 5.522769604674518940e-01 5.534973924108973486e-01
7.428524391295954210e-01 7.689819892667580925e-01 7.724006128277670635e-01
5.008297716551212142e-01 5.795492732537507186e-01 5.221231599371395360e-01
5.025941273839237278e-01 5.207089963098399110e-01 4.964398402502069318e-01
5.225885557017958538e-01 4.516406797379347582e-01 5.113755399211694641e-01
2.766593748362836669e-01 2.986605001081555910e-01 3.270176197176024036e-01
6.320704997006564296e-01 5.247747874519825828e-01 5.485881836186021765e-01
7.637205850016564046e-01 7.411756636404170928e-01 7.846784875439845042e-01
6.204480451867011581e-01 5.564961905073363413e-01 6.109263952380978857e-01
5.423834119928114816e-01 4.450760332283111298e-01 5.606330943571652403e-01
7.733263732995884210e-01 8.071133862529470404e-01 8.212800527949676299e-01
5.171999989543155651e-01 5.480304951646240985e-01 5.355235773674775768e-01
5.560626242414263842e-01 5.226326006814219216e-01 5.305193258555440661e-01
4.630269027920292380e-01 5.248922006231367954e-01 4.850730611321297236e-01
3.859841721275569792e-01 3.434450459030853886e-01 3.699774355672179604e-01
5.330478581292058537e-01 6.246990056981783779e-01 6.004496423792800019e-01
6.756319915269851650e-01 7.331042237351459434e-01 7.166185157269674422e-01
8.708120011739258759e-01 8.781606518085607327e-01 8.292191343759004463e-01
7.876272707670307627e-01 7.585348435158209002e-01 8.006985367296377554e-01
8.167696185656360131e-01 7.583600309803467665e-01 8.129228203672029807e-01
8.254955946480881934e-01 8.392973867977772118e-01 8.145808626175599088e-01
6.068005967588109284e-01 5.482255561811829603e-01 5.871308378500259550e-01
5.916081393692806945e-01 6.971565883020512944e-01 6.051500359316358546e-01
7.607004565145896180e-01 6.759551135526161714e-01 6.776563199056251374e-01
8.108016864003386726e-01 7.079731079059133902e-01 7.590332509307065045e-01
4.880744541223391297e-01 4.633508222964762835e-01 4.173535716606186496e-01
6.827421192884532974e-01 6.653920696738098162e-01 6.888111385485385929e-01
3.180363560898185060e-01 2.950668409280269855e-01 3.520735761379341633e-01
5.835957856249147646e-01 6.214883393912594700e-01 6.081549789441499376e-01
5.471588140543409695e-01 5.773821602385657004e-01 5.127122699531256877e-01
2.472590857471508030e-01 2.644252794928722561e-01 2.553544190023241400e-01
6.117142309437182401e-01 6.467233095694076006e-01 6.466536156226069254e-01
5.379621123988398423e-01 4.895012708630081533e-01 5.038881659541221136e-01
7.231947288450326639e-01 5.694401522908331126e-01 7.020806276065919560e-01
7.641783534400807820e-01 7.663682582627947548e-01 6.658691070930113920e-01
6.321759199401724150e-01 6.495573281116328035e-01 6.795590481274981220e-01
6.556422696691394103e-01 6.303161708556817011e-01 6.420546158070808973e-01
6.531947141398327661e-01 7.091230174483323934e-01 6.102846554676285562e-01
4.377333141711309827e-01 4.653329824632133627e-01 4.657820900228126226e-01
5.999766934216138603e-01 5.197386160568481239e-01 5.805022337531762222e-01
5.119639597174744372e-01 5.302383476412547703e-01 5.420118242409055487e-01
7.630913062439721450e-01 7.386884611789821253e-01 6.839089906292673549e-01
7.409895120667150392e-01 6.888367050279432524e-01 7.010839960182110309e-01
5.125750816922356456e-01 4.164546096703045097e-01 4.660924356487231579e-01
5.137853915396729532e-01 5.794076453749912314e-01 5.321145487925238449e-01
5.128718828391970463e-01 5.724786499309012511e-01 5.651435920182998895e-01
5.788046371450048522e-01 5.018296589619751780e-01 4.741423967776660087e-01
5.038316811791123673e-01 5.054284113051683569e-01 4.944485127736386043e-01
6.764772330128911992e-01 7.270015322913849776e-01 7.022114890768911266e-01
5.519170005626427011e-01 6.301056574522333475e-01 6.089953903655138667e-01
6.895645051256801272e-01 6.670636361858064411e-01 6.685266851569715563e-01
4.041054667749442442e-01 3.956062563666173371e-01 3.957091088479448016e-01
6.680006270994665041e-01 7.037454143293888631e-01 7.622250799981082903e-01
4.272064477846040376e-01 4.621207360509426154e-01 4.830967987616328618e-01
5.957104113205923257e-01 4.773741518901780112e-01 6.110255507972347511e-01
4.773110976304490993e-01 4.713293016626418086e-01 4.923245050004051993e-01
6.473517211446078168e-01 6.833765968909284449e-01 6.657559812353287532e-01
5.647118921398486258e-01 5.832452702573482917e-01 5.340143013254539106e-01
7.941284730587835350e-01 8.240115329151470602e-01 7.891321938696167493e-01
6.152012080754742929e-01 5.779502597298777911e-01 6.348097388664932783e-01
6.602231013211203869e-01 6.198609290592111964e-01 6.742820881830305924e-01
5.707004535128943346e-01 6.140587982925700405e-01 5.818658782720311784e-01
6.376044289320067504e-01 6.379855796441827875e-01 6.142979941107118425e-01
4.694580281580194581e-01 4.546083275501047183e-01 4.152455306776903221e-01
6.212734334156025939e-01 6.237091033095293335e-01 5.732499464292276636e-01
4.920815436773751106e-01 4.368634510610374111e-01 4.357448441419140561e-01
5.927017684302143818e-01 6.201919477707765749e-01 5.360918424159909490e-01
6.533091763420223463e-01 6.489665955089485294e-01 6.529278284953561329e-01
5.411680482469801712e-01 5.964981701906318934e-01 5.574060994056471152e-01
4.789558035516189305e-01 4.810551791376244113e-01 4.140635653817395512e-01
6.315378636832995607e-01 6.156694801083858470e-01 5.862186962950980407e-01
5.728056792732917346e-01 5.980930868827843971e-01 5.603099848179893261e-01
6.947042918342751783e-01 6.965504132049209485e-01 6.598394168669573512e-01
8.421238590973756377e-01 8.669482131485056753e-01 8.221210171120770793e-01
7.052625416957239990e-01 6.947744005471007123e-01 6.824557549309184790e-01
6.022455047024085628e-01 6.074385549638903203e-01 5.850091223977502697e-01
6.473429921302050749e-01 6.770825714018240404e-01 5.804239290609471968e-01
6.304257902051544349e-01 5.137901444373459414e-01 5.678216013373107440e-01
6.274193789538052846e-01 4.862213833916365080e-01 5.977936109986090596e-01
6.070066125248271272e-01 6.157403457814915049e-01 6.740553221049345733e-01
5.946663663739728545e-01 5.644676928428885576e-01 5.849845405229375794e-01
7.190862034665216340e-01 7.369430325778333346e-01 7.541932057089359986e-01
7.174556843931687578e-01 6.820916434768967695e-01 6.682241735142866457e-01
5.971270197917440958e-01 5.934633521772264553e-01 5.911634905036787790e-01
6.044788487625011308e-01 5.539475631464400029e-01 6.156224108378669513e-01
6.781140726224659243e-01 6.506431211288077332e-01 6.526200048576257240e-01
8.288776807882973774e-01 7.583655026027998902e-01 7.721914225099950624e-01
7.364356555811343297e-01 7.341456185854162708e-01 7.621634619567018154e-01
4.945009513496028131e-01 4.432136715690310202e-01 4.337586476506125610e-01
6.515605843403500241e-01 6.645240058738721700e-01 6.207902888178608025e-01
6.077308407040117322e-01 5.447230920834715828e-01 5.239016488001135841e-01
5.736493303729519599e-01 4.951532310104877488e-01 4.964254965898192151e-01
5.833329919353972270e-01 5.754581794341727674e-01 5.877478057859085725e-01
5.583586019954938084e-01 5.205019521786629078e-01 5.356240188524714618e-01
3.768492067795676803e-01 5.227215741738154842e-01 4.568284713680421660e-01
6.117697409551263732e-01 6.109964460826234900e-01 6.409800435207007041e-01
7.877430782878145354e-01 7.450588795791434071e-01 8.050485547129496711e-01
6.975026910411822323e-01 6.878699849400744526e-01 7.139508735380710736e-01
4.855192207272893135e-01 5.111424352314157815e-01 5.629425247577983793e-01
5.083801102384519766e-01 4.821786192028971740e-01 4.500313692867418114e-01
6.956775600073997756e-01 7.455672746411230456e-01 7.914214017167621185e-01
8.732330273658329700e-01 9.032803358232562863e-01 8.755356897480868206e-01
7.391311610882519423e-01 6.339621674357451830e-01 6.613077113230168003e-01
6.575913527796531932e-01 6.371791004596339958e-01 5.796099223046496940e-01
6.272410027764091511e-01 6.002925166956041281e-01 6.288559293831130770e-01
4.184845457590397055e-01 4.110969150656089699e-01 4.382367025668100768e-01
5.546327564731178272e-01 6.861557112982927809e-01 6.386991293850747820e-01
3.641184204115763823e-01 4.058876208891526449e-01 3.430040634309625691e-01
8.291879443624634582e-01 7.583666531580950387e-01 7.695747135283522722e-01
5.264166648058618003e-01 5.010144070959068330e-01 5.108499483216596415e-01
7.714195712048085296e-01 7.443717572304116015e-01 7.076707902729187927e-01
5.087727819750429425e-01 5.074861240250146954e-01 5.111582926761100154e-01
9.086983559472945338e-01 9.455303444304418159e-01 8.582278313434138495e-01
6.576823844588968182e-01 5.417123036751743115e-01 5.664583436011230155e-01
5.956474588473767984e-01 5.691831772344201346e-01 6.086837279252430566e-01
6.379184970026052781e-01 6.466229135175538545e-01 5.796424054604978338e-01
5.380887949343097221e-01 5.433281054708321012e-01 5.616470677116508492e-01
8.767141852791885404e-01 8.937046777806363362e-01 8.879724038919246665e-01
5.845693139655220305e-01 4.882253187532351602e-01 5.439424932991946404e-01
5.313642079522410411e-01 4.123191587277569847e-01 4.057012992548751362e-01
6.329016637688399394e-01 7.016538338696800547e-01 6.564728064834304266e-01
4.923287479766977892e-01 4.940153243585901910e-01 5.086117113288629588e-01
3.261810357207649558e-01 3.474348141222327047e-01 3.382989467470340905e-01
5.839146588377872593e-01 5.453854194588221294e-01 5.133126467262058013e-01
5.665620270615940868e-01 5.615447506583364223e-01 5.003227845346587266e-01
4.156145742568905788e-01 4.326244233614068291e-01 3.963405951039448150e-01
6.292769337893537873e-01 6.863732937473315809e-01 6.908712089922565136e-01
6.197719866551422152e-01 6.229495189874062477e-01 6.806426406447730892e-01
5.630313386658848396e-01 5.240338553767461827e-01 5.519001458831677143e-01
7.534110290795759113e-01 6.625422394269007142e-01 7.156518639999295273e-01
6.215609253661076306e-01 5.841770910080023027e-01 5.919239716025811449e-01
4.454784481644181726e-01 4.288581418706560733e-01 3.917699677384456347e-01
6.221295686023702309e-01 6.024274582650679388e-01 6.072651887709413776e-01
3.804078345626027424e-01 3.997671437393821026e-01 3.711985591046818578e-01
6.589105111710593654e-01 6.690087647070898091e-01 6.216641804454644538e-01
8.073938312918024218e-01 8.037479607789582703e-01 7.868605820721552568e-01
4.998880634490173724e-01 5.095750881349287997e-01 5.160661365081204988e-01
5.062912545184699020e-01 4.411552952494233737e-01 5.544082839786681483e-01
7.084279338007988258e-01 6.075616531734583381e-01 6.758652969978072855e-01
7.573323472510656851e-01 7.217429179938216199e-01 6.901327286921451476e-01
5.676596207926598581e-01 5.997564786524540725e-01 5.483082980717888244e-01
5.961257030473637863e-01 5.864813515405095101e-01 6.391491983408862376e-01
5.236570243413185555e-01 5.563630007183889559e-01 5.102988083598356539e-01
4.830190164319647095e-01 5.637456609734114998e-01 5.440110646729748867e-01
5.931246629034633289e-01 5.925240176136215009e-01 5.037362485831724523e-01
5.121340062523362935e-01 4.844904389465187200e-01 5.254285426927218783e-01
7.801331806009320635e-01 7.651531209337030237e-01 7.489866757726157953e-01
4.516743159990763146e-01 4.732905172024547968e-01 4.734862421075928252e-01
5.912808648929226418e-01 6.424197545965351086e-01 5.784851981322964853e-01
7.334344998956046080e-01 6.334149734841909574e-01 7.111788256633231331e-01
4.989633406974267604e-01 5.210712250175018045e-01 5.060767411410341809e-01
5.082045613750564295e-01 4.928310054379821392e-01 5.401423372330734773e-01
7.249239954843917921e-01 6.969402685423568000e-01 7.645680313487063229e-01
8.397649857539771778e-01 7.285944169750551147e-01 7.290368920930669905e-01
6.677992961761149981e-01 6.936895231836763820e-01 6.183488037581610364e-01
7.560697337950476049e-01 7.454668636448987806e-01 7.871075615959410854e-01
6.854924405353156613e-01 7.019219016750872786e-01 7.425470780718992359e-01
6.134246990301306379e-01 4.917372930817344168e-01 5.466620154358970973e-01
7.710369145502555810e-01 8.274387765295881936e-01 7.632880702565463249e-01
4.383561353061244392e-01 4.624130061472230269e-01 4.620238031743029161e-01
4.832603959875653721e-01 5.099824934840397894e-01 4.508197597795940426e-01
5.246624851475855111e-01 4.641848358761954119e-01 4.844513727762969624e-01
5.916923435332541725e-01 6.422011324613963179e-01 6.115113878201019482e-01
5.001558612731036302e-01 4.468579241357321097e-01 5.901070028378890830e-01
7.114570235888392213e-01 6.437526108830295968e-01 5.876856976728919157e-01
7.142945044651966002e-01 7.461704924944478901e-01 7.137568864067312946e-01
5.571906037315931259e-01 6.043192046924016347e-01 5.492025418948648374e-01
4.598199086795136670e-01 4.302950702242751002e-01 4.038691060384470566e-01
5.445023346643625972e-01 5.577354836135238747e-01 5.865553886202148348e-01
5.127127348849865873e-01 4.399850559577673237e-01 4.560858656141016931e-01
4.597666093859514858e-01 4.892450846616230864e-01 4.835440330746849091e-01
5.365056689335164775e-01 5.143274129529120664e-01 5.660806328989153036e-01
6.354659309610564133e-01 6.328577969175188667e-01 6.415967231276030747e-01
5.050776798348304286e-01 4.505899863679573847e-01 4.568646278212050715e-01
6.928820315208835678e-01 6.174200900818993532e-01 6.347586725338633107e-01
6.262197265065067020e-01 6.248313341036771940e-01 6.360112027632275344e-01
4.654074818255100054e-01 5.098419869047692288e-01 4.903140480033737481e-01
6.780808849502572011e-01 6.484561473502580276e-01 6.402088435984480963e-01
8.185404345820858074e-01 7.823164077229981528e-01 7.889709905182414884e-01
5.770276146363978453e-01 5.666905006600988504e-01 5.581516634307013280e-01
5.934393614027559938e-01 5.385129858189152685e-01 5.954762844249739118e-01
6.986727776075578600e-01 6.916283030566005019e-01 7.055857210055775930e-01
5.514592919097874857e-01 5.904909560864864959e-01 5.615453022091010382e-01
6.434229204594958951e-01 6.496383969165048233e-01 6.555892993261269730e-01
7.179466868665913548e-01 7.402691888855686964e-01 7.306359002481768172e-01
6.350040919380014470e-01 6.190562541834213617e-01 6.662201262584803718e-01
7.167918547456734180e-01 7.337395787313960582e-01 7.164444627996783277e-01
3.188031661608904388e-01 3.197273197798086719e-01 3.055015761524118023e-01
5.662611334683802511e-01 5.274619662933196507e-01 5.423494619545097262e-01
7.998351966924887035e-01 7.980837608070642242e-01 7.787441968469331899e-01
7.379434570961959095e-01 8.004682802330232994e-01 7.614600963023766544e-01
6.425342454479968657e-01 5.844132832570569924e-01 6.173127293351884370e-01
6.360673070013378450e-01 6.727241410565952817e-01 6.614938128416401053e-01
6.376665024182838204e-01 5.720531517271895128e-01 5.915824119317333318e-01
5.069975785527964796e-01 5.449770873413457561e-01 5.467582432714543916e-01
6.056403620599628557e-01 5.835883549477607346e-01 6.565968587600332640e-01
7.322310820229879225e-01 6.949072047094548843e-01 6.858505173782663000e-01
7.790375092099609544e-01 9.016150629979090558e-01 9.167475874815720349e-01
4.954278571337400461e-01 5.299048306601469305e-01 5.050394986757321680e-01
6.880818914547619514e-01 6.930218711762724526e-01 7.286897086505845778e-01
5.934695865087897815e-01 5.272098792234769515e-01 5.486993099782995209e-01
6.760726587187426695e-01 6.392102040359730619e-01 6.733594899578820847e-01
7.164318921674364127e-01 6.800878990312492212e-01 6.787364668786766142e-01
6.232836240961470153e-01 6.705878304667501899e-01 5.900943130800264669e-01
5.978813631097759096e-01 5.685849723614729845e-01 5.254372426211090241e-01
5.638164202921915891e-01 5.321155462756103072e-01 4.942406945992849354e-01
4.791318883351753377e-01 5.614324594004662661e-01 4.751593026492515470e-01
5.087362521987721653e-01 5.862280110883225648e-01 5.055259791655334345e-01
5.153150459310775755e-01 5.549865081056015725e-01 5.806753655536739389e-01
5.684890172905644468e-01 5.690055678166894282e-01 5.286028466537462389e-01
6.206913852291284783e-01 5.908204848098067563e-01 5.949231018115346270e-01
6.227117268046371557e-01 5.775617920159041851e-01 6.072409653378932903e-01
5.274351114825511777e-01 5.523208564499685336e-01 5.073112591047712616e-01
6.125542289474674718e-01 6.626938759438728566e-01 6.303967004557926579e-01
5.273822198625175428e-01 4.888165906214338996e-01 5.144884263185115492e-01
4.255117691847686845e-01 4.397126530285042079e-01 4.324530390252407930e-01
6.843532146214076350e-01 7.603218332893512121e-01 6.422817244110717860e-01
5.051938787527396890e-01 4.944498817746011410e-01 4.973506950051347908e-01
6.888099593136426391e-01 6.264905793221449137e-01 6.459359719676927014e-01
7.584957235991782731e-01 7.448353009606012431e-01 7.215164067822370519e-01
5.423484481120612877e-01 5.838625889474589048e-01 4.922934838748781461e-01
3.997354958664807167e-01 3.990822726624256300e-01 4.503710603679547120e-01
5.888835052873072629e-01 5.777354637545893956e-01 5.869063107087423292e-01
7.214955379829117721e-01 7.255977033399435561e-01 6.599605653418242346e-01
4.880701980637109916e-01 4.732663343683728430e-01 5.158806754681763973e-01
9.129217717276472133e-01 7.680680990020670729e-01 8.085130722418193416e-01
6.943374632514357492e-01 6.308936849660223833e-01 6.434484214915650035e-01
6.376063014540489515e-01 6.166792635143937273e-01 6.666475316740461121e-01
7.852136428105712662e-01 7.554832056692222242e-01 7.757808286544595200e-01
7.812136197298971130e-01 7.936903613908992128e-01 8.225791140909601840e-01
5.949350202555376832e-01 6.245511824016853897e-01 6.094994621207334706e-01
6.624273924812049685e-01 6.382695466162444653e-01 7.094224425019596270e-01
3.544476847330561009e-01 3.220011095350610586e-01 3.219205865137267364e-01
6.501998894619284153e-01 6.807036745858632276e-01 6.693777443484418832e-01
5.472632105572022843e-01 5.467680561122780780e-01 5.334133696181634354e-01
7.075200594910187046e-01 6.078639215647479999e-01 6.724016186025456587e-01
5.578134703534955996e-01 5.719351438255505515e-01 5.349336445144305952e-01
8.119548342096806204e-01 7.562464019794615799e-01 7.875618287385111049e-01
6.575707782529899292e-01 5.870320675571886193e-01 6.532767122058147358e-01
8.485443146120468239e-01 7.692937656761794640e-01 8.009908729027235275e-01
7.273903928973283195e-01 6.886604911769994564e-01 7.191755122198915107e-01
3.863555291943673864e-01 3.866911218760611946e-01 3.570905632075415670e-01
8.025230729406879204e-01 8.504774816431578399e-01 8.292250057343660830e-01
6.278746578398267664e-01 6.435826444272613189e-01 5.717930276288902824e-01
5.497579284937114119e-01 5.040338392744477813e-01 4.927731514216185382e-01
6.376333327814469598e-01 6.033429080473547979e-01 5.222948747177024176e-01
3.121357555008484330e-01 4.096508884537039541e-01 3.327664154410558406e-01
6.102007481318407756e-01 5.700185414508153192e-01 5.695644665353226666e-01
4.345606849349986645e-01 4.567429191110486952e-01 5.122914910812941258e-01
6.180058320914402215e-01 5.899146860686136362e-01 5.989907665261834380e-01
6.604364068731787274e-01 6.366715533936513349e-01 6.988229112341125537e-01
6.263681793511189921e-01 6.516079189520327386e-01 6.171856829296771263e-01
5.262055341871734182e-01 5.382814965079966152e-01 5.708768195050327732e-01
5.853603392729438415e-01 6.145783874549826109e-01 6.256539004388531611e-01
7.328833277950952407e-01 7.242138366837365115e-01 7.469912001288521175e-01
6.225323974951123551e-01 6.229570607787706660e-01 5.935535766625505971e-01
6.750746483678657928e-01 6.999356221041235226e-01 6.724769141574191700e-01
6.412285305034733929e-01 6.060771474971168304e-01 6.093275589317037610e-01
3.959221902658408010e-01 4.700329352079868350e-01 4.502424709536488323e-01
6.055168363900909068e-01 6.043448168223463091e-01 5.957167966633826195e-01
6.736032752148011227e-01 7.172822780125199804e-01 6.935300650264031308e-01
8.095186600108604802e-01 8.628420392747261358e-01 7.888665724832856219e-01
7.606093121894877962e-01 6.810445646951157617e-01 7.494220594472703612e-01
5.484793141901947999e-01 5.540790509427392374e-01 5.759039258776993409e-01
5.115880741882795624e-01 4.445397054320545660e-01 5.038451558961716259e-01
6.204245822258652732e-01 5.887390773802445576e-01 5.394441384124136762e-01
4.164943290877397564e-01 4.002601944106472520e-01 4.576694198905175703e-01
6.277265516038115223e-01 6.009833136579882940e-01 5.985969128170477438e-01
5.620531172552784005e-01 5.989343809148894859e-01 5.663183067841255358e-01
5.053737801226876325e-01 4.730218540110250891e-01 4.743762644734547673e-01
5.749644332216341525e-01 5.744018172520650722e-01 5.645939144472386095e-01
4.527122378245222456e-01 4.343400685892801483e-01 4.494731078699341631e-01
4.354400114036169889e-01 4.842999636280719278e-01 5.957776111563628518e-01
5.516509718460098632e-01 6.494618642313910728e-01 6.349519463501365202e-01
5.090618926716136139e-01 5.079492541012816664e-01 4.835199729241140276e-01
5.987478650878471642e-01 6.364256314087063382e-01 6.387594372421867561e-01
5.359723118123468355e-01 5.133693785414727984e-01 4.614672748849405481e-01
6.054422618508088494e-01 4.931645789437776872e-01 5.682893911950159804e-01
5.641704330050918426e-01 4.709746138160506579e-01 4.794891458653754990e-01
6.111708533412066879e-01 6.219453822656336728e-01 5.350513293674610260e-01
5.693479018216607290e-01 4.894429841961617789e-01 5.047662474441948488e-01
5.307934752167033921e-01 4.824713269973634477e-01 5.398951004489387362e-01
7.326598933289147908e-01 7.724387375366057462e-01 7.646857724910040011e-01
5.990529814643812401e-01 5.654932258864060479e-01 6.039706696672519914e-01
6.222000222415671189e-01 6.062387312339759804e-01 5.896189844554126092e-01
4.859648520293208263e-01 5.352152426414037434e-01 4.876301460493862594e-01
6.049448121345601947e-01 5.345776017569200400e-01 6.251297215732085633e-01
2.182687149846963826e-01 1.757201313732056069e-01 1.800614401928117558e-01
2.925601634353462432e-01 2.789698947455739875e-01 2.668771621354870116e-01
6.783504629162430133e-01 6.437122102551127156e-01 6.683235258464198525e-01
5.958638298262163291e-01 6.255151763968483936e-01 5.598544488897768678e-01
6.682533599705947625e-01 6.379450313531040972e-01 6.281512724921252122e-01
4.760368806527698893e-01 4.553461917959255589e-01 4.896953850590242685e-01
6.888028667118586412e-01 5.855807966265600406e-01 6.379423062704345782e-01
6.740285398828034236e-01 5.894671446248689328e-01 6.168220282256769993e-01
9.014702782021497551e-01 9.805279611997778089e-01 8.726379155067414128e-01
8.904010663230351730e-01 8.299659091482667339e-01 8.353567799094255841e-01
5.912045095085538549e-01 6.299788673920092563e-01 5.961255408981551707e-01
7.559226712671449633e-01 7.334000373151696728e-01 7.791681139882409290e-01
7.248594731079545106e-01 7.595474150298962002e-01 7.608639874166408523e-01
6.734755356530239823e-01 7.021144080272425647e-01 7.502879731819720455e-01
5.515323779711611696e-01 5.835319179956762747e-01 4.942938695989486098e-01
8.832086265289175175e-01 8.210563324614394975e-01 8.300428539623735391e-01
6.176559679550256421e-01 6.171295117280026776e-01 6.070601787092910762e-01
6.125312756275553827e-01 5.423087549295875220e-01 5.467542046787762233e-01
4.633274692999353461e-01 3.923265258053234561e-01 4.289505744921843777e-01
3.461244598859047339e-01 2.856178765152157517e-01 2.581005836361371930e-01
7.963603491284212410e-01 7.890467955545998890e-01 8.163887266379172836e-01
6.841022626134887208e-01 6.599565275295659061e-01 6.448675009524923452e-01
4.846234350674127889e-01 4.597959476374472443e-01 4.552408114365703584e-01
5.225823402297784526e-01 5.959329237148760505e-01 5.767951368312485005e-01
5.308204728838747943e-01 4.501541551086933324e-01 5.039236906909692060e-01
6.323968172898097873e-01 5.970237039758974351e-01 6.174758229096631856e-01
6.798749743673162538e-01 6.306853293766990776e-01 5.935863602782773807e-01
6.497779202094960960e-01 6.194463137093640936e-01 6.213549740255166487e-01
6.782378336371530647e-01 6.826671954022062172e-01 6.057736525044379317e-01
5.393792622534345771e-01 5.669738579030184633e-01 5.296775280313426038e-01
6.075121228074155111e-01 6.501585564728074029e-01 6.091163909564444312e-01
7.285036658160267686e-01 7.623286307836206754e-01 7.746351331790702899e-01
7.808850752438896148e-01 7.515202786037165072e-01 8.207066115055673405e-01
6.017944418467942036e-01 6.161940648251028607e-01 6.819766146963736064e-01
4.167256070827348724e-01 4.408339348575904260e-01 3.863336611788479313e-01
5.442747067078845813e-01 5.168223674903329456e-01 5.546222033234921023e-01
6.698582449761201207e-01 7.097567925992026572e-01 6.672410369236052574e-01
5.233262537880537524e-01 4.464762517530720398e-01 3.693306202570337260e-01
8.094914773626925575e-01 7.986760940770815109e-01 7.998822711124851104e-01
5.579741779191229600e-01 4.493258012273415591e-01 5.236519121936136223e-01
7.285615055156489106e-01 7.748121445304831933e-01 8.160598115320542023e-01
6.356375586666603850e-01 5.526138410219211261e-01 6.832540159149400605e-01
6.696328038711502062e-01 6.360718967304255234e-01 6.774272331914277245e-01
5.339781095446700654e-01 5.755485503661599278e-01 5.470836313830753639e-01
6.500722543424475308e-01 6.898876422187252277e-01 6.726304233175836034e-01
3.307383147278501467e-01 3.132533009103449784e-01 3.291792984998868632e-01
6.160164706794549749e-01 6.484124650408381596e-01 7.101342217117535549e-01
6.653759978259772279e-01 7.089874756366305597e-01 7.311045421761516172e-01
6.195344996306052510e-01 6.317887655941145653e-01 6.077898948059234918e-01
6.220852394103582039e-01 6.728760386438704666e-01 6.889013357865538811e-01
5.229621165967668350e-01 6.179087464866270807e-01 5.318827826680997406e-01
6.517319811225851245e-01 6.711259483507847623e-01 7.094167668468623900e-01
7.278471754077071587e-01 6.538697786022641401e-01 6.382683737560852499e-01
6.156246816788537579e-01 6.067983686534557108e-01 5.786583214098408590e-01
5.338714122358559910e-01 5.833654738697425790e-01 5.472555706574614431e-01
6.675645138844875648e-01 6.759707630730654726e-01 6.448731722887867113e-01
4.151612764013114520e-01 3.702710467753860812e-01 4.028760751932080608e-01
5.576518564925219135e-01 6.007247885232803730e-01 6.267602962453963089e-01
7.574168600483591751e-01 7.846721481401244258e-01 7.208962663149438566e-01
8.822530693300764115e-01 9.161999119483204002e-01 8.921402701863833107e-01
6.636171277666168544e-01 7.599001962958655820e-01 7.021472734216009925e-01
5.297909369705574578e-01 5.435633955891266966e-01 5.416635976175379064e-01
4.691170225193232457e-01 4.613293966482350239e-01 5.284976797920890590e-01
5.775881993621181376e-01 5.697656124543507561e-01 6.123243208423432282e-01
8.927552959670270738e-01 8.504416557630928297e-01 8.297504700755512497e-01
6.060489309569493388e-01 5.824356365349171449e-01 5.466958020556493825e-01
6.570079362268129719e-01 6.345697135451354720e-01 6.625373140395824922e-01
6.800541266666434437e-01 6.691170036237691354e-01 7.513708043727275188e-01
6.840953018354664072e-01 7.439897277984360846e-01 7.035951685273510448e-01
6.463915221631661989e-01 6.126671269202486059e-01 6.355621967138807005e-01
7.114845330944520319e-01 6.512741697967209253e-01 6.956541497296749865e-01
5.645965988746023401e-01 5.510727746251169457e-01 5.798735707447087995e-01
6.705351527473124573e-01 6.341974859091631389e-01 6.715474857915586515e-01
3.500819664570514744e-01 3.217649508168117789e-01 3.367174275501542691e-01
5.525334387101675793e-01 5.834990420901161601e-01 6.118302895342004888e-01
6.060931317100548554e-01 5.730731988851089920e-01 5.963870734321420342e-01
6.643570864201981951e-01 6.626125954468332635e-01 6.691144398270916227e-01
6.415929255881556159e-01 6.329993190281102411e-01 6.083703082667617501e-01
6.091422351136439595e-01 6.086324267807284860e-01 6.418289781880062161e-01
5.060780343909694334e-01 4.608791686002934873e-01 4.649265424018409476e-01
5.476974931124389823e-01 6.113255600540051793e-01 6.120203056841296840e-01
6.242836234620623426e-01 6.501937118326677201e-01 6.658785549749265398e-01
5.013363514601290039e-01 5.328820673258827245e-01 5.292338031034667933e-01
6.752276311406762987e-01 6.702079131006642987e-01 6.373623107000678800e-01
5.147468912802778407e-01 6.002210535478152975e-01 5.546331260565017240e-01
8.644866538933194677e-01 8.482738468831956258e-01 8.354667949128892213e-01
4.659317234940732466e-01 5.412851503868495451e-01 5.666758105104537924e-01
5.443848994471717218e-01 5.149585636533201560e-01 4.985583460011717705e-01
6.014687719856822712e-01 6.271700949307964512e-01 6.372069773913715540e-01
3.375665875717719921e-01 3.512066257589055440e-01 4.339187679160074751e-01
6.295379491718166021e-01 5.984411517313107387e-01 6.206366470953377235e-01
4.002755272931830532e-01 4.040288876727991529e-01 3.965887296290528385e-01
6.204620428200045001e-01 5.951477828033815420e-01 5.129159442841895178e-01
6.185128006378336485e-01 6.530686589268770437e-01 6.860302179025219438e-01
7.734718067319056312e-01 7.806036192142331576e-01 7.754294182917635947e-01
6.800060045222253713e-01 7.030049972551796200e-01 6.825658350664599583e-01
7.100671779459694077e-01 6.831578008538888858e-01 6.640999650303153201e-01
5.449627698812227194e-01 4.895517841125572867e-01 5.567285548767910708e-01
7.830018767810567049e-01 7.730630265046327665e-01 7.232479308539647711e-01
4.110883930034741063e-01 4.373192035153555257e-01 3.969386097062833629e-01
5.676328315391968582e-01 4.647902977064048979e-01 5.726543332157724153e-01
5.280767031375375176e-01 5.841403104931578438e-01 6.137992503430622637e-01
6.337990600461677060e-01 6.692329767482576575e-01 5.471024411495891693e-01
5.678566614981059857e-01 5.585818009010543594e-01 6.083344851219643079e-01
7.719412601155898335e-01 7.262712728247446847e-01 7.300981457546790176e-01
5.046380736641433717e-01 4.734562612161591910e-01 4.699266343061558882e-01
6.121287497309862990e-01 5.544114885009181481e-01 6.187098391112376694e-01
5.204506278123294249e-01 5.588554229411473173e-01 5.343938657061557684e-01
5.875882493729002176e-01 6.077264486534214027e-01 6.020287798581545058e-01
5.886022129144997672e-01 6.290562980614236022e-01 5.648212936595617961e-01
6.117562181265959742e-01 5.649207508596054694e-01 4.943961008402461554e-01
6.496681860565401978e-01 7.823804683250982217e-01 7.250030691633203572e-01
7.561652008652660628e-01 7.495404891749272158e-01 7.439328406925150849e-01
4.545757421456629310e-01 5.314115158586849574e-01 4.909312784611455371e-01
3.400483829634508015e-01 3.659799135058507957e-01 4.134534691338953016e-01
6.918612209546627367e-01 7.327793506167150639e-01 6.200073727188415429e-01
6.218503659951167828e-01 5.710583087181625439e-01 5.260406687830702088e-01
5.264735645850444623e-01 5.244512211546243918e-01 5.640961030734507053e-01
6.381344679234639550e-01 7.015450001340983732e-01 6.637513370876431118e-01
4.229675963625785240e-01 5.082373664063312146e-01 4.331841636424622610e-01
6.265195134862184823e-01 6.686225443799117540e-01 6.517051752594182901e-01
5.542053598731214725e-01 5.756627769508817494e-01 6.463372786653469593e-01
5.504415131331730215e-01 5.337205627424302934e-01 6.303923618383363570e-01
7.720666364726324060e-01 7.613263208894831546e-01 7.452113771247050877e-01
4.459227320246670900e-01 4.911448725166218665e-01 5.108138777563633326e-01
5.521737919784119875e-01 6.345946561298113631e-01 6.267903906302043637e-01
4.444656913500321105e-01 4.272805206849002446e-01 4.641592368899374321e-01
6.140569421435626563e-01 6.541942416628638846e-01 6.246586791462155341e-01
6.343681381630971172e-01 6.254696408254704076e-01 6.593550760525184185e-01
4.751157315033069373e-01 5.301327270314900586e-01 5.896892591250237903e-01
5.209605523940672445e-01 5.295598395214439202e-01 6.077145033665710683e-01
5.979513467599881782e-01 6.377687256971973362e-01 6.225508783748480157e-01
5.194358231931422987e-01 4.710065136063544267e-01 5.579546883046528905e-01
5.810948237025957974e-01 6.040962761965639194e-01 6.397391481474499209e-01
4.912659728522225100e-01 4.418382346845995956e-01 4.919254013155278105e-01
4.493511512549063780e-01 5.458425717000090494e-01 5.453440175471138129e-01
5.500772422691339036e-01 5.769218085046424749e-01 5.664781627785644424e-01
5.852360500929557618e-01 6.359783185171641318e-01 5.729105094129208764e-01
5.807764376016988361e-01 5.713353931734574953e-01 6.071934515396483212e-01
5.941754435608845863e-01 6.518698751794129720e-01 5.880900545609643038e-01
8.565358613788855990e-01 8.085875543365724782e-01 8.127019795840925154e-01
5.798339383038790817e-01 5.443970272436803315e-01 5.382048145051437915e-01
6.203298529222700530e-01 5.438489206970750223e-01 5.829658974068742117e-01
7.443395580252055721e-01 7.522783610705779944e-01 7.491904771680171216e-01
4.923012946953200797e-01 5.968898044962529514e-01 5.779037313720593039e-01
7.499271223052537128e-01 6.257662549976767963e-01 7.431863467482028307e-01
5.841276924462237563e-01 6.119419626956585923e-01 6.035624520887805655e-01
7.736386057270185912e-01 7.321757918995747128e-01 7.231732256403153869e-01
5.906101370522908178e-01 6.186088144832069258e-01 5.773838785897442705e-01
6.043600582359001105e-01 5.122769588123681217e-01 5.355100035960851379e-01
7.143368087105386177e-01 6.830992045269680402e-01 7.131631756517803344e-01
6.161659366396466941e-01 7.033592077273983501e-01 6.240856483723993264e-01
3.727831534524083668e-01 3.253510334787322877e-01 3.377017938278552012e-01
4.505734358235063408e-01 4.434748666607393197e-01 4.639006815834156305e-01
6.607285456860672035e-01 7.301319691543162183e-01 6.677744786527142207e-01
8.524038100655377814e-01 8.086513534078358933e-01 8.165197704186146765e-01
4.540680098906298423e-01 5.072184190169359841e-01 5.153101133356299268e-01
7.862129916727987888e-01 7.926776830286078601e-01 7.709767572687393766e-01
5.156008592441996274e-01 5.019045928750321961e-01 5.715314053156014262e-01
5.138351783001319228e-01 4.949272803775023322e-01 4.847291957660510575e-01
5.295316018477629338e-01 5.647959485775255750e-01 5.615509780206704438e-01
6.091884127487967593e-01 6.023975514660253605e-01 7.086999422984545660e-01
5.816757677815451721e-01 6.280992231969110273e-01 6.039197175614985369e-01
6.783894110662591626e-01 7.446704125757550585e-01 6.503070843725743400e-01
6.246749019284935089e-01 6.264517511327546417e-01 6.127731182307126767e-01
5.755681265847520933e-01 5.922780521809924981e-01 5.584549498430014802e-01
5.041979747853662097e-01 4.966756879125161506e-01 4.485954730702491622e-01
6.400333217473357372e-01 5.275742468230977256e-01 5.585129750067695520e-01
5.318605013065514919e-01 6.059994828590795635e-01 5.742645716943207690e-01
5.608760621869811613e-01 5.922668446774256301e-01 5.975148732957151765e-01
6.240739451630761270e-01 6.168425963517804034e-01 5.093418163621528105e-01
7.985384718145116523e-01 6.901056005134158511e-01 8.075305661561281712e-01
5.268034745517139461e-01 5.442518738194875860e-01 5.615665763812668354e-01
6.924047946459592762e-01 7.047381275611888096e-01 6.649508987726092668e-01
4.959711990520165314e-01 4.513899971549530377e-01 5.533112581493264681e-01
6.358471089028742140e-01 6.619246500961907254e-01 6.550531281751765800e-01
5.972668218415386754e-01 5.892501606376761014e-01 5.640716464323292101e-01
5.517623336183576921e-01 5.833088250037179456e-01 6.283727400441226907e-01
4.310952926677482089e-01 4.846117574986802956e-01 5.399468478622775347e-01
5.994711352956767492e-01 6.641568011768524959e-01 5.602579548014968713e-01
6.337009878867697621e-01 6.884632775023372675e-01 6.822279825424872879e-01
6.810167739081091076e-01 7.062715959901760820e-01 6.655909873108732944e-01
5.646497918716197884e-01 5.234271037898069467e-01 5.253951040562493402e-01
6.293589253028100128e-01 6.414412246102174642e-01 6.803509792918442933e-01
5.272555423635398864e-01 6.130429888180002340e-01 5.760837201264260576e-01
7.723454500894353369e-01 7.217977993152453475e-01 7.041067031834156165e-01
6.319915213193797454e-01 6.415871290178919439e-01 6.461555607531086487e-01
5.963834346761328620e-01 6.598839365346398367e-01 5.590032304654946049e-01
4.085576597612655125e-01 4.403248372009426759e-01 4.744806811778670697e-01
5.173094586970803377e-01 5.191773441948499546e-01 5.548848731120964439e-01
5.786012358960197499e-01 6.642410091757732227e-01 6.705759003797080453e-01
8.973714184763805779e-01 8.735524741337404864e-01 8.839059098144037563e-01
5.781023442182490202e-01 6.465782800230126526e-01 6.278683176185358983e-01
7.357997712698455262e-01 7.043073613343219241e-01 7.319590123999754061e-01
5.446885501727503076e-01 4.684288186903522444e-01 6.129401450470698398e-01
6.233606043464832158e-01 5.641249924446559705e-01 5.769623953202809297e-01
6.403342604254530501e-01 6.225250753787188174e-01 6.544544043327616967e-01
8.518342204061525313e-01 8.397160779885197712e-01 9.179039278561683668e-01
7.843443204883311370e-01 7.933338633057070988e-01 7.982961804791779414e-01
4.922186740205629629e-01 5.453233327163844457e-01 5.208495687321682555e-01
4.175439662700182741e-01 4.298946866777496600e-01 4.869959212493482070e-01
6.617625968117500923e-01 6.642739155273157392e-01 6.462793560023490924e-01
5.086968840862342578e-01 5.744127260821949577e-01 5.082186918032240985e-01
5.876780539314719887e-01 4.452013013750539816e-01 5.151566270696079641e-01
3.818289883672723595e-01 4.148529974105260587e-01 4.753386516890094615e-01
7.665827552209273366e-01 7.389197292061439049e-01 6.912132061733493593e-01
5.234338863455827440e-01 6.032056423453699967e-01 6.062540675395028389e-01
6.736938516129691301e-01 7.310422936729430443e-01 6.805817721218537786e-01
5.411468436628769085e-01 5.473477164301614462e-01 5.896039913489117268e-01
7.417306213286831706e-01 7.708630476257279929e-01 7.531866790117387467e-01
7.082440009589401342e-01 7.396136153231989141e-01 7.488470716583938147e-01
7.770947503457462657e-01 7.900260843571781377e-01 7.134078818942528599e-01
5.880826303058148685e-01 6.150958573036379162e-01 6.516801429661157607e-01
7.022612447468897789e-01 5.766986060289643889e-01 6.511823065274181532e-01
5.724209065762889681e-01 5.810734254638000307e-01 5.787328936859784667e-01
6.688849705336192830e-01 6.960309224860582455e-01 7.061056595154304727e-01
6.647572105384058627e-01 6.869396921512788134e-01 6.093560821778112313e-01
7.494555118313250830e-01 7.951210907788405224e-01 8.522675652215625508e-01
4.763827926802809420e-01 5.679192786996880571e-01 4.759198578148862158e-01
6.384309935024723437e-01 6.163289150906248182e-01 5.176306009085493987e-01
7.237393210910719743e-01 8.555021914660407845e-01 7.586876656055484558e-01
6.864913271128529892e-01 6.845740422729791330e-01 6.217180571843936576e-01
5.696269542515922657e-01 6.044113927882441839e-01 5.267328505046244835e-01
4.137510391314642710e-01 4.199883142203217345e-01 4.092061043826325517e-01
5.593315586795403194e-01 6.176514365979525190e-01 6.834867101622581487e-01
3.266989317067331422e-01 3.482692998912661486e-01 3.540766276048177841e-01
5.955711368764228242e-01 5.456091590504205113e-01 5.418630065689222786e-01
6.374098967714825204e-01 5.606103788110934349e-01 6.116004106131743834e-01
6.314872415893072466e-01 5.434119247302620082e-01 5.192907353920346303e-01
7.285374871132062058e-01 7.759514625712522484e-01 7.881356775825133498e-01
7.187136380112352230e-01 7.930329531371873575e-01 7.365757645625609085e-01
4.357215942083513815e-01 4.275236428028128532e-01 4.163679182414828928e-01
8.241478173574746657e-01 8.431979175769711565e-01 8.257734043931386214e-01
4.764054775322944524e-01 4.590869597904798094e-01 4.657302602398221136e-01
6.742420511611831868e-01 6.343901056718216358e-01 6.713328755289944549e-01
6.559014030573196985e-01 6.625892421100244567e-01 6.544546999073215243e-01
5.987954337636085533e-01 5.576373445419208208e-01 6.165023189878802157e-01
7.411997191282363451e-01 6.981634096105122644e-01 6.970165118316595798e-01
3.884654227554286687e-01 3.840254076223688640e-01 3.776793539489649021e-01
4.929728054261975911e-01 4.554364554589703240e-01 4.915976698080104512e-01
4.285179871693932108e-01 4.572344448761924696e-01 4.717598467444265031e-01
6.660822960972595519e-01 7.436679215134914811e-01 6.904290738870880739e-01
6.451449266802641302e-01 5.904465729721610767e-01 6.374425835034920329e-01
8.109256040475669725e-01 8.017818176022341037e-01 7.969081714212630230e-01
4.862021061999751148e-01 4.738118745424990674e-01 5.575204764768378896e-01
2.958114851843250404e-01 3.365652940744751076e-01 3.454617816300402100e-01
6.668244489195902514e-01 6.455420181371364086e-01 7.137307575394477022e-01
6.561117547358500390e-01 5.755488040355561941e-01 5.918977536529287375e-01
3.997743180467241975e-01 4.200816156912778321e-01 4.919871167058533223e-01
6.064543382461172749e-01 6.415114884503739789e-01 6.194004681456507511e-01
5.356300917581445775e-01 5.322764444825546226e-01 5.794682243666010590e-01
5.045828420135913817e-01 4.203623177858179516e-01 4.065655359177726691e-01
5.808547335457171501e-01 5.607113189152791444e-01 5.701219920356028759e-01
4.951992457331088615e-01 5.274462072838892457e-01 4.999794362779296786e-01
5.653477041963437255e-01 5.223831815913075882e-01 5.649647073812380516e-01
7.753918999937170486e-01 7.343304814704145755e-01 7.647238373853697535e-01
5.662827591655009707e-01 5.743278693187082728e-01 5.844266366974329996e-01
4.860092592605904094e-01 4.941420034950165241e-01 4.811300930779853213e-01
6.089683919566480919e-01 6.688936335045521098e-01 7.048672818952350649e-01
4.928260927971025440e-01 5.412687911977640542e-01 5.593454228023723163e-01
6.966077861581216890e-01 6.106340250758258703e-01 5.529054822290432325e-01
5.878386573500079537e-01 6.634648869805769289e-01 6.480064355561114819e-01
7.508390752564927384e-01 7.079456325482971213e-01 7.017262593969747497e-01
6.051498002577770929e-01 6.326929410705239842e-01 5.438190333228480888e-01
5.113675079655517486e-01 5.205704816872814833e-01 4.053780132627726740e-01
6.807792806912601469e-01 6.655578323952385800e-01 6.919604005515498368e-01
5.322699340117952316e-01 4.860938962964309051e-01 5.250100168584820315e-01
6.521918996659072931e-01 6.433115146905898918e-01 6.103643467296462344e-01
4.621400323090119056e-01 4.396174621067851507e-01 4.186850973301333712e-01
7.274853569802658404e-01 7.268912157135830610e-01 6.652453664226511965e-01
6.789680927526960952e-01 6.576517774935148886e-01 6.876337992387396847e-01
6.514880479464459917e-01 6.151471320952538457e-01 5.218925259929434457e-01
5.568667320144101707e-01 5.308630016048175859e-01 5.585374355226147003e-01
5.818416703237535570e-01 5.515120715037287180e-01 6.117793249966576585e-01
5.614379852378781344e-01 5.274844833938939770e-01 5.236275641853517238e-01
5.970712737142666038e-01 6.675505839091194771e-01 6.214725118338696452e-01
8.483589901524821730e-01 7.534715171611265916e-01 8.183818223836477612e-01
5.017803746221991545e-01 4.752513975799568802e-01 5.191970355507307122e-01
5.960314593588310617e-01 6.227758815213155774e-01 5.845514074228507218e-01
2.913074748199437902e-01 2.908946146878691463e-01 2.905434002251925940e-01
5.655287772795094536e-01 5.185072367559725448e-01 5.411902023626421476e-01
5.723016426522352651e-01 6.264236307164302575e-01 6.731805851874607116e-01
5.987165656150605919e-01 6.069464038975641573e-01 5.552571456979407127e-01
4.660296195056743973e-01 4.940655606344244166e-01 5.381661389124274830e-01
6.106600534995068053e-01 5.619513833563622995e-01 5.510315181778653315e-01
8.300047590317092272e-01 7.748324980818721563e-01 7.071458892462615387e-01
5.520530863669719235e-01 5.774562701385261843e-01 6.371759627285326077e-01
5.278350809132652532e-01 5.456986671671977263e-01 5.454147446444974623e-01
6.747481879924682735e-01 7.154297191099171505e-01 6.501362728897052135e-01
6.093563848141424488e-01 5.889771926067097763e-01 6.395445903304867175e-01
7.000377797014206704e-01 6.773187278690246949e-01 6.913637918544590644e-01
5.285483782756933424e-01 6.059038912399857812e-01 6.144135834821129460e-01
5.685259885933345858e-01 5.539154240211607849e-01 6.378907155513188210e-01
5.783268349367082228e-01 5.181262913492925559e-01 4.668596197033142992e-01
3.269404888452090430e-01 3.788014085056752300e-01 3.322542005435447088e-01
7.671190154163878283e-01 7.119350668025232753e-01 7.250474458971080116e-01
5.400391450086841072e-01 5.353609835519206328e-01 5.867877423722039909e-01
5.725866217966684157e-01 5.168566631231634734e-01 5.713525817226695613e-01
7.556209066259660379e-01 7.486773301375152512e-01 7.367094630708774794e-01
5.128784441547147299e-01 5.747593393000020034e-01 5.351867372215795005e-01
4.791589081447377163e-01 4.090386547627832825e-01 4.414235227209604151e-01
6.482216775738575132e-01 6.253126668314131775e-01 6.405572813015595335e-01
6.365661569363099126e-01 6.294757435634651399e-01 6.037349652934831390e-01
4.525828827020094702e-01 4.751254957421821024e-01 4.686105117007666188e-01
6.116074605659602703e-01 6.591648875613587144e-01 6.162217809088312848e-01
6.849352116548219627e-01 5.992683967017496949e-01 6.721498809997492607e-01
4.639770721849549862e-01 5.093604233903116230e-01 4.567305792694203448e-01
3.965663145759749098e-01 4.543311894631076320e-01 4.383551892291170926e-01
5.173416569861437608e-01 5.711991268335796512e-01 5.776418595708850967e-01
6.403272496103192823e-01 6.519828423869933332e-01 6.548717671265056328e-01
7.795263524349246298e-01 7.811053972333648066e-01 8.368856389177151689e-01
5.249809162763934278e-01 5.164096389006475052e-01 5.354909486060225321e-01
6.199229469343002785e-01 5.962135645968662523e-01 5.962047185121051029e-01
4.098721898364279248e-01 4.157886344002259538e-01 4.090344988722267594e-01
5.856800879326475862e-01 6.023793473009911859e-01 5.484907611391836024e-01
5.154297475095737102e-01 5.113807403649101024e-01 5.051776133232663835e-01
6.272350442097381906e-01 6.022551383342209519e-01 6.568320143768697772e-01
5.240003313725647427e-01 4.676039720464974514e-01 4.769609578427062013e-01
4.528377562471765372e-01 4.474336425664522388e-01 4.830831202034254757e-01
7.260152244520141629e-01 7.403425339508258318e-01 6.777663128240005719e-01
7.315686881038699907e-01 7.750403708925645008e-01 7.461977936180689275e-01
4.915375314961435982e-01 5.019470813482405092e-01 5.633855754334273769e-01
4.454354293766358830e-01 4.216170912692092654e-01 4.537472571944484723e-01
6.958646023029125827e-01 7.170411088867494342e-01 7.126495536431031175e-01
5.867891318751619067e-01 6.071902138108313807e-01 5.444533050388569162e-01
6.415030140356003940e-01 7.058216257720794085e-01 6.890404070278475235e-01
5.580406668752061483e-01 5.673390375690234855e-01 5.699446607211451354e-01
6.059251074907040513e-01 5.692280677272375522e-01 5.935582438940110173e-01
6.345980360335360393e-01 7.231790141364512481e-01 6.732643773427132716e-01
6.110111629857830629e-01 5.607821145129501250e-01 5.499723566080509940e-01
7.322746086675439026e-01 7.701577917637731918e-01 7.407262744412210775e-01
5.871552872475447327e-01 6.265039064901095633e-01 5.755445661936366974e-01
6.149030793254434135e-01 7.083744934169617924e-01 6.411463975870571597e-01
6.817362761259287973e-01 6.638471106701141489e-01 7.160184215618422554e-01
7.533168614462073531e-01 7.854587732269606715e-01 7.782021364145811360e-01
6.044870991324734488e-01 7.019768110190707233e-01 6.837948939023230643e-01
9.339439639892095357e-01 8.592219978437019012e-01 8.787755024658066016e-01
6.091207167300008996e-01 5.384861032045469287e-01 5.911700936515296156e-01
5.941555152981983223e-01 6.094051839515070013e-01 5.904863814573489966e-01
5.834323317640061068e-01 6.005003891324829368e-01 5.380929496162707437e-01
6.181793239147600483e-01 5.985136785766238532e-01 6.072763069482598475e-01
4.902551990836466200e-01 5.211232526054900838e-01 5.589596461334300770e-01
7.088098732061692830e-01 6.586137973798033007e-01 6.801242315689550733e-01
5.590507795988096662e-01 6.247960112520304365e-01 5.098998186888877848e-01
5.730914553057246952e-01 6.041967190293919820e-01 6.173737144062434457e-01
5.253247321496158362e-01 5.127254959018190394e-01 5.220237856277353261e-01
6.822210959065264646e-01 6.924521954673206192e-01 6.974551844105140175e-01
7.496995778435185942e-01 7.197515655621463670e-01 7.418371959413719852e-01
4.531576825449450951e-01 4.320214162534300462e-01 4.586996367742262604e-01
4.147792605641264507e-01 4.323737553841555115e-01 4.603202384736139741e-01
4.934040249623128371e-01 5.188964102274751244e-01 4.751930677385385327e-01
6.568095218519386380e-01 6.351726262150543256e-01 6.513255954456754759e-01
7.073826200492335792e-01 7.873874948288744902e-01 7.178308218824278608e-01
4.601258338315493690e-01 4.272185110175489298e-01 4.048049128768818061e-01
3.455190833459176880e-01 3.492647402717793392e-01 3.691498380784997702e-01
7.576773465435460153e-01 7.270130671614053464e-01 7.556111960514978465e-01
5.911546469659086922e-01 6.507431677524150304e-01 6.727413609672568962e-01
7.362053445953541386e-01 7.271395352006704282e-01 7.142166609371797259e-01
7.510399460181756970e-01 7.132451755206314914e-01 6.570191522260061534e-01
4.672872219894514401e-01 4.449464421336320474e-01 4.260748938101271976e-01
8.269908424225270727e-01 7.694067428235821238e-01 8.121583573793204058e-01
6.948576508723145473e-01 7.113745911900268837e-01 6.217046974716785579e-01
5.570141505461411180e-01 5.312992431794202330e-01 5.381504549363176348e-01
5.580828989850998845e-01 6.169348353366448379e-01 5.446715223782808701e-01
6.695503473610930900e-01 6.677428595093534147e-01 6.388477443118611987e-01
8.838177162212862426e-01 8.554592332492446660e-01 8.123501528533899618e-01
5.502352249824121744e-01 5.539997036769332972e-01 4.784275645885570638e-01
4.632164700314400640e-01 5.216841291768906652e-01 5.143607136268083524e-01
4.914559970484486673e-01 4.898802745960877947e-01 5.330309440066716142e-01
6.561667111916795747e-01 6.836885041375094785e-01 6.625932165505129534e-01
7.124526263681255633e-01 6.968533831633002551e-01 7.262353705999133879e-01
8.003657200085411150e-01 7.679446373212666099e-01 7.734061698712244581e-01
6.303680109651446095e-01 6.158897511784602319e-01 5.717848779584266961e-01
5.149195174676289843e-01 4.719395901589267805e-01 4.978255117661130602e-01
6.519532004685497650e-01 6.358365066497205786e-01 6.550100300776877660e-01
6.077183943252240095e-01 5.766141687361761026e-01 5.372735410964996072e-01
6.678309720941272287e-01 6.154836209730046859e-01 6.485488582835833293e-01
5.937956642726801570e-01 6.080091663634447086e-01 4.969752304136528798e-01
4.840260601069810154e-01 5.105284326500417746e-01 4.511242227189072862e-01
6.582470112908839210e-01 7.233905006179952579e-01 7.006513283364301792e-01
6.741187347496501170e-01 6.457045014277086326e-01 6.238656936773618877e-01
8.537219958231062611e-01 9.052871020914593503e-01 9.219884700790037524e-01
6.220425196870131845e-01 6.421090621702452150e-01 6.866495750639225459e-01
4.180126998067609789e-01 4.479563145205200936e-01 4.873988976997907230e-01
7.170333320501861563e-01 8.078657684341175038e-01 7.785094712166648057e-01
7.990830417281827858e-01 7.487471195282998648e-01 7.165208586495964704e-01
6.323605662763138735e-01 6.692321595992308803e-01 5.645423139503192855e-01
6.706811401606080913e-01 7.183502244968722472e-01 6.756914542256259315e-01
8.110144468982456445e-01 7.557099429025270210e-01 8.224263801009246144e-01
6.198138240471947613e-01 6.254860565275088824e-01 6.221659982176334092e-01
6.550646631139634968e-01 6.537859463590156572e-01 5.566384173731578899e-01
7.023989729196514764e-01 7.383277767614051523e-01 6.891371801190684376e-01
6.669226703895659858e-01 6.601130837058656331e-01 6.211709824517560596e-01
6.521343345277438308e-01 6.723972359303289625e-01 6.631576668001646357e-01
6.506452435341800733e-01 6.339458852916202147e-01 6.005264946957067362e-01
4.209820210980582678e-01 4.004935591523571814e-01 4.692613888801028810e-01
4.082438914022579191e-01 4.190007343838542675e-01 3.330665860326641470e-01
5.888346643032436045e-01 6.484927020721511504e-01 6.003082664864615170e-01
5.724846544247252922e-01 5.912973754795961545e-01 5.846542527598284078e-01
4.869221664007222783e-01 5.197715540441623094e-01 5.344360429871123364e-01
5.090615924635671918e-01 5.716523735161470610e-01 5.540937916390435980e-01
5.852397967108511345e-01 6.263471287109041441e-01 6.167674027813666582e-01
5.688453649108106136e-01 5.991183530001263913e-01 6.024858966892138179e-01
5.204468038133596153e-01 5.333410341425038892e-01 5.643373546486079029e-01
4.846444375666530968e-01 5.401470118940867593e-01 5.078954137990201456e-01
4.563033754808665798e-01 4.592486665613620955e-01 4.997455778421987516e-01
5.011579620091027865e-01 3.838337599671088340e-01 4.390973765174192023e-01
5.070857732121963890e-01 4.812615614864007019e-01 4.664689245809815477e-01
7.352849682769521111e-01 7.418582873517588494e-01 7.178745275675374460e-01
7.551138353245094859e-01 7.461286142743108751e-01 7.248911128531576598e-01
5.266290558237569641e-01 4.645010050998421014e-01 5.073918931380869690e-01
5.089240548850959556e-01 5.322220234498331592e-01 5.635740320143282078e-01
5.915184146372641782e-01 5.491294353568013653e-01 5.647597410077700442e-01
7.093306270336109387e-01 6.650341643745107945e-01 6.909391234252970637e-01
5.209080010452494802e-01 5.322881847480157580e-01 5.877629969553527234e-01
7.654506131102212230e-01 7.717728101892324943e-01 6.969446921054192057e-01
6.960369883724774054e-01 6.082183094179620664e-01 6.354771491351500767e-01
4.626868204463817635e-01 5.546365201137792855e-01 4.907182768577950105e-01
4.362324871940063686e-01 4.787530140350894636e-01 5.102608981713261382e-01
3.670938123568656675e-01 3.475040786325744868e-01 3.990524130875470754e-01
7.647152081188708372e-01 7.321708513665408091e-01 7.383818813448599361e-01
6.408914507834352348e-01 5.858705960413924663e-01 6.133634242754273380e-01
4.513254548731919780e-01 4.338632877995838300e-01 4.304777694673267430e-01
7.173804526344874644e-01 7.018316591205305821e-01 7.011173316741899919e-01
7.207761983020682939e-01 7.840075565949289338e-01 7.837302747422772997e-01
6.374340328094368902e-01 7.029699444256430896e-01 6.657970407310688232e-01
5.812977209973088089e-01 5.499282390642751261e-01 5.026835891386313149e-01
5.903410727514997181e-01 6.709756905242262315e-01 6.164054838071153508e-01
8.133184871358437595e-01 7.754215606892667090e-01 8.453910024079905883e-01
5.447906916035084590e-01 5.318742295783800422e-01 5.903880401052828963e-01
2.603182858169001412e-01 3.135640380848430664e-01 2.596528992674202452e-01
5.006607521699023566e-01 5.796106932206263052e-01 5.557897663070656691e-01
6.728280870748387654e-01 6.274124028470362546e-01 6.454682967841522956e-01
8.053876203534973133e-01 7.541966566592206433e-01 7.913444726930540796e-01
6.783399343301004247e-01 6.822391685931937788e-01 7.179194955601599926e-01
5.955299505249459502e-01 5.893858341124899036e-01 6.111892222458006341e-01
5.144352812012074061e-01 4.787233417723237849e-01 5.332806456092574754e-01
5.037523946743927006e-01 5.737049939813820831e-01 5.760025304605772556e-01
6.381160149195250764e-01 6.656747848719103411e-01 6.197457545589385441e-01
5.841854729877591357e-01 5.775551195839561114e-01 5.988458050296641133e-01
4.446499665457588346e-01 4.332952377174681957e-01 4.643944068080728682e-01
5.660162969410110767e-01 5.557526775564073374e-01 5.888904670359192961e-01
6.223681040401130016e-01 6.303947577094565213e-01 6.081135708632572356e-01
5.479149614013617553e-01 4.890457557225349472e-01 5.495608180676926358e-01
6.855613371829339941e-01 7.225583557486465747e-01 6.664895881298391611e-01
5.296761400120166829e-01 5.904172580064878106e-01 5.378616946300500690e-01
4.819168043583583749e-01 4.100128226205123627e-01 5.191640402406252353e-01
4.061615730717036410e-01 4.899902199523264446e-01 4.222456237352208985e-01
7.185351257686244386e-01 7.843171059426828906e-01 7.089802746315047033e-01
3.944455103617772185e-01 4.163434040551932669e-01 4.498343436198886658e-01
4.785355986919371807e-01 4.733562628953182916e-01 4.504177367139216570e-01
5.945480545441580444e-01 6.001972552501705360e-01 5.931181633716715584e-01
5.176416914665384894e-01 5.621836945617727510e-01 5.342726269207851431e-01
5.960610570524511598e-01 5.308912340313726164e-01 5.065626495212773861e-01
5.403146833642411551e-01 5.950164453836431777e-01 5.556457938231299520e-01
6.708119047413072522e-01 6.530927125417506085e-01 6.799256192532926457e-01
7.816296145804387807e-01 7.193283424659786540e-01 7.726160635134509125e-01
5.351760962619334094e-01 6.393317063604999628e-01 6.333011492451463553e-01
7.124349342877955849e-01 6.634300722193327005e-01 6.912820285540207665e-01
4.550578780994064543e-01 3.532209956669572493e-01 4.788197180747350012e-01
7.540735698816061205e-01 7.566385914751397879e-01 8.155950596396396302e-01
5.884961656936371632e-01 6.208551131155666258e-01 6.376313072992604303e-01
6.865156697152519083e-01 7.016731855275664120e-01 6.942693517036249151e-01
7.165836122318463008e-01 7.558288175029596045e-01 7.570504860449549511e-01
5.369136630444291125e-01 4.592117016712337629e-01 4.873605906891778083e-01
7.822075932636003426e-01 7.036211720722800322e-01 7.177961624121487194e-01
5.321354441018641968e-01 5.241300120439975618e-01 5.190100284645503548e-01
4.953757508619688332e-01 5.174062681612626724e-01 6.403693935316974173e-01
5.559209690123103620e-01 5.570524322106265025e-01 5.507243586926121592e-01
6.336614220287264398e-01 6.390387614645947068e-01 6.619352864348851950e-01
6.284703083152436420e-01 5.689624421755434813e-01 5.871040579117713376e-01
5.629648853582882584e-01 4.976155559430200381e-01 5.573026761014865382e-01
6.508935901313416261e-01 6.563844993687041329e-01 6.557999000443999194e-01
6.444330805137949980e-01 6.424597980786161955e-01 6.294568056594711525e-01
6.588797639256255279e-01 6.506966875353807911e-01 6.902602238506746479e-01
2.842665924440041514e-01 3.069172720478963168e-01 2.792660347321447301e-01
6.475372806940395964e-01 6.326102846108160316e-01 6.321120989215170960e-01
6.140532486228611475e-01 6.123027397128510962e-01 6.357609102601045059e-01
7.224241156135793318e-01 7.197145438039352916e-01 6.719354867845553914e-01
5.821489022693948634e-01 5.343788160056139880e-01 5.376613858174699168e-01
3.959120161584022690e-01 3.773981233972020788e-01 4.321869903692409087e-01
6.711797513349369027e-01 6.472125546358910020e-01 6.695384068240126663e-01
3.576235648759302777e-01 2.713032897673298138e-01 3.352550750361996679e-01
6.550757953986729998e-01 5.932415864310942588e-01 6.182523960259509455e-01
5.875172790601767003e-01 5.917850233006712868e-01 5.170151122627100193e-01
3.888055094221350982e-01 3.668042631052486624e-01 3.611167912692623827e-01
4.872331181901088382e-01 5.102891739245175584e-01 4.080751336905426019e-01
8.370487641884778451e-01 8.723392721223521828e-01 8.235490546647226129e-01
6.692098508332455786e-01 6.678306574118836325e-01 6.853255205035929665e-01
5.792047833410195468e-01 5.805210508057275787e-01 5.897197407307676054e-01
7.002013275986382901e-01 5.914019578820154388e-01 6.811903977547579814e-01
7.619811771297546610e-01 7.965915220134366370e-01 7.364604383428933199e-01
6.088626698663592851e-01 7.392979846739893279e-01 6.438803770098547874e-01
5.113716773192622522e-01 5.179238591521569957e-01 5.338979759483527543e-01
3.842794407735358186e-01 4.387253166590314168e-01 4.205740878334361388e-01
7.985525081229417621e-01 7.741485724293631909e-01 7.734379395187158668e-01
7.048629133561638005e-01 7.857466507487681495e-01 6.566185518377428698e-01
7.444702422648408202e-01 7.378656899900065680e-01 6.678407959786797354e-01
3.227133394567709979e-01 4.259837614868756117e-01 3.583833672043387208e-01
7.134543283805561131e-01 7.410565873517548363e-01 6.575775800976133567e-01
7.600206675982575932e-01 7.749296780494561165e-01 7.926007011837977734e-01
5.951155402477118495e-01 6.037876620452430343e-01 5.641650050362224667e-01
5.037553201930696778e-01 4.430543275421562344e-01 4.856055256720280267e-01
4.723830941535092087e-01 5.533690446794752305e-01 4.984708251335928653e-01
5.370398044019474293e-01 5.035744957016070611e-01 5.711168589211613744e-01
4.859569984429349399e-01 5.339311511851173586e-01 5.042671405671744767e-01
7.073632348213246823e-01 7.547102391689963774e-01 6.671854523265872139e-01
5.109513132913818811e-01 5.796641918439072727e-01 5.254114225922865700e-01
7.701407183000843482e-01 7.321793053596397094e-01 7.263388078892307753e-01
6.303151306995051772e-01 5.892338139607682379e-01 6.606694138381045134e-01
5.217950612361228480e-01 5.178387318978622256e-01 4.928086363119331681e-01
5.625638547414256729e-01 5.172315619889629179e-01 5.884054558561030435e-01
5.972206673840964042e-01 5.780066947493731622e-01 5.788164499189665246e-01
7.401581935827916681e-01 7.090245771952687903e-01 7.575820622771352042e-01
6.744176946743666301e-01 6.802286466348725913e-01 7.218080172991753196e-01
6.056021836997635965e-01 6.361099995590576706e-01 6.304131398852005352e-01
6.729064576940417819e-01 6.011867687991379050e-01 6.891106964599811313e-01
7.635883707220402217e-01 7.166354129853832466e-01 7.359479562610975467e-01
7.740734519521735857e-01 7.107311126760398334e-01 6.451537478024095273e-01
5.889923738926409191e-01 5.751833848292107199e-01 6.257695440469863701e-01
4.970362703101540713e-01 4.926811726562698723e-01 4.168924732285290702e-01
6.530175734758466577e-01 5.977344838265343796e-01 6.521893937402953867e-01
7.342485573095268725e-01 7.409541358441085190e-01 7.068984118453316423e-01
5.644565721355098153e-01 6.411180892030806655e-01 5.933242477905983359e-01
5.904393730643656690e-01 5.878419719577976377e-01 5.968623185403800768e-01
6.016259029894666099e-01 6.292560766123902471e-01 5.889833767533563247e-01
5.667896693378641215e-01 5.593884431178920424e-01 5.173467242288803947e-01
6.096116728651793659e-01 7.187972673619377195e-01 6.240578536962448908e-01
6.829873178958631996e-01 6.545833407854683150e-01 6.402388859837346846e-01
1.935652867815008116e-01 2.852479794954875802e-01 1.904490390538539912e-01
3.960764299650866849e-01 3.897159900229744678e-01 4.349849944773069299e-01
4.723890055839555235e-01 5.185022731712181088e-01 4.706933023835305208e-01
5.002019048502300835e-01 5.487296821455200924e-01 5.407211990307190241e-01
8.510959740193847489e-01 8.288327988246090294e-01 7.928671427657693060e-01
7.369439328811160372e-01 7.681745440274104775e-01 7.342991492879386017e-01
8.976687586752252201e-01 8.611049970955489963e-01 8.834391237175682754e-01
5.534565316740410745e-01 5.070070854101842439e-01 5.335487897677342328e-01
5.784885724153766562e-01 6.058713785509469707e-01 5.319784193186386512e-01
5.969830593915621542e-01 6.301491779942045568e-01 6.720129356221017369e-01
5.391699843383219726e-01 5.529301616242872086e-01 5.725678274036745119e-01
4.219966990427833076e-01 3.045124226398913669e-01 3.510922681890990549e-01
4.413985741175454058e-01 4.788841249662016408e-01 4.274587270124670102e-01
7.325597742711105198e-01 7.202214951524034126e-01 7.145892979513560617e-01
6.733636240163035636e-01 6.051153737540210242e-01 6.884001727015125471e-01
6.284340495228777357e-01 6.030185124431832744e-01 6.238834354305677898e-01
4.393899435740557524e-01 3.524714243959544135e-01 3.563457957514134522e-01
5.671622232599530244e-01 5.270648154054212720e-01 5.400263016105562031e-01
6.745728709667470069e-01 6.129787471523384657e-01 6.014391722351751790e-01
6.784465687015486246e-01 6.281523359491826275e-01 6.290074160136128745e-01
4.983691146758187918e-01 5.477629367273272321e-01 4.904643142563431812e-01
5.132619712618928798e-01 4.575426318418631677e-01 4.774455584479387338e-01
4.747442603279325990e-01 4.223031659325788834e-01 4.263788636513333175e-01
4.761143578943592414e-01 4.739735634897485062e-01 4.565397220859493399e-01
6.373084741916622553e-01 5.384089240622593753e-01 6.041044051552151295e-01
7.416969087195144361e-01 7.082932022770491720e-01 7.531253012247541845e-01
7.035751641902936449e-01 6.816961900537412689e-01 6.761773241263885348e-01
5.716136466906784896e-01 5.720723646690305531e-01 6.411964821440734319e-01
5.165967578467500765e-01 5.085000456527839496e-01 5.087990738140619751e-01
7.512714819449836101e-01 7.423759794667937895e-01 6.681273598806081182e-01
5.484088309008849915e-01 5.693274534985660607e-01 5.646617276002232622e-01
5.099387190054848196e-01 4.984267642787203467e-01 5.170102300702161813e-01
5.967686482323525388e-01 6.326308220356230416e-01 6.401720910387452834e-01
6.507294299459086551e-01 5.945709725157233283e-01 6.544384748789323636e-01
5.533367149208284763e-01 5.922757271042450311e-01 5.526933139262026895e-01
3.708464654496325119e-01 3.491988365372037939e-01 3.482291962543184738e-01
7.469422085791698196e-01 7.658315985206197718e-01 8.170503428786800582e-01
5.823640645530022697e-01 6.469827481927445945e-01 5.593348032448792750e-01
6.894382451406309009e-01 6.342513790503307991e-01 7.589594297000155088e-01
3.586752380530000561e-01 3.661529175685996895e-01 3.120607182200359486e-01
8.422542869537734678e-01 7.584456255070856079e-01 8.585475649479316074e-01
5.769362323563437256e-01 6.081219514582300034e-01 6.334741057687338639e-01
8.757290806432562746e-01 8.160588494226894696e-01 8.187012184957107586e-01
6.269521407816405212e-01 5.974410845397264413e-01 6.600782857337595955e-01
5.227061621234538880e-01 4.744243266778714330e-01 4.605919316937689967e-01
5.692671318593229834e-01 6.013392051397427052e-01 5.750059051253246789e-01
3.377900063559943211e-01 3.629120366161334155e-01 3.687134156289973985e-01
5.460003613907293829e-01 5.922872987035400216e-01 5.813496231200815378e-01
5.702708186260372347e-01 5.825890893910907753e-01 5.982259873407677064e-01
7.574292053314252149e-01 6.981751105325690876e-01 7.006418737279855868e-01
4.103318967492922686e-01 4.985292079512300689e-01 4.361096266431530588e-01
5.804077149763391397e-01 6.044370250726561755e-01 5.790240958898393853e-01
6.078440113393638322e-01 6.068637735868784855e-01 5.941335687321305237e-01
6.535733727890749023e-01 7.044825783498404048e-01 7.345062020539981917e-01
5.697952415272629079e-01 5.816783726073102567e-01 4.989882727288635911e-01
5.096091017890173047e-01 4.825498353868782342e-01 4.590090507970698286e-01
5.165058581049438713e-01 4.945520467040376289e-01 5.219022844447172016e-01
6.510791749665483241e-01 6.785098884069794556e-01 6.897775612918318755e-01
4.536556259179785333e-01 4.416332112067419269e-01 4.971815718481193414e-01
8.513349104437643033e-01 9.833999086499390918e-01 8.939576264231791081e-01
4.335081518789943855e-01 3.831743735910357884e-01 4.014632199537708224e-01
4.609692141203793891e-01 4.433333839142536426e-01 4.850847776400580291e-01
6.599978088515472407e-01 6.477108429551098334e-01 6.645107167411172799e-01
6.646801107880946358e-01 5.450940248328538518e-01 5.883985991687312733e-01
3.731491338512754607e-01 4.029669122040233087e-01 3.879147286730815214e-01
5.437630664450645579e-01 4.948871331825320796e-01 5.344179254370279297e-01
4.505437779499714135e-01 5.377708357283630392e-01 4.894889117511246335e-01
6.790817408773403008e-01 6.620455370429365605e-01 6.190827214983382065e-01
6.201805389192038831e-01 6.173281517467470447e-01 6.588350442167085763e-01
5.957730453594679565e-01 6.414694843899584331e-01 5.919963686924502033e-01
6.789455553980315861e-01 7.460789775196899898e-01 6.548075310797313309e-01
5.967803203927395383e-01 6.339357486268782926e-01 6.778587857545160800e-01
4.800930401665309266e-01 5.892535295385802341e-01 5.536549054815053106e-01
7.302427839855795133e-01 7.193547944382346904e-01 7.471685048310650057e-01
4.505030572924379473e-01 4.535226610737891906e-01 5.078314711462770248e-01
7.001306121490318279e-01 6.885464718192306766e-01 6.412576279150233871e-01
5.229801249590136925e-01 5.149751874059144141e-01 4.932910201818894169e-01
4.085920242007099468e-01 3.447472346889550177e-01 3.440633208127363840e-01
5.060612718623058726e-01 4.548820486757311765e-01 5.199006733403608305e-01
4.961602934747740834e-01 5.244671204178124047e-01 5.149562831918043093e-01
5.405749439924076860e-01 5.834057974002860858e-01 5.339732916968686904e-01
6.091093448427391532e-01 5.613246870664819754e-01 5.842874179502464127e-01
6.231623916716120259e-01 6.040193745344912823e-01 6.327984094368794832e-01
7.738983958939688046e-01 7.833365130370206764e-01 7.703627719054215728e-01
7.633611154309788427e-01 7.640034201186438612e-01 7.280006766294335740e-01
4.298039973552498783e-01 5.371857202272559695e-01 4.718973944600177162e-01
5.499179237565218203e-01 4.838424880003938111e-01 5.361195602980421970e-01
5.550087482177106235e-01 5.936922403802162851e-01 5.301271458523693081e-01
6.999358544867518850e-01 6.955602443679554936e-01 6.657403895389132353e-01
4.348028468411747616e-01 4.354240414982654128e-01 4.962410729212076155e-01
5.491305040802655357e-01 5.927197544140850871e-01 6.653262180205808951e-01
7.192612274896100777e-01 7.001678463881092496e-01 7.527638935070950499e-01
3.697955967677064026e-01 3.907143066529832898e-01 3.550555171137660393e-01
6.286909035479655294e-01 5.777759774321695740e-01 6.061084303388127870e-01
5.335127127938801284e-01 5.665879757665482908e-01 5.338738824062015942e-01
8.524739246345253152e-01 8.080941403042686266e-01 8.118366881468653817e-01
5.346449077427047891e-01 5.906805641476031710e-01 5.870181548722971376e-01
5.346218460346082724e-01 5.609087390289181352e-01 4.805975381235863542e-01
5.990584991922545122e-01 6.040687780781099914e-01 6.532899342490438022e-01
7.157112666561987746e-01 6.525084468480822908e-01 7.612354100439161497e-01
7.793929539515236371e-01 7.702211040924759056e-01 7.713743154048452455e-01
6.409773241222910256e-01 6.496262476412590914e-01 6.148983420716349624e-01
6.679279266684113869e-01 6.432841533109071586e-01 6.677388642835391241e-01
4.591957095671496125e-01 3.962452258747397038e-01 4.073948373555063562e-01
6.395113908084280041e-01 5.787340362085570122e-01 5.909518106865714326e-01
7.256956269466451337e-01 7.451609560772323171e-01 7.503761623942838410e-01
6.263473479836285662e-01 5.544404176280670615e-01 6.329105589726471415e-01
4.006747532901869246e-01 4.902007950382128998e-01 4.782503192246625456e-01
6.610407664894344393e-01 7.091470074542683966e-01 6.537648859046590877e-01
6.164725314717161009e-01 6.416251566646039572e-01 6.218684300928692954e-01
5.293071041905342833e-01 4.923621474631458272e-01 5.630663731840178654e-01
5.778026384337037191e-01 6.347942712580588731e-01 6.431714713005636241e-01
4.813955488978357011e-01 4.427874973017633664e-01 5.286627470350390157e-01
6.830335004641610031e-01 6.754098210654019274e-01 6.911823462057310463e-01
5.023447034493173646e-01 5.433975289286288035e-01 5.543219423806506896e-01
5.383802273851294729e-01 5.441635077385080788e-01 4.805015497280952230e-01
7.595834839287695095e-01 7.703430846369184737e-01 7.757717854702901317e-01
5.843917369403124340e-01 5.102750211578160888e-01 5.382029824503062887e-01
3.827198358315270221e-01 5.072961304125428450e-01 4.128153494033222071e-01
6.780309187151282169e-01 6.662447437325970112e-01 6.927247589243492598e-01
6.385686419102435396e-01 6.811540131728661684e-01 5.794965424226405926e-01
5.531035525207749215e-01 5.732721491804286806e-01 5.686845565942145742e-01
6.355924153272408672e-01 6.523130832092052245e-01 6.509781932350549027e-01
4.599221683993385823e-01 4.045880391001257514e-01 4.168292411935878294e-01
4.170790933497018349e-01 4.945516831744351527e-01 4.330004107028784799e-01
