7.638476723509078914e-01 6.959272429593253984e-01
4.705709132455445087e-01 3.895288420204720548e-01
4.352725521701020783e-01 4.765616725137580278e-01
3.777845285443907630e-01 4.109477657968551578e-01
5.700229062221132681e-01 6.195410730712008762e-01
6.100777248261937125e-01 5.493375059011875727e-01
8.147936330437653973e-01 8.545928855007020042e-01
4.870966083951939196e-01 4.657720664545720868e-01
6.805005302543576384e-01 7.478599741722926630e-01
5.683590938686465810e-01 6.059875863833464882e-01
6.730351807233426742e-01 6.199776415099976790e-01
5.568079828452541236e-01 4.953946727830216834e-01
9.089652827571564897e-01 7.318651095331533130e-01
6.839353010379136677e-01 6.739577897744231105e-01
7.931556599862491508e-01 7.170351315420085969e-01
4.840298290588657126e-01 4.447448355961099997e-01
6.508148613275738237e-01 6.713419581527183544e-01
7.557083054378568310e-01 7.579390160814638566e-01
4.966798694418173010e-01 5.121724569908163716e-01
5.854323858607735076e-01 5.180109399828296546e-01
6.104213776757014820e-01 6.118736248476779327e-01
5.574041827729754317e-01 6.002310171612883494e-01
5.889768850192221850e-01 6.820881095660319415e-01
7.118379908383262178e-01 7.319717069336580950e-01
7.555716841728993272e-01 7.163964688764988820e-01
3.415954596848086999e-01 3.780162982544582051e-01
8.239181152442733858e-01 8.191009966277058574e-01
5.664116781363748299e-01 4.896031909651395453e-01
7.611814495913843404e-01 6.583588932513643188e-01
6.702966924651612146e-01 7.332903678615192433e-01
4.801678916491337046e-01 4.877022109473512779e-01
5.310989184388907880e-01 5.286785382808685263e-01
5.297540541737897346e-01 5.073049708032568716e-01
3.804928752156095384e-01 2.918199632891855244e-01
4.887303324218895684e-01 4.789823892886567736e-01
3.812320920890050480e-01 3.735205802319839230e-01
7.327510119998057458e-01 7.280440838598307707e-01
8.903882959252806817e-01 8.604716901841378274e-01
6.045248694823968094e-01 5.942031398354441496e-01
6.874547702048551256e-01 5.908035803319539037e-01
2.627090041323175140e-01 2.734408526393362071e-01
7.485293974734321676e-01 7.404259835096766995e-01
8.484453948446109006e-01 7.723252446469268673e-01
6.841258949255825117e-01 6.206572311706978207e-01
3.958987389507657162e-01 4.059899978877560822e-01
6.560618061934119227e-01 6.165163590246945935e-01
5.667742250845398955e-01 5.470436816677471947e-01
7.457921671028534538e-01 7.567265317250465584e-01
3.596908552758829591e-01 3.109890162667023894e-01
5.950724499329439476e-01 5.393448929925098723e-01
8.893690679237231667e-01 1.080940433092411501e+00
5.664132217470698727e-01 5.956263343781733610e-01
6.982328311141157151e-01 7.405465612616859428e-01
3.510430120637130780e-01 4.104569605706641089e-01
5.655789362802325915e-01 5.519501371141588564e-01
6.333216174532834142e-01 6.252639402677135916e-01
6.075847468871308221e-01 6.466667389548305112e-01
5.426609542023377308e-01 3.569278377797172608e-01
5.990437388369563854e-01 5.082950597459600095e-01
5.752576343464157471e-01 6.494201055037744919e-01
5.417824992784237015e-01 4.516799781239210221e-01
7.196523092109290420e-01 7.739957611185055431e-01
4.607341618771571556e-01 4.416276456342361212e-01
6.453371677134819295e-01 7.403564279115347757e-01
2.271264768968658809e-01 2.338418625830559483e-01
9.469214727793309194e-01 9.645837253646614151e-01
4.278433580762315835e-01 4.437455843838308822e-01
9.683807959971585388e-01 1.002388434414907659e+00
6.468796516218561221e-01 6.473363171867764221e-01
5.866425465583821053e-01 6.864684041875112053e-01
3.996427832932884505e-01 4.563647262188288978e-01
7.948537755285549622e-01 7.455844681534611329e-01
4.093857489351994117e-01 4.396894074949604381e-01
4.059489511427620823e-01 4.435359436331730576e-01
5.145198386496265819e-01 4.582875329293880085e-01
6.297679543306449190e-01 5.270099910026411205e-01
6.050244461653677686e-01 6.422902774724448260e-01
6.839517694732613062e-01 7.761132403565689231e-01
4.585062096224706285e-01 4.425551912270860311e-01
7.537368032088058722e-01 5.904000861969709302e-01
6.663539416589187026e-01 6.543513939769683985e-01
6.148777036403967333e-01 6.226714708590439518e-01
6.727465227794936498e-01 7.200553521291860326e-01
9.066339013529824964e-01 9.286687327672957792e-01
5.999134078080463617e-01 5.251135524544134903e-01
7.851107031722571739e-01 8.691866262229418494e-01
8.334423074099465145e-01 7.566482541941205175e-01
6.081970070873585765e-01 5.209909989988752432e-01
5.487900498241051750e-01 5.816390669393118884e-01
7.351590899893750697e-01 6.187387508861404983e-01
5.882154583121117497e-01 5.463492155809341888e-01
6.568117044201798871e-01 5.971192892684039633e-01
8.274217621281476642e-01 8.511274628307956558e-01
6.487765550868112019e-01 6.185609323333034482e-01
6.165426498581491055e-01 6.710043440768983514e-01
5.308366150346269796e-01 4.674391887410417890e-01
6.709434388978443575e-01 5.967494557216059814e-01
5.085710336470951054e-01 4.789117212830799608e-01
3.015303863529662509e-01 4.258032394593709302e-01
6.027847333745327552e-01 5.209083351759310476e-01
6.233127788899277544e-01 6.395104164622638088e-01
5.150244350968580243e-01 5.931781534832065717e-01
5.784397208127871615e-01 5.454588030292137901e-01
6.164418899536926455e-01 5.641491892432078936e-01
7.305656989360581610e-01 6.719056940324238392e-01
7.595623104584109386e-01 6.432624592978514189e-01
6.555900203159134021e-01 6.250131074273738152e-01
4.112210837652212070e-01 4.621366622493077725e-01
7.245195123041353602e-01 6.843809500917349409e-01
6.004805626450915312e-01 5.742905421884607620e-01
7.297224460845238569e-01 6.879193384059970606e-01
7.478561915214384515e-01 7.278439580464136638e-01
7.187656905516193184e-01 6.038693994687021060e-01
3.870753581543931454e-01 4.591251906421193740e-01
5.195364742927088830e-01 5.870025207452627125e-01
8.288526028693217196e-01 8.825224981133457103e-01
5.577326527734621786e-01 4.820246050677906569e-01
4.865273511175397525e-01 5.597359190071992119e-01
6.420049638832905359e-01 7.131886084852809837e-01
6.411532519528891916e-01 6.679849676823191862e-01
3.785265184931251303e-01 5.288201514995845010e-01
6.286018932482777544e-01 6.970716863060884005e-01
6.096374179975448948e-01 6.083891635816128796e-01
6.629914116769353161e-01 5.535896352797318176e-01
6.845084520983217846e-01 6.447977204633086323e-01
8.365304850332001552e-01 8.363798480073000308e-01
5.208539415946651374e-01 5.575170705944754168e-01
8.171001368182915225e-01 9.216468624630980155e-01
7.253642854093050873e-01 6.332189302232035244e-01
5.983243020493300701e-01 5.445253178586644260e-01
5.740167102670140631e-01 6.263019512328346083e-01
5.229615910747924534e-01 5.677927436931515803e-01
8.315434892955855251e-01 8.204174025331225639e-01
4.160131339574211773e-01 3.700190456494910074e-01
6.068458182235692000e-01 5.951157865333391861e-01
4.662170618592662019e-01 5.728703684280835873e-01
6.675099255625106531e-01 5.978705598230867890e-01
5.048852434274153644e-01 5.494961971712768456e-01
6.846485298881275217e-01 5.773561785865197749e-01
5.684424037392468154e-01 5.975298403667834712e-01
4.060411232539370974e-01 4.476115509664301828e-01
4.511222883447439935e-01 4.809211566550483097e-01
5.857610999074478464e-01 5.863383993964672580e-01
5.755085541633648827e-01 6.271076460605704561e-01
9.380924767042967405e-01 9.875881151398463453e-01
6.448832054760892385e-01 6.191009251546139014e-01
7.185946012945848560e-01 6.512917456875221278e-01
7.952769732562693372e-01 6.731524901610367317e-01
4.937977777912040400e-01 4.959270232540764489e-01
4.083179449559522500e-01 3.818013770309794386e-01
6.182962702876466654e-01 7.125470624143797060e-01
6.228687062466772284e-01 5.520739838869069827e-01
7.213589294565341259e-01 6.787606233335474748e-01
2.379509557986858592e-01 1.361710205420980091e-01
3.749611251037748283e-01 3.660469830556872251e-01
2.864732203794951304e-01 2.646509999967733839e-01
7.467362115289273294e-01 7.114334113077911415e-01
8.257218284109435480e-01 7.209138091807099080e-01
3.615909465669364109e-01 4.296342919545377836e-01
5.555662636706109048e-01 6.635472352876075064e-01
6.044148393028051514e-01 5.681139230909614257e-01
5.713969202744959563e-01 7.154246380791347004e-01
6.573994339452216007e-01 7.309012357121043024e-01
4.461104562788080763e-01 4.496606307944519543e-01
5.506773946940718423e-01 5.929690501422352211e-01
8.801314934061733597e-01 8.304985833210075663e-01
4.249015372455450801e-01 4.726947850520198391e-01
6.402478576536386745e-01 6.668383937620042667e-01
7.673012624615431765e-01 7.711507584872374643e-01
6.432487166371907428e-01 6.739487731765534395e-01
6.103748648302605995e-01 5.608309388001492257e-01
7.077774555670393042e-01 6.966682779169295348e-01
6.574604405924896477e-01 6.544888756902708105e-01
5.676292054940862419e-01 6.140727494243570783e-01
7.195560010553349040e-01 7.362299187401667444e-01
5.942324890179835339e-01 6.898953288170430742e-01
4.791924353759127730e-01 5.747670752907082514e-01
6.186473541494680317e-01 6.252259561063183702e-01
4.030158476049858218e-01 2.888035690473908512e-01
5.590132429456656782e-01 6.802691619655029109e-01
7.152803871999773300e-01 6.215505195141122208e-01
7.826898111361836330e-01 8.960911107067751624e-01
6.993531630304014035e-01 7.099671900647158695e-01
7.372435586083140313e-01 7.324984019902135435e-01
6.323348737665080987e-01 6.703505769384973112e-01
6.104264076927252702e-01 6.575100438586489737e-01
8.313982910544962524e-01 9.683372477061579220e-01
4.639230799220336321e-01 4.829009168014450903e-01
4.936511231619963858e-01 4.282037345750328572e-01
5.925912496018805875e-01 5.802762342558629438e-01
6.059729466329754066e-01 7.576265350678880184e-01
5.278863157430336850e-01 7.219903683453229304e-01
4.489137669251366258e-01 4.888358181659026025e-01
5.943994738167427405e-01 6.333666371534819595e-01
5.281275319807462454e-01 5.142716865473101473e-01
5.731414047923214516e-01 4.741451621869820499e-01
6.701772089999206150e-01 6.752565585861068920e-01
7.239557173230526388e-01 7.418988895606688505e-01
6.851189870137538440e-01 7.447684994304316630e-01
5.120129005597481298e-01 6.017115437500725195e-01
5.625890990137178971e-01 4.859286382263329762e-01
6.767474600363201365e-01 8.722410879104400827e-01
6.112288195441309968e-01 7.172289804162227389e-01
7.066893570685977011e-01 6.767601963808411725e-01
5.081241775267031358e-01 6.026889627531306637e-01
6.847679569320823667e-01 5.511960321991997702e-01
5.272659817282608907e-01 5.442626754649578791e-01
3.416613859039157597e-01 3.870614011253265541e-01
5.953228459252063454e-01 6.335547588588995582e-01
5.666539242036123802e-01 5.571384356809285787e-01
8.044455404425014944e-01 8.263203213185303930e-01
5.745406096352200231e-01 5.923978459633664206e-01
5.786490982255692028e-01 6.131395581734158107e-01
5.544968413755180237e-01 6.047168745316053862e-01
7.914455394862451865e-01 8.774658042721985574e-01
7.607734022309705635e-01 7.764017548246050504e-01
3.245551233285388082e-01 4.221846685029117530e-01
4.228623482795578203e-01 4.734433871111575209e-01
5.646409731701524937e-01 7.024877142376078076e-01
4.109431418384609236e-01 4.265927385185193099e-01
5.019865441926194549e-01 5.615827162638435954e-01
4.350265426815988490e-01 4.383824046320957124e-01
5.419079093144217874e-01 6.128725719549249495e-01
9.237747308672796809e-01 8.527673126079209354e-01
4.272507393826496802e-01 4.418706425052575382e-01
4.495202265142423936e-01 3.474261081290456188e-01
7.080888623898133893e-01 7.560824213839338892e-01
7.813685230534317405e-01 7.893894841356223768e-01
4.494580003861041728e-01 5.470978495953390253e-01
4.201599688155201462e-01 4.299367336513345017e-01
4.050419412130085162e-01 3.815007403163056532e-01
5.178975328454500371e-01 5.653552609770233772e-01
4.526011058660520670e-01 5.544053704142261063e-01
5.651487223836532126e-01 4.326286214761894122e-01
8.149102149955902430e-01 8.602031755908192689e-01
7.470123289229004815e-01 7.160100737341106303e-01
1.992390310950539756e-01 2.594008438325859367e-01
3.752836321991601110e-01 1.870670058942316971e-01
5.643109708055192852e-01 4.419285459626293155e-01
4.770645548344444320e-01 3.900815085279712990e-01
6.339712074862018376e-01 5.766304992392714546e-01
5.724009324734865567e-01 5.427753228537818275e-01
7.506785354932390408e-01 7.132082039378584426e-01
6.677984541362051996e-01 5.875354192530781727e-01
5.076743196402518921e-01 4.955111106885387584e-01
7.018969482857825293e-01 7.433831715744895208e-01
7.290172264139410663e-01 6.922490222012730454e-01
7.795233671062951064e-01 7.918516258954195752e-01
5.019742095016270778e-01 4.316541556457449968e-01
5.512568075283580393e-01 6.681737620783733123e-01
6.596760058842855434e-01 7.364256087185633293e-01
5.591556639244353866e-01 5.185725411495231141e-01
8.511575098823921381e-01 9.056191428170531355e-01
4.964737660399644037e-01 6.005864898981737587e-01
5.973337457198912848e-01 6.340292896256569666e-01
4.637147407147909628e-01 4.810894943722869299e-01
5.408165361405420368e-01 5.184433902761992341e-01
6.027293865451270882e-01 6.122342206414916888e-01
6.841550493794473775e-01 6.286701570440028641e-01
3.657742590137225136e-01 2.950973893375661294e-01
7.412255229553212921e-01 7.622484856579496704e-01
7.193634685031010667e-01 8.076266298306368219e-01
7.971837307833199437e-01 8.331914447252958267e-01
5.068948787903575504e-01 4.960499727378246959e-01
7.499905529521520009e-01 8.360928603205353138e-01
7.314437031988246796e-01 7.563325135985353720e-01
6.389376494062197764e-01 6.669390660207854538e-01
6.441252137886424034e-01 6.328461887443042055e-01
7.993959752052059997e-01 6.953475639682629161e-01
4.073793480574861570e-01 3.893141973961853908e-01
3.823685242047138999e-01 3.641365142805060851e-01
4.180293806741136042e-01 3.602964217848921291e-01
9.865961244500116578e-01 9.016427371373554323e-01
5.766161751864522511e-01 6.351412104432905270e-01
4.791470974282526218e-01 5.410445113437301057e-01
4.973585422659966282e-01 6.530781530692674197e-01
4.072495820253905219e-01 3.845432368792238709e-01
7.742886530635073594e-01 6.814183020343211883e-01
5.555659591697333921e-01 5.364504802875015299e-01
5.609625436413699928e-01 5.987959248691555603e-01
5.022406723988213084e-01 6.396375601525632337e-01
8.916233771437241939e-01 9.592274232149785584e-01
5.984177416086717827e-01 5.414065370933101029e-01
6.910723871245126881e-01 6.815708602790756521e-01
5.993309785872061868e-01 6.964461810781242823e-01
6.207636284062361121e-01 5.076600278838778735e-01
4.397911722605885032e-01 4.376523152262226102e-01
4.603564223343873940e-01 4.741112718510836488e-01
6.561108338670212925e-01 6.528915523730561832e-01
6.204215051879723442e-01 5.373644253827519757e-01
7.595197924773473552e-01 7.891588342183375460e-01
6.689238915950012077e-01 5.885064791652637739e-01
6.705002995475040084e-01 6.847144926304393753e-01
4.949087754208921219e-01 6.124696992013555219e-01
4.470168744222095536e-01 4.371644901805921690e-01
7.056377502524525669e-01 7.618024677961084956e-01
4.775503102460962324e-01 5.613142266750659193e-01
4.830862764720286751e-01 4.496487792550701301e-01
6.272229062555096935e-01 4.542533753885316661e-01
5.525884632769084703e-01 6.763983569948850416e-01
6.655067594347573445e-01 6.117230021947427376e-01
4.914448410084374941e-01 4.731321284264100036e-01
4.387013066553820950e-01 5.017525264013820152e-01
5.421478157806308706e-01 5.469567418948780846e-01
5.929596450592311552e-01 5.665948652593411072e-01
5.731067155837052951e-01 6.085277110089677421e-01
5.729744433535595149e-01 5.588229981964192294e-01
8.999438576243569132e-01 8.286332424059467128e-01
3.618280398335042558e-01 4.910965599044215257e-01
7.554771495016487926e-01 7.091231250545577680e-01
8.185607537843819781e-01 7.959417884535926468e-01
8.702502779066610961e-01 8.220577606839248874e-01
5.554629891674413011e-01 5.923111143475475737e-01
6.272087657523772730e-01 7.627819497707897245e-01
5.257963069324400607e-01 5.422161975669408385e-01
3.655125924077399224e-01 4.811293390961902672e-01
5.433194090573842949e-01 4.450335748039681016e-01
4.845587853858113192e-01 5.879677931746145614e-01
6.393292782630101145e-01 6.803438050364117862e-01
4.991007723980038779e-01 5.041828302152879804e-01
5.783295936145198546e-01 5.325382852469520145e-01
4.272215157331423208e-01 4.282811939337401452e-01
6.116490766586044625e-01 5.835164001651755861e-01
4.074911936446249938e-01 5.340933434283077208e-01
7.917906508759925410e-01 6.558990557379947850e-01
6.865458794063777903e-01 8.215945884588297110e-01
6.558354616907454693e-01 6.031449689545375081e-01
7.362614926785588931e-01 7.366039046826842185e-01
6.006447813332391750e-01 5.695137608765945547e-01
7.340332094958772480e-01 6.596534544547349999e-01
6.584171959640787719e-01 5.361095618699356358e-01
4.440346488100225253e-01 5.038300384642953045e-01
9.382319237955411007e-01 8.566188382226781473e-01
4.623523873025326969e-01 4.868902573289300983e-01
3.092177014557380144e-01 3.432518116832863342e-01
5.754907862803722018e-01 6.450827157552614377e-01
6.951295344360259865e-01 6.509371562398780231e-01
6.413865939611450573e-01 6.112077212293905992e-01
8.395116835409190958e-01 7.828784962830259708e-01
8.979965902448618920e-01 8.021946675788684811e-01
4.725617108648993425e-01 4.769905363190844461e-01
5.951658943083829589e-01 5.362708499709053500e-01
4.900402791601248254e-01 4.741035323721896066e-01
7.425296848367680669e-01 8.144840406622521067e-01
6.471038923086050998e-01 6.631791791666840075e-01
3.753488965481889261e-01 3.978363471285680797e-01
5.675631430508281117e-01 5.994496451309885288e-01
4.248895622730999300e-01 3.119798814589982427e-01
4.896400513161345835e-01 4.132520229514053400e-01
6.095062964490060020e-01 5.652650916970863859e-01
6.593370200558931193e-01 6.594008167050514624e-01
6.901832683158245496e-01 7.767275990602416913e-01
4.819009360925711749e-01 4.894930469443891652e-01
6.399722147059414556e-01 5.540732786233479867e-01
3.845788282703090921e-01 4.335925160787107435e-01
7.092355022177573298e-01 7.379982309734015589e-01
6.407413012324070234e-01 5.718125293796121333e-01
7.633244596398335302e-01 7.679532074785196949e-01
9.930816342310536671e-01 9.181490677276461509e-01
3.975577586394633545e-01 4.172866998316359655e-01
4.836999532432771365e-01 5.380811865910682945e-01
6.983883872735220377e-01 6.547093268104776653e-01
7.318638395781097428e-01 7.094579077082546759e-01
5.369836415999653667e-01 4.225729594945472622e-01
5.082630081856488458e-01 6.145359963876330101e-01
5.023731678638621023e-01 5.552837528108323095e-01
5.956251230741984592e-01 5.170944240874724152e-01
5.044460045389800307e-01 3.970706291478005023e-01
7.690928730745536512e-01 7.107489299256344317e-01
5.518962657920594150e-01 6.435181814768833330e-01
6.088475362184848638e-01 5.548013152722448549e-01
4.006695078675009958e-01 4.600593649523722073e-01
4.147706638806845092e-01 5.139429440238577618e-01
7.410347563423200778e-01 7.520471596715587737e-01
6.714649202037221709e-01 6.356707658001385930e-01
6.419765947019396846e-01 6.560378062387085540e-01
8.681560764401008434e-01 8.769350979414054503e-01
5.162065747859476694e-01 6.126850831779637740e-01
5.965951508448090745e-01 4.853970942454432502e-01
4.963119816843500343e-01 5.572282072401748554e-01
5.565789732351554830e-01 4.934424578344306922e-01
6.312395350953436957e-01 6.746868261059388860e-01
7.642640206011604986e-01 8.248921427081511437e-01
7.451804274534467032e-01 7.412478240069565461e-01
9.391890506018997220e-01 8.644029986680236144e-01
7.250867727005850805e-01 6.597529916577699050e-01
4.898557051529915385e-01 4.850073332020369832e-01
6.762371374285979231e-01 6.693215396327628630e-01
4.460609311705708846e-01 4.180028733750102976e-01
7.768159365398730198e-01 8.284668280636642290e-01
7.428894930871864366e-01 7.193864598093572260e-01
5.597774027868028801e-01 5.848042888589398691e-01
5.716400127868325187e-01 5.964381817714848877e-01
3.761783307527239995e-01 4.543265899396637941e-01
6.199941373795498922e-01 5.448919187872325320e-01
4.758406105342054548e-01 4.200604553434374999e-01
7.117574895993058481e-01 6.506887808037190579e-01
4.691708687855885573e-01 6.069350958855498357e-01
6.035704723513689585e-01 6.265680934055249951e-01
8.219049064873450439e-01 8.133186476085610961e-01
5.621395984764445686e-01 5.780920896015557808e-01
6.216758976107020773e-01 6.197378926385964659e-01
7.583499145851470002e-01 7.751024607392912324e-01
7.491212647594870377e-01 6.969088073773140879e-01
3.410952363651467145e-01 3.784992572972215585e-01
5.959618697469097892e-01 6.674868591868492462e-01
6.401557741879281282e-01 6.572557609817645252e-01
3.878616031079382687e-01 3.078998689012525380e-01
4.321529937705803071e-01 3.524424603891267993e-01
5.307222720321287390e-01 5.485742823303894067e-01
6.954912017659692358e-01 6.955088443665088382e-01
6.350311355874945773e-01 6.507487302895403891e-01
7.152883564489409540e-01 8.124242406116473081e-01
6.915589804437456412e-01 7.735296780927392035e-01
5.212539684287706976e-01 6.283810576943766879e-01
4.707931572484645999e-01 4.595682304688933906e-01
5.547443254534909496e-01 5.658687696857331861e-01
5.348573358336682348e-01 5.280666566072617085e-01
7.223601329161788431e-01 6.839077563462743203e-01
6.993420770251584928e-01 7.317157029824868930e-01
7.443905618781737621e-01 7.734300672995927384e-01
5.910326422316140027e-01 6.326086871723927141e-01
6.375936182335010249e-01 6.815102866076793164e-01
2.545246945190563492e-01 3.011332657998326834e-01
6.785341115550349578e-01 6.930222752944357190e-01
4.899891544410708843e-01 4.148908818386001784e-01
6.796170270434004346e-01 6.513373258306814906e-01
6.735718978442120086e-01 6.787464644383207624e-01
5.306639864112255855e-01 5.603627372048675115e-01
5.680376292212310219e-01 5.392719352753196915e-01
6.577936051213481017e-01 6.822480529376125924e-01
7.823411522068112189e-01 7.398141572917534825e-01
5.571327783174846449e-01 4.982538426656314967e-01
4.517921883517612147e-01 4.727058428407006629e-01
6.150328459314855500e-01 6.815120877581746228e-01
6.597620767197670544e-01 5.648386977431941736e-01
6.487576003274854175e-01 6.276842226601307972e-01
9.488298102606090856e-01 9.647112790066135757e-01
7.264699978947996017e-01 6.283879223863683139e-01
4.872488074622351450e-01 4.213658153366044989e-01
6.855352294748539022e-01 6.340015477511166120e-01
6.135623021356633178e-01 5.723242578618801257e-01
5.001130174051731103e-01 4.592164472272086684e-01
5.283774075446645568e-01 5.237958471620638434e-01
4.937201162522197317e-01 4.637821976160611537e-01
5.298922478361349775e-01 5.634053397112823713e-01
6.158337541061881248e-01 5.936174003698605484e-01
8.002161885190304247e-01 7.670701158479136250e-01
8.438948815779464541e-01 8.178964228489645771e-01
5.141203209881393121e-01 5.965146493109081405e-01
2.770930165194270822e-01 3.107641714707611857e-01
5.697351923708217081e-01 6.072485059700295507e-01
7.696918884058375765e-01 7.571068528094005989e-01
5.378326577042472634e-01 5.363287058127025331e-01
6.605154805883081126e-01 6.533412319606098917e-01
7.809379490899378551e-01 8.012166327298192448e-01
6.691263443684791756e-01 7.199397285137745239e-01
6.124041287140336021e-01 5.953909352323967230e-01
6.254353006567610063e-01 5.555406833550100565e-01
5.722310392056447759e-01 7.575895823142230201e-01
5.093862102399493441e-01 6.297615634003090879e-01
8.261183195508801091e-01 6.408532145149650194e-01
2.759962254770925161e-01 3.425357612036167843e-01
4.485488214410162100e-01 3.826009439540566937e-01
5.892818251081993752e-01 6.237293170910550577e-01
6.567167709037925460e-01 7.052941950942938076e-01
6.236488228735981298e-01 6.957976283790752170e-01
4.326918392873909114e-01 4.273927741110364331e-01
4.419437345529434458e-01 4.050025046378556981e-01
4.114177716756273750e-01 4.218150279535384795e-01
6.603631350579477477e-01 5.254627491233709868e-01
7.013990432694694466e-01 7.055167439869549639e-01
7.354293206537014793e-01 7.659355740644055999e-01
4.204477751287091780e-01 4.754128237092550280e-01
8.362307720001678213e-01 9.041798211396632201e-01
5.831565827963736126e-01 6.280373220161721282e-01
7.107136544682147727e-01 7.527878326360958328e-01
3.779960252515837671e-01 4.153732609658326580e-01
7.734673143586169308e-01 7.395620362137990123e-01
9.159129173502492671e-01 8.030644444809927895e-01
5.604921979053674175e-01 5.995989000564183602e-01
3.109955096428821397e-01 3.343429522158248846e-01
5.001404891106296935e-01 5.045460085250260684e-01
8.566337336999428897e-01 9.271840036299116017e-01
8.281844489422170996e-01 9.006149825799280029e-01
7.945783795621383927e-01 8.211413244283454205e-01
5.484317059217467261e-01 5.516014273494462827e-01
3.849938154475351371e-01 4.025414507315843715e-01
5.415768499182702644e-01 5.988487373128668079e-01
3.869038365921406708e-01 3.536733463953726231e-01
6.348757211541097289e-01 6.667692650413542532e-01
5.236503097335670764e-01 4.799845327908819903e-01
5.840345345679084366e-01 7.387124805307986319e-01
4.005714214877287849e-01 3.797030842523693717e-01
5.657077869068172227e-01 6.415102182190051128e-01
7.331129121087515133e-01 7.305484663280904511e-01
5.475198571074716414e-01 5.176571310797278835e-01
7.300358999113751857e-01 5.912948507105313389e-01
6.621905022100971205e-01 6.566420711616904882e-01
7.318185791301146104e-01 7.780015816633729653e-01
8.097891006597254249e-01 8.498077818590211718e-01
7.298050718506139400e-01 6.692238177060405580e-01
4.307704438691539739e-01 3.959820889741019201e-01
3.332084203068739758e-01 4.712216462198213773e-01
4.742362779267080275e-01 4.706097573909780452e-01
4.024693533200276452e-01 4.388871955775924816e-01
8.682457013013370473e-01 8.272382425030530007e-01
4.999957226931939780e-01 3.846202896742934585e-01
6.291859571502322890e-01 6.995636840413677060e-01
4.827370196646108558e-01 5.116063818312712730e-01
6.745312252301391975e-01 6.935979266383711650e-01
7.213787587059161677e-01 7.545010936362963605e-01
7.536868026713628987e-01 7.495953643569349678e-01
4.777501361117107437e-01 4.260644217572076564e-01
5.845901824229797761e-01 6.760495459554161091e-01
6.098865672844513419e-01 5.406341707878294933e-01
7.161075970657607703e-01 6.382962943872522166e-01
6.701678613693238251e-01 7.702417239990815290e-01
8.355712900037626234e-01 8.377221280690620997e-01
6.436094203389095547e-01 6.740025648146508175e-01
6.322238788130756237e-01 5.337035851617517590e-01
8.304017474247072927e-01 8.628535196296193144e-01
4.527228777411076988e-01 4.025546953484913648e-01
4.942287371914634297e-01 4.565551997945119789e-01
5.463343662399732237e-01 5.045236804566136657e-01
6.613700977106308221e-01 6.022252626984351265e-01
3.165019520589256730e-01 3.962539181295600677e-01
3.576327059232126127e-01 2.760164337952525360e-01
6.068219454407474123e-01 6.425928442687957043e-01
6.537157771235939663e-01 7.025079889397571886e-01
4.041060783217051422e-01 5.919261065374044062e-01
5.781099256685193755e-01 7.201476599898970488e-01
4.731291418153995010e-01 5.265094543392403459e-01
3.207132968913903315e-01 3.380289733368246341e-01
5.166867778913872833e-01 6.694355466445331970e-01
6.091951682177811911e-01 4.347658777248230577e-01
7.044586247188779904e-01 6.132586970810691707e-01
7.689956853585248053e-01 6.456013142532469606e-01
6.574805290407456093e-01 5.844298246299007848e-01
5.177988422965190685e-01 4.270271091381146467e-01
5.362076668590224360e-01 5.473533983243622503e-01
6.234457445040710866e-01 6.796356774293181857e-01
2.738515012711841834e-01 2.606214561319504242e-01
6.565737509513637216e-01 6.442393733189607508e-01
6.802282926235186933e-01 7.286537484208216453e-01
6.086204152476665241e-01 5.302468833716204033e-01
7.375480384634598430e-01 6.151218866973164889e-01
6.138391570678864984e-01 6.321388361504061137e-01
8.796401994430198545e-01 7.656972993563033736e-01
6.920969514245924881e-01 7.552219213960724709e-01
4.986905035144924003e-01 3.913313491999863558e-01
7.749131780716786988e-01 7.553564142377628965e-01
6.708987537584361061e-01 6.430451645608961098e-01
8.073463906761650932e-01 7.584355951738839252e-01
5.838592032294661616e-01 5.742900450614566443e-01
6.071101188213838817e-01 5.800659810890429480e-01
4.775235986593354687e-01 3.911008399773557853e-01
6.208231509376994639e-01 5.866128089855405792e-01
3.746973990292604140e-01 4.793464011017629089e-01
6.061258707008769786e-01 5.471804029597753249e-01
5.753332692386953218e-01 6.808246799787825987e-01
6.791149367520931124e-01 6.888061495609666407e-01
7.076636100107811522e-01 5.384990344633131532e-01
3.834674635287179112e-01 4.810014699588652243e-01
7.824881420118811048e-01 8.057645849651818848e-01
4.298285019031913845e-01 4.859273640250706960e-01
3.937709905653735687e-01 3.687990899783997190e-01
5.843056902794211416e-01 5.903500326486298411e-01
3.539489112474021315e-01 3.986861977463661555e-01
5.988506068844049457e-01 5.665979489794620294e-01
5.076423737506415845e-01 6.174999288891039884e-01
5.908928202348725511e-01 5.005399933396211809e-01
6.470758031366344865e-01 7.045848893849649963e-01
7.596215417692930849e-01 7.585722622291295458e-01
6.141140729859828618e-01 6.538337658364716809e-01
3.990648824616387924e-01 4.436207962589467368e-01
4.946598843477677532e-01 4.801930222475249144e-01
6.780706442077732987e-01 6.484490102266013967e-01
5.973903869943791856e-01 6.004684754936814306e-01
5.891942272928234470e-01 6.368156153009794096e-01
6.423214979883105080e-01 6.436868392081485091e-01
8.452148883252954548e-01 8.408175599442277992e-01
4.087476151809206204e-01 5.282186208391825843e-01
8.051618832991949137e-01 8.058435785100290794e-01
4.422099030572558820e-01 3.676825721772494782e-01
5.032868106131231922e-01 4.648327735233553359e-01
5.272347623509444636e-01 6.459422668115500921e-01
5.438115065965319905e-01 5.969092495285462929e-01
6.508787494610592805e-01 5.974760008447079773e-01
8.314966475849623340e-01 7.372031779898466919e-01
8.125968579888521726e-01 8.047475391222230767e-01
6.178746655090148199e-01 6.549757515558387588e-01
6.433988282783206225e-01 5.152113968834225455e-01
7.077654960972701303e-01 6.937364068403915063e-01
5.789038380657262062e-01 5.737934436326076471e-01
6.451147155721445037e-01 6.689199749959447994e-01
4.322210191758368292e-01 4.060941048790878694e-01
4.324820868959229903e-01 4.327983021627349047e-01
4.702060280736332643e-01 5.379188601892157529e-01
7.176529521685175439e-01 6.168330844671696678e-01
7.150185179873373986e-01 8.612044124109889953e-01
7.586884770254456178e-01 7.666764058421269290e-01
7.973764759741691632e-01 7.408061354923135555e-01
5.421506523250535503e-01 7.007285798610115579e-01
5.941805433863216468e-01 5.251272466127869798e-01
5.267832225255704159e-01 5.224532073650114405e-01
6.591992588617587856e-01 6.445414109216809351e-01
5.614522083216603177e-01 6.617015767552621996e-01
5.583483493940010201e-01 5.621024070031234166e-01
6.191245736299387792e-01 5.755334026171524675e-01
4.742265133262886789e-01 4.270873897574680167e-01
5.278301408329560962e-01 4.641932592506269328e-01
7.637865294826037266e-01 7.201500928126683965e-01
6.788586048272174933e-01 7.083592945203721625e-01
4.140274660239421367e-01 4.074518870687152683e-01
8.675067915659445683e-01 8.052454316739378060e-01
4.323496554240851553e-01 5.481941621960171318e-01
7.171062748617090810e-01 7.905686648361015534e-01
6.584580666308909036e-01 5.782914210178161651e-01
4.713288961583941838e-01 5.375807956264664345e-01
7.558919202047754693e-01 7.914867147260299385e-01
5.866343635192348138e-01 5.274975533553938334e-01
4.049398346712268504e-01 4.055390080318804769e-01
7.223713904524786678e-01 7.108257131085393699e-01
7.840580703791979467e-01 8.696245670256901317e-01
7.192723303146543179e-01 7.597737838800201482e-01
5.398136919433687009e-01 5.011349099443309640e-01
5.630016300259985673e-01 6.275368467392719030e-01
4.921741642156399199e-01 5.210230552306396312e-01
6.036278083554864615e-01 6.559543750836900333e-01
7.464153838412868058e-01 6.342993957035361063e-01
9.077721399169674799e-01 8.776197156657724596e-01
3.828994445779830835e-01 4.145543424392139631e-01
7.610575594232964480e-01 7.155179971453189403e-01
7.478706126903270635e-01 7.011870934335350247e-01
3.422010981211578984e-01 3.632398633347063144e-01
8.307757196786947906e-01 8.270518732029595865e-01
9.032600155112223694e-01 8.613085923286517565e-01
5.408101473692292771e-01 5.453744615922830885e-01
8.601579047527793120e-01 9.259851299474669561e-01
4.985256766881416834e-01 6.022153508879712902e-01
5.813666896361104897e-01 6.701873731672056689e-01
4.976527834212836621e-01 4.828460994359325409e-01
6.254675407938933285e-01 6.322613861004652280e-01
6.461103774737858574e-01 6.233320246641186335e-01
2.403014521117262103e-01 2.676021910845758911e-01
5.853588372998805855e-01 5.816249411579315076e-01
4.355863274708516863e-01 3.934427229674855031e-01
5.078189222751186005e-01 5.032109491570289084e-01
6.494870689010876497e-01 6.044141461335745813e-01
5.082486502188500177e-01 4.043452245799471489e-01
5.908440100222833724e-01 5.840322238749180439e-01
4.145142967598245964e-01 5.786391666043252391e-01
7.539321979046103017e-01 7.438740682698041784e-01
5.809876442099852767e-01 6.535284863142409861e-01
7.689986898596733456e-01 7.163180977560567042e-01
7.045913555577464349e-01 6.592157107714776698e-01
8.273139425218546394e-01 7.883014913269800195e-01
5.801989921794468152e-01 4.793657090643331231e-01
5.702090903391094923e-01 5.949943492313956028e-01
6.383347081191904637e-01 6.498256056639627465e-01
6.372973267864806557e-01 6.793771090949284330e-01
3.109021636397872324e-01 2.291464462622535836e-01
5.403324239823594777e-01 5.472810903427556273e-01
3.633936274504772079e-01 2.851113633529600566e-01
4.990635182851637652e-01 5.154543146692717182e-01
5.161804687060088659e-01 5.332829081807027860e-01
6.740466213636837622e-01 6.199715648670875989e-01
6.176704118943260324e-01 7.032253174309067711e-01
8.749473968241427979e-01 8.115213934135454554e-01
2.932880456950833215e-01 2.464799037378473112e-01
5.028835968597437089e-01 3.959221058552339634e-01
8.397631713108897333e-01 9.176912836479884650e-01
5.467897904493478345e-01 6.109466758050360324e-01
2.465929018378607562e-01 3.773544403843382966e-01
7.382427252344425650e-01 8.327423308301997729e-01
5.984497521947942378e-01 4.969283232828116681e-01
4.865313876017793859e-01 7.017081562311617837e-01
4.714562245839367116e-01 3.749621714413798323e-01
5.889800508869327267e-01 5.247528373992214057e-01
5.021596246596857771e-01 5.103571201954313352e-01
5.411955867724672631e-01 6.784954055101907189e-01
7.483133383112400283e-01 6.636222221206721228e-01
5.327309261889765502e-01 5.014416388730735807e-01
5.124085050305502431e-01 5.331946056141356749e-01
6.077654981669650125e-01 5.408252854421319311e-01
3.903356802225417810e-01 4.609603848991615238e-01
6.026083339997927446e-01 6.576675229000976675e-01
5.804698295018266840e-01 6.227583003721057775e-01
6.519143953333610408e-01 5.860477920046314182e-01
5.676472224930902977e-01 7.062464017115680504e-01
6.104058684399670254e-01 6.379876338839548522e-01
2.596094685603229646e-01 1.869821670699103877e-01
5.036287358704815142e-01 5.558256458984850434e-01
7.348178973365608879e-01 6.447511902288245444e-01
5.098116969892022565e-01 5.154679252907373721e-01
4.550870949906800078e-01 4.979084549322875253e-01
4.390008029583843951e-01 5.127112614331560403e-01
5.014321561058701082e-01 5.056127715201073070e-01
6.703119376679425034e-01 6.601122393709351055e-01
6.015621678300502317e-01 6.036051725142885793e-01
8.109033681312221020e-01 7.551666519868627248e-01
4.224768023641271575e-01 4.669643887091084467e-01
4.764658264138315058e-01 4.318320436889371283e-01
5.088735908294779176e-01 5.671774591417191314e-01
6.636461531072073150e-01 5.681665857897786331e-01
6.041258790904328047e-01 5.234154350174070602e-01
6.846847808260685397e-01 6.956331263087551786e-01
4.777459621519931643e-01 5.373832319160302129e-01
6.382090272250000584e-01 5.943786565688264911e-01
6.315735029702653769e-01 5.920941745780219367e-01
6.388328758905180704e-01 6.594020412132571840e-01
5.344311286695354601e-01 5.825681477007768061e-01
4.999204953696446685e-01 3.975319061663137310e-01
7.446040556288743284e-01 7.828395014403909391e-01
5.850709446334682040e-01 5.739366462885674425e-01
4.542876691062979200e-01 5.625244151417422289e-01
7.190445736554164080e-01 6.513584874328636198e-01
6.354590032287453782e-01 6.259106985048178418e-01
6.866079153010665737e-01 7.683128095784851341e-01
3.438455295071582984e-01 3.431774896673288611e-01
5.657456827892961559e-01 5.818682494447906528e-01
3.810908155852428258e-01 5.231106905550166886e-01
5.032050632284230662e-01 4.601824441533730603e-01
6.003370952190120180e-01 5.595981470859870965e-01
7.267916951152535443e-01 6.647566939257310015e-01
6.360159569260187551e-01 6.876305676383437371e-01
5.140772126667778608e-01 5.320200535101735628e-01
6.230627264809567301e-01 6.283823229919425213e-01
4.524084472881846342e-01 4.537814421980798096e-01
4.631268055236553716e-01 5.439958984825422617e-01
8.012809358222243716e-01 7.959191716996065757e-01
6.418970515891321282e-01 6.938489108580615516e-01
4.716182935454008573e-01 5.811766742588847512e-01
4.168791119288335345e-01 5.216495243814137650e-01
6.373773000974533032e-01 6.231248146642328622e-01
8.761512406991062152e-01 8.807108982228976091e-01
5.166603680431017809e-01 4.985575666371980796e-01
5.244715694746413526e-01 5.505217645528099890e-01
8.386832265546474430e-01 9.855882897537145970e-01
9.267430162799910054e-01 8.885475531018662831e-01
8.372633184926132621e-01 7.645586110888955567e-01
3.941329252323633736e-01 4.423728998993584072e-01
6.537902750715779421e-01 7.380045374466125407e-01
4.504999307758008054e-01 5.193878970389350647e-01
6.563388619353900388e-01 5.849115946643514974e-01
6.551659839194043933e-01 5.372896559913906689e-01
5.730233256816712473e-01 6.092140546902871101e-01
5.910110082835871026e-01 6.221005836350541607e-01
5.417302796349752203e-01 5.534478939546869647e-01
6.951908706264118276e-01 6.614399092206573183e-01
6.243950983037067637e-01 4.433038823875276591e-01
7.053875144420564958e-01 7.202313947923164594e-01
3.442825974429300495e-01 3.479962450133686214e-01
9.272501855759234246e-01 8.092545984789647484e-01
5.637647524450983827e-01 4.731894286398883320e-01
4.213401390519414536e-01 3.829327360295071703e-01
4.885481894925876034e-01 5.695669158953993172e-01
3.946554820345542502e-01 3.288532361396842019e-01
6.612774466033788379e-01 6.055921073523835574e-01
6.405060979010919198e-01 5.076353612843949037e-01
5.094684434125152928e-01 5.753060778368698225e-01
4.384911991757213245e-01 4.759870119688983658e-01
7.419467094889012904e-01 8.060002464478793760e-01
2.315492260818810544e-01 3.883197104048761727e-01
5.233731747837747639e-01 6.298281749235835614e-01
7.601756066326676997e-01 8.094789176594368030e-01
3.292687713154044404e-01 4.631504610485719375e-01
5.373267138617219274e-01 5.255038451777243047e-01
5.489074301973189129e-01 4.748508319427635072e-01
6.368147961840292526e-01 5.465542987878827530e-01
6.111883992404970600e-01 4.936595359823842122e-01
8.992232479591432126e-01 8.836385150076141448e-01
6.463751139708889815e-01 6.672875544248290103e-01
6.650270432260458886e-01 5.832674000185045227e-01
5.984556331266359663e-01 5.726236421156947198e-01
4.272509319257121185e-01 4.813222231570903342e-01
6.607688700232373646e-01 6.177772053975610911e-01
8.332327528642342607e-01 8.569404524310844096e-01
6.319269262615001548e-01 5.409906362658691847e-01
5.489035478643177202e-01 5.917484133618814424e-01
6.567680261600929992e-01 5.863657415483842783e-01
7.460904490069877326e-01 7.481522015872204001e-01
5.851032525900551340e-01 6.114532248442524631e-01
6.378455667322390221e-01 5.874286774579710046e-01
5.084465512296632017e-01 4.118206044912406938e-01
5.614738846302972375e-01 6.622353009811597913e-01
8.044111383978942431e-01 8.021818479612665698e-01
4.536910572276320885e-01 4.772696402376255809e-01
7.260231262441535494e-01 6.286543746496703333e-01
6.188243219385896055e-01 6.949743361442577427e-01
9.758287168478165796e-01 9.316197133176231659e-01
4.412602271126849218e-01 5.379378466518960344e-01
6.580054504951139416e-01 6.096179434733962621e-01
6.106825355749093687e-01 4.617399094706683416e-01
7.229856975585295942e-01 7.071936426792984065e-01
4.611950439172595173e-01 5.115717003154162112e-01
5.482174375114160503e-01 5.574772222280665046e-01
6.505942475564235883e-01 6.765309472060642149e-01
5.573783532693498133e-01 7.046123164389209714e-01
5.688319437366486930e-01 6.075167908476384326e-01
5.846160880699066142e-01 6.515966220028169831e-01
8.890413327113946274e-01 9.549479674835035237e-01
4.875382143235914012e-01 6.169516977905541433e-01
7.639597383408834874e-01 7.707653262313965969e-01
4.974665477596109664e-01 4.877274906925803677e-01
5.512245659462354785e-01 5.662120067474220031e-01
8.096327872669689674e-01 8.147291324687947478e-01
6.162741856479390101e-01 6.516847867474284683e-01
5.443789084167387493e-01 5.910836113539461589e-01
7.880503784669992129e-01 7.980047463339892122e-01
4.721452752121834684e-01 5.099934047877271448e-01
6.627571128381141152e-01 6.873976752145322111e-01
5.578859664911081095e-01 5.429337673544000209e-01
6.103182558715073425e-01 5.763055005136231701e-01
6.926215566474129837e-01 7.034455815586579952e-01
8.669670547806762606e-01 8.323897636930350785e-01
7.943675127720913887e-01 7.977443388953727732e-01
2.551241620844201252e-01 2.006675997572464620e-01
5.213898319045214835e-01 6.252133204134248112e-01
8.690400459425084989e-01 8.129730097843537173e-01
8.747231927111744909e-01 8.714734655251339390e-01
7.067296584638071977e-01 6.723461097380656337e-01
7.008119949946277627e-01 7.019719361398383262e-01
5.070516318233823094e-01 6.410754889071829110e-01
6.222713542809668041e-01 6.346923490621556585e-01
5.992606504259171407e-01 6.031052884348563348e-01
7.168621431554583756e-01 7.098975108373993814e-01
5.589784075489495629e-01 5.943676155090574786e-01
4.298797489773308889e-01 4.755271027792989380e-01
7.062528971250997545e-01 6.754075462530325646e-01
5.356080677411400037e-01 5.502508988004973789e-01
5.075476245421974841e-01 4.326797417752201169e-01
6.109608806616018128e-01 6.617327396935761552e-01
5.634122967934970250e-01 5.573176964126124178e-01
6.285161471125940702e-01 6.022443750881610880e-01
4.356463437939737116e-01 4.517552075934013756e-01
7.815262720764486470e-01 9.394920844400649340e-01
5.814293428459145208e-01 6.259914412640226189e-01
6.470418834409173980e-01 6.244216921719824009e-01
6.118300917874529565e-01 6.055785119359303748e-01
9.534671025138530265e-01 8.465827615766257086e-01
6.840628362369194360e-01 7.625614292066118516e-01
8.139869086083214578e-01 8.095834527495716637e-01
7.574979812579323291e-01 6.677414519511695179e-01
5.252312043734173042e-01 4.814583844004727275e-01
4.617480537442136268e-01 4.820330327465345843e-01
4.865207681075612300e-01 5.208424259466851725e-01
5.110632331498868863e-01 6.086937254134560105e-01
4.754358865433081505e-01 5.861812662918188810e-01
2.872842140164648117e-01 4.523715840048243009e-01
5.916026100275343369e-01 6.014128958273535774e-01
8.352492221238374537e-01 8.718620950564681671e-01
5.579692944688561251e-01 5.462326211019949973e-01
6.841507640661617096e-01 6.824162788532157631e-01
3.743499602278760885e-01 4.025686640180148879e-01
4.154062849047437389e-01 4.304609302473892951e-01
6.481955475956456825e-01 7.595458838311485161e-01
5.963601668983147253e-01 6.065681864093064313e-01
5.671715086830593222e-01 5.443648684924997649e-01
6.723782197151133566e-01 6.750166034713811491e-01
5.454860670076451257e-01 4.471435183811170444e-01
6.694995020300440469e-01 6.589824163594959483e-01
4.165860443503384136e-01 5.539557528655958407e-01
5.923873121480240922e-01 5.377046385636277126e-01
7.275907707494062571e-01 8.141558575883085513e-01
6.526042364351242187e-01 7.119835030554680921e-01
8.511809228237862124e-01 8.610423301953987751e-01
4.772812784851738210e-01 5.540017142692149621e-01
3.167174192173313196e-01 3.040884805715750039e-01
8.646466584619684204e-01 9.264319357850000491e-01
2.920049592617621204e-01 3.776753467351842697e-01
4.505358269074939970e-01 5.393640906288835746e-01
7.572239393541586594e-01 6.688031931003513009e-01
8.774950193435891999e-01 8.904054873441383799e-01
7.206486219212504540e-01 7.453324942692454158e-01
5.523351337111847004e-01 5.717685643488706893e-01
9.126761293644679585e-01 7.973074990353133940e-01
6.402468306304809342e-01 7.048823865290108071e-01
5.590617871352784318e-01 4.430490778122342932e-01
6.454712453492719160e-01 6.674038017787244925e-01
7.924056321572456874e-01 8.387677133426818532e-01
4.425885092481608440e-01 4.282891596861818639e-01
5.833435334458544341e-01 6.071833547568180611e-01
4.912289254801308624e-01 5.064228543608527700e-01
6.516228555436902603e-01 6.282780204244216016e-01
6.983050866252613620e-01 7.108889725190725706e-01
6.125798507595728859e-01 5.162167787239914096e-01
3.979222757538193878e-01 4.651670879344895204e-01
3.689866003397407335e-01 3.392776890148891944e-01
5.402846194131575297e-01 5.883799720397565602e-01
6.352616437301408236e-01 6.729294698013952303e-01
6.791441224277815492e-01 6.911881073335212067e-01
3.348760010130100162e-01 3.468815532095035903e-01
5.347113391552991146e-01 6.289286283683750423e-01
6.604079807659346546e-01 6.568714212557225096e-01
7.449487142147366292e-01 8.490393516703711452e-01
5.860469201022654451e-01 5.832606287244147536e-01
8.172394036962089547e-01 8.123655645732008601e-01
5.178314078816302901e-01 5.203290655011963972e-01
4.546749316856301126e-01 4.478481563988164771e-01
5.760193264469599672e-01 5.634950453660034775e-01
7.488936564272766772e-01 7.755924226325970894e-01
8.526974289184546807e-01 8.842183535088631308e-01
3.382105170540380956e-01 4.067395993123524289e-01
6.709576049884919957e-01 8.226311667119192705e-01
4.135629351597419068e-01 5.481128525494836090e-01
3.926513419509961578e-01 4.867879249061560776e-01
7.283685929604891696e-01 6.715552390075386624e-01
5.792217423183171343e-01 6.616863881423197258e-01
4.678297578952864133e-01 4.147700374187984207e-01
6.233354817787245539e-01 6.289504592199265387e-01
6.776577909872462113e-01 6.075420021391245706e-01
7.340082636818872075e-01 7.260528584553518350e-01
8.767209319751759766e-01 9.286978890422480371e-01
6.555232041429503997e-01 6.743126955655531773e-01
4.583630020749397960e-01 4.888464586277278534e-01
2.782026664800646421e-01 3.051226370359039208e-01
5.240469059943858587e-01 4.948616464616893973e-01
5.185827339349340370e-01 5.042951861721092222e-01
5.325413152270626060e-01 5.424241241710781036e-01
7.684142223192920174e-01 7.761414851475993970e-01
5.997661105572081874e-01 5.051880183819951187e-01
7.762531669562974246e-01 7.913835020882488136e-01
6.825041326562120148e-01 6.841178492771904374e-01
6.864083684536835817e-01 6.530692426018537278e-01
6.171438383202504374e-01 6.097303980798419731e-01
4.233900916499767075e-01 4.503864191567302222e-01
6.285865716286240801e-01 5.730601639645214185e-01
4.586092991066239022e-01 3.155256919606578836e-01
6.367692752582634341e-01 5.551234675765699400e-01
6.420761390540877800e-01 6.564638836185213711e-01
5.564614485456796933e-01 6.498675184713370578e-01
6.013666312626285704e-01 6.589324250769806879e-01
5.613737700407255282e-01 5.748985252059950479e-01
5.511087665311410477e-01 5.049509932286505576e-01
6.544646163004225192e-01 8.261111286561687583e-01
9.390259408407946040e-01 9.206611480548592130e-01
4.046817364849333298e-01 4.378973254487581457e-01
2.712055054612905192e-01 3.634105642314715556e-01
1.049724771423741654e+00 9.831343028522915306e-01
6.671249155059908453e-01 7.293942292151420759e-01
6.846206435142450086e-01 6.973083090666514217e-01
6.728911710449816397e-01 6.941880239546329712e-01
7.442377618886613089e-01 7.439220129521761926e-01
5.951742389610813477e-01 5.658355500831809826e-01
4.623738561686852599e-01 5.247047802736186650e-01
4.956250891010330895e-01 4.196219239465753814e-01
7.290033926502494932e-01 6.924392534833918589e-01
4.778022127123939811e-01 4.556475986381589571e-01
7.226586550420739385e-01 6.163284989189039553e-01
7.745440277027342280e-01 7.684455298031591663e-01
5.216316477269296037e-01 3.429551850219099141e-01
4.895002348809803228e-01 5.679227978306456981e-01
7.103573752841774169e-01 7.223502129391983217e-01
5.107909548429350188e-01 6.350232569279257167e-01
9.898245475828344464e-01 1.019817145109779277e+00
6.732575519208537917e-01 6.532562815187500371e-01
4.791003892961454014e-01 4.258161553355552797e-01
3.076761465041296661e-01 4.429711097433507438e-01
4.247876569550451120e-01 4.878483831130439596e-01
3.250447476468235064e-01 4.380193661159825225e-01
3.951908722110673566e-01 4.303217677545027597e-01
7.337718458779921571e-01 7.262399794479618143e-01
6.974808004241837001e-01 6.119194625411887856e-01
6.756858287749658576e-01 6.467150697979622276e-01
6.885784922034197120e-01 7.086629180539361084e-01
4.161747862734390124e-01 4.493577083431772867e-01
5.469370950001674059e-01 5.034725506478706647e-01
5.743537506132053716e-01 6.536765063708404044e-01
4.084126368000791096e-01 4.592250507537630755e-01
5.355103287884522834e-01 4.853658702232997446e-01
5.521457247739164353e-01 6.212098696387179375e-01
6.927139488297361369e-01 6.352839799986301772e-01
7.079116159404290620e-01 7.610766737939138604e-01
5.312162305051694178e-01 6.157831389350457707e-01
1.013309832746157602e+00 1.008170176965529796e+00
4.777544830898033945e-01 4.418572873058902450e-01
5.899168167613332292e-01 5.461753301915960312e-01
4.876048367389661520e-01 5.156841576170857477e-01
6.074210030094232549e-01 6.382054699875862047e-01
8.458308148679299920e-01 8.241784258861156731e-01
6.653813570585650483e-01 5.854534067434430389e-01
5.976241312357356561e-01 5.930145340861835423e-01
4.383670639225623611e-01 4.663781781245164848e-01
4.754387039023384998e-01 5.972432828683891248e-01
3.553182954896410561e-01 4.482889730243301840e-01
7.001044035480405991e-01 7.506343484866846438e-01
5.939959671637402572e-01 5.749458198349621796e-01
5.300685724962982404e-01 5.712033874858187810e-01
6.500224404516540266e-01 5.731426282129022942e-01
7.262544116957445617e-01 6.564054849792992918e-01
2.875988998482522097e-01 3.421865893344432918e-01
5.247731766925290975e-01 5.272989889011218123e-01
5.850213589073743892e-01 5.884495209009285022e-01
7.251524676839712358e-01 7.451506484438700229e-01
4.218611565130673813e-01 4.548543638851774706e-01
2.584850854565980960e-01 3.613298786906596893e-01
5.289048967968650317e-01 5.399926519359372623e-01
6.855845116324340571e-01 6.928075660210825104e-01
