7.567517055404017201e-01 7.903162502870318962e-01
5.719222408821135195e-01 6.098734300403193531e-01
7.805928556635333138e-01 8.384895627099755444e-01
5.655224688867246385e-01 6.874528615974997425e-01
5.975152129369614151e-01 5.905819003672181378e-01
6.078809856450100302e-01 5.868998907870306425e-01
5.397129583971433942e-01 4.453312678998653795e-01
1.905650050514179905e-01 2.173996812647982502e-01
6.825493343319430917e-01 7.432706917576563654e-01
5.360843128936523261e-01 4.891197297243388142e-01
5.269413756532628224e-01 5.458434043475166586e-01
4.888091064855003554e-01 4.660175928772197773e-01
5.221861414044672856e-01 5.236105972987545876e-01
3.283003086601957721e-01 3.582504738541887335e-01
6.665489508680466635e-01 6.597998501172184227e-01
8.520067767748429333e-01 8.054157625675084642e-01
5.922642782683558149e-01 5.093858265363910842e-01
5.484224296569039092e-01 5.175304586038026455e-01
6.861994114357139463e-01 6.712791179695867250e-01
4.419499766947308506e-01 3.493500446146369787e-01
5.794226854041594210e-01 5.710949065660521073e-01
6.909700357616677113e-01 6.857191957098478508e-01
5.970866307315558785e-01 5.909826828635660334e-01
5.614712378420737560e-01 5.368937346067333971e-01
7.141227813663899582e-01 6.584462163768416421e-01
5.798759919714723265e-01 5.868447884371902346e-01
6.580489685357100438e-01 6.037209587041110215e-01
5.338724642797267883e-01 5.310316177526210879e-01
4.759335770285748057e-01 4.457475095168579871e-01
7.136139419381151150e-01 6.838083862241033373e-01
5.422274922799007468e-01 5.838030087459219475e-01
5.828345000206074378e-01 6.497886105747154861e-01
7.427090210922381308e-01 7.646487330025087958e-01
6.412079550302810516e-01 6.394187717554321582e-01
4.396934858383460543e-01 4.364018294925260943e-01
7.076056359745055424e-01 6.691119172082438116e-01
3.479405008941566235e-01 3.456340702722038305e-01
5.663382736311722843e-01 5.533405231515248213e-01
6.848790073956840807e-01 7.203263189068618289e-01
6.208156640541071525e-01 6.505186015285042700e-01
5.978916489695508263e-01 6.170345693066286996e-01
7.151435100421869029e-01 6.334205790410453174e-01
6.626351684013784826e-01 4.758725741754254446e-01
5.794331850191178912e-01 7.282915794116477937e-01
5.739947673984338028e-01 6.123734533479034958e-01
7.781536257835045545e-01 8.374447885662176239e-01
7.338546613558623033e-01 6.556954883440124782e-01
6.568192517175062140e-01 7.413283458957085070e-01
2.930280390674992463e-01 3.413505060233352206e-01
6.419177747808637591e-01 6.536021831320335540e-01
8.400810453366222008e-01 7.910109045981067455e-01
6.684253835950940692e-01 5.614011949404410506e-01
7.063741761234872962e-01 8.002125859060810198e-01
5.065026417302860295e-01 4.641591281534733215e-01
3.778219313321777850e-01 4.215788316806529101e-01
5.493611073723919658e-01 5.988310576938334906e-01
7.470636491223594522e-01 7.828824769482409796e-01
1.953914581471967726e-01 1.843492049663454924e-01
8.174696545196253883e-01 7.441580820635027571e-01
6.867293976697453894e-01 7.137540047450782188e-01
3.876158833408742677e-01 4.103345638958983965e-01
5.646964414891856299e-01 5.990332968676307379e-01
4.850301094165328508e-01 4.282411699220647905e-01
6.444544271250728373e-01 6.466809458035701619e-01
6.085527853314560698e-01 5.728917571967038214e-01
6.017976145676540156e-01 5.953229293552866341e-01
4.694073211381784572e-01 4.029371844783576351e-01
6.305186018560346994e-01 5.407324711629226677e-01
6.440865304351793830e-01 6.751469665462827008e-01
5.705845555454143181e-01 5.633302856173867390e-01
5.263216245018792483e-01 5.421201387970399077e-01
7.359629155274340917e-01 7.507813095751223464e-01
5.707744081009183956e-01 5.493933057883589877e-01
2.490420784832476087e-01 2.625992281682388296e-01
5.281204667766389305e-01 5.669142885737535886e-01
6.314024029489804235e-01 6.702027021527989792e-01
4.705852195840233843e-01 4.742485386031654593e-01
3.047459567763027843e-01 3.658317415827212482e-01
7.695603957310911403e-01 8.265190140297499211e-01
5.634707089997121887e-01 5.770426660936904817e-01
5.902191352203652874e-01 5.696966862861282399e-01
5.971399753870174631e-01 6.509276078526762266e-01
5.016348608636940209e-01 4.687127623477224669e-01
6.313916709924141113e-01 5.821709366963743193e-01
4.934666752903708042e-01 4.523056675688953421e-01
6.988937500508672906e-01 6.796366371107692705e-01
6.518954725901042746e-01 7.061838233870711967e-01
7.772479032547874311e-01 7.968167457335146864e-01
7.453025487703934804e-01 7.465357431597494653e-01
3.665663245070748255e-01 3.922115619538959486e-01
6.198442997849962222e-01 6.545151061110208168e-01
7.311355469523244111e-01 7.415692665739630485e-01
4.412436327227886035e-01 4.437981619253311139e-01
6.578677238504254676e-01 7.133054795303149787e-01
4.142880503193881458e-01 4.222252330290897082e-01
6.390424777104045662e-01 6.770308557044234510e-01
6.091117526417716421e-01 5.842534776952384989e-01
6.581935122743106659e-01 6.905030731725575466e-01
7.980126890650426352e-01 7.258206289213494644e-01
5.007290008332837550e-01 5.604411210801542031e-01
8.451369493840623637e-01 8.405712248180214896e-01
7.913235846736209611e-01 7.186465089485268853e-01
4.974568952607648642e-01 5.076078847073307587e-01
7.345480114877986910e-01 7.765172748201152331e-01
5.954144473388279790e-01 5.721701188163449414e-01
2.331087783255950396e-01 3.002428200435955929e-01
3.143978901592268671e-01 4.045684307289579285e-01
5.410810911549602809e-01 5.526999189671631951e-01
6.851190251857345315e-01 7.866107362188373697e-01
5.579327601877810405e-01 5.986530048036087237e-01
7.133185365083483109e-01 6.003115082221495147e-01
7.011246144055336416e-01 6.943261651007701651e-01
4.480674694725848561e-01 4.213766988367442790e-01
3.781924639927148890e-01 4.588142725158761426e-01
4.999415775001834206e-01 5.684888840518003139e-01
7.319246462930790731e-01 7.576866173212877253e-01
5.564452217149630231e-01 5.247887207863631831e-01
5.929791167061128077e-01 5.738675999715651121e-01
5.673702457568118307e-01 6.015830998289805054e-01
6.005601744700628242e-01 6.303869930896071061e-01
7.032512400721327994e-01 6.840605628600376908e-01
7.443450782297963420e-01 7.301655646115342568e-01
4.452478306847957867e-01 3.892249364656744648e-01
6.667406771569387436e-01 6.286418056341841476e-01
4.159619201666213129e-01 4.532075244234324285e-01
5.385275923644419205e-01 5.318538808231749737e-01
7.473131180593177714e-01 7.231971769999918642e-01
7.261174322705503670e-01 6.077843518098313691e-01
7.274982756577547116e-01 7.907503656006026338e-01
3.839121748666623479e-01 4.628265019059656926e-01
4.960490532024791621e-01 5.593130779876157588e-01
3.494502184451078741e-01 2.958631365113750245e-01
5.760313984131142373e-01 6.489908587125563511e-01
7.831112599162730614e-01 7.930424862898928229e-01
5.151154182209347621e-01 4.365559570696073699e-01
6.129818810723552946e-01 6.132678217506235541e-01
5.467083156985775849e-01 5.289788378082745934e-01
5.822766310589875260e-01 5.182966016904813067e-01
5.196875685963883162e-01 4.898374106946442597e-01
6.705378178091246921e-01 7.139946292953168738e-01
6.433082636403014698e-01 5.932082568147104551e-01
5.278440777392769956e-01 4.502692858955186228e-01
7.177671366599738256e-01 7.618552033834173898e-01
6.084160830824190125e-01 5.530505505542486766e-01
5.321389829030552798e-01 5.366276694165937888e-01
7.958781632279681162e-01 8.294543717564459850e-01
5.456008784796646527e-01 5.933886367252205751e-01
5.135212328432793294e-01 5.850977765212833637e-01
9.307308944526451189e-01 8.928553573666748733e-01
6.058222693417919524e-01 5.433471486410456075e-01
7.543867222575868503e-01 7.505000085182034208e-01
5.387237875075830962e-01 5.028919164733377523e-01
7.990343280021893202e-01 7.114145112758246681e-01
7.022725270833392042e-01 6.237026358493737987e-01
4.747343862203712850e-01 4.176006150121157057e-01
5.910075410222912495e-01 6.860100590258881859e-01
3.839398800897908526e-01 4.473613774396234533e-01
4.782043728291909823e-01 3.847034196425818675e-01
7.566005460765862223e-01 7.632479796599357380e-01
4.238958618930115940e-01 4.508469498343691817e-01
4.998597920329019284e-01 4.988360544361509219e-01
7.343022559138819849e-01 7.590799715654713564e-01
5.154086275743975376e-01 5.566651650559434339e-01
7.744934781147690961e-01 7.970996155374178160e-01
7.228913323108500100e-01 7.684166853542934161e-01
6.124396379665937307e-01 6.411328414700858680e-01
7.467419388629529253e-01 6.647851499497280381e-01
6.739049091664822688e-01 6.168683410042216098e-01
7.175958104684475591e-01 7.537729669206195693e-01
3.205607717246092836e-01 3.997892364658977016e-01
8.543882372134258274e-01 7.979123291752102665e-01
5.230964273190332747e-01 5.695232914799872592e-01
7.231375526551936384e-01 7.756276249119037347e-01
7.751324195798505734e-01 6.437965926620394796e-01
4.329160678777420612e-01 4.312150047104440498e-01
6.352443761142377854e-01 4.785562949669460719e-01
4.161058867271630879e-01 4.374258239606692023e-01
6.735100377603289168e-01 6.223134257348488241e-01
5.932175292758216090e-01 6.346406507376886053e-01
5.631467708357431601e-01 4.792515111138992423e-01
5.818175056836365489e-01 6.456648803399129832e-01
4.789135160089494914e-01 4.831952971872025548e-01
5.623928920281583421e-01 6.566274263755290663e-01
5.901438664930971356e-01 6.387154396649725729e-01
4.504103390938806184e-01 4.799022076213859123e-01
4.959657350138554910e-01 4.420072847876230226e-01
6.984020333309886031e-01 7.409099975552864148e-01
5.058955991259037610e-01 4.101339592436215042e-01
6.496830503743816765e-01 5.965189923575552333e-01
5.387333517453852805e-01 5.217915639584950194e-01
8.627612963164567050e-01 7.971876656425237462e-01
5.175081481082983714e-01 4.995467238017849421e-01
4.557423964216648082e-01 4.647334582948584591e-01
6.113222932498947326e-01 5.755451986343513848e-01
9.991638290801558853e-01 1.030526153783951848e+00
6.803445139496773209e-01 6.578417072937983168e-01
4.885994831663164062e-01 5.282758443129064174e-01
5.359995624140357906e-01 4.940269056328718267e-01
5.438243985432273941e-01 5.090908538846177223e-01
7.398391323949643494e-01 8.225642207240891901e-01
8.224255313255439681e-01 7.670687870491768034e-01
6.276232144274038749e-01 5.876408372994392781e-01
6.858062691326403115e-01 6.965512350240667949e-01
5.201972459714909736e-01 5.069866553086490590e-01
6.902268109845890454e-01 6.873448435683906510e-01
3.831893599490860947e-01 4.061157711460616770e-01
6.892102239838675537e-01 6.366035035092418859e-01
6.343844226760634308e-01 5.471863990732749317e-01
8.029032800625514055e-01 8.007221841418975528e-01
8.072864253502752829e-01 8.119642402449357421e-01
4.854222023305431732e-01 4.329159275585452993e-01
8.180735665287902636e-01 9.076134357336552716e-01
5.028352970579498260e-01 5.131390253535142998e-01
7.316047192027552715e-01 6.809080482016134361e-01
6.789974139864632940e-01 6.536606290406593578e-01
5.716686786091632611e-01 6.083524893884354467e-01
6.708474965870389051e-01 6.533726561327152238e-01
5.829434657621500593e-01 6.112851956201513781e-01
4.547360785973154074e-01 4.258149241432813148e-01
9.562873067516332037e-01 9.978440294376681452e-01
1.070047826046676365e+00 9.302117501336190086e-01
6.512140805665159737e-01 6.442658909051067750e-01
7.339035150065391644e-01 6.857431886326661452e-01
4.647578205602717061e-01 4.629611539546364396e-01
6.074124601367060228e-01 5.768408875992921958e-01
6.107069345607890609e-01 6.714683799148081222e-01
6.248351174357815729e-01 6.060846437948197440e-01
6.547402152485820581e-01 6.462046290585484742e-01
7.232577683422489745e-01 7.261001107066902271e-01
6.621885173316013340e-01 6.492740320549543753e-01
6.041287010255814716e-01 6.405452223846733739e-01
5.021082364198284909e-01 5.415040790373194524e-01
5.115961497633207955e-01 5.446013873328927613e-01
4.894421319522919700e-01 3.731359832579886349e-01
5.730506117378028064e-01 5.155298356504894874e-01
6.926917342773660780e-01 6.210390415804322162e-01
6.333276469244560891e-01 6.328482959929436769e-01
5.600915363473168984e-01 5.880358649324126663e-01
7.898185931432500917e-01 7.275450828675006365e-01
4.502074487892485655e-01 4.537057022779964477e-01
6.710879993578782177e-01 6.565546794836416566e-01
6.729907900669649390e-01 6.463266415819488575e-01
6.281557941944788670e-01 5.697128255693553189e-01
5.493965772598595754e-01 5.801660984729396509e-01
5.781612061608756292e-01 6.362885253393653073e-01
6.302090016226006286e-01 5.841795881315680061e-01
1.027456431916348611e+00 1.001534027897809542e+00
5.581104651400624617e-01 4.939252578944582917e-01
4.892740903856359624e-01 5.370693620575411886e-01
8.148144604268765523e-01 8.187474272345813819e-01
6.767991658578476066e-01 6.987683189292943631e-01
5.378753844221713099e-01 4.974730760809473740e-01
5.977338969100731703e-01 5.156835364245928588e-01
5.055991944421431850e-01 4.984837380871158241e-01
8.013268768862281677e-01 7.354548701248887488e-01
7.067743401704585926e-01 6.714644423448602462e-01
6.720917328817502812e-01 6.050963078799341810e-01
4.642215391036351724e-01 3.896119001386536551e-01
6.919654057616291265e-01 6.730328269967884580e-01
8.617426309715436883e-01 8.121872291145257883e-01
8.127844377873321147e-01 7.268068709904371705e-01
7.401209284157688195e-01 6.774629652540826719e-01
6.078297832550693114e-01 6.373955232005140692e-01
6.058139868888849922e-01 4.951752933228044107e-01
6.960685250605750385e-01 7.773228757044313708e-01
6.990863237517760398e-01 7.157685686895459698e-01
4.175219585913597098e-01 4.030960906311443215e-01
6.428019013092532985e-01 6.291463713408181890e-01
6.736121172629716547e-01 6.608294878572720243e-01
9.044924003723957551e-01 8.580981702269552258e-01
7.121550225022604819e-01 7.653579466918721819e-01
6.074540476684175960e-01 6.031313901837400682e-01
5.061399502818203500e-01 4.416727814278464392e-01
6.731562029621468435e-01 7.045235221966360539e-01
3.568207212938133699e-01 3.195538395715260549e-01
4.075952188907076557e-01 4.316856530245349322e-01
4.557701656403924662e-01 3.846676057376164359e-01
7.171051968451327419e-01 6.761737229053883524e-01
5.993300166357539149e-01 4.998238922565562681e-01
7.182016550228768059e-01 7.589354388108572325e-01
2.993541296635569560e-01 3.090272661274515165e-01
3.431846258461160315e-01 2.882295657685279289e-01
5.396740664235207818e-01 5.205098057133420442e-01
5.375627159456642934e-01 5.486064675991270123e-01
6.813863284837017309e-01 6.954241816788356845e-01
6.922209631999027835e-01 6.416257242530998273e-01
7.954025686450860722e-01 7.114443968773989102e-01
6.738653006766810449e-01 6.807601667235738674e-01
5.367974191004616369e-01 5.041874089074953602e-01
9.024007540659045867e-01 8.505890603560738450e-01
3.496667079040909343e-01 4.830854065318399559e-01
3.631137083175257074e-01 3.985454233469639118e-01
7.937667963563593831e-01 7.804461561279124604e-01
5.369127863837298564e-01 5.963461522969201178e-01
5.064258431144864625e-01 4.797451475684792466e-01
6.457885516534390691e-01 6.407320444212910582e-01
6.758257766867249439e-01 7.165329537765164902e-01
7.657754672687866471e-01 8.134188072780288437e-01
6.624634516921130700e-01 6.350240072089190502e-01
4.563621195987126455e-01 5.360232041819265048e-01
8.186114559987455186e-01 8.892569594259528420e-01
6.028390169833631740e-01 4.988084519205148171e-01
4.864801584614698582e-01 4.549199345895807989e-01
5.251613180069159004e-01 5.069889773789910681e-01
3.365024026812760694e-01 4.185207528004429856e-01
5.589827356089631660e-01 5.706729349633599124e-01
6.179949349072668685e-01 6.662136979614250443e-01
7.499617152306877754e-01 5.832445686817272490e-01
5.492597908793852568e-01 5.254521308545616609e-01
5.746297521265796293e-01 6.054220688313446397e-01
6.834241941302627854e-01 6.366210244007466379e-01
6.487111091325039602e-01 7.417266089545619945e-01
6.892888718029290818e-01 6.905248825197181084e-01
6.994564237419529373e-01 6.457959077878725473e-01
7.276837132954880882e-01 6.913425916964006657e-01
5.830799303525713295e-01 5.813885951041775080e-01
4.436976744871269362e-01 3.662140964660852704e-01
5.250291556586594854e-01 5.578786802235988773e-01
4.781906010024810083e-01 5.228470378698406584e-01
4.331490833654881856e-01 3.916153944893001615e-01
5.449753002200802277e-01 4.548840719665173116e-01
6.816781532025865120e-01 5.986376615483018915e-01
5.307587921567307188e-01 6.848006286707957191e-01
7.013808013550872911e-01 6.602175762814386228e-01
6.426848065072610083e-01 6.330324253834447301e-01
5.703603079641528240e-01 5.933602217513429533e-01
6.382819992105558393e-01 6.664438151682169353e-01
4.923022671403075035e-01 4.988801858707040959e-01
6.516681983523309185e-01 5.763827633466660494e-01
7.522608346461263640e-01 7.300935297427622039e-01
4.897406041429863688e-01 5.092000838160688492e-01
8.301899073427714271e-01 8.471998226105761365e-01
4.862367293071640506e-01 4.723444808854984633e-01
3.614560953755562855e-01 4.860431135566046223e-01
7.387201328527861488e-01 7.141164479057033887e-01
5.923011993675925124e-01 5.620739751916975502e-01
4.857694781857489486e-01 5.083407782648700080e-01
5.687946182261783834e-01 5.287038139851384377e-01
6.369234960574831073e-01 6.382922696606331270e-01
6.077216800905912431e-01 6.409764529168918701e-01
7.076102912267314693e-01 7.929755203253368023e-01
5.665369212594469905e-01 5.822857757186895578e-01
4.921128500044187892e-01 5.333372226008286088e-01
6.402795690081525271e-01 6.537179009208743397e-01
6.325238303932300132e-01 6.158295296790113893e-01
6.831514038687606094e-01 7.174759590256022390e-01
4.420172272124650581e-01 4.505634740989759024e-01
5.939025461689639851e-01 4.639364673873909162e-01
7.461564516724955576e-01 7.626688542383780467e-01
5.694188795364830691e-01 5.059672969693475020e-01
5.551868499529551970e-01 5.539019227793285927e-01
6.569282083628209534e-01 6.356586099371528409e-01
9.052289523656539272e-01 8.462470283805768601e-01
7.708441135340213801e-01 6.810737072174717355e-01
6.919845701402893567e-01 8.097912577096084696e-01
7.298493704356756595e-01 6.791849619621985745e-01
8.762627446890920435e-01 8.437158605439414316e-01
6.231406053373876874e-01 6.895010073589594723e-01
7.651778243973175186e-01 8.166902775264990311e-01
2.396725835119155046e-01 2.809500592905736505e-01
5.547661692788364851e-01 5.819513433332000885e-01
5.326009349970330931e-01 5.693410910651366397e-01
5.570882573846828167e-01 4.749198115087439609e-01
3.574417894193481771e-01 3.512131110885860497e-01
6.419620254460974840e-01 6.432869443767575968e-01
7.316149247890673113e-01 6.772164536681990477e-01
7.709593937172686262e-01 7.601055170341340927e-01
6.934956140568416805e-01 6.793972068475472303e-01
8.187431534315549042e-01 8.215032598828374555e-01
5.212104616092174680e-01 5.587054565744296042e-01
6.352158586291906106e-01 6.747319636432916878e-01
4.999856696101710463e-01 4.933377494818894093e-01
4.479851451813973151e-01 4.152344909825065322e-01
6.019598606311582500e-01 5.843320287008570979e-01
7.238852867454520501e-01 6.367977749262335729e-01
5.983853299226663536e-01 5.583223810279717148e-01
7.253923646261315472e-01 7.675487061446339965e-01
5.158386639916745509e-01 4.149383015335184610e-01
6.861920450713643316e-01 7.099313397196633790e-01
5.487944053497372243e-01 6.701119461889079032e-01
5.549793964557681036e-01 6.355771224985931056e-01
8.030807372960530044e-01 7.873238842271516047e-01
6.948775709391051825e-01 6.060025862248089590e-01
4.534440987422078129e-01 3.899564035205466128e-01
4.493659334388185878e-01 4.574520343626734542e-01
6.176119091987415377e-01 6.604018261920339139e-01
5.693371517060340503e-01 6.873088266896650866e-01
7.202646148769259460e-01 7.248553123534920983e-01
6.806519260625487622e-01 6.202373778184995246e-01
7.256120336122354741e-01 7.900824348901088756e-01
6.616554667194398665e-01 6.988511233647844989e-01
7.313363776353891677e-01 7.690579703205899786e-01
5.760816450423056345e-01 5.552411307364182314e-01
7.913585095527828628e-01 8.454370101372057356e-01
3.727142997334284003e-01 3.517139082784919157e-01
7.205698950041340423e-01 7.173052053504377357e-01
5.711119147368268756e-01 5.267373420633048031e-01
5.710602209163209153e-01 5.653825897285178481e-01
5.276130039954991524e-01 5.856131489606901663e-01
6.656401615262093063e-01 6.975404462615695245e-01
6.496801875155997497e-01 6.493456520984315361e-01
4.598461343677529567e-01 4.981156929356477803e-01
6.941792632358136927e-01 6.472457170743175503e-01
7.197314359237639847e-01 6.715683539865385798e-01
6.830187237768832187e-01 6.355692298818653718e-01
6.526082501875899444e-01 6.937085040893121723e-01
6.153803063338453283e-01 6.186440206342253001e-01
3.204778926353147872e-01 3.746823405229903203e-01
3.614860072570125205e-01 4.234020754044827139e-01
6.442009122494830597e-01 6.653827172277609892e-01
6.182806224131905948e-01 5.818323149943104289e-01
6.066568262668337042e-01 5.756190116515571553e-01
7.552723003544319358e-01 7.072505762010945496e-01
5.958043777007925312e-01 5.458402460292061109e-01
6.628017886534299796e-01 6.853639674783175151e-01
7.242771016971607523e-01 6.860232302600455245e-01
6.920817410777179157e-01 6.972844613927876578e-01
5.827302232119924152e-01 6.077650247582524479e-01
7.392866154611715812e-01 7.550184385586083957e-01
5.272360993481647329e-01 5.623218199460217059e-01
4.630125988811957805e-01 4.506725366512596698e-01
7.046023264740551850e-01 6.681182541964744148e-01
5.263540402692923337e-01 5.713289501950331584e-01
8.339760649461291919e-01 8.112955389851679300e-01
5.346034382637772087e-01 5.588247751639443539e-01
7.657626530679064736e-01 7.414670974681372151e-01
5.830770225759427383e-01 4.919442550306889483e-01
3.486881263015750854e-01 4.078343484153490461e-01
4.101331260434798454e-01 3.769105893348121405e-01
5.015059463440659782e-01 4.496331654581944837e-01
8.428443537571240762e-01 8.887242103947666783e-01
5.822181963232941904e-01 5.693829508514476334e-01
5.669296446324373351e-01 4.721510976852153485e-01
7.370621985108196661e-01 7.173469451686922405e-01
3.602558924239046556e-01 3.853867877370128481e-01
7.052123018956348854e-01 7.663359959787272579e-01
4.550550593805564592e-01 4.357189487046496668e-01
4.837386178225850930e-01 4.521578889670548884e-01
6.474643187835857905e-01 6.501688179663911438e-01
7.017416673705711982e-01 7.160283378761465034e-01
8.511366332001745194e-01 8.428953355298304251e-01
7.884807602411884053e-01 7.494461231666728063e-01
7.360530805848649605e-01 8.068165535795032151e-01
6.928197055597719034e-01 5.632305315706948035e-01
7.373993732193735440e-01 6.435417918453334440e-01
6.632887701967520311e-01 6.772387750047099697e-01
6.957553550140382903e-01 7.508349316555811281e-01
6.230196481275948051e-01 5.780858075902598481e-01
7.207279132099206898e-01 7.722567321044442323e-01
6.004544480332436596e-01 5.620787151626398526e-01
5.988262076131919409e-01 6.265114611250061083e-01
7.691956695670859601e-01 7.125092509433171850e-01
4.226181103773140046e-01 4.258834991572021389e-01
4.536284791513318648e-01 4.737926837755334075e-01
8.441865792982037320e-01 8.568318605718803216e-01
5.851988321123271497e-01 6.341798332247763348e-01
4.624109779092099859e-01 4.541058607069528574e-01
6.154427646757854031e-01 6.073650530821530502e-01
6.279917214895746058e-01 7.401272140886091533e-01
5.832476058927866802e-01 5.881479340452950844e-01
6.743250394956519234e-01 6.778158807325380675e-01
5.727012103840029011e-01 5.197282111267790272e-01
6.668201118492858015e-01 6.947803751853904863e-01
4.566837319474112422e-01 4.017868530668831650e-01
5.852518520068060726e-01 6.684244074238921973e-01
5.467231575109304798e-01 6.018398066001090507e-01
6.488303218545099504e-01 6.461710846497104033e-01
6.085487879878160866e-01 6.191925278060400606e-01
6.792583472372799580e-01 7.073479930789254855e-01
6.234027984261610866e-01 6.510156953231373000e-01
6.589191808732864919e-01 6.723536009311202877e-01
5.899637670870719885e-01 5.771500523886353706e-01
5.949297053245825584e-01 6.595116308410411410e-01
6.158137790676432299e-01 6.346104608987448437e-01
5.609129101034202591e-01 6.159046154373464255e-01
5.727269766063141088e-01 5.564999333844529161e-01
5.468838341534132397e-01 6.382846042265635234e-01
5.468176449294335217e-01 4.386542457785443383e-01
7.996074496789719044e-01 7.982071248160901300e-01
5.595860361852755815e-01 6.125868565045953229e-01
8.996886745478427372e-01 8.558723751700201277e-01
5.672934973285088667e-01 5.786867707646177195e-01
2.843247485054716805e-01 3.386036217077826316e-01
7.533820251580517491e-01 7.874895052931359940e-01
4.885878495349569861e-01 4.864980093130530370e-01
8.359194581624489473e-01 8.600939277132317873e-01
3.927741241918491499e-01 3.959780822595368455e-01
3.582269353180977944e-01 2.792472745124492395e-01
6.696965308308158171e-01 7.022169227909293987e-01
4.493045843556826013e-01 3.935650534231563413e-01
9.409754569309716210e-01 1.021809887188367849e+00
7.308889568091295752e-01 7.443721094124883253e-01
4.426640107419236303e-01 4.452747473577414183e-01
5.039040050841374629e-01 6.463525162155092652e-01
7.682740402032453009e-01 8.421279407831268049e-01
6.717741998069668430e-01 7.114546837979014438e-01
6.464527411370025733e-01 6.541405893617026068e-01
6.537447915153481448e-01 6.062898841577356590e-01
6.843271864775809510e-01 7.490885722851902129e-01
2.837586200421686189e-01 3.205636655337854024e-01
1.017366074582909397e+00 1.076773645725824347e+00
8.499690094709163590e-01 8.235675291732652559e-01
7.262419494726880531e-01 6.585214680514187569e-01
6.489537807497061106e-01 6.772893534943680294e-01
9.132535772318025602e-01 7.747983640975647512e-01
6.886530001910717846e-01 6.991796161890555528e-01
5.719162942702171737e-01 6.324796028754597899e-01
4.071887563019722656e-01 5.219824792093284982e-01
6.666718851424944248e-01 5.788511712591286607e-01
6.344893482427443887e-01 6.157446479924152394e-01
7.549630681857758541e-01 6.857825899597852493e-01
6.350860173445953549e-01 6.657260464984344761e-01
6.860556160202071485e-01 7.066990196603224472e-01
7.065795171891096071e-01 7.026100996771766916e-01
3.726840657244828714e-01 3.230473599597201151e-01
6.182487577242777865e-01 5.643601810322754764e-01
6.576714546654925941e-01 6.643084703142897451e-01
4.574502916363907268e-01 4.509654047103757168e-01
6.443579887802304285e-01 5.635504556862471759e-01
6.133576483451534944e-01 5.700475383823375708e-01
5.658469780753082601e-01 5.441920955869995469e-01
8.083433046485175577e-01 8.206003974216267149e-01
2.776551969192753155e-01 3.045198981854022602e-01
6.614756609638152707e-01 7.046669351584482488e-01
3.731170435568011978e-01 4.184218365630831826e-01
5.634137806676436933e-01 6.206119410505607226e-01
5.439238303810097763e-01 5.620597112773820792e-01
3.603465649912631630e-01 4.367217903620977948e-01
5.042312886195936539e-01 5.691886019420679954e-01
5.826753577522868488e-01 6.018307635330303329e-01
6.937345017545812897e-01 7.308805607962229889e-01
4.407617104425047838e-01 4.363091265229442905e-01
4.244505456518919417e-01 3.903917075131972392e-01
6.444073092815510995e-01 5.874327924508077059e-01
4.696111611178105938e-01 4.066211251141251259e-01
3.493861250525891471e-01 3.107712729982435862e-01
4.747850165128946753e-01 4.459067009508180246e-01
5.354164233099719672e-01 5.591232371133879608e-01
5.292205072904582197e-01 5.244852935060292376e-01
5.276880402502085454e-01 5.332299227444984302e-01
9.082490549091070120e-01 9.863204666674730836e-01
7.104215269101057384e-01 6.974591184985876602e-01
6.041631175206093607e-01 6.330327862651060622e-01
4.984818535840578879e-01 4.254044567376235597e-01
3.706010850180341265e-01 4.504643870599277511e-01
9.524175358486833831e-01 1.061074730799077770e+00
7.286614482245112878e-01 7.805932792162806333e-01
3.604577015452892774e-01 3.466874168158749492e-01
4.911601927703750925e-01 4.935598803518477795e-01
4.655066365442819820e-01 4.689335200669579318e-01
7.785171034174990234e-01 7.596443181431827840e-01
6.709990786217330250e-01 7.402667072319637498e-01
7.590880133522766027e-01 6.239510081855461632e-01
4.486631727948300896e-01 5.096486473277226370e-01
5.221849588766369621e-01 5.291903123082337679e-01
5.251074847805791146e-01 6.240386968108772026e-01
9.553134193620030912e-01 8.628467724668759109e-01
6.272183823803174629e-01 6.510968300406390075e-01
8.187310587958743779e-01 7.619393933433887822e-01
5.265298037003260934e-01 4.931880049629008833e-01
8.571572322238714126e-01 8.903328746411443007e-01
7.357121295275377282e-01 6.848025823399801482e-01
6.382627437349932542e-01 5.211297567118051699e-01
4.754086579228328224e-01 4.540184042603068182e-01
6.601709295866243776e-01 6.126326922839347988e-01
7.321795843225601397e-01 7.315211852300230744e-01
5.828029164586123745e-01 6.178548452126275681e-01
6.089179149110605094e-01 7.316555452855107999e-01
5.470851348639973466e-01 5.550780670657953220e-01
3.100264343470833794e-01 3.332844907917206778e-01
7.362223079774021794e-01 6.926578277603288036e-01
8.116670008103686884e-01 7.874621881820859093e-01
5.804452838001974424e-01 5.955522113408397988e-01
6.568669759347375292e-01 7.097161768864869158e-01
7.013762329771126014e-01 7.434083302189299358e-01
8.440631180562918612e-01 8.175266491086290443e-01
6.969307648969812474e-01 6.791377102818035860e-01
5.670990304728534825e-01 5.862514430507351770e-01
7.340569211922642889e-01 8.127081669868900793e-01
5.591263192426534356e-01 5.337421474993444548e-01
7.473495576658797379e-01 7.597392917064540452e-01
2.621957367881556644e-01 1.819599526241542364e-01
5.815763152861538332e-01 5.960836123779508222e-01
5.292495375672990887e-01 5.076536037330073858e-01
5.934773217532806067e-01 5.163568694404884196e-01
7.029625573900170066e-01 7.477471346104339611e-01
6.433471957558350995e-01 7.297390665510948837e-01
7.367076962413247054e-01 7.365207203875120401e-01
5.769182846308645862e-01 6.462623685498717352e-01
6.574302203651311016e-01 7.749105684404112848e-01
6.075883923098897021e-01 6.772208135265485041e-01
5.306524452805023717e-01 6.029923026394434782e-01
4.201189035993213028e-01 4.496694870585787318e-01
9.743658764050723287e-01 9.803730692842783645e-01
5.309368483461248678e-01 6.055077270867309513e-01
6.380227490577112803e-01 6.550318967891264332e-01
4.556103860913832682e-01 3.864206147293131055e-01
7.703167169416974547e-01 7.068257981297302317e-01
6.288562884904946859e-01 6.480842492848251091e-01
8.754995812283373757e-01 8.449972650691918163e-01
6.395602685500307860e-01 5.979432531838395626e-01
3.579181268100919966e-01 3.340693518140852025e-01
6.631275448075217849e-01 5.708236617391038159e-01
5.128163804180106977e-01 4.639236577265676287e-01
3.114514625150828220e-01 3.033978709942545260e-01
6.059437274147707608e-01 5.888380896830893718e-01
6.783679258939284695e-01 7.245420880332688052e-01
6.932980815538885011e-01 6.556612669176664632e-01
8.793677919077608207e-01 8.306544649357384680e-01
5.291874487364288671e-01 4.918118994934174149e-01
7.808526061831343457e-01 8.281374398338504639e-01
7.195024762015639341e-01 7.198809250051930730e-01
5.801259194875474368e-01 6.727629518438111855e-01
7.813615844262657983e-01 8.085349575174374248e-01
5.415489399472299681e-01 5.984794346680812893e-01
5.078010439630448181e-01 4.952397047504379368e-01
5.291991630401707836e-01 5.225289592344183331e-01
7.667183910635763100e-01 7.629374324775041183e-01
5.646430721425225174e-01 5.277149652701335070e-01
5.801861701978083818e-01 5.349675998303660140e-01
6.329084660437982457e-01 5.670670405374036438e-01
6.533660928236014742e-01 6.133352787474698475e-01
4.899029370501916669e-01 6.130752969363887361e-01
6.453341906670748696e-01 5.294392474820779348e-01
6.956620743242015736e-01 7.535319286478415757e-01
9.016525332939968607e-01 8.911789885085825702e-01
5.130659160569707167e-01 5.547015573004704381e-01
6.098568608218492004e-01 5.624022274943639710e-01
5.846142013771620238e-01 5.675725082875009431e-01
4.224935078217055828e-01 4.277122482101185508e-01
6.505085048422146743e-01 6.549989642834573855e-01
8.117883860843049249e-01 9.141428731488723258e-01
5.741580231585733385e-01 5.532871193762433082e-01
6.161945966540152142e-01 6.100077683745182000e-01
4.301173854756448200e-01 4.077121821357545528e-01
6.205052406691569100e-01 5.278094643533532970e-01
5.593959344998766792e-01 5.895515611342088125e-01
4.898827610686002365e-01 4.905892301260443289e-01
5.460313904941930252e-01 5.727219364317740480e-01
4.985051687944109244e-01 4.672888404001149243e-01
5.114193751236359997e-01 5.915571980905889315e-01
5.776282183572336582e-01 6.379228859608250257e-01
5.826500266348848545e-01 5.469689513805813252e-01
4.927050730957986402e-01 5.726696584610516672e-01
6.286280082553458159e-01 6.464625085501142232e-01
5.694584311649406594e-01 6.031256868061543042e-01
7.624884532394621273e-01 8.419080784016955699e-01
6.875770633577208413e-01 6.880550894916527271e-01
3.850724746451189007e-01 3.787402146945111903e-01
6.989499930878330103e-01 7.028691900738762710e-01
6.206957367763857869e-01 7.279071137817302306e-01
7.309030859571485905e-01 7.210353613500892767e-01
6.438020775437486298e-01 5.784167039208888417e-01
4.785799404347215180e-01 3.848748590187812679e-01
9.354070791933687401e-01 9.269509119425886068e-01
8.365245220552920413e-01 7.694372412834774577e-01
6.256735534585012859e-01 7.442433342656215034e-01
4.610414097469556771e-01 4.915821408979616502e-01
7.802551297177715561e-01 8.156617719985437276e-01
7.075999334068588942e-01 8.616619196084688292e-01
6.582204441680881146e-01 7.828188274993963525e-01
8.467742704305901702e-01 8.718785798387239661e-01
7.151228961115810856e-01 7.853309991662204004e-01
7.255192272501186368e-01 8.499267116238632402e-01
9.672122275099465094e-01 8.782044583760787448e-01
5.247830469059501235e-01 5.138822068228320328e-01
6.063177560578325576e-01 5.471698488751974843e-01
4.922796754760518922e-01 5.107323914521353370e-01
4.980985291167097095e-01 5.340732826940717271e-01
5.221798592748596590e-01 6.531987414762727706e-01
6.340259124636400401e-01 5.665428600730701980e-01
4.633802828188230971e-01 4.106365205755053149e-01
5.128761628274624007e-01 3.981335627512769260e-01
7.522861802983287216e-01 6.775147237660550381e-01
7.199354709804189900e-01 6.736671721184585016e-01
6.887043713189969774e-01 7.350406012056377447e-01
9.183191680738854723e-01 7.927158635127166120e-01
6.150671148639785812e-01 6.958376999557129849e-01
3.617031889107600873e-01 4.002266502902244727e-01
6.300743252047319443e-01 5.596081254502324187e-01
7.316853097114349724e-01 6.834388966587404690e-01
3.311637134288094031e-01 3.836997325063200015e-01
5.434748675033140852e-01 5.940059219512234812e-01
5.399223003940641918e-01 5.387614063009057430e-01
4.475029248563624495e-01 3.575975898486689619e-01
3.147181749741941315e-01 2.513935265844509659e-01
7.932190304154896898e-01 7.795632833319811050e-01
5.785282523224000162e-01 5.417313292110459422e-01
6.779426680350890688e-01 6.117306552290475707e-01
4.609035630982827314e-01 4.483779904583967690e-01
3.623603384213432421e-01 3.571943893363366818e-01
6.810506703569976228e-01 7.282203987626638675e-01
6.786818671918840584e-01 7.550356869467546028e-01
7.548900020946668343e-01 6.788688497034059965e-01
6.570415947707002324e-01 6.310499751408493729e-01
4.177807608789751437e-01 4.449728405438762580e-01
2.117667495770419461e-01 2.459628335687828460e-01
7.534716523221407503e-01 6.721618999393133009e-01
6.427998057067930704e-01 6.872044855711770817e-01
4.829764497066298401e-01 5.044511465249827964e-01
3.897042241166394638e-01 3.854436599013573717e-01
1.073319275466213529e+00 9.889125173202319985e-01
7.737427915451461358e-01 7.630737673108766161e-01
8.996467881089686980e-01 9.053075737114903987e-01
5.368110996864503548e-01 6.049529611418538178e-01
3.828004612387831962e-01 4.603592724735279251e-01
5.896829872737079370e-01 6.209804020703051375e-01
6.250442048799124128e-01 6.220346003823574721e-01
8.355135174424297428e-01 7.704745500060588004e-01
5.143509594180346589e-01 5.728256589714697533e-01
5.146199701748181976e-01 5.496864184878853532e-01
2.303226652604872526e-01 2.249903252431107725e-01
6.071573598483428480e-01 6.068543488917534923e-01
4.791208397080630177e-01 5.053654135636772571e-01
5.260980525632801275e-01 5.408555098876217659e-01
6.124675153895478008e-01 5.522776558537332292e-01
7.196902638795065199e-01 7.266680836945179633e-01
6.272188904762329154e-01 6.114124396683583429e-01
6.946284513613754097e-01 7.097377977898757795e-01
3.925629421326088941e-01 4.686313827086151518e-01
5.536756441931794948e-01 3.966362262317503218e-01
6.072596178290767810e-01 5.554649558948523413e-01
5.228726446191879207e-01 5.291256399358420515e-01
9.894115427970298082e-01 9.134835655018100908e-01
3.686912466986697057e-01 4.061893519025456811e-01
3.747027525822866911e-01 3.457015193136810938e-01
7.404271132072928197e-01 7.510251071141060830e-01
4.943513834273911556e-01 4.765977786778865521e-01
6.509117322686256424e-01 7.006887734547430080e-01
4.864780465607938531e-01 5.004035397693209486e-01
4.939768279251524064e-01 5.471685224716085205e-01
5.734168668210616326e-01 5.251700885153648413e-01
2.483562093450431552e-01 2.305486760948275982e-01
5.997824925732737622e-01 5.895611009108183698e-01
1.977326405473152637e-01 1.667533733254444317e-01
6.684446448031959864e-01 8.112228386364046528e-01
6.908281324951993652e-01 6.884742158579756355e-01
2.901239309807147615e-01 3.248417062630067909e-01
6.566646374976300438e-01 7.097311594126881618e-01
6.430022436364525307e-01 6.980911957493368680e-01
6.997141082778168819e-01 7.274982615451706103e-01
7.950783269024876976e-01 7.604633371575835188e-01
7.986343702881945061e-01 7.771078297812604729e-01
5.160367877460623198e-01 4.835576606019311163e-01
6.554979360556807411e-01 6.279116122643617626e-01
5.093355621672454037e-01 5.219001213004798023e-01
5.616207723361239523e-01 5.685210131098465958e-01
4.411409040891651201e-01 4.269726167726499155e-01
4.513436751550030657e-01 4.013901668123797117e-01
6.717896354139031301e-01 6.811077157950612415e-01
6.253837560749190283e-01 6.327026071649645145e-01
7.739266273735955215e-01 7.125837728257170545e-01
5.389504337237109866e-01 4.885348410334033331e-01
5.384986000451231769e-01 5.642491802798598188e-01
6.494900265966916386e-01 6.418130478847545728e-01
4.771824763989905849e-01 4.600106826499875678e-01
4.594740294680093595e-01 4.437942608578591686e-01
5.427792094205108331e-01 5.388929326175739831e-01
6.097685018050312822e-01 6.430645550684085388e-01
4.406921324856991062e-01 4.906376912914303667e-01
4.990767243535318420e-01 5.111631312362847623e-01
5.684632644954377145e-01 6.042038510282663477e-01
7.428084577517110043e-01 8.175091688525685241e-01
6.921945328415982646e-01 7.138607874754033800e-01
6.416948897208988312e-01 6.544850321409451110e-01
5.168902778008306331e-01 4.562823848016965278e-01
5.796832179160769094e-01 5.886011341062544755e-01
6.255994854832257479e-01 6.680188771380800583e-01
6.714118774301589543e-01 5.942440186699464721e-01
4.539454150951323097e-01 4.969372565453243906e-01
4.954312428123442413e-01 5.164263987668858968e-01
8.683847572720827523e-01 9.042591769091165022e-01
8.738762514966370576e-01 8.871904400587290462e-01
5.690836144274271646e-01 6.333645097579008176e-01
7.385659369957947584e-01 6.963542550485682936e-01
4.894943043251993586e-01 5.066622199145216499e-01
8.071759801526047218e-01 8.067814457963456976e-01
5.257169114123033671e-01 5.766942941772216225e-01
4.202769516531566496e-01 4.040481411717016802e-01
6.782705985227827084e-01 6.338301100748068295e-01
7.129522448876827179e-01 6.487719891023345786e-01
8.679155049956668311e-01 8.230976168074142230e-01
6.901213316668743936e-01 6.987541736182771857e-01
7.309332094417944070e-01 7.323983471716746241e-01
7.420773960967990135e-01 7.012814341695472464e-01
4.971119670875526753e-01 5.185273482889115604e-01
7.485272929574944278e-01 6.988964726447659537e-01
4.742052269533109099e-01 4.480514473868170144e-01
6.813960729301236086e-01 6.942433076518583768e-01
5.082095759596272355e-01 5.638400566306143169e-01
6.030340411886417895e-01 5.744965077640428186e-01
6.018971294969439612e-01 5.688917113691216443e-01
9.451345524380037055e-01 8.949610102640381815e-01
6.224407997208525334e-01 6.865397419194942952e-01
6.471824132709037558e-01 6.372344911107304943e-01
4.919167529475834133e-01 5.154215516612126180e-01
7.223864646105512266e-01 6.975197874373798568e-01
4.230210074082538796e-01 4.374724625567188996e-01
4.713949250511030864e-01 4.686807876200366763e-01
5.420305166651840922e-01 5.736071268190120476e-01
8.698729158156338626e-01 8.402499818282415101e-01
6.262965327180753938e-01 5.854492960248089961e-01
8.147234664081062228e-01 8.829387373926589344e-01
5.783071093023837150e-01 5.788488665959627966e-01
4.426886847146448423e-01 4.190229496759084737e-01
7.218096869085987022e-01 7.680786151600279554e-01
4.906967151266944382e-01 4.587562923508238244e-01
6.371596120450718770e-01 5.825703746437632669e-01
6.624224253204182844e-01 5.714226903519328271e-01
6.757166974352381006e-01 6.777502726584264670e-01
4.553802376944053321e-01 4.138217537362535725e-01
5.612225011777229877e-01 6.554529456961963874e-01
5.915571377958165344e-01 6.915797701624902816e-01
6.231098487550118525e-01 5.202508522984129469e-01
6.703012092699235369e-01 6.081931968661685728e-01
6.132284883906892192e-01 5.610576144027846768e-01
5.171295024493723913e-01 5.769944764123599024e-01
5.656962940410557028e-01 5.716956094367102725e-01
5.725371157981009596e-01 4.357605940034832148e-01
6.659801601240437074e-01 6.483707035443676547e-01
7.332910284734475148e-01 7.547026743433378204e-01
6.100690778546239423e-01 6.013792680662660706e-01
7.153162102833288127e-01 7.115244124891917377e-01
6.720484168408915604e-01 6.778726773462022681e-01
5.690459403109837666e-01 5.486848796103298564e-01
4.803322428710762315e-01 4.722492303150354065e-01
7.283915328513722587e-01 7.459300962076756969e-01
6.683718633363436856e-01 5.713859511049660389e-01
6.803642571918450122e-01 7.035251760186455039e-01
5.449495547587305255e-01 5.795748610194196848e-01
4.758210430787402911e-01 4.190005162068962674e-01
5.362831242326916437e-01 5.455939177961300901e-01
4.566597384467512843e-01 5.218547320577787696e-01
5.759728487481137194e-01 6.060655710627542714e-01
4.511861998105538563e-01 4.341960366854870079e-01
4.644578504821536558e-01 4.855850180573987873e-01
6.510547172409454353e-01 6.160785778670568869e-01
5.587471513773316634e-01 4.984680955370510702e-01
5.411746276795812438e-01 5.152370216033126393e-01
7.926614774938033348e-01 8.098972943416645753e-01
7.100554911070011688e-01 7.407540460156112339e-01
5.359911475097196565e-01 5.522748986553651651e-01
5.405829449662774566e-01 6.329328865091777834e-01
6.020774769547629912e-01 6.270663419092121771e-01
8.451387705839176201e-01 7.851003023610275688e-01
5.728258485799947453e-01 5.144197210875137705e-01
6.158960544943038462e-01 6.511874184170293178e-01
5.263476122715003980e-01 5.290605604697576902e-01
7.048321273048429036e-01 6.321247365818291053e-01
5.355573562772003582e-01 5.421871292792773689e-01
5.864286490687713460e-01 5.569388105947143952e-01
5.943500190333320665e-01 5.879025877985836201e-01
5.938928821252481560e-01 5.988189253818748670e-01
8.201050937991156697e-01 7.646551908227798844e-01
3.441919497657012217e-01 3.718130766761487127e-01
6.224274002569283315e-01 6.509129012388710223e-01
7.433510848399811355e-01 8.111130679761917595e-01
6.690230011532228849e-01 6.505411779195428013e-01
6.151969470096396719e-01 7.180992120040468052e-01
7.225947040669488119e-01 7.419388211058403071e-01
7.649100328057955034e-01 7.724912648533933668e-01
6.333285897081660787e-01 6.416532882474191846e-01
4.988686472714620179e-01 5.764244313786703877e-01
6.762032983260172214e-01 7.536682556685073697e-01
3.721955014364466963e-01 3.817471044891657672e-01
7.346678329758590253e-01 7.931186852934209996e-01
2.888398590544141720e-01 3.379134434758540029e-01
5.849037060736250737e-01 5.797162235173916045e-01
4.404146056782421992e-01 4.460537426798654170e-01
5.833337087822507705e-01 6.267542446569194237e-01
3.889894455058905964e-01 3.757321942689025307e-01
7.397508115449578092e-01 6.744956853547936504e-01
5.352281595531349634e-01 5.763939676680511770e-01
5.582657569472212478e-01 5.428282480315519409e-01
6.114787724780045286e-01 5.765742470458979918e-01
4.509736002024371526e-01 3.525912534721796776e-01
5.124840990898612558e-01 5.932969069524317574e-01
3.873693878853297634e-01 3.978366515043520457e-01
6.955083906674990324e-01 7.117106589688722007e-01
7.589386087843519313e-01 6.348198989371889311e-01
6.360884703002914753e-01 6.758549433536430451e-01
5.286611579679150186e-01 5.326386782991054947e-01
4.891840959766652897e-01 4.483900828168261854e-01
4.953236156100070953e-01 4.715471805894391744e-01
7.182008599723878062e-01 6.526211744348687782e-01
7.158248940597825571e-01 6.940516797211296884e-01
7.809863766101883265e-01 7.993701781539885864e-01
5.304395810593770522e-01 5.033792765205186148e-01
4.960517553567598825e-01 5.479165599617300542e-01
6.087969048150232432e-01 6.038065345564678221e-01
4.380601231273789087e-01 4.298689061737986372e-01
6.463879431004457832e-01 5.999666605742990377e-01
5.730522548440672992e-01 6.739417855954510372e-01
6.212676122567788450e-01 5.334863316609759210e-01
4.802865664988660854e-01 4.041118965777145688e-01
5.486564440358383532e-01 5.609793083822651738e-01
6.107939595323044202e-01 6.103854595332842692e-01
6.724239570198315974e-01 5.846009669364395922e-01
7.205566039399741163e-01 6.824629444210380536e-01
4.214141248042815868e-01 3.058082496688794838e-01
4.768222435890510646e-01 3.964867425590084538e-01
4.569953945052952493e-01 4.190722758487596122e-01
7.960199172012734081e-01 6.324175784652916743e-01
5.359377699656745486e-01 5.382940468015383617e-01
6.423230815231708579e-01 6.213820342032818633e-01
4.869321070557407483e-01 4.835529647448402191e-01
6.199954351762105853e-01 7.017354371168645910e-01
4.411635027643975859e-01 5.899645412073896145e-01
7.029797182463353167e-01 7.144554710617563309e-01
7.068099676352236349e-01 8.346092051895254160e-01
9.192237364995916593e-01 8.583740436483364711e-01
7.886682475450905727e-01 7.440531148304148079e-01
5.351817789652421054e-01 5.170605826977902053e-01
3.813394082160103116e-01 4.496050274284908443e-01
3.283870465742951827e-01 3.505426157157215394e-01
3.659755512043463277e-01 3.363734068380763720e-01
6.108253561328289560e-01 5.877894635531595302e-01
7.862004911587544553e-01 7.346506116200010039e-01
6.644333282209707869e-01 6.481656449142439991e-01
9.879607105448149351e-01 9.400324032789491024e-01
5.722913465423538071e-01 5.887022901222112026e-01
4.685380865435588849e-01 5.283353030886817070e-01
4.088760390068525430e-01 4.328958687240326286e-01
6.533562652528992487e-01 7.454658140123515686e-01
5.754276386823382605e-01 6.579481052382483153e-01
9.645512942501281994e-01 9.371776746777673583e-01
6.999753605358679520e-01 6.768111592461990567e-01
4.960980235042728448e-01 5.769669275652742346e-01
5.591253387881357506e-01 5.147535609220507125e-01
7.261039797609331048e-01 7.866159411591194806e-01
5.586931758086612909e-01 6.413135855296860921e-01
9.413312094311968581e-01 9.227194692448411617e-01
5.445330184623388137e-01 5.267307131449822100e-01
3.944298949098382634e-01 5.036491650527584740e-01
5.399496314424772070e-01 4.849457274020165798e-01
6.303757808089481829e-01 7.172790064991719783e-01
5.539856373668115008e-01 5.547712035309768641e-01
7.128430104838721082e-01 6.992448111478508643e-01
5.995810991736461038e-01 7.021339712787837417e-01
6.409171633416100855e-01 6.633365998056376389e-01
4.958963524721308747e-01 6.165765066715003240e-01
4.663817786400091259e-01 3.933106311189555337e-01
6.155458287420640939e-01 6.464975418670488860e-01
6.261790925645167594e-01 6.504381844287583370e-01
3.231530978612324745e-01 3.189882157900381099e-01
4.652628609723833963e-01 4.365848868908498992e-01
5.311056574647075035e-01 4.992584342092134531e-01
1.025179899835034547e+00 1.077535093937246113e+00
7.137438086361608258e-01 6.678541075362923740e-01
4.346522761877324448e-01 4.496409722622159433e-01
6.778371604920185867e-01 5.873790579507822684e-01
5.055581865132982022e-01 5.530992994077433833e-01
7.646312613378285494e-01 8.002971550762629782e-01
6.405701927093944148e-01 6.424343897440157880e-01
6.090180395569693150e-01 5.779244596057613315e-01
5.299770345165574215e-01 5.650730205161879072e-01
6.368424545742036313e-01 5.984163000688188516e-01
7.306822496542322298e-01 6.864298283616598884e-01
6.324357786055413433e-01 6.462938843315305659e-01
4.892039649226821996e-01 4.511664385375287467e-01
5.597795005337876661e-01 6.269668021959157178e-01
6.002874159965027046e-01 6.064931361484519057e-01
4.462941834025092036e-01 4.763184073156794818e-01
6.991500345142170891e-01 6.424688276374316276e-01
4.364203138637957058e-01 4.399232056239364419e-01
6.805843725606598449e-01 6.935529526080624896e-01
7.490196093193928206e-01 7.770094921381864861e-01
7.722468924881807917e-01 7.560058087742672628e-01
5.795061275785083899e-01 5.735934193341355458e-01
4.522321206063754095e-01 4.074428790804668354e-01
4.158079522026861818e-01 4.050099103107575038e-01
5.597609823164814147e-01 6.051254970519858167e-01
5.835783914231601477e-01 4.984464640606843799e-01
5.624456708632231683e-01 5.660332835622915448e-01
6.676860088811821248e-01 6.652351292459856014e-01
7.285359922477294692e-01 7.472735886537953398e-01
5.191820659677295335e-01 4.801468435213422370e-01
4.976745555703658286e-01 4.494152635432153153e-01
6.106594214504345031e-01 5.787927551416690575e-01
6.057974264755990879e-01 6.223902132845867685e-01
5.169316073673924095e-01 5.992666389610394884e-01
6.734878453342356686e-01 5.600906210164060539e-01
5.401917576840691293e-01 5.876088535461025941e-01
6.657021239463298823e-01 6.337237524397594246e-01
5.946262811753374455e-01 4.729097932804219306e-01
7.545708355759475072e-01 7.020017999617409465e-01
5.990238744046708641e-01 5.076273579887934373e-01
8.125560720516957769e-01 8.147319208544991920e-01
7.240661783318163014e-01 7.004077191647131162e-01
6.547731821180287071e-01 7.320102122653291410e-01
4.979850683762331309e-01 5.065302471676725871e-01
5.308719569453379528e-01 6.026737376584812012e-01
4.700542449081859808e-01 5.286631822207447096e-01
6.736677711919900613e-01 5.936911054159152989e-01
7.193515708072009129e-01 7.231609429649248355e-01
5.229212961313270958e-01 5.034535659755511317e-01
6.731781594607715302e-01 7.411957753765010537e-01
5.843896456131563166e-01 5.707584887333407853e-01
5.391617052648293162e-01 5.283166421368680199e-01
6.856479270774034074e-01 7.292605882132745521e-01
