5.604213675633595848e-01 5.842600794275947251e-01 5.058914808406972385e-01
4.671429648284501912e-01 4.656688083667035460e-01 5.148143871307097053e-01
3.184237963108140779e-01 3.778193670222198541e-01 3.355487930031149646e-01
6.936259021298469829e-01 6.893897302048253017e-01 6.832741635798752489e-01
5.389247373001982977e-01 5.085511037857054495e-01 5.557135882291235340e-01
8.423569193381676978e-01 7.788353163808928725e-01 7.590247008194318523e-01
7.563709742313667883e-01 7.059033590896401922e-01 6.619079986035574237e-01
6.155775957755402761e-01 5.950658294745090338e-01 5.800731860262949846e-01
7.503103282802020546e-01 7.625358706492866290e-01 7.797484084330315035e-01
6.134045367744295207e-01 6.647144162964747638e-01 6.839747320677689313e-01
5.803131278699937834e-01 6.032653365325418848e-01 6.330485239596791436e-01
6.636421619917711734e-01 7.564397164464075063e-01 7.035048662485566817e-01
5.524307519469516814e-01 5.640310969261984608e-01 5.665788691205705385e-01
6.029665377294286532e-01 6.639871529652229265e-01 6.583824070342954027e-01
7.228144034338070956e-01 7.396935517019008755e-01 6.401127028020345833e-01
5.742325135240858858e-01 5.659502278412302800e-01 6.033589741880199808e-01
6.106502766641532798e-01 6.313110360319634795e-01 5.704292549827513215e-01
6.739909292055865642e-01 6.788852630106638752e-01 6.038023214583014830e-01
7.642248956658008741e-01 7.854663586230097305e-01 7.586531865947041542e-01
5.173730736401649377e-01 4.820920076836332502e-01 5.700917125475830627e-01
5.381161518097463681e-01 5.228472724508578251e-01 5.381596559313910344e-01
5.078440115150664180e-01 4.824047701466530613e-01 4.922707467923238545e-01
4.675423126185666023e-01 4.221069763056504720e-01 4.563016411394937855e-01
6.505696440006721870e-01 6.618489963726654768e-01 5.360915857947965435e-01
5.758016594710413383e-01 6.651756538820252640e-01 6.652130834564589090e-01
4.763042173674270630e-01 4.865312408162243418e-01 5.334628445692438659e-01
4.800269411353974003e-01 5.435744892556589880e-01 5.406341467605932927e-01
5.560620500122906984e-01 4.878264753451558855e-01 5.482997847501166477e-01
8.907934695968946492e-01 8.370098311655086443e-01 8.434522084607236625e-01
5.809428987179283688e-01 6.047517104189139570e-01 5.542713649886823468e-01
6.711249096830865790e-01 6.668748897024805444e-01 7.975599728410828204e-01
8.921403570724287801e-01 8.971461460109971808e-01 9.031080731045275645e-01
4.940439608708219743e-01 5.238553443388426212e-01 4.883118532418363467e-01
7.487996545011814664e-01 6.943235051396191571e-01 7.495381633084906570e-01
7.331512044629557856e-01 8.024334747196757434e-01 7.169401450979212553e-01
5.975014621060948938e-01 5.927450744130285942e-01 6.828806941948885045e-01
4.374735262489735099e-01 3.455410746464332994e-01 3.943247982503513271e-01
6.200612295408424179e-01 6.331122831879798518e-01 5.807685712311939641e-01
5.314478624520779793e-01 5.171999295786595674e-01 5.365378085581380407e-01
5.619005740051261633e-01 4.728623682336814404e-01 5.465533625313400146e-01
5.457396909182109512e-01 5.796351208988511639e-01 6.068814963643257565e-01
6.087600614636285989e-01 5.258467894647773644e-01 6.438998032930420834e-01
4.722547807590248836e-01 5.739988803067650469e-01 5.433133028287527866e-01
6.100005268231796229e-01 5.551707585353784502e-01 5.177191484676018085e-01
7.094518522973655150e-01 7.541695499473503039e-01 7.447391185053815477e-01
6.309796194579143647e-01 6.247164112606243824e-01 6.887287055367338207e-01
4.447770319931200200e-01 5.030384490438416512e-01 4.954860705125935794e-01
5.599693544349111374e-01 5.196292234929618115e-01 5.674683920732801479e-01
5.328206434234046274e-01 5.563861291956143651e-01 4.793751866276131368e-01
4.720723665829480997e-01 4.988723544151629219e-01 5.402226003980717950e-01
4.887879369691097153e-01 4.361678170770636465e-01 4.504985737780550781e-01
4.878127224474371193e-01 4.846507721842996941e-01 5.362306893493845594e-01
5.810766797829440833e-01 5.268094579590062443e-01 5.817454179941756731e-01
4.924810859093472493e-01 5.727421191840222914e-01 5.112412918067041900e-01
7.530306008823359765e-01 7.697339771845419509e-01 7.654596210425532732e-01
7.579615372547043872e-01 7.773150807369517690e-01 7.370819650100965958e-01
6.579081439123353192e-01 7.311615554016815954e-01 7.345799460600519470e-01
6.993360617931128065e-01 7.047249772570821635e-01 6.872828395098289356e-01
4.914273395635271324e-01 4.152819449027040921e-01 4.116797870909074120e-01
4.216787595215742979e-01 4.793841360851407440e-01 4.716775568975241639e-01
6.718939025881774940e-01 6.740631527356254482e-01 7.339347371470281711e-01
5.818830177689239269e-01 6.079996367100084509e-01 6.001236894508641395e-01
6.422827593002660151e-01 7.269429267342608636e-01 7.064430526934780685e-01
4.702705435247000465e-01 5.370140833984395901e-01 4.700512381856511990e-01
5.093454301056065114e-01 5.524986884478642057e-01 5.683842845645572517e-01
8.873736271489768290e-01 8.730523318429882496e-01 8.388683123852275214e-01
7.451776616941099274e-01 6.758463680241693083e-01 6.540769675066498978e-01
5.361695904331654772e-01 5.604115017790076703e-01 5.636064393103807912e-01
8.021040589056831482e-01 7.650718013332805656e-01 7.179951438257440310e-01
5.101689597529577291e-01 4.717819609439420914e-01 5.436002269216092531e-01
5.781087552355451686e-01 6.347109848216168082e-01 5.839987311399879033e-01
7.623224812085792612e-01 7.634734110116312422e-01 8.174267649919050305e-01
7.322220839133687376e-01 7.029677960341039755e-01 8.043010479273278168e-01
5.653436053409078843e-01 5.499048314898972167e-01 5.695198555146884223e-01
4.912667470445856721e-01 4.934446641524526389e-01 4.957858752880355269e-01
4.731668635295108727e-01 4.337893802026112633e-01 4.810197821323621281e-01
6.702584137780023266e-01 6.454793765820772133e-01 6.343395959338661294e-01
5.648560469039312082e-01 5.892638867364093924e-01 5.894369248895926505e-01
7.063376352413746062e-01 7.318468084052746070e-01 7.113657974837614972e-01
3.331655603334073290e-01 3.852998879050253400e-01 3.931184329990087822e-01
5.800622932647994112e-01 6.373014943848211988e-01 6.095600573577140135e-01
7.870786627704080551e-01 8.489317630125122749e-01 7.955148702203996836e-01
3.418946770371663058e-01 3.464139521664496013e-01 3.353349494994455893e-01
5.805936957107252772e-01 5.711617314145187585e-01 5.654303012239254578e-01
5.543277268685281589e-01 5.463031582481727710e-01 5.203554215929597770e-01
5.278856143414046853e-01 5.785087146834336780e-01 6.152745937418921951e-01
4.552447471626736020e-01 4.597691257281077970e-01 5.008228068107085651e-01
5.348528829733023571e-01 5.957062167070020786e-01 6.504148623959188358e-01
4.287955387509894134e-01 4.226890211436412637e-01 4.136622764662421514e-01
4.735399616852044580e-01 5.065115115343268304e-01 5.021870265644524656e-01
6.215667028454717746e-01 6.543929261323686575e-01 6.507855257284300698e-01
6.466232244490762726e-01 6.645024767244720465e-01 6.649600952693408562e-01
5.671737243458506716e-01 6.929399966856548687e-01 6.189157099762704339e-01
5.448902951339217315e-01 5.933110598140327596e-01 5.516659805081289836e-01
6.668520418914875014e-01 6.805472040022838565e-01 6.990913595813100789e-01
5.958722991986927786e-01 5.646874360053937281e-01 5.789746920363492144e-01
6.540820235906199542e-01 7.191137383992295407e-01 6.978192481566810601e-01
6.700271145130399786e-01 7.316308153700539219e-01 6.881841753457860200e-01
4.656755132702586342e-01 4.690335661792542354e-01 4.953827827614675772e-01
6.514826522366645722e-01 6.016110367246192414e-01 5.886926780708409135e-01
5.416721584548709334e-01 5.704498022825535974e-01 5.705757285721088090e-01
5.990129488139698255e-01 6.354051348104965413e-01 6.514008633443055807e-01
6.434243646933339722e-01 5.961458532096415297e-01 6.318458285666191943e-01
6.527517065437544730e-01 5.983530832901412522e-01 6.470845298958997072e-01
5.226772226578573211e-01 5.485971470767767588e-01 4.958439147662512259e-01
5.746706259653433513e-01 6.022705029895780715e-01 5.833309246565578920e-01
7.219095356201358227e-01 6.351766021176153965e-01 7.247181518701444336e-01
6.695147849370323145e-01 6.773950299609738934e-01 6.567984718737166494e-01
5.928596017640477278e-01 5.864044285384915067e-01 6.346188232205260960e-01
4.013236092539148592e-01 4.369531523127215822e-01 4.469053352719351002e-01
6.274910195614253894e-01 6.547343529318178090e-01 6.996052929670529830e-01
5.069507195882233530e-01 5.103166241790716429e-01 4.996325158812761069e-01
5.812600653851929255e-01 5.757200420185519807e-01 5.832995557870860326e-01
6.211193502242816633e-01 6.575848449188550493e-01 6.818381704302516333e-01
5.358306247221690244e-01 6.224134318837718505e-01 5.736651642930029604e-01
7.343612696811862017e-01 7.525593276256885567e-01 7.378576462379773382e-01
6.469070539282795185e-01 6.539490097107507616e-01 6.916178789041175223e-01
4.124115417365176728e-01 3.952196196740981882e-01 4.286892901967904734e-01
5.163405962781297820e-01 5.677006616009767637e-01 5.394434357001091085e-01
3.277452153956443848e-01 4.241126666503495790e-01 3.541731988179883106e-01
4.757793807399346986e-01 4.731137092892815921e-01 5.012816837061544462e-01
3.648945566559530507e-01 3.168195860270694442e-01 3.322838618086267348e-01
6.795999404629263774e-01 6.070501416823368412e-01 6.226820491211269015e-01
7.406297930050190770e-01 7.286710232627530148e-01 7.582725845193003522e-01
4.504733707154162103e-01 4.774865312154781827e-01 5.011591271958775184e-01
5.403748708216322694e-01 5.435295123918557625e-01 5.146099773882210071e-01
3.375622683764360477e-01 3.154868135878711732e-01 3.170595511965658697e-01
7.931651344144500237e-01 7.424720138410983994e-01 6.633258803679729088e-01
4.924136332307899599e-01 4.274175754499256463e-01 4.677653188266999718e-01
7.275601456523420607e-01 7.505351522343165493e-01 6.988732580790294469e-01
5.945969110168484173e-01 5.245313766824603041e-01 6.376015747351224672e-01
6.823034082851642257e-01 6.611074938838119586e-01 6.745979186439032826e-01
4.556084135958086145e-01 4.688845576675413906e-01 4.852369555381508270e-01
5.177468836362258964e-01 4.985452680322037256e-01 4.945029639955922374e-01
5.022024856841533769e-01 4.596506939672704850e-01 5.323935440481974979e-01
6.075245503520563251e-01 5.895090442654113971e-01 5.488429914240157137e-01
5.417327873387600690e-01 5.402128203845649734e-01 5.379750983009929932e-01
5.745124982279972148e-01 6.749251532604811921e-01 5.125460670329835544e-01
8.204122078127069617e-01 8.502832336439801741e-01 8.287440128698760899e-01
6.349349157948896982e-01 5.753521948427106070e-01 6.750562761014525792e-01
7.184720174015664096e-01 5.881357526037302996e-01 6.732558876002543435e-01
6.816738705587712666e-01 7.025403769434136469e-01 6.793683925559415027e-01
7.164185110796661426e-01 7.088233773165190099e-01 6.282003121214383423e-01
6.286823666787909604e-01 6.445135539688933157e-01 5.625975506560447759e-01
5.941335212976113223e-01 5.268944676078358702e-01 5.383228889202325007e-01
3.705860433755336913e-01 3.391757221906668285e-01 3.556772237916655532e-01
7.100357798594565395e-01 6.977728184838000169e-01 7.741009894624788501e-01
6.439648810639583276e-01 6.558007727776150597e-01 6.135351394014014748e-01
6.703227079116408360e-01 6.875297792704178068e-01 6.669284966139368276e-01
7.009918182073406889e-01 7.937831461891827756e-01 7.703787709050895494e-01
5.915454397658587160e-01 6.320611499533481670e-01 6.335522258144556940e-01
6.382200321458417758e-01 6.775375470551291412e-01 5.972747791056578492e-01
3.231856284499693976e-01 3.821149873782154205e-01 3.497096360799277770e-01
7.744158174754590673e-01 7.559273265523881458e-01 7.489982068557905492e-01
4.638965078921422625e-01 4.691385018436399768e-01 4.903311992381724216e-01
5.801615870356607862e-01 4.973396501546543669e-01 5.045428657581917387e-01
3.546871702464772791e-01 3.207246041931595126e-01 4.100058791070035902e-01
7.119211394563773609e-01 7.382793230849912236e-01 6.775959393978749912e-01
5.678666471506169655e-01 5.608005552894407275e-01 5.523062198482829865e-01
6.456073064290678287e-01 6.407480249837748110e-01 6.499088177206733263e-01
6.052428360805262031e-01 6.464055680981999341e-01 6.087375364952406498e-01
5.645414634114600538e-01 5.088007923621812312e-01 4.861229047986297958e-01
5.975398145066199707e-01 5.424902509924787175e-01 6.340243193659438337e-01
7.058715236272034010e-01 7.827963274166831464e-01 7.506867309104504615e-01
5.862504184024915910e-01 6.023477913479811097e-01 6.315071262188868273e-01
5.274594185295607973e-01 5.316057138496094181e-01 5.109000147030682282e-01
8.076040207629053835e-01 7.226398826668867237e-01 7.941297010478860496e-01
6.333183153756050121e-01 6.511426723967719266e-01 6.360402961390453358e-01
4.961976028576517983e-01 5.156057951879826629e-01 5.154822426342758890e-01
6.012309962704422972e-01 6.209406952871348029e-01 6.776741820428811014e-01
6.474779853797101303e-01 6.245487961132459853e-01 5.866275595304117907e-01
3.692307171132516164e-01 3.850498765108745780e-01 3.695234535206994853e-01
6.290333070978831875e-01 6.391903368341480540e-01 6.170737993461775650e-01
4.546431303554790415e-01 4.675404264930004827e-01 4.931982637606776021e-01
5.620759346280328472e-01 4.900521714260999695e-01 5.014777837613187961e-01
5.538118210071343306e-01 5.104592761229234110e-01 5.296133432639824612e-01
6.378482132880871625e-01 6.068017556468007223e-01 5.943346695136437763e-01
6.633080019020054507e-01 6.258361469122072362e-01 6.621773759887421562e-01
5.022339700393925188e-01 5.161022151383957146e-01 4.968472839256225515e-01
6.796046890077731550e-01 6.884311557221147737e-01 6.916337939230891019e-01
7.369207068473555555e-01 7.247464563799046466e-01 7.035328010813428623e-01
9.076504356593446676e-01 9.789591323944066836e-01 9.064667031160055233e-01
4.626456598083324989e-01 5.084683545171916341e-01 5.432546914348640454e-01
5.391116755867678689e-01 5.562459618696816710e-01 5.009546258941787178e-01
4.700390972667466416e-01 4.175557903138670257e-01 4.607950349418074021e-01
4.970309654353953777e-01 4.667263080357123561e-01 5.449707566876441645e-01
4.037937262319022946e-01 3.830834569783451715e-01 4.022402371514899877e-01
5.444208677921650308e-01 4.852369769967805890e-01 4.819521237589189933e-01
5.785071276950943808e-01 5.506885495025960475e-01 5.045229625768147264e-01
6.381813139556015146e-01 6.986262585185398777e-01 6.378387525089581622e-01
5.424728151295158396e-01 4.828332318005998935e-01 5.490850976307291020e-01
4.769450698948916600e-01 5.327218981981106660e-01 4.553728610736904603e-01
5.099370399058178460e-01 4.522578813597962766e-01 4.920602830034770392e-01
6.498982501257510869e-01 7.080590727775641913e-01 6.464064309112593776e-01
4.976446352413186891e-01 4.773127798399633970e-01 4.500566040253108357e-01
5.131035966931564163e-01 5.733587752664222048e-01 6.552765904187052293e-01
5.171182090610032533e-01 5.085928279578777467e-01 4.837011745748974190e-01
8.924859590802103337e-01 8.574418403786456810e-01 9.161854068369860160e-01
6.908437508381300995e-01 7.574595642951549301e-01 7.378082716515848016e-01
6.138009254530889525e-01 6.328403546059166995e-01 6.845812189588076357e-01
4.903161701083366686e-01 5.144633153901194689e-01 4.671886182460799897e-01
6.792765066771381255e-01 7.276538966715179191e-01 7.314893354558414940e-01
6.121608876141160227e-01 6.406490472284883664e-01 6.486009656043789651e-01
5.904537986608907607e-01 5.786565469525349892e-01 5.546635011438018070e-01
3.306655004458314284e-01 2.839618806749850677e-01 2.809701549568375256e-01
4.177167883163706019e-01 4.378490898727885328e-01 4.466561377215940709e-01
5.097679999506461446e-01 5.180018613301282659e-01 4.751865682565814542e-01
5.984156425914103350e-01 5.939504917984930188e-01 6.247664833205138768e-01
5.251302445020555876e-01 5.387770606861971290e-01 5.050308974693640263e-01
3.697378426783159422e-01 3.500210748862015997e-01 3.774226017789585330e-01
6.462081878573303628e-01 6.636085381753209500e-01 5.937148352704749721e-01
5.276612108316645067e-01 5.331286472393661491e-01 5.902086791283930323e-01
6.132495318861773681e-01 5.621687478042348696e-01 6.040813813298070434e-01
7.568990196191824893e-01 7.753166736482789423e-01 7.365748350349422546e-01
7.307881064974551810e-01 7.418802268250063170e-01 7.850456812078402402e-01
5.878939657712232147e-01 6.193955969385919191e-01 5.689707119557897430e-01
5.184332822617374603e-01 5.272888226945109391e-01 4.956709379940236748e-01
7.116419376816284226e-01 6.774044019258932403e-01 7.637255434843649438e-01
2.781597625089766157e-01 3.806261245790047987e-01 3.744815219861389877e-01
5.789426852637138410e-01 6.259015697338090600e-01 6.333481285565043528e-01
4.374415338813349985e-01 4.744819760746149528e-01 4.480705617453009104e-01
5.016749339059058954e-01 5.617319795604645005e-01 5.461335642269420365e-01
6.399474966301345047e-01 6.723747105109619815e-01 5.699721450982381254e-01
4.939248368744928452e-01 4.812167525682805036e-01 4.751213236682553243e-01
7.310206313429995495e-01 7.211576194229500913e-01 6.569505474606288642e-01
4.854102156735440321e-01 4.577083428237304075e-01 4.693694596849196099e-01
5.947917253798946646e-01 5.897521076163944054e-01 5.994378213260013188e-01
6.631115668075824310e-01 6.586952130995803456e-01 6.375533203108056934e-01
4.936346669524572794e-01 4.957167213483372192e-01 4.359841326870040334e-01
6.426684060918238517e-01 6.082820520861372815e-01 6.637144997159823978e-01
5.487916510134883685e-01 5.997894256628437670e-01 5.378724221668254035e-01
7.021733456280327967e-01 6.769111181640750097e-01 7.059943894113978047e-01
1.063200911091153333e+00 1.035985114060607559e+00 1.032130787344579970e+00
6.324292399572676304e-01 5.640631459995540942e-01 6.361724573317518727e-01
4.485901445856971259e-01 4.091880303378518935e-01 4.639756928316603468e-01
5.208777852575505740e-01 5.159348647307340219e-01 5.809981842748175307e-01
4.419602901111778226e-01 4.407357494182789770e-01 5.041249503384275243e-01
7.098245767841085963e-01 5.997965240267535414e-01 6.343391886854594652e-01
6.581113508359074382e-01 6.858068242837530581e-01 7.293186438435071972e-01
4.288190791229724574e-01 4.778640137641725905e-01 4.464007584048437782e-01
4.659241827258844837e-01 4.197080989122353722e-01 4.816759328533562479e-01
6.172176975832189827e-01 5.679352411175172533e-01 5.914629114802578691e-01
6.510539267548923759e-01 6.235862823598897764e-01 6.526465590361226754e-01
3.543472479640778494e-01 3.518977536919776217e-01 3.388102257734612044e-01
7.559100729080167058e-01 8.001426853173185805e-01 8.499712907563390374e-01
6.134081841600544927e-01 6.663561932060274584e-01 6.850641068033831438e-01
4.295990373529502970e-01 4.563422434741416511e-01 5.233528818621611123e-01
5.712357281724548264e-01 5.706007220248129341e-01 6.176421594432371931e-01
4.524099151714617850e-01 5.344509575310235627e-01 4.411729280985550172e-01
6.021212086514706741e-01 5.598262258991144602e-01 6.329743242144141302e-01
6.294500650766351457e-01 6.508719781184278963e-01 7.098511207225870479e-01
5.253962512040361021e-01 5.138507136222454363e-01 5.416505164040305020e-01
2.815410704496248417e-01 3.336224072785572425e-01 3.307739756864874758e-01
6.997817639988409555e-01 6.749719495975797789e-01 6.615976242744943114e-01
6.159681851706724220e-01 4.967417525760902675e-01 5.726464777742782397e-01
6.073241856186908372e-01 6.752610857841674363e-01 6.703215171750153134e-01
4.178514686794289612e-01 4.684806780781226032e-01 4.008218524161564766e-01
5.117865052119801028e-01 5.520822596221490741e-01 5.336769206842744140e-01
7.729303219675669467e-01 7.722247318961643625e-01 8.621185664258825820e-01
7.152558729906502988e-01 7.447796915148889862e-01 6.535734284292741281e-01
6.703926658861656396e-01 6.673376257199569173e-01 7.551962386887108858e-01
6.184447026260714297e-01 7.424223027856708956e-01 6.925152570743514646e-01
6.875837297261516712e-01 6.193123676576361980e-01 6.472718435760834721e-01
5.087310850614186197e-01 6.092718129781919956e-01 5.223958493948087645e-01
7.057632517720756615e-01 6.750126567644207931e-01 6.838366474320722865e-01
6.117249488328787566e-01 6.348888675605813825e-01 6.358446846158306576e-01
5.002608733484871228e-01 5.030320936106215113e-01 3.718387657118746858e-01
6.772360952790928978e-01 6.484239694279194666e-01 6.869720865371126139e-01
5.588537744039843158e-01 5.408295613073670349e-01 5.794032824641877077e-01
5.763014360814228132e-01 6.152901047358083630e-01 5.279790649248162770e-01
3.958137599069214141e-01 4.141921371685469699e-01 4.126098203930891328e-01
4.136216431606608013e-01 3.756466414296821821e-01 4.234366719080836505e-01
7.004555478147347358e-01 6.541596532471460890e-01 6.997454051256788432e-01
6.990613559814664590e-01 7.200658234621859499e-01 7.492711483316081278e-01
6.494334765428452227e-01 6.344066960735110783e-01 6.402949724941666698e-01
6.515623903953130514e-01 6.567596517512171994e-01 6.251649106699016523e-01
5.287706631863234863e-01 4.967263558224872533e-01 4.927226128943080208e-01
6.797407747590507032e-01 6.710538997110043757e-01 7.160296069345390979e-01
9.801048435462328401e-01 9.940602946792825856e-01 9.558089243758846054e-01
6.487012925888867576e-01 6.401956348721346002e-01 6.453083409260087500e-01
5.904365739481014508e-01 6.329620619130117420e-01 6.575275129008368857e-01
7.345030530511252875e-01 6.685935344413741488e-01 6.917112918225932772e-01
4.845569916529252619e-01 4.872893324358532063e-01 5.152667445473844143e-01
6.632654204134399434e-01 5.662770755199066919e-01 6.043813971983069688e-01
7.059512188896225338e-01 7.111521432539950061e-01 7.229250229549532003e-01
5.976775875023649931e-01 5.717925227403383159e-01 5.507973872550350203e-01
6.010149103693952499e-01 5.828319413285569794e-01 5.903677266743868612e-01
7.816441488190862819e-01 7.214725861063657764e-01 7.453146507399112108e-01
7.365318025767617627e-01 7.774635856191356442e-01 6.763133968911916316e-01
7.205125596388214371e-01 6.904835834607331302e-01 7.011832566723874560e-01
5.096186708809308241e-01 5.099470980026632461e-01 5.243818667591627625e-01
5.170363688483512465e-01 5.444068728206787888e-01 5.233334692177040726e-01
5.049295352747604770e-01 5.483172242781235717e-01 5.080426539118706453e-01
6.942556533138892760e-01 6.462970613382467144e-01 6.398768349967554059e-01
5.438341442097646139e-01 5.195279844022886451e-01 5.613553330451522827e-01
7.854599571742016950e-01 6.944388981662115157e-01 6.360395477174719536e-01
6.325324817772954855e-01 6.171551690669336843e-01 6.046014304991746968e-01
6.849227525022202334e-01 6.993431989489636846e-01 7.327466696757044540e-01
6.119134361216808093e-01 6.128464271159762555e-01 5.476405894550488984e-01
4.457602190949300769e-01 4.513916593133786570e-01 4.656756697415633250e-01
5.012236008111048413e-01 4.747780908057144256e-01 4.569314618400464600e-01
7.028453183668345039e-01 6.960625143983617535e-01 6.424540095099623427e-01
5.993990743396072629e-01 5.883436875378968978e-01 6.170723104392912273e-01
4.420277865079695334e-01 4.182504126409670731e-01 4.327394284733110386e-01
3.737451032015225993e-01 3.488037921662530128e-01 4.026804991167426406e-01
6.372474162267626197e-01 6.450698996319808032e-01 5.706891923434759262e-01
3.837123543593554120e-01 3.672361487593087115e-01 3.890281445241496328e-01
5.841853808806075632e-01 6.667358918873965701e-01 6.297589279560545927e-01
6.375816251128606504e-01 6.881907658995598531e-01 6.843703051433952522e-01
6.751515495132227596e-01 5.941632657632381909e-01 5.739337625227763917e-01
5.904663371054255094e-01 6.189864723640959854e-01 6.073326947418610233e-01
5.379699054986371021e-01 5.849078623151655609e-01 4.992666743677166008e-01
5.713629185034621027e-01 5.449123344677904157e-01 5.974536987852504533e-01
6.446441291293482090e-01 6.312015426923842654e-01 6.329084108910791873e-01
4.334411874170537304e-01 4.969709774283368464e-01 4.499636527206415937e-01
6.567291308298042196e-01 6.856662680182169511e-01 6.994975905320360843e-01
6.274007576750759707e-01 6.656749536453365756e-01 6.836954751789182660e-01
6.665464555501998678e-01 7.773466743239854093e-01 7.497405848308914544e-01
5.216721537325206270e-01 5.085919863648975525e-01 5.094009205065096468e-01
6.903190157746171840e-01 6.339321355346441145e-01 6.794703111717823596e-01
5.161734252953339430e-01 5.576229628133865246e-01 4.492483686560082012e-01
8.873281776683273891e-01 8.814720411014124180e-01 9.641285314259030459e-01
5.618978689903461055e-01 5.592061843954431177e-01 5.265530126955041412e-01
6.150210096254036252e-01 5.426305858519303582e-01 6.274386044709732158e-01
6.009390211676245430e-01 5.902280082165796138e-01 5.859684105751424843e-01
6.086119857564469271e-01 5.435861311701237764e-01 5.896255113727674191e-01
5.715478343611881673e-01 5.179991213357579838e-01 4.972932418090802997e-01
4.970680655757323541e-01 5.398203645971164644e-01 5.331716066930726194e-01
7.616899958223875000e-01 6.974625036419025426e-01 6.460535728876823924e-01
5.726740357583361973e-01 6.013521234253726977e-01 5.822198116208221474e-01
5.654817834397201093e-01 6.563069055156873777e-01 6.220787887889146495e-01
6.731432014239461248e-01 6.330155579412245492e-01 6.656912200489200071e-01
6.993996225818209789e-01 6.602968751006361714e-01 6.883140081005786337e-01
5.804622917411872418e-01 5.767745746186844213e-01 5.715415838130989412e-01
6.898911858342647863e-01 6.561443061410413558e-01 6.414718696270826914e-01
5.959354477288802965e-01 6.454700686616499095e-01 5.812911713018075188e-01
5.646338281829476058e-01 5.621879698411148540e-01 5.374936355248060016e-01
5.147271300367798341e-01 5.244817865203912355e-01 5.289735125728181053e-01
5.170879688177840716e-01 5.344438598081693303e-01 5.067335353446820179e-01
7.166868490853903761e-01 6.817085500190576131e-01 6.907079743988268072e-01
6.908712896841198159e-01 6.347456106717030977e-01 5.936466449978197168e-01
8.067375109270800149e-01 7.997084101358820085e-01 8.151467908974789900e-01
8.848763029795317925e-01 9.257142634265340675e-01 9.520388883448915873e-01
5.259868901299689092e-01 5.217134224565173062e-01 5.721109141009806942e-01
5.718077985899556737e-01 5.388227982371457392e-01 5.684694863736794446e-01
7.430298588825066108e-01 7.113100154359491833e-01 7.622664312547717813e-01
6.705073208085249314e-01 7.328202598267334889e-01 7.226122245073496320e-01
6.936648123980518887e-01 6.370913200782613028e-01 6.700489118835036839e-01
6.798955153903972759e-01 6.512282773116689905e-01 6.442184480009556236e-01
6.694846220896333300e-01 6.738339085938562789e-01 6.806365156681992712e-01
4.296591576363842369e-01 3.890733219942332788e-01 3.994850773685906797e-01
4.856065441340994826e-01 5.024367600467156691e-01 5.539572292813609300e-01
5.273745791726321963e-01 5.297433266608857494e-01 4.523853170472174057e-01
6.730208377427941979e-01 6.176068181188530959e-01 5.229186803561901575e-01
8.225766422826082946e-01 7.453723669542769992e-01 7.640453220878106189e-01
3.726488053600670036e-01 3.937724184083014611e-01 2.981745285122169853e-01
4.321587571835789898e-01 4.423998422243193840e-01 4.688171808177605815e-01
4.861931893951146333e-01 3.912351462411267078e-01 4.530898888321735485e-01
5.286240495264482586e-01 5.543287601277918641e-01 5.286126722871835604e-01
6.291826535170893520e-01 7.025568321670885297e-01 6.851208490091833525e-01
5.330135956535932973e-01 5.009132006380310198e-01 5.049669624868153850e-01
7.307702914138427541e-01 7.695118253437360778e-01 7.302915532711942159e-01
6.520557564895758107e-01 6.400891444859018176e-01 6.668413059402049647e-01
6.115658083955139990e-01 6.052167013636307047e-01 6.218345972652231657e-01
4.957922431900431137e-01 5.262358910776119281e-01 5.211154710072073426e-01
7.489720457809412313e-01 7.373095628659990242e-01 7.437584362765653490e-01
6.865734345546857798e-01 5.638069905903515533e-01 5.787114609158148237e-01
5.771715512267477921e-01 6.143064463772323069e-01 6.068696300986499148e-01
6.329886417159698020e-01 6.056065038068010331e-01 6.706851527581785266e-01
5.222261990513041852e-01 5.267816423928588510e-01 4.953484458200791973e-01
3.632859399443984505e-01 3.608786685879609157e-01 3.177248632459198641e-01
7.185492996782512076e-01 6.783518011741171971e-01 7.761917508076188188e-01
7.105208451737498043e-01 7.296688332278825628e-01 7.934832373619511436e-01
7.354210288421682007e-01 7.120077895876557594e-01 7.336480608218876043e-01
8.322647785562432565e-01 8.921130111661181861e-01 8.704806429321071404e-01
5.029681470685249955e-01 5.773769625831245422e-01 5.809732220861095753e-01
4.692324531688671363e-01 4.717312613402676602e-01 5.361148467229640557e-01
5.129875644069218366e-01 5.093096859642834984e-01 5.498372287296201533e-01
6.406607226969238678e-01 5.847502080956775705e-01 5.856345792350857726e-01
6.023975873847690066e-01 5.427866651961219535e-01 5.923895271531840478e-01
7.624803426142130469e-01 7.567216089729621453e-01 7.317980660641623114e-01
5.075349664914144965e-01 5.038546188718971974e-01 5.208087524237321464e-01
6.944517742430876828e-01 6.599530992097552007e-01 6.780809510659565609e-01
6.186840702602273145e-01 6.353375442461285383e-01 6.513569892461454902e-01
5.131434935593349733e-01 5.825273739759050384e-01 5.686011767223793090e-01
5.234659992382456606e-01 6.155715476864856983e-01 6.439512759259551355e-01
4.825262885507082267e-01 5.015739315224780892e-01 5.318700606668733677e-01
4.704918280450040013e-01 5.222419560251466697e-01 5.150458256884492547e-01
6.336539655454557218e-01 5.688581985170279021e-01 6.706224138804455226e-01
6.751011753658722192e-01 6.093063452503149069e-01 6.484429729344241000e-01
5.822366068791586802e-01 6.112969603161422238e-01 5.897367880691506414e-01
6.486776979831224699e-01 6.312360788727799932e-01 6.195199294332339734e-01
7.348611813230609968e-01 6.975629110702014080e-01 7.088157925143735438e-01
5.085795043947782812e-01 5.248828739267943355e-01 4.940179849583805072e-01
9.334813958355036023e-01 9.151568603974639116e-01 8.793774605644864018e-01
6.748877195706394216e-01 6.022132550326990685e-01 6.281523321985433839e-01
6.381096549718496824e-01 5.836288988711156867e-01 6.251155285986070842e-01
6.401039983923296761e-01 7.561952386955196337e-01 7.161460510785900846e-01
8.334529831634208685e-01 8.402207651602358052e-01 8.016505797229014352e-01
5.140336137748590106e-01 5.766944399540953059e-01 5.808914796923766444e-01
4.985051530878440440e-01 4.770289693769789729e-01 4.578517582776004957e-01
8.146078445407088919e-01 7.706357147825956266e-01 6.736400030480484968e-01
4.982592527386947023e-01 4.926318323974723246e-01 4.774120267659743844e-01
9.356819257607500440e-01 8.804161759879223226e-01 9.130982304860475463e-01
6.962554749729904513e-01 6.822662304356669205e-01 6.715120399128972073e-01
6.006510743534598795e-01 6.724331115211152898e-01 5.939190320940758161e-01
6.456616439588712675e-01 7.290183133548298056e-01 7.012308490807168671e-01
6.108880895032361424e-01 6.661300393980501555e-01 5.988011694455478429e-01
6.550778629562370448e-01 6.354280202659410293e-01 6.063276835966239231e-01
3.866948409169465029e-01 3.656671759804446253e-01 3.808428152158254143e-01
7.367662241536957479e-01 8.000510531181869167e-01 7.727547393385760799e-01
6.015070918955173207e-01 6.141142853156120740e-01 6.246480740053896863e-01
5.108960431276661218e-01 5.686081049359877904e-01 5.522790265558679135e-01
6.725611225154967121e-01 6.820897543936395024e-01 6.638220901314921818e-01
6.450535857969745823e-01 6.046675762489994721e-01 6.064862021130958958e-01
4.284578438159641345e-01 4.428174838414310477e-01 3.671956223995190283e-01
4.442111779737916710e-01 5.516120843374863192e-01 5.123160926456348241e-01
6.810314822381383637e-01 6.556930109792847849e-01 7.104289935861832772e-01
6.702475841367531162e-01 6.342319130988697262e-01 6.759923395798334012e-01
5.371491402097439138e-01 5.326034078755721435e-01 5.293362390773389548e-01
7.316187356445726930e-01 6.920329892923886561e-01 6.817302907115296851e-01
6.170493689953076011e-01 6.187733952656979675e-01 6.214804675898430997e-01
5.749115843236939360e-01 5.152714275468899263e-01 5.001696038983309833e-01
5.907308855167437978e-01 5.842240752604537235e-01 5.657660131379670387e-01
6.757633839932741804e-01 6.730522627989269369e-01 6.335968530408562227e-01
6.385004838560676133e-01 6.441070067544386601e-01 6.291965956068706900e-01
5.903953807078533567e-01 6.549249896924537184e-01 6.020005971967035130e-01
6.394107886411243280e-01 6.282577157465841777e-01 7.437318448330084708e-01
6.771589377862622383e-01 6.811690878297580465e-01 6.559144952555862051e-01
6.172577785245517701e-01 6.605975163250135118e-01 6.676940104346955618e-01
7.125629555084528333e-01 7.144493364931499002e-01 7.148707704603216584e-01
4.836824484985127182e-01 5.246894771642413025e-01 5.447947480507240314e-01
6.794119801597833241e-01 7.318134267344623689e-01 6.892973248591929281e-01
6.348927084967094236e-01 5.706984351793930044e-01 6.624428670896969074e-01
5.112035316170765453e-01 5.369655664920554017e-01 5.563265850261442935e-01
4.027137450637847671e-01 4.470530234335796105e-01 4.885200281248032739e-01
4.909603196563462335e-01 4.970180173571949189e-01 4.579740012453132891e-01
6.314762695285529581e-01 7.079858546547959097e-01 6.009250375327187532e-01
5.280810672452375121e-01 5.744019499774520865e-01 5.226643183840503637e-01
4.760691838457755676e-01 5.182726097959708955e-01 5.576511419222568433e-01
6.098935891418754141e-01 5.736626432044268364e-01 6.109037686866179984e-01
5.104518103772135440e-01 5.980820631754660832e-01 5.358378109478508788e-01
8.457924664973242024e-01 8.423358015926020181e-01 7.987449897726103254e-01
5.830323764882885396e-01 5.697616439450198245e-01 5.751969635432812034e-01
5.798958023850750987e-01 6.703209666424861934e-01 5.400007148351041453e-01
6.237114196058564097e-01 5.806800046980459262e-01 6.196138361344130097e-01
6.303418244799401382e-01 5.748936621784637158e-01 6.291169911088135835e-01
7.678200817403398881e-01 8.061241547801275553e-01 7.793286957367249190e-01
3.805690378914712291e-01 3.869034765374561591e-01 4.388389372789933129e-01
4.129864410478509829e-01 4.717543468212571089e-01 4.672649552223928637e-01
5.802415404933549681e-01 6.028474704879225321e-01 6.092169284346099500e-01
4.776549182483397771e-01 5.317089183266489050e-01 5.288770956586646976e-01
4.499082525597352666e-01 4.079504733749584888e-01 4.853397074346983420e-01
6.770772308327370759e-01 7.459068557044494785e-01 6.717667882509056332e-01
6.592760692203678552e-01 6.658430980301669466e-01 6.809458830217615111e-01
5.801074520304401183e-01 6.104622794581709977e-01 6.644431668264714208e-01
7.982377571438020736e-01 8.866941123915939027e-01 7.558115013954342931e-01
6.234731126376722443e-01 5.276764556456144950e-01 5.025327450255334671e-01
5.577486400716248349e-01 5.571871634905849469e-01 5.338479859085452084e-01
7.923283867266809333e-01 7.355517280739556352e-01 7.459615917336220869e-01
7.114041758702510654e-01 7.355214787845539837e-01 7.166725105997696632e-01
6.310001545104210185e-01 5.734594808939738053e-01 5.916154891453998532e-01
7.087078458961678651e-01 7.489485953679314578e-01 7.551679181029719023e-01
5.787873515813679592e-01 6.324028501100759092e-01 6.339332873767472565e-01
5.859074556641907794e-01 5.523390695336911627e-01 6.054080445983121006e-01
5.593007448848783536e-01 5.502573930867151741e-01 5.520658345596151095e-01
5.191176268412432959e-01 4.841615582895790193e-01 6.170736466175116286e-01
7.964261852940353048e-01 8.045221062492549091e-01 7.733376448582035545e-01
6.136138220784130848e-01 6.222568062877177342e-01 5.592242195523668968e-01
7.271110337564227200e-01 7.130002316609334034e-01 7.625120723187689409e-01
6.894741977981883041e-01 7.002935840016728530e-01 6.978046646241430340e-01
5.215673544466448153e-01 5.486231535615799793e-01 5.731922487623392071e-01
6.666284832253607240e-01 6.267534302707411520e-01 5.985537110569739694e-01
6.954690622464347882e-01 6.920525553890455317e-01 7.254510925770419894e-01
3.887854271409505458e-01 3.777017395311785264e-01 4.160952209735975793e-01
6.384358687031909119e-01 6.207829562227606957e-01 6.276233249558872407e-01
7.137077603171332330e-01 6.376521626319334723e-01 7.117992668998824879e-01
5.392598632142776571e-01 6.156613837031300607e-01 5.261487496339375403e-01
4.312734504309348460e-01 4.916128300185768629e-01 4.585480531170714746e-01
6.359079776267450024e-01 6.414121686717705328e-01 7.259419396136078673e-01
4.661934207782085227e-01 5.443737317572733270e-01 4.824864804540395791e-01
4.217689850260601392e-01 4.732147687784614698e-01 4.797772128509597556e-01
5.018583739315252146e-01 4.512110503182316656e-01 4.528080747754937296e-01
5.771548004895596939e-01 5.603533472173737318e-01 5.695786037797383461e-01
6.733509876049379450e-01 6.414751273666345899e-01 6.121580964575913386e-01
6.280077386029272457e-01 6.855136795892990964e-01 7.263848118097924189e-01
5.532959573404361286e-01 5.170759704633965947e-01 5.081919384338452472e-01
5.903275464316614096e-01 6.597565721875998657e-01 6.326176189426810925e-01
5.394655368461784839e-01 5.440831610430348908e-01 5.209545486753963672e-01
6.325551879451376536e-01 6.731447750767917126e-01 6.936449423347703647e-01
4.695396709110358224e-01 4.657696454017131171e-01 5.783738984330009103e-01
6.210886454135720047e-01 6.631253001222164878e-01 6.795159743591115964e-01
7.445491221222945155e-01 7.163969377255787752e-01 7.402518022236778128e-01
5.638796199105300389e-01 5.139672438447405733e-01 6.018657725169935802e-01
6.780273337715150284e-01 6.582655099035463753e-01 6.366161138609052195e-01
6.345342391332362553e-01 5.733944474708213557e-01 5.593415517287871896e-01
5.689209736624539770e-01 5.661524681998332253e-01 6.479646951009486733e-01
3.852874975619847708e-01 3.679261132086301123e-01 4.338071615253050739e-01
7.024870976371050402e-01 6.956032304159069923e-01 7.343387385878383800e-01
6.812379837242192870e-01 6.020263627453503741e-01 5.864525213867072262e-01
7.276935597858110727e-01 6.283252896101103602e-01 7.124603276369347871e-01
4.642489539454404679e-01 4.382685106254819996e-01 5.059332489609268402e-01
6.713582400041218090e-01 6.530269039799193598e-01 6.253994072809502258e-01
4.599107117906786057e-01 4.638309925216411167e-01 5.411746104106374133e-01
4.676497545448017878e-01 4.880373405909437801e-01 4.915348594755536982e-01
4.436554280348179446e-01 4.272229998101706450e-01 4.721968078874022590e-01
6.934866636037506638e-01 6.114208836599299701e-01 6.471880888647882912e-01
7.699703074441455186e-01 7.606095945556637927e-01 7.805063201622572944e-01
5.788172419192773033e-01 5.826841752530530494e-01 6.326658439284408297e-01
4.517874455208291118e-01 4.599213003389983068e-01 4.418964997696393504e-01
8.378000042951275761e-01 7.595893333397560898e-01 7.453769810738350987e-01
6.952470234214029876e-01 6.956545485474235901e-01 6.791602227907425071e-01
7.836556862886309149e-01 7.189663957954446349e-01 7.709316424880739982e-01
7.128694925741153599e-01 7.153939702240312837e-01 6.535482552341502771e-01
6.079122502475079459e-01 6.175260106178745989e-01 6.638323632981725231e-01
7.572685099673768239e-01 7.363251635652399152e-01 7.372379499728922703e-01
4.626543681150767084e-01 5.064617292216625488e-01 5.215101678554345810e-01
6.142902781756838237e-01 5.651756520089614710e-01 6.005959110963084990e-01
5.170215347743150058e-01 4.750977109646107865e-01 4.830341490240701585e-01
5.473199569358734307e-01 5.232738102188758678e-01 5.420367238869718829e-01
6.557481861537006740e-01 7.184865922746446198e-01 7.025470534337905359e-01
3.632402946089763329e-01 4.061144340193211799e-01 3.472056397836860708e-01
6.209283970199176439e-01 5.741547967341945613e-01 5.986469969819817605e-01
4.718059100583829046e-01 5.646681947923498646e-01 4.997431964215204858e-01
6.415681936716179923e-01 6.356509140995008078e-01 6.159541548655762533e-01
5.113041926165263762e-01 4.620379245182922867e-01 5.299035609540437841e-01
5.497096597092250292e-01 5.462905147645322756e-01 6.225086840659161957e-01
5.570298579618315760e-01 5.587115535529539878e-01 5.387615520201360919e-01
6.344136728072810039e-01 6.692588933142615826e-01 6.339897271050597416e-01
3.936067773620151589e-01 3.959530058606838820e-01 3.986015507566456617e-01
4.750512814528655148e-01 4.718595877920205850e-01 4.528763598476496788e-01
3.972863875546056023e-01 4.619576839167529592e-01 3.986285921054495418e-01
7.209595259801472311e-01 6.966799649040582576e-01 7.009646959915941666e-01
4.555237336015326433e-01 5.374416145859890470e-01 4.976110325279949342e-01
5.222702532503167294e-01 5.469583165476850084e-01 5.962103690205518003e-01
7.274378172734532466e-01 7.366278884155473827e-01 7.042714135364254169e-01
5.551776109732420306e-01 5.526330434259804081e-01 5.509290218487158386e-01
8.986646645062440486e-01 8.220276857121925351e-01 8.247910929413726500e-01
6.297623425224713190e-01 6.170679569914198082e-01 6.593263444892988323e-01
6.228490765448180255e-01 6.267370447567748304e-01 6.704421727100248196e-01
5.558392287558032718e-01 5.670589541551221968e-01 5.797981768991565810e-01
5.804388893381334791e-01 5.041551606879869363e-01 5.138362319710733095e-01
5.413021568253504334e-01 6.331788728853681159e-01 5.868919238949885653e-01
7.290883287211238351e-01 6.733796085255950858e-01 7.157320678194082353e-01
5.111417165449128053e-01 4.534508361060949344e-01 4.415798087788587178e-01
6.995624218285728668e-01 5.906352063500558414e-01 6.474806332388579611e-01
4.915026939249717008e-01 5.143104805827076742e-01 5.154945743528706048e-01
4.582736405480752895e-01 4.779297244892027341e-01 4.636877475507205637e-01
6.283379133097595215e-01 6.075599954094962341e-01 5.568200099292534011e-01
8.192116207966609887e-01 7.886039246054826757e-01 7.937218303012287812e-01
7.445463622066953446e-01 6.876316595757461236e-01 7.526737846929226761e-01
8.092344941898036437e-01 7.810826729449014127e-01 7.860400382384813422e-01
4.714716861658749258e-01 5.724740008753953502e-01 4.984709586612689480e-01
6.787974575206457972e-01 7.885050392759412885e-01 6.522427438378609610e-01
5.271523096553856202e-01 4.756534963052271303e-01 4.842829559560144492e-01
5.147012021403816195e-01 5.221194319350156432e-01 5.555768492473578402e-01
7.668321915527473998e-01 7.921033290012253758e-01 8.207366883469202623e-01
7.125456239860830099e-01 6.770744172758771384e-01 6.434432234037492648e-01
7.641199268074995166e-01 8.437379654576547816e-01 7.080787398427904611e-01
7.136514684167695188e-01 7.343265760753190374e-01 7.649674255721786720e-01
4.498635430750220210e-01 3.788214933284582697e-01 4.501360185594768804e-01
5.049618244060714023e-01 5.432321043407458694e-01 5.524001691170986605e-01
5.041166002458628004e-01 5.105433822487701612e-01 4.610081488603481881e-01
4.442435137729837669e-01 4.969954716009056250e-01 4.528212930401396830e-01
5.905119275435003479e-01 4.275950356161350441e-01 4.806690413052737143e-01
5.822825401627342856e-01 5.034885203867426329e-01 5.434083716225505123e-01
7.978704477546668672e-01 7.865058774146245213e-01 7.822163804659284514e-01
6.186255048563242820e-01 6.215889582589381179e-01 5.533567860123609350e-01
8.586133413720004048e-01 8.317126632812551490e-01 8.121036941730750414e-01
7.783636386758164827e-01 7.325636516211714300e-01 7.291918054872514876e-01
7.031198123467767847e-01 6.771464882922806350e-01 6.852297912801545987e-01
4.499538977873547840e-01 4.829787315527875324e-01 4.159387625012248568e-01
4.258209575909889244e-01 3.845666721279430433e-01 3.691989982639887202e-01
5.919726692600717488e-01 5.748705246139207414e-01 5.893753433295735311e-01
4.994229336490705329e-01 5.390916382548380792e-01 4.997507162972859573e-01
6.715187837661397152e-01 6.144986067413044095e-01 6.297070164586697771e-01
4.625951947561333100e-01 4.394514360206460135e-01 5.156117320537531024e-01
5.082737309301480488e-01 5.337754043702828133e-01 5.147755258791022470e-01
7.009991663019968788e-01 6.591358016174554413e-01 6.337714516858369285e-01
5.852939659094551494e-01 5.383478940544144109e-01 5.369013761238200511e-01
4.161925368362822675e-01 4.198522009418269030e-01 3.523954140811860203e-01
5.235348090651863462e-01 4.277417540718688183e-01 4.072885038703344951e-01
6.567686245834180037e-01 6.171243002264165112e-01 6.432763080795161903e-01
6.673990937456402150e-01 5.687835994515013649e-01 6.876570828866810370e-01
6.531259606485549929e-01 6.769737784135662073e-01 6.874950015873529940e-01
4.702144849375370916e-01 4.551206695833132643e-01 4.622111858889414449e-01
7.009395351694812648e-01 6.743698427988357169e-01 6.475061803589081677e-01
6.307524069372258957e-01 6.369868891398884347e-01 5.678373000847853902e-01
8.419372085257852412e-01 8.032454378335673884e-01 7.921446362337651870e-01
5.527707572649382950e-01 6.084823943859186679e-01 6.321174944088505665e-01
7.667238339297840488e-01 8.175906140057863647e-01 7.574820677206496322e-01
5.198742082063481096e-01 4.985442017618873511e-01 4.777290783484842707e-01
6.838327808771933469e-01 6.484488421968106486e-01 5.439461165971812839e-01
5.637374186033977663e-01 5.676416874298858550e-01 6.582661360321341304e-01
6.929204432835157634e-01 6.532432336698063002e-01 6.174874688008185064e-01
6.779840907692910035e-01 6.360428086928057168e-01 6.661836199524002744e-01
5.407181352578196432e-01 6.036839672983668192e-01 5.871943624792567151e-01
5.813567458105208807e-01 6.084543069578239871e-01 5.873227125644776558e-01
7.195890776375331033e-01 7.213954458886623344e-01 6.582850470356076400e-01
5.964772144151211375e-01 5.829207240230454001e-01 5.924815252974889868e-01
5.357639026187834830e-01 4.824971418645533361e-01 5.116906072585923893e-01
4.221634437654201433e-01 4.131237355091304519e-01 3.870906672258396242e-01
5.681703176178846126e-01 4.808651798687994527e-01 5.025914938635136497e-01
5.264596179863976211e-01 5.942389986457781159e-01 5.242564294729734620e-01
6.676738614665578275e-01 6.784678214262216400e-01 6.756227078125590646e-01
5.985929166516454902e-01 5.813337318732708647e-01 5.307110071537962659e-01
5.548124616836044298e-01 5.306278918674672829e-01 5.337704456208286485e-01
5.900095658174648872e-01 5.287621869535804597e-01 4.848314705412646308e-01
7.687408084956957044e-01 6.944066484387221294e-01 7.236170921933693378e-01
6.128996116686185047e-01 6.630516236900269034e-01 6.555913316492302245e-01
5.028393344877544191e-01 5.788903971783142532e-01 5.227301398384756048e-01
7.616792607340114873e-01 7.474098233148132042e-01 7.827876403620839252e-01
3.529556109920139462e-01 3.553911813334627579e-01 4.247756544959953029e-01
6.339045917562086130e-01 5.932552731963564030e-01 5.744968970012680476e-01
5.602575456274992982e-01 5.525297379082859672e-01 5.335241415962559408e-01
5.423345720475156728e-01 4.822221420943131887e-01 5.035711089434738996e-01
7.732868000097959937e-01 8.469522213525556564e-01 7.853113090060681589e-01
7.517603040111985324e-01 7.157946059707589459e-01 6.773301539188095743e-01
6.996316707827423542e-01 7.330989026328164071e-01 7.080458463585423967e-01
5.925344127924861981e-01 5.348189708148622934e-01 5.372257269747222619e-01
6.317712507039461300e-01 6.465629674820480011e-01 6.337045317164907710e-01
5.827420870293088528e-01 6.027917122587611587e-01 5.448330786777140222e-01
6.610635116721473858e-01 6.147362504813508322e-01 5.920749030308861682e-01
6.110683870526649741e-01 6.591673945189193695e-01 6.156208081844803948e-01
5.464988419831000588e-01 5.260498738936062457e-01 5.326808271669706274e-01
5.329179807616540865e-01 5.684466539828221254e-01 5.895215154504553912e-01
6.513539870652792496e-01 6.499076523148001883e-01 5.869455669887866378e-01
6.900113948092939653e-01 6.398079824242893787e-01 6.667220100997409693e-01
5.562545044543824035e-01 5.871882507414967201e-01 5.641608699045427278e-01
7.647695639964436909e-01 6.519479955206917143e-01 7.231909141414720743e-01
5.875857091883337491e-01 5.585038668973391074e-01 6.551398685217548756e-01
7.213033579054475286e-01 7.596852423014199829e-01 6.873699341683905395e-01
5.291836284959312575e-01 4.438552060685657108e-01 5.793372613668194004e-01
7.280738797616537195e-01 6.757269082093587675e-01 6.954702952553641904e-01
3.621790855554550825e-01 3.384010371389797323e-01 3.599450143285452541e-01
6.846969267696579875e-01 6.969305186628453885e-01 7.424491889728941363e-01
6.549905029303830784e-01 6.132668428978731434e-01 7.166738051973401413e-01
6.400704244777399854e-01 6.201560186826303722e-01 6.922708420855885336e-01
5.385214905008707253e-01 5.722411447960570330e-01 5.085538271219105511e-01
6.429624104299710430e-01 5.257089752644973357e-01 5.073373312716460415e-01
6.649336337028937116e-01 6.768235254700608605e-01 7.287246862842213790e-01
6.903454912543690591e-01 6.566624156990579220e-01 6.809481271241289990e-01
6.514316147237080301e-01 7.275679035291747754e-01 6.811922514813480989e-01
6.421768633313241770e-01 6.620760850551401511e-01 5.650163956923016650e-01
8.598067809003751005e-01 7.838533628712751611e-01 7.873456674445996617e-01
7.358468900477870278e-01 7.396677251712411305e-01 7.053659379291121745e-01
8.659676398612664583e-01 8.775838606161450173e-01 8.288016863994681627e-01
5.009913540638426532e-01 5.241475695226071041e-01 4.957166583553778150e-01
5.432517110827128626e-01 5.828732002529803946e-01 5.865228078996067573e-01
5.829401226884740606e-01 5.661077344690572666e-01 6.514355215934222176e-01
6.443079144292885863e-01 7.411829003468297650e-01 7.301959804586640734e-01
6.456165273984548758e-01 6.684591555255718909e-01 6.659492565009411669e-01
6.819088465191170956e-01 7.094407433483632675e-01 6.922173053523573705e-01
6.128048213669397004e-01 6.834585061450507704e-01 6.609019014418776594e-01
5.835832717680743409e-01 5.706588577693744169e-01 5.802140718715704804e-01
7.118768452845359862e-01 7.719956360919786320e-01 7.071699414493345381e-01
5.741271090001593969e-01 5.447366273250142665e-01 5.252189060140286525e-01
6.323460017731659111e-01 6.247805879845945709e-01 5.711755304717355264e-01
6.508913099898239185e-01 6.340870093259954876e-01 6.341598462067264963e-01
6.645042566548431395e-01 5.871069111352174019e-01 6.384396668534034758e-01
6.833851681976986780e-01 6.971747007846508248e-01 6.978880100862850933e-01
5.415677501715443487e-01 6.107689503969392364e-01 5.201511513268217701e-01
6.353171006483031569e-01 6.535046470181117284e-01 5.631836851470538585e-01
4.781614237034892412e-01 4.275729031896762788e-01 5.255299215409969804e-01
6.825724018700566331e-01 6.318200588160467479e-01 6.233669263504191260e-01
6.913102968636836154e-01 5.819611830363593530e-01 6.238348572249700075e-01
9.068640082723457008e-01 8.735180850954186171e-01 8.605326653683307292e-01
8.350381609501995595e-01 7.807906918677809394e-01 8.559787485129297657e-01
9.283631033052189840e-01 9.043149996065167340e-01 8.702780392574065438e-01
7.054439319152830956e-01 6.840902111756025361e-01 6.863544876470739631e-01
5.924910495582880188e-01 5.865842762267005073e-01 6.092695156898266795e-01
5.476477995021060696e-01 5.745175989696130747e-01 6.516177062124596242e-01
6.291654241446988927e-01 6.876102143473517003e-01 5.942147299327449339e-01
6.054100686264800579e-01 6.525641677844240540e-01 6.133133237248956648e-01
3.464614286615285699e-01 3.427351648643686133e-01 4.058095121425893126e-01
5.477065758226096204e-01 5.423042820054436719e-01 5.555596544557968031e-01
6.684418712692656861e-01 6.304715575974634278e-01 5.752694434287159986e-01
4.935899400254157299e-01 4.448401710980989243e-01 4.222146050967009456e-01
5.042273855157378692e-01 5.294547053392492098e-01 5.562430740957122755e-01
4.903140072509113434e-01 4.968632494469352179e-01 4.391922723515348514e-01
7.083308626819160292e-01 7.289467820019178701e-01 6.754371775168018788e-01
4.656249425440753265e-01 5.389806107556847081e-01 4.894791324113560438e-01
4.787953380419775473e-01 4.425601240367599831e-01 4.734385135904007891e-01
8.676645438648247222e-01 8.668047447444113818e-01 8.134039035513405125e-01
5.870514107702012874e-01 6.669773396064418991e-01 6.060644711367437765e-01
5.000725781211725618e-01 4.919657325496245570e-01 4.837585390589541068e-01
5.930498096177180267e-01 5.948660276851891471e-01 5.961187794054939593e-01
7.044325356190647147e-01 6.992810384610244068e-01 7.563936033581166729e-01
5.914906918872999686e-01 6.517093641542587301e-01 6.236133231856378911e-01
6.908150443781480021e-01 6.839162804957912289e-01 6.851446738862092545e-01
7.286227696359487416e-01 7.529042613692014108e-01 6.993455100027657911e-01
5.285291971916149523e-01 5.276881848233974104e-01 5.076479971396328228e-01
5.824175162176360443e-01 5.875823964818175371e-01 5.339769061489260116e-01
4.011831104663775016e-01 4.545497370318226649e-01 4.306757754372683711e-01
5.854521825198173435e-01 5.240888129290788289e-01 5.377536774502208461e-01
6.109459334129350161e-01 6.117590834836426072e-01 5.648902923033064516e-01
5.727118854660609992e-01 6.435846233945481387e-01 6.394347615642516081e-01
8.660505252972938717e-01 8.309931863072047564e-01 9.011992915713387120e-01
5.929024806637728240e-01 6.445247922884728142e-01 6.414687785096223616e-01
5.770773886579328993e-01 5.069315577163038267e-01 5.302046108000448843e-01
5.843717643625443436e-01 6.460977498179567569e-01 5.987703682794898175e-01
5.325544980107381754e-01 5.472467958402372767e-01 5.134058543131746477e-01
4.056394232943917877e-01 3.999331228847691211e-01 4.195491837958156278e-01
7.074737076241650602e-01 6.710055902247588078e-01 6.990691911225778155e-01
5.625962236466449662e-01 5.272786424915539838e-01 5.656758516689026628e-01
3.677691535005236934e-01 3.606250406148683862e-01 3.779531160914994525e-01
7.804967655698248352e-01 8.041135623114583630e-01 7.940573014134758578e-01
8.775894301716623547e-01 9.108494166132717895e-01 8.670780892382567995e-01
5.748872188342514233e-01 5.453949968121992731e-01 5.895403345047127708e-01
4.964264146791979582e-01 5.593674370190991896e-01 5.772152842540057005e-01
6.883609572450480885e-01 6.320208615880634762e-01 7.123781624016293224e-01
7.924106780828816810e-01 7.161816420995993360e-01 7.449956444725718274e-01
7.682688570152632623e-01 7.432333760260542155e-01 7.544862081197016845e-01
4.357166324037303751e-01 4.276656987830029788e-01 3.735392906594522389e-01
7.681316912543537656e-01 7.914218891554395396e-01 7.484473204323213169e-01
5.672970612303699367e-01 5.878184219194215743e-01 6.470873099408506190e-01
6.149578249764487969e-01 6.863707765989804921e-01 6.089373271792946074e-01
5.142232152306754900e-01 5.520507791417151866e-01 4.952502071394717098e-01
5.903213957501999287e-01 5.822879428315350658e-01 5.153700311565825309e-01
9.627403607757276660e-01 9.761921211290931488e-01 9.428558737915523347e-01
8.007896424325998685e-01 7.414627330285119555e-01 8.394951239346326588e-01
4.677188686952227781e-01 4.668256226788966567e-01 4.997190407912929233e-01
5.777490430653540177e-01 5.884403538632719810e-01 6.362002063179644784e-01
9.076907567867192883e-01 8.107358845169885253e-01 8.197506780212796551e-01
5.448578624788016356e-01 4.854228732332808716e-01 5.019878555885277649e-01
6.568992363416102931e-01 6.931252771544579305e-01 5.902910502821749894e-01
5.320521113625096277e-01 5.402482856239775311e-01 5.724336337547273335e-01
8.630170390392426505e-01 8.722197949438907916e-01 8.576962723013988876e-01
5.471854577055439428e-01 5.324913425134383260e-01 4.939024130028620840e-01
7.070611025392913307e-01 6.761509679806716466e-01 7.315642188850509653e-01
6.190564971253148530e-01 6.165814241091198689e-01 6.424541266855354760e-01
5.550558527139949350e-01 5.306300025722650027e-01 5.382809807648990530e-01
9.289452317264697001e-01 9.767649746859989879e-01 9.705039836662037178e-01
5.719732476365987361e-01 6.448912246121608627e-01 5.976749967645025308e-01
6.792749057215567987e-01 6.545717398955476218e-01 6.687417883698205667e-01
2.863598483084205948e-01 3.440247105470136124e-01 3.151838421001251223e-01
7.479980284694177639e-01 6.728587454766118414e-01 6.890404028978855955e-01
3.563167069685983512e-01 3.561462727552551222e-01 3.937791449510617547e-01
6.282928615155037866e-01 6.617023203186924718e-01 6.662036522023727647e-01
5.530768760622604141e-01 6.381999352609580844e-01 5.884034078232639464e-01
5.892954856809873299e-01 5.609271802981807831e-01 5.592246144476104019e-01
4.455083516050085124e-01 4.897162926056268240e-01 5.015708588981604432e-01
5.558350197345610644e-01 5.302266595797370252e-01 5.972808161054381504e-01
4.110278886772962270e-01 4.376139099825584466e-01 4.380281631669450393e-01
6.830594772309465101e-01 6.291429473135704553e-01 6.691252130922613617e-01
3.583147973560246724e-01 3.894573663738264413e-01 3.874313931247628795e-01
7.230195699916297514e-01 7.197270636123621612e-01 7.428822974797049117e-01
6.240050598295916462e-01 5.756002417364280976e-01 5.809488819542742988e-01
5.809569130677205706e-01 5.796362844084173016e-01 5.757265733288431386e-01
6.216067491591087402e-01 6.567884203734544180e-01 6.123435075249203940e-01
6.157730840056347965e-01 5.213674669788426197e-01 6.054272796045756522e-01
6.498443704541301269e-01 6.594856423752774033e-01 6.953221856634460574e-01
6.804492429213415683e-01 6.733993446237696023e-01 6.715447665111975439e-01
5.078808208794652890e-01 4.338700500652670211e-01 5.029579699061775822e-01
5.481416521275823683e-01 5.347751691805734398e-01 6.254426326195436925e-01
6.123114542023350149e-01 6.020588792633801978e-01 5.620873000789715634e-01
6.079744782691574034e-01 6.335143605571808001e-01 5.398815801074775544e-01
4.677779018978401315e-01 4.539027530691953638e-01 4.352328992850474920e-01
4.447593564631953655e-01 4.838583253810352924e-01 4.331559997731158074e-01
9.102113646494797150e-01 8.980091784775880992e-01 9.475810008256492223e-01
6.074929902948930094e-01 5.954241724289729421e-01 5.777616256074291634e-01
6.099720819166044583e-01 5.810776546325648884e-01 5.943293405936427298e-01
6.787150776522193896e-01 7.062807397298284107e-01 7.710466231678245741e-01
5.937920286502031963e-01 5.173912875345177964e-01 5.437658838393114591e-01
7.288445790902943200e-01 6.977806641139544519e-01 6.783229781446715734e-01
6.833400463783476653e-01 6.449078496549109918e-01 6.465621014705548175e-01
6.055680445176447879e-01 6.038867735360538003e-01 5.043130875466659280e-01
7.226409326801604971e-01 6.719957773629954279e-01 6.901147541301239086e-01
6.082151272728817393e-01 6.468006591683302942e-01 5.706655048707898192e-01
6.476761121075312877e-01 6.216061211330239367e-01 6.311510791098428053e-01
5.785310224860419348e-01 5.980458383646181098e-01 5.756923134858711322e-01
5.120107735395232895e-01 5.688028888967099350e-01 4.710642592315815169e-01
6.349623808240907330e-01 6.203963005363989369e-01 6.305772813547577682e-01
5.933476924736298397e-01 5.666962521583729373e-01 5.589455699744317885e-01
6.973304219604309351e-01 7.183892612505429209e-01 7.018362114281521125e-01
5.354113650639552580e-01 5.352461947983494506e-01 5.362908312683727363e-01
5.603113403510218138e-01 5.651572088620283596e-01 5.466687991657774859e-01
5.005093439899587215e-01 5.772807981621046469e-01 5.325105638121142571e-01
5.988792549032830870e-01 6.586933237973708888e-01 5.345589758609443631e-01
4.382463552609670021e-01 4.556745050359831684e-01 4.614599815184635134e-01
6.514897552643400536e-01 7.434255011365139554e-01 6.522841764652399510e-01
7.379766833386051106e-01 7.115482627253622017e-01 7.198075956513004803e-01
6.829182658452022103e-01 7.306776151785496776e-01 6.305074068771195916e-01
6.175770195676077989e-01 6.569046679279804124e-01 6.845202270773842468e-01
5.290077119284223306e-01 5.455042591884470271e-01 6.282282131071351694e-01
6.660098158330622908e-01 7.521677383508832415e-01 7.319576883554821389e-01
5.783540344439801473e-01 5.184529922975152916e-01 5.660516055732913721e-01
5.891634676302108797e-01 5.729179645290981560e-01 5.978347807537105485e-01
3.993957828100220819e-01 3.914499865908938059e-01 3.679801886810510902e-01
4.717186757484072568e-01 5.204950371310362867e-01 4.456762283432039173e-01
6.290898157624116305e-01 5.979841132420784522e-01 6.558818111164891329e-01
6.202232419930784335e-01 5.905507742887960987e-01 6.047611211998102920e-01
4.814788986461908671e-01 4.705232792773643702e-01 4.443316222774488233e-01
6.094466497255419668e-01 6.326789216580389619e-01 6.089951794918987416e-01
5.910444321977627036e-01 5.918998762328511187e-01 5.852856188344461863e-01
6.798919692757650068e-01 7.089772094635896638e-01 7.142464533069258215e-01
5.043504572435691946e-01 5.426688815181961445e-01 4.546529009474212790e-01
5.831760107844399244e-01 5.561069387517371121e-01 5.746669252963917396e-01
6.842332878080158443e-01 6.184332915141942388e-01 6.649008477252977833e-01
8.002121145863121399e-01 7.557577952753412598e-01 6.861040174453885143e-01
6.154118178571607034e-01 5.891526664432462645e-01 5.663806554548699301e-01
7.428713849400891966e-01 6.574815843527190840e-01 6.941151993614956828e-01
5.945472332905564761e-01 6.197535158858309412e-01 5.994465042226183593e-01
3.950951508808136503e-01 4.512045349185676568e-01 4.172964832440142491e-01
7.192490237710680301e-01 7.014061498369325021e-01 6.615594028139788474e-01
7.509624557175359483e-01 7.104232921234157061e-01 7.246940512028878789e-01
6.159088393529102978e-01 5.655905089311560330e-01 6.379813647071680416e-01
5.598333132694914838e-01 5.982166316568244824e-01 5.834239155968614643e-01
6.584224450866567047e-01 6.999080948668474633e-01 6.522487700870994720e-01
5.761572626859038371e-01 5.870536627485104519e-01 5.959391933115906204e-01
5.442704042400026143e-01 5.296140115386552827e-01 5.141837771165705950e-01
4.877479747626979889e-01 5.135032445439490223e-01 5.235025251695260007e-01
5.773765506786785462e-01 6.019952706834148515e-01 6.258699755225907158e-01
8.142652553517389924e-01 7.836969480162312429e-01 7.538404894099995923e-01
4.720221050670093677e-01 5.413132647706344613e-01 5.076228086332009726e-01
7.702115686628291380e-01 7.551396929754111698e-01 7.132185059874811550e-01
6.027300686917702599e-01 5.577541662548347601e-01 5.711060925638148378e-01
4.930903163914586163e-01 5.648560611587523095e-01 5.409093978805086245e-01
6.877692777840909155e-01 6.993234151478991967e-01 6.597817478468545049e-01
3.883190318757928639e-01 4.041491665300882552e-01 3.953235005759632159e-01
6.629257382491440254e-01 6.702265988564741761e-01 6.778924593016795175e-01
7.982730418257966143e-01 7.269599550038873259e-01 7.860200489087384446e-01
6.860023341607424108e-01 7.736341642893741488e-01 7.288786240907312308e-01
6.255054718860627583e-01 6.083540172744601460e-01 6.728570759460312800e-01
7.504130698236483044e-01 7.209053563303521317e-01 7.315510205219261097e-01
6.908803284011689749e-01 6.426835575276125256e-01 7.054029975388400597e-01
4.774496234628414770e-01 4.884784315811865341e-01 5.139871930885061557e-01
7.329573811783721693e-01 7.365725046367940232e-01 7.404335873782431632e-01
8.829891666453920651e-01 8.625320220978512920e-01 8.470968589578004027e-01
5.341813847149238237e-01 5.244771820140948781e-01 4.982133096036321374e-01
6.374350159397504934e-01 6.232657403986705535e-01 6.391933360303074796e-01
8.178030196931138640e-01 7.745286090398787460e-01 7.793478141564660344e-01
6.057447053663885805e-01 7.158946027746281304e-01 7.067771230492484458e-01
7.487297226092248792e-01 7.963581011078161298e-01 7.403339042923472446e-01
4.549704367080267264e-01 4.290535197427405301e-01 4.323264829685516397e-01
6.396861692371006436e-01 6.395145637818274720e-01 6.096497283813948620e-01
6.680515901613636176e-01 6.546329393848596689e-01 6.085803444762331038e-01
6.161342282954581639e-01 5.692525378451198659e-01 6.942526341175179194e-01
4.549533942009982290e-01 5.112176880506815735e-01 5.765936097132799976e-01
5.606041430729651331e-01 5.159272504929551806e-01 5.160234890961581389e-01
4.419328323740686071e-01 4.136524904433221961e-01 4.836811285910950775e-01
3.832653556899027203e-01 2.933261539860989031e-01 3.764226126066683165e-01
5.149069727663053708e-01 5.474946829248468205e-01 6.399218350993047810e-01
6.731455346203645274e-01 6.290675024440921526e-01 6.598355622315907887e-01
4.993003202954294228e-01 4.643410210859776344e-01 5.487839054827952090e-01
7.490989339317656315e-01 7.017712812826724100e-01 6.420807296103755446e-01
5.864327595043281605e-01 5.307746830484691980e-01 5.181268573720080317e-01
5.868804339074513710e-01 5.786795830202139390e-01 6.180111641845649206e-01
6.201904835784431969e-01 6.210033752679239294e-01 6.458585178386673231e-01
5.093939402195062360e-01 5.344196994375161047e-01 5.236985183497292473e-01
5.095964345547528973e-01 4.536118148753208179e-01 4.720361333618954824e-01
4.964811824047227207e-01 4.800715456164751371e-01 4.650538977955587239e-01
5.244982923193682867e-01 4.627050126697504484e-01 5.446681404950227678e-01
6.633007591702114736e-01 5.692255316931852382e-01 6.302140302078821366e-01
5.430456355615627118e-01 4.968345716259860434e-01 4.952248128655828974e-01
8.257070102856941540e-01 7.880374340189441051e-01 7.941553296498412573e-01
6.898794334270995643e-01 6.504310451660842984e-01 5.993261272844240262e-01
5.847106725708546282e-01 5.976405745566381045e-01 6.192711768083751789e-01
7.880499787246995069e-01 8.155668205404419391e-01 8.237245336638813198e-01
6.398361577796779498e-01 5.900678525556057874e-01 5.699551967900766680e-01
6.424285995511974656e-01 6.597255375802547617e-01 6.734165083241601124e-01
5.448717294525590171e-01 5.795035048241918840e-01 5.670890726071804444e-01
7.048183436993727957e-01 6.593148968402898769e-01 6.373599010813510990e-01
4.910287221961265325e-01 4.901437509200538556e-01 4.311166521921594996e-01
6.962029530393281096e-01 6.724382972120114266e-01 6.854553414024365798e-01
6.703882899933583106e-01 7.025729428707556679e-01 7.013146448042236747e-01
8.125401496478494856e-01 8.298653713850623337e-01 7.716428826698557009e-01
5.280096418309745410e-01 5.435616811229401213e-01 6.151696236739159218e-01
5.925825789402354715e-01 5.800644426235105344e-01 6.612647299610653340e-01
6.306424731975024400e-01 6.197717327424249190e-01 6.764854480529720604e-01
7.717162864169871961e-01 7.225854638210745806e-01 7.594016214752550287e-01
6.134961141053956180e-01 5.865695029694317775e-01 5.981708250915657166e-01
5.322412496370192425e-01 6.083751133410094658e-01 5.913746498948411201e-01
6.750491360306049016e-01 6.500872680181473129e-01 6.924034366809783680e-01
5.733286796617017567e-01 5.677155915893615790e-01 5.729638648271813128e-01
5.892293227928895316e-01 6.749818987492521849e-01 6.319662353186117354e-01
7.201271457025455458e-01 6.476483512520841979e-01 6.659221896454751155e-01
7.826007890356148078e-01 8.771270937301912651e-01 8.480561861363623555e-01
7.985539299289307058e-01 8.122922097076914483e-01 7.733789926649202728e-01
5.834248962944116323e-01 5.827307978979572312e-01 6.068788273812297795e-01
5.585580654217906504e-01 5.334034023089754273e-01 5.318947950000789682e-01
5.403210683634508404e-01 5.253007010147541234e-01 5.245635234328778207e-01
5.717303373811586376e-01 5.303486151120085923e-01 6.078758457651866065e-01
6.147466463334786413e-01 6.507064526820415251e-01 6.970376179556233565e-01
6.480262398014071668e-01 6.935751858253687008e-01 6.723934467013267247e-01
5.269160134861664568e-01 4.914816385027082624e-01 4.916339849380104710e-01
5.091902343166582190e-01 4.839212585191105531e-01 4.608955461060050274e-01
7.547744087949816993e-01 7.798030611310585725e-01 7.893701835303054137e-01
5.623074471782496531e-01 4.355883097049680353e-01 5.379658987905876488e-01
5.862552184775734476e-01 6.567969762015228863e-01 6.430562242444852750e-01
7.006815485407625888e-01 7.464608580128458959e-01 6.975727722680535869e-01
7.113990393285580804e-01 6.514132986650659207e-01 6.738586517715066115e-01
4.839916332563687362e-01 5.425241183444242665e-01 5.106152338942991920e-01
6.581109751436047262e-01 6.823435979582880284e-01 6.859898433508219151e-01
5.831182617994665751e-01 4.812901711220937129e-01 5.792619185082494848e-01
8.876465436877924997e-01 8.714890610030414653e-01 7.672243698213602192e-01
6.246733224457646783e-01 5.487271388032733954e-01 6.700716803845925273e-01
6.239257903140840167e-01 5.788285234115333466e-01 5.875039776762805976e-01
6.378095935261459681e-01 6.893263769972793886e-01 6.620880252030181268e-01
4.098315290490200935e-01 4.680947704217481298e-01 5.400838802466463306e-01
5.577938931916360810e-01 5.213648423541661359e-01 5.585494004288876768e-01
6.072024410612186784e-01 6.286475618245483954e-01 6.204260416027231884e-01
5.500780857516592848e-01 5.618541488591489719e-01 5.871699509719879861e-01
6.068083497970023776e-01 6.263328764985588437e-01 6.440025873901262798e-01
4.106066828383910794e-01 5.508761001711189875e-01 4.394848296737605686e-01
5.942149049740200750e-01 6.689636005924846085e-01 6.357304002828300105e-01
5.577590063972251988e-01 6.033408228621581770e-01 5.932159562809530273e-01
6.244243798412185686e-01 6.495363685958345235e-01 6.888336904377223568e-01
7.296312259876733819e-01 7.508877348452659417e-01 6.866187781501738030e-01
4.856803234921279189e-01 4.867303001389475803e-01 4.668310737861804949e-01
3.916802758830592590e-01 3.929870775048408538e-01 3.798721514436013691e-01
4.980969239538951543e-01 5.770727075541410844e-01 4.891079022431428780e-01
3.901064572075040315e-01 4.205422067035047284e-01 3.309973477247511453e-01
8.801203950850257085e-01 9.050651035646053444e-01 8.822506489332615498e-01
5.582554338590451914e-01 5.687551710805578420e-01 5.370453944698723170e-01
9.306139608581703859e-01 9.275326136203292382e-01 9.380303898533071116e-01
7.231718665273988433e-01 7.358726972209451711e-01 7.936971401933972103e-01
7.512462438668788822e-01 7.046699350363674341e-01 7.631716011117016807e-01
6.600612118093748260e-01 6.406078647333617315e-01 6.593957933039373831e-01
5.140105995165664687e-01 5.148771023809058933e-01 4.813565490973714667e-01
6.345936821926074778e-01 6.576056416699963547e-01 6.260801528239944291e-01
6.738629136003232434e-01 6.161071017487972368e-01 7.221661056309621740e-01
4.563754275692224471e-01 4.148363062590913475e-01 4.564919699783380747e-01
5.618224376291333089e-01 5.838487712668961604e-01 5.470675982941742843e-01
5.099043864039560781e-01 4.558866221686413978e-01 4.630157771210635653e-01
5.406259183288311121e-01 4.807256465644479948e-01 5.389740966986320547e-01
6.756026642695621698e-01 6.494920394404731789e-01 6.609796744469452756e-01
3.345827951890052443e-01 3.534887058250830161e-01 3.947315375875051213e-01
6.633827330856925109e-01 5.727509020431559295e-01 6.275291529772250021e-01
8.348180919391818833e-01 8.848456174303872546e-01 8.799189694295128650e-01
6.450670384472807495e-01 5.446693002945252049e-01 6.419208080218807844e-01
5.217674189785080907e-01 5.809814807700371952e-01 5.345847924171591714e-01
6.313573749955702086e-01 6.312303580461476882e-01 6.434550628578767917e-01
7.286726254715275575e-01 7.145025473918366066e-01 6.726079287013573271e-01
6.548043989247229746e-01 6.327069622920326042e-01 6.161167468065024133e-01
4.826079980414339499e-01 4.314077303130111618e-01 4.259615720147560958e-01
4.230310058350990055e-01 3.319152728605361813e-01 3.426480047154261133e-01
6.451963398100150071e-01 6.762724936008366328e-01 6.993488592016277039e-01
5.482655570500124531e-01 5.334231257438798446e-01 5.993766427744499081e-01
5.582328310521679215e-01 5.541194063869065989e-01 5.760291457686386174e-01
5.385154316741771474e-01 4.713186536459424425e-01 5.221493624875863659e-01
7.208884847784535754e-01 6.859265347434783111e-01 7.534427213298751091e-01
5.312989485017373115e-01 6.338451226141932349e-01 6.102352972568700906e-01
5.971729602420421390e-01 5.003540915576680792e-01 5.389154896553008944e-01
6.579003853599677543e-01 5.915935538493326540e-01 5.263096416422400337e-01
6.871517353858138666e-01 7.941607920856880165e-01 7.974368458100214996e-01
7.773332330335323004e-01 8.046472126173743744e-01 7.899858007618938416e-01
3.666305454566300415e-01 3.624852732528448529e-01 3.925824654595372332e-01
6.783973203297880561e-01 6.845573594423849384e-01 6.551374785245275278e-01
4.502837651577963896e-01 4.622502285011974021e-01 4.745187021894735069e-01
5.821890872780253190e-01 5.742818201549482193e-01 5.715115281820929427e-01
5.551774717314390539e-01 5.819445992579086457e-01 5.669860787631511023e-01
6.845163940840386374e-01 6.475557090231210955e-01 6.864919820695006836e-01
5.178560607624206336e-01 5.844893593310365176e-01 6.173425159122086781e-01
5.857702922616613295e-01 6.016917819242828536e-01 6.076811597967499701e-01
4.211418549768652930e-01 3.432536973325364671e-01 3.638873024812640522e-01
5.177984933943792223e-01 5.749216502702008125e-01 4.934713667077695320e-01
8.083795827165451975e-01 7.699418166968527988e-01 7.796649347692830023e-01
7.238966194860825265e-01 8.102921198535926184e-01 7.661066056997696272e-01
6.165803892264903885e-01 7.846138712461311338e-01 6.408161351180822196e-01
5.474742609029291662e-01 5.665929604973241052e-01 6.004296798031266702e-01
7.073678489440871076e-01 6.910180880410483617e-01 7.529795558177186932e-01
8.430161908615428912e-01 7.987739059554672671e-01 8.258120428714862404e-01
3.478429291873833540e-01 3.036918985631745782e-01 2.844659860120535844e-01
7.512841489301136377e-01 6.957395985162774243e-01 7.222771155230851559e-01
6.514432269357538496e-01 6.286084708318396830e-01 6.525053866169641115e-01
6.767508455291967318e-01 5.975194910135520621e-01 7.174583051858566263e-01
4.469706444107668930e-01 4.830070502960674972e-01 4.833838616655282694e-01
7.590344723815090067e-01 8.093776314376748271e-01 7.522330895787829874e-01
4.390560470421717154e-01 4.793679637215285116e-01 4.509146993505918077e-01
8.562191630801967435e-01 7.792541023628382080e-01 8.296683981243265782e-01
6.656047641437323747e-01 7.190025902147938464e-01 6.691658604959456191e-01
8.465919761387653564e-01 7.848440244279637490e-01 8.300241800183200125e-01
7.147607570676716149e-01 7.794369663502331846e-01 7.017526436138795676e-01
6.082524137675844322e-01 6.990232312955715344e-01 6.994757913477820388e-01
4.650137073252733066e-01 4.938679966632650298e-01 5.159399903406980403e-01
6.418885232401612129e-01 6.352817312471200628e-01 6.659931840214061705e-01
5.187577660045109562e-01 4.909336814591838127e-01 5.341642609465594438e-01
5.947459991033239302e-01 5.022733402536851965e-01 5.958094723339195653e-01
8.130969902630595936e-01 7.739056779699342581e-01 7.857054697891969752e-01
4.103109611684607194e-01 3.819043786916911376e-01 3.414480783645340023e-01
6.976879584455809580e-01 5.935300605904875182e-01 6.282407704156068862e-01
8.868867234899323604e-01 8.031426545721950250e-01 8.916350089605048490e-01
8.607333300645091390e-01 8.041165457117446236e-01 8.941182621862885371e-01
5.741082713457256181e-01 5.978565574182844733e-01 5.815108085854471254e-01
5.918410670813252228e-01 5.993894056007187388e-01 5.448991857978995323e-01
6.812013729014469998e-01 6.386707520378263059e-01 6.286812760535651634e-01
4.469404891251276268e-01 4.626000123460184965e-01 5.523976893831210599e-01
7.240251946938927041e-01 7.185407814625093259e-01 7.828555220417828808e-01
7.469418450601974513e-01 6.584392006053663149e-01 7.229669795731614723e-01
6.428062445242697098e-01 6.626405900759739787e-01 6.588400073414443225e-01
5.358395438698708713e-01 5.580581708440948141e-01 5.372689560739999370e-01
5.374896990657889173e-01 4.956936463782324331e-01 4.713968054918897810e-01
6.007181217831275566e-01 6.401229984176520782e-01 6.241460335639814616e-01
5.672321840540516247e-01 5.602709485474898221e-01 4.502257968697959689e-01
5.669783868473997623e-01 5.260239745150360191e-01 6.198475043275633034e-01
4.557089893628873956e-01 4.171283510719374088e-01 4.163310921308535084e-01
6.081753636948568076e-01 6.207986555249517258e-01 5.566388646142534924e-01
7.212861707906580433e-01 6.869597697047888918e-01 7.726065717733932026e-01
6.303299249414364702e-01 5.960329658448167978e-01 6.172733819819642420e-01
