5.907590781682759973e-01 5.632002332890124752e-01 6.190336854433933222e-01
5.455412235820725764e-01 5.547346788429047271e-01 4.770529834678753911e-01
6.778600828040123316e-01 6.545111386828101896e-01 7.043401018435307970e-01
7.028533161183635469e-01 7.012294120058188973e-01 7.700599295217982476e-01
8.014041515690090156e-01 7.798448612130000068e-01 8.505223906045877857e-01
7.056574326530137276e-01 7.197030450773519439e-01 6.899803787529746879e-01
5.038279738853920220e-01 5.111027954337514778e-01 5.982117119152816631e-01
9.075626975612040015e-01 8.596753535431986837e-01 8.675561237151947491e-01
4.960402826241350760e-01 4.918872138227975421e-01 5.282186069531810135e-01
4.973412754834313776e-01 4.905445467418793615e-01 4.659810951355285447e-01
6.113448761544997279e-01 6.255743936724427190e-01 5.991377267140183260e-01
7.803953422432111653e-01 7.338150445869929817e-01 7.724973431147990066e-01
7.446934171553060144e-01 7.488477258200771924e-01 7.490655965255769155e-01
5.081470186765372210e-01 4.719776084632255064e-01 5.165826422958729180e-01
6.092986987795504517e-01 5.874647950998057588e-01 5.944950960729333822e-01
4.017376981211470133e-01 3.940729073694043127e-01 4.061839018123890033e-01
8.755148381574580085e-01 8.067457572445926317e-01 8.864436737501228958e-01
6.072601500678580511e-01 5.991965416538295175e-01 6.171905704300932882e-01
5.536079605202154363e-01 5.393956799516541611e-01 4.798490502199935226e-01
6.242298759054861756e-01 6.358935077387591894e-01 6.426989162661950195e-01
6.633393069219672977e-01 7.032577744956239885e-01 7.150374240981081098e-01
7.634982983466443995e-01 7.582609005644720401e-01 8.209005032711845784e-01
6.786241677865103572e-01 7.701761416070318500e-01 7.292698486327516827e-01
5.522268106975435353e-01 5.552225996518005413e-01 5.553754391303239446e-01
5.450323136146026926e-01 5.394577413097276786e-01 5.028185485112994790e-01
5.329666448470155027e-01 5.452011551571969150e-01 4.849417154193351731e-01
3.890470485511806076e-01 4.494592307547756738e-01 4.182499907201152056e-01
6.453882226371524533e-01 6.181264641372188340e-01 6.786389579613759659e-01
7.762074769997582280e-01 7.189907931342616187e-01 7.104471567326305914e-01
5.247535509810793419e-01 5.487215564178612448e-01 5.188658761652245044e-01
5.418174886695670267e-01 5.724673213001263417e-01 5.482658229973925712e-01
5.184642135642759664e-01 6.477480404749114129e-01 6.137650231601452511e-01
6.024427242897696377e-01 6.487772300597570707e-01 5.835636275498345960e-01
7.391255376140442035e-01 7.278059590825876057e-01 7.502017577764179546e-01
7.379904223290695287e-01 7.247819102261769952e-01 7.868807148159194798e-01
6.769640595836384778e-01 6.288124685105375145e-01 6.321346061915116277e-01
6.732365580474329869e-01 6.405508737140724884e-01 6.547945170954430072e-01
6.439457926075701222e-01 5.655028884215400620e-01 5.570140656492221787e-01
5.180028069999501605e-01 4.923633001265383946e-01 5.667802955444777302e-01
7.770428050972876255e-01 7.646169513571220433e-01 7.297992986496726342e-01
5.442190886501088176e-01 4.495009451892414964e-01 4.955035416035449281e-01
7.473794277457203039e-01 8.375045262565963267e-01 7.928651369316166431e-01
4.983415537190560296e-01 5.088710489653616165e-01 5.532905684374166411e-01
7.523531741782962801e-01 7.273070249584516755e-01 8.110391608810612052e-01
7.579036024191619925e-01 7.630003360868050644e-01 8.027974378061641936e-01
6.287461395431631628e-01 7.074555738805591298e-01 6.156195683570986343e-01
6.536389621905813740e-01 7.369679897743552921e-01 6.789629168694898409e-01
6.764232190140992973e-01 6.458463948664632248e-01 6.568424832326730245e-01
5.721842248611530568e-01 5.801607007575602104e-01 5.874837358916493724e-01
6.082709165462448775e-01 6.279503131210039113e-01 6.367152744112363205e-01
6.190568531164635235e-01 6.912482055464409525e-01 6.034776413953657492e-01
6.363123634911371784e-01 6.752537837097575268e-01 6.479537898813615415e-01
4.066049131197074229e-01 4.089811623262574747e-01 4.022199947199882053e-01
7.378347726577385579e-01 7.787380124477799592e-01 6.996282371725121019e-01
7.112410357318376120e-01 7.213955263640497995e-01 7.142625820530513758e-01
6.861851786339050463e-01 6.973371595468221829e-01 7.570558222519361280e-01
5.109961468993496903e-01 5.830433699843097228e-01 6.387849851553761837e-01
5.974426643859460651e-01 6.102137296142379208e-01 5.343248688891643061e-01
6.855544568654193816e-01 6.706104028829943386e-01 6.574667189285136049e-01
6.799267450068157137e-01 6.389648072635164544e-01 6.225678040323879836e-01
7.014216693251760226e-01 6.584329591324603603e-01 6.730485664647930522e-01
4.183568594188499246e-01 4.236876036705549686e-01 4.020777893503432732e-01
6.499849989838574205e-01 5.949345080218643167e-01 6.178630670100632161e-01
8.499893643391439602e-01 7.971270089893971456e-01 7.702996919512598017e-01
6.175749462281374669e-01 6.689562394333044004e-01 6.779035572861901171e-01
6.623793926642593810e-01 7.471145111935512118e-01 6.001906428995298359e-01
4.235769446647826286e-01 4.102043098224492645e-01 5.038984308852445526e-01
5.166488436736972334e-01 5.414259801210294931e-01 4.828802694433709797e-01
6.641603937784545941e-01 7.002037043978385222e-01 6.894429076291348490e-01
7.888452452116572200e-01 6.995929365441693193e-01 8.509069423905435414e-01
5.238235921461369404e-01 5.605604838077253849e-01 4.698815102119210940e-01
7.311028536671347888e-01 6.870281830084347119e-01 6.979727557343523570e-01
4.009160947611143944e-01 4.070843255299689267e-01 3.773774139171314213e-01
5.595937753755370059e-01 5.135117948061346249e-01 5.387681806841914112e-01
7.495974101850865212e-01 7.096768669056700007e-01 7.056720347767145851e-01
5.806087932033229260e-01 5.678983330212762359e-01 6.093183366024881309e-01
6.607485648173290205e-01 6.834034089703650006e-01 6.184822523177314624e-01
6.576355974881866739e-01 7.063905282582824130e-01 6.567318290452995866e-01
7.662146332588253284e-01 7.627207709772246824e-01 7.890869257789782099e-01
8.670748947484957503e-01 8.097748324505124051e-01 8.142138464447664647e-01
5.155908363548379336e-01 4.954407786442496797e-01 4.984485826435748890e-01
6.245137510031273376e-01 6.466392433652030647e-01 6.135688316438362433e-01
5.804993426128155498e-01 5.132936569367576585e-01 5.303930491926324153e-01
8.295763263341735527e-01 7.801821198031068105e-01 7.564709212680310602e-01
7.535755392336142000e-01 6.639434437614655238e-01 7.277017470165517699e-01
5.357794210402258006e-01 4.527042817658625262e-01 4.737262432884795094e-01
3.927488581758046271e-01 3.794021193144074822e-01 3.735188037118989945e-01
7.870389231019772058e-01 8.213943091801415575e-01 7.177544374151383355e-01
5.512559534975105535e-01 5.386584264661536947e-01 5.460458686509219728e-01
4.154951854850488790e-01 4.315445117580655743e-01 4.631321763792505264e-01
4.390654910066242866e-01 4.087442062262258702e-01 4.813525830587645493e-01
6.690924981128251181e-01 6.298371786874731315e-01 6.513024780759191223e-01
4.481332597177136723e-01 4.491942672667106340e-01 5.285546751492335993e-01
7.564233087812447520e-01 6.938994213274478629e-01 7.456880462961911205e-01
5.831652109838136866e-01 5.903395205997759021e-01 6.020037623761564927e-01
6.789293304399658391e-01 6.977996232391423526e-01 7.432838046963032852e-01
6.661040390641238540e-01 6.975419781427805166e-01 6.081811595230757206e-01
5.721582464382529709e-01 5.269516312213038400e-01 5.509133015803739930e-01
5.695094333775069240e-01 6.091999180743284947e-01 5.779927194306714311e-01
6.674431966744768241e-01 6.271875587807406172e-01 6.199319939717403694e-01
5.790986813894112295e-01 6.949698005093399855e-01 5.528382129240931864e-01
6.956716440009984570e-01 6.793637188696755036e-01 6.908611711326262395e-01
5.973833498913947437e-01 6.567062423801208748e-01 5.543916323644921818e-01
7.249426246300585408e-01 6.980167646237097623e-01 6.598248619743307675e-01
5.986647650394247844e-01 5.560534166065522754e-01 6.164815461071854186e-01
7.741750833214223748e-01 8.138022595664954340e-01 7.503218646758013088e-01
6.481232230201920963e-01 6.735085815807535514e-01 5.836030405417800271e-01
5.466063369979415887e-01 6.028766646469189139e-01 5.610949066305057631e-01
4.725923304357250720e-01 4.595889098595508648e-01 4.461739117344607486e-01
8.038513769239400419e-01 7.867407121950461546e-01 8.038428070916471269e-01
4.995684600151321653e-01 5.489517678539646006e-01 5.768796153469630816e-01
7.079208089441937357e-01 7.089216663318216316e-01 6.781642860858084765e-01
6.736939010636878722e-01 7.662673645621864704e-01 7.057618087035659737e-01
6.038471926113290200e-01 6.487254126244212937e-01 6.259078392535503133e-01
5.621113302236022680e-01 5.328857233206336641e-01 5.227116047873782145e-01
4.120527944223462691e-01 4.265741641961398045e-01 5.315364229426370324e-01
7.549191485888631092e-01 7.938876463473694134e-01 8.062635092661037950e-01
4.517932701670782647e-01 4.979324295494205188e-01 5.171771302684802230e-01
7.265455950667372154e-01 6.713349364823482102e-01 6.636855289382064260e-01
5.861704449586258026e-01 5.575388814690585004e-01 5.812528490182432561e-01
5.836366675806229365e-01 5.573946266615178446e-01 5.440904536384836288e-01
7.004564713034984180e-01 7.516901788059936473e-01 6.845127525949762370e-01
6.450054109108418476e-01 6.685271006520528969e-01 6.213353407819157681e-01
4.703832823581393097e-01 4.071445588860603260e-01 4.351043972945632943e-01
7.314094877286921870e-01 7.965185994388974677e-01 7.766537419095764783e-01
5.415662247776279470e-01 5.005787625993259882e-01 5.147070549690436758e-01
6.169867475922736766e-01 6.520486528011130156e-01 6.398634160418350536e-01
4.922575941492818852e-01 5.356688615565453615e-01 5.268994793619967698e-01
6.153646434760849937e-01 6.703286549669527083e-01 5.524047743281084166e-01
7.057296527046500456e-01 6.627319225384182833e-01 7.004268851613507652e-01
7.282187298152164034e-01 7.199680692717884689e-01 7.514595626373116177e-01
7.479669392908415704e-01 5.861289963307180217e-01 7.175548213220294125e-01
6.104458749854609900e-01 5.773590061902533765e-01 6.315356129481564107e-01
3.760908076596488625e-01 4.102319871031212539e-01 4.304779753903055783e-01
6.207876954630233701e-01 5.969350711207919158e-01 6.333263191372401346e-01
7.871638776431172380e-01 8.128854771183491312e-01 8.241299896404779002e-01
5.163297605496559584e-01 5.620673697048566009e-01 5.201249792888723578e-01
7.391242494207540537e-01 7.348769427264276732e-01 7.643569585345695305e-01
4.935386452131310109e-01 4.584679019209215167e-01 4.739252706116119929e-01
6.271275702457353995e-01 6.547552577676410968e-01 7.018429587005046155e-01
7.774431838605341261e-01 7.913305498642267954e-01 7.674831681273038830e-01
6.947284220513928465e-01 6.644902464207343984e-01 6.932201917468054919e-01
5.930525250463047904e-01 5.136806977131289642e-01 5.550816626890823224e-01
7.445853606273754588e-01 7.436671268211333397e-01 7.374718360655538874e-01
3.720075376911685661e-01 4.234422935763187956e-01 4.200360990853794219e-01
5.759981530050937160e-01 6.554736203867701505e-01 5.648242852002934855e-01
6.484649129256614408e-01 5.909712405948189806e-01 6.646811340053291328e-01
4.996121667678094513e-01 4.654882690668925016e-01 5.261048870795272947e-01
6.448402818468110809e-01 5.951296217573848191e-01 6.015546409731453714e-01
7.371736439853806555e-01 7.246137579108716809e-01 6.568380473701888045e-01
4.627851240488410345e-01 5.270028601890738296e-01 6.065731808820492565e-01
5.441357254498782048e-01 5.372925145709899208e-01 4.773092359181698163e-01
6.469710054601710558e-01 6.349989275072650541e-01 7.482682339307956676e-01
5.938916180217236329e-01 6.093113371704104164e-01 6.141502273911964016e-01
5.321771931485346219e-01 5.313912124777213641e-01 5.508023820541445570e-01
5.899213794789713861e-01 6.247363661390089584e-01 6.040059430521076411e-01
7.262050330422733513e-01 7.707017332987666780e-01 7.747826713352030659e-01
3.858093916551418867e-01 4.563361424782352294e-01 4.946299203664447086e-01
6.012307741858242682e-01 6.328309800461701107e-01 6.399997916091891836e-01
6.472297141661123021e-01 5.841086557479108210e-01 5.808979094165944712e-01
7.474378094090707858e-01 7.721908289347629850e-01 7.358903947950761193e-01
5.338607865081860249e-01 4.957466698409799255e-01 5.214038581097641956e-01
5.027174951872566133e-01 4.973785234682519540e-01 4.304546317211230266e-01
6.620140487415288044e-01 6.457910695990812799e-01 6.256606401309079413e-01
6.647662439875843265e-01 6.639376924705241434e-01 7.030037313921638775e-01
2.409195893589046455e-01 3.517787349719175283e-01 2.440568599001547712e-01
5.323802725587380991e-01 5.884127384472871425e-01 6.141152219362816522e-01
6.016253648974650980e-01 6.398355771756224497e-01 6.368852171931044248e-01
4.990769083420725782e-01 4.607892810348063750e-01 4.844704822230699315e-01
5.795951569632663558e-01 5.600457009668291519e-01 5.753800928110398560e-01
6.420420622281111100e-01 6.674158203188919058e-01 6.280583479354590049e-01
5.013122591600341904e-01 4.911459881500412350e-01 5.153025449830861415e-01
8.276879619103600927e-01 8.358777726888294568e-01 8.096121957129128743e-01
6.402273691676959588e-01 6.614678158092768268e-01 6.227379224328947194e-01
5.553701867294307259e-01 5.624400800618730711e-01 5.146050124429625283e-01
6.262779758436818334e-01 6.172866646226161658e-01 6.508413932416455827e-01
5.611473116863747723e-01 5.504007890243229895e-01 5.585737768012013493e-01
5.420521290991161534e-01 5.801020703034321935e-01 5.525144663028499492e-01
5.292466142199615531e-01 5.847313169761219065e-01 5.016243366823034400e-01
4.170152643108553936e-01 4.707431218175101018e-01 3.964576368050374278e-01
7.644935499665743706e-01 7.702213907732313736e-01 7.221866410982558104e-01
3.128633912006734130e-01 2.884619538199172384e-01 2.761646926444937811e-01
7.194314029479315087e-01 7.690145806476691437e-01 7.332889481219436734e-01
8.664339625720987037e-01 8.282638540281526129e-01 8.527276800572303195e-01
5.814884160480189301e-01 5.824542167385695635e-01 5.657377294408131307e-01
7.305352720828199864e-01 7.299225750692891479e-01 6.851340208035666679e-01
6.769080605483219770e-01 6.069719870416386831e-01 6.186117690542404235e-01
4.060432364851453979e-01 3.713753466884426313e-01 3.774465559988476326e-01
7.001385526417152061e-01 7.004678715089640573e-01 7.022048158404269325e-01
5.175272277470460702e-01 5.035910960810929815e-01 5.770558558750923384e-01
5.745100364548528793e-01 5.261906350652442166e-01 5.741677532598635780e-01
5.455265204356146702e-01 5.224103878246589838e-01 4.782918271303243096e-01
6.217147497177347715e-01 5.952626167011961789e-01 6.304347923565539746e-01
5.537596912502333879e-01 5.810207306626417045e-01 5.912589443506202080e-01
5.021729745421029678e-01 5.545401292260387915e-01 5.407652035964604087e-01
7.794482709247599894e-01 7.780750173447184004e-01 7.671826453851673389e-01
6.624715267078304937e-01 6.416188505396998032e-01 6.606902528915827855e-01
5.741032479651094755e-01 5.847459308477545026e-01 5.496297952518981456e-01
6.214842643891350660e-01 5.921519274780477904e-01 5.339688537043060235e-01
5.540625789484583397e-01 5.189527964077537137e-01 5.476328967630748057e-01
4.178782984909260034e-01 4.153720260737637782e-01 4.365510228228771106e-01
6.311089278946524495e-01 5.727104412088391827e-01 5.740612391540643733e-01
5.456497453736647296e-01 4.523993654624164917e-01 4.981334244036292880e-01
7.626888364782300478e-01 7.369970890261361429e-01 7.416512969903154007e-01
5.560362276899952771e-01 5.266073991871423887e-01 5.583696184570011711e-01
6.135401589055636817e-01 5.988980605301539306e-01 6.245442066473410048e-01
5.905936810401000159e-01 5.408706035069059670e-01 5.693224417180293706e-01
6.799141461080667748e-01 7.050673227693620149e-01 7.444621597938828605e-01
5.337509021848539925e-01 5.067838384759197901e-01 5.003403675460483813e-01
4.731836030397714721e-01 4.473755721803901464e-01 4.433203420377260784e-01
6.322374946674006457e-01 6.022945146407198136e-01 5.355628180689917528e-01
6.634110638224384182e-01 6.471834892760413016e-01 6.624810509602400144e-01
5.751652548754666583e-01 5.754643037639902703e-01 6.044053697233502387e-01
3.734482234788519261e-01 3.213621327232922820e-01 3.789989572204615631e-01
7.790477991525345258e-01 7.714315664587437782e-01 7.808174547450873471e-01
6.980939332449807022e-01 7.390401443716743124e-01 7.893317035745899268e-01
5.303098532717563929e-01 4.861239706634872260e-01 5.343304114657249082e-01
6.996763022229786078e-01 6.951910928975170156e-01 7.302097715396813626e-01
5.778449615743576073e-01 5.721207908555865362e-01 5.769487111650877242e-01
2.066846288700674994e-01 1.264421645199204913e-01 1.502512783117603834e-01
5.111664880682881273e-01 5.155402482256892238e-01 5.122842507167629789e-01
7.350570735757631091e-01 6.821449839630104872e-01 7.430103820740809883e-01
4.687597775687760149e-01 4.325438975122698482e-01 4.359798827784461817e-01
4.656309414385312873e-01 4.407920300827002369e-01 3.877125054110155955e-01
4.802501128430953781e-01 5.291164586193158881e-01 4.597944556758249424e-01
6.998188411226275996e-01 6.892331863386694790e-01 7.285081533169330825e-01
6.856272845108348779e-01 5.645463178073798494e-01 6.457956220558421778e-01
4.677566535230575639e-01 4.757190172754360846e-01 4.903842556661032748e-01
5.335277770808000142e-01 5.088187457761892407e-01 5.009552201747718980e-01
7.045982461625881488e-01 7.440625651164858301e-01 7.059840663708993880e-01
5.356300335234687182e-01 5.337320999786538955e-01 5.695616354371800805e-01
6.772208614154034967e-01 7.281233324692211184e-01 7.190553002246593550e-01
6.904086980141633800e-01 7.377351772860563095e-01 6.801198496143928685e-01
5.820033089914201652e-01 6.473474434858333959e-01 6.662660540535874087e-01
6.699109360865723728e-01 7.058559109723173686e-01 6.523381946411311860e-01
4.862175079497995100e-01 5.140196293214409629e-01 5.113325063102871493e-01
3.714129055039975258e-01 3.747115626158640245e-01 3.999381992364759442e-01
4.059957815437472695e-01 4.016610466615209707e-01 4.084590545349672253e-01
6.581027452656393884e-01 6.838083985451203217e-01 6.630509100719073068e-01
6.153571634655390366e-01 6.144021266987507168e-01 6.269645182949658002e-01
7.215706776278904000e-01 7.143998093110088821e-01 7.316739318142758686e-01
5.192894672306163084e-01 4.644799929542339223e-01 4.637341733346467265e-01
7.688464819418567853e-01 7.603436258510348766e-01 7.306312294307911737e-01
6.631594939733791438e-01 7.060161661509173348e-01 6.743608996852994419e-01
5.607523735157510236e-01 5.688425213925623058e-01 5.477233367052563029e-01
6.599712531399849480e-01 5.983520614308787122e-01 7.001763757549027689e-01
7.216203896029966813e-01 7.244684592796997169e-01 7.570309339476664068e-01
6.531748565667708784e-01 6.160210377974194573e-01 6.485114952699785329e-01
6.014444274724273232e-01 6.941710811237755685e-01 6.421057876353021276e-01
6.524232632315053459e-01 6.546485772255624669e-01 6.856283335810016144e-01
6.094862059204126936e-01 5.786749708210465748e-01 6.064028397693225214e-01
6.964055075873295531e-01 6.666241088753489530e-01 6.306963456896674813e-01
5.075910531869270992e-01 5.071862996715628125e-01 4.452424918692902689e-01
7.117475485845097261e-01 7.385780932511728514e-01 7.591357019226944169e-01
5.689057595029918257e-01 6.120128947791992902e-01 6.197017244889498899e-01
6.327364973736566700e-01 5.981861932460660336e-01 6.455643104040643676e-01
6.790514342547355753e-01 6.843854071992365729e-01 7.227376403750019884e-01
8.632578006873191656e-01 9.126614003408907161e-01 7.846705858708987735e-01
5.767351992058120658e-01 6.279963830709432981e-01 5.679288590959319372e-01
6.272103614123849535e-01 6.565001274002403298e-01 6.579256078443539435e-01
6.595450028749979543e-01 6.696920008824334136e-01 7.017286746497815031e-01
5.610935320365504353e-01 6.681591278200711415e-01 6.437965429879111134e-01
6.486068977556742610e-01 6.644353311787524197e-01 6.538725096266562176e-01
6.494440211176305544e-01 6.083400450618693389e-01 6.746844409043779578e-01
6.940771791114660472e-01 6.623067782410458904e-01 7.275735174522787174e-01
5.247710011638763161e-01 5.692527923106386334e-01 5.178248998744477971e-01
3.941046834481892192e-01 4.094117504354246040e-01 4.192553327115872142e-01
7.378773715939651590e-01 7.081019360867722989e-01 7.792324627157055650e-01
6.232745185401181720e-01 6.389682106224823244e-01 6.687064393477606394e-01
6.760001880060251267e-01 7.042331599799348529e-01 6.875765835121646630e-01
5.340836087547947697e-01 6.283954814725452032e-01 5.862083384194963775e-01
5.999855632301445141e-01 6.089931756168919241e-01 5.355090237848003643e-01
5.262419820807465731e-01 5.174602053458920992e-01 5.041947717783070715e-01
6.192337951712169053e-01 5.956111815181895919e-01 6.488935519564716925e-01
4.281299180661614079e-01 3.750868255219622083e-01 4.247868442299356229e-01
4.771577021085769976e-01 4.925036143664613397e-01 4.807977328037308373e-01
4.696476401971406700e-01 3.986249903181880994e-01 4.580428316320854787e-01
6.208369341000552488e-01 6.897124544165108562e-01 6.513381164178423388e-01
5.843527646494474093e-01 5.520027689060380549e-01 5.525229190753709885e-01
6.480858177455471880e-01 6.359221397387748720e-01 6.492693004104803656e-01
6.060637968533236775e-01 5.846224777740680612e-01 5.668558727671355602e-01
6.634399767529046699e-01 6.553506298183005008e-01 6.646256004383029881e-01
3.979977312886626706e-01 3.960821702060368099e-01 3.926134177411483850e-01
5.872070973354887036e-01 6.031052615649681314e-01 6.187554833577277869e-01
6.157356753809180017e-01 6.706659632440556962e-01 6.796353020995924421e-01
6.548156916485911028e-01 6.929654734959542761e-01 6.362522991275582074e-01
5.506088822127960247e-01 5.975823730630260844e-01 5.384788649699616681e-01
5.417995656034447771e-01 5.805008471182433460e-01 5.624024537039966631e-01
4.940173045614084657e-01 5.074752804481328372e-01 4.801162201677639518e-01
6.121601368094287121e-01 6.090941561774348978e-01 6.077416946166016576e-01
6.500004037565285664e-01 5.777056717500750338e-01 6.364902495340318822e-01
6.839566717079720304e-01 6.326332954180995394e-01 6.441602775460258945e-01
4.095651157556526867e-01 4.496937950528853145e-01 4.261099804896584242e-01
6.451690158764148419e-01 5.748785090734488401e-01 5.262691801191179408e-01
6.834954794028855751e-01 7.471872448971951242e-01 7.278544978541351407e-01
5.129282847377741872e-01 5.058962723564860431e-01 5.772084430055973714e-01
5.742144687320845931e-01 5.506659400112575709e-01 5.664349178914763749e-01
4.616848348994427864e-01 5.183240706555772848e-01 4.562380181766848009e-01
4.786432094353432753e-01 5.177810495294279391e-01 4.858138943715663571e-01
7.831709245015083809e-01 7.435429642247869397e-01 7.330528113883902908e-01
5.317097833827678643e-01 4.830307153755680760e-01 5.220888354041005597e-01
7.709864561166402952e-01 7.347116090191335713e-01 8.008066356021151799e-01
6.438836221029774487e-01 6.176033159776898041e-01 6.122063296819859612e-01
4.693241597662527465e-01 4.464329786605651940e-01 4.983866076706982562e-01
7.455692528680588627e-01 7.556536275484959653e-01 6.966141519716735342e-01
7.057321824542864830e-01 7.355747087663470074e-01 7.409045796375629545e-01
7.512749704071980394e-01 7.697138541129303624e-01 8.207630871630328118e-01
7.440010307047848492e-01 7.780600946301630128e-01 7.636658678428190905e-01
5.921953401419558505e-01 5.867302517804794393e-01 5.780901937972129367e-01
6.743926392543587722e-01 6.675938300472448184e-01 6.592722870634544208e-01
3.739342244766141743e-01 5.656668208373668572e-01 5.500524619563279538e-01
6.888755398848089850e-01 6.532338412675453565e-01 6.995940915737096644e-01
6.640444143671072608e-01 6.147341289978960344e-01 7.131383695239019715e-01
6.904314255297897551e-01 7.531973608765560879e-01 6.652487941479624523e-01
5.231481654330544240e-01 4.719625442792896308e-01 4.360276665605448132e-01
5.932045594134862654e-01 6.103465026296962526e-01 7.127510647839343516e-01
4.949307708550468310e-01 5.502357252829093159e-01 5.313037636064070757e-01
6.451448853259913463e-01 6.246538631804788855e-01 6.546212657087496778e-01
7.204636776789173913e-01 6.832473609917657509e-01 7.516480095090261049e-01
7.795995472736237941e-01 7.059795867447058448e-01 7.644413269622372109e-01
6.674221208980781750e-01 6.824789304575411553e-01 6.440888262065753711e-01
4.999858907516184781e-01 4.947577169862976132e-01 4.898914234374419086e-01
4.889361328243012617e-01 4.653298169761962422e-01 5.207300365831217803e-01
6.848788437513723126e-01 6.192622416105886263e-01 5.753928825815687320e-01
5.763527757739800306e-01 5.992969835987222993e-01 5.916218003716517959e-01
6.570348712230339450e-01 6.130013656955591861e-01 6.880599820138357803e-01
7.584061076987405059e-01 7.302563606272639563e-01 7.189320114835348052e-01
5.948008835346381140e-01 6.263234602190366207e-01 5.748799391609148435e-01
3.932728041830915733e-01 4.130401871781138601e-01 4.076370912913477862e-01
4.979197588481439340e-01 4.955204613704270455e-01 4.756442817057787154e-01
6.323794052038768099e-01 6.427297876932326348e-01 6.437907902294293105e-01
6.139477246625564266e-01 6.527272515452212653e-01 6.286480682073498638e-01
5.291415283064809794e-01 5.515656894618697903e-01 5.941170245599478594e-01
5.787791413229432802e-01 4.846474150906061595e-01 5.404931119080931268e-01
4.032471604254826425e-01 3.965895944953684027e-01 3.809976516705469440e-01
7.388552349754272663e-01 8.369294502253915580e-01 7.256278936076930863e-01
4.086231799213105864e-01 4.603685718185033249e-01 4.353480266105063112e-01
5.212633050005284208e-01 4.681898584680750375e-01 4.839061190484449382e-01
6.956208919093139764e-01 6.387017772153329442e-01 6.622489609520532117e-01
7.552089175383986941e-01 7.649675072818504784e-01 7.485697950163909820e-01
5.924951303063542563e-01 5.902603253763648583e-01 6.044333507526816751e-01
6.068612004909066382e-01 5.951202405721160993e-01 5.865393417227552364e-01
7.533225366975617732e-01 7.954947790842209487e-01 6.919987770388418280e-01
5.852358486969981843e-01 5.947017006245821635e-01 6.074882789275442008e-01
3.968238105984017716e-01 3.610014521370811247e-01 4.151355819540970549e-01
5.349459074674673964e-01 5.468918037913169661e-01 6.241303615767858082e-01
6.000802438347232481e-01 6.047756910177491951e-01 5.680452226992044329e-01
4.499788546010365375e-01 5.212544245674287646e-01 5.141523283372160247e-01
6.557499469636697276e-01 5.356209217064261674e-01 6.698566878919768319e-01
7.404493826238793819e-01 7.862943070512594668e-01 7.130301104906052734e-01
4.975697897025089245e-01 5.594417446521742221e-01 5.480598803694428645e-01
8.154801697675730932e-01 7.065065355440824924e-01 7.597028384805952772e-01
9.254474891651811586e-01 9.204112727619083723e-01 9.353166656019287206e-01
4.868027423072607274e-01 5.171483884853471658e-01 5.435606762893713251e-01
4.127838497903282833e-01 4.161077200034134504e-01 3.821258768399442007e-01
7.486892218023497581e-01 6.912918622100907573e-01 7.243229068498694412e-01
6.187499138042062974e-01 5.911669853971710520e-01 5.417322222891246541e-01
7.347077683321235897e-01 7.362892882277477513e-01 6.835531586701286688e-01
4.263510147695677155e-01 4.480927632520902981e-01 4.202996992720586800e-01
3.581195757642728905e-01 3.833458148798819520e-01 4.202268563574413918e-01
6.897626675057060286e-01 6.310387632726924823e-01 7.315474090964642073e-01
6.694433163402574438e-01 6.539584616129214822e-01 6.237067399648760224e-01
4.166756328405478160e-01 3.930031104953951027e-01 3.669833211025050335e-01
9.692835503858161506e-01 9.955712015208648680e-01 9.366808553294715400e-01
6.964618986976561787e-01 7.688182774477294590e-01 7.188876236663039876e-01
6.822904321221259227e-01 6.335817566217695207e-01 6.674754792119278468e-01
5.375040188958721821e-01 5.076691719174039052e-01 5.512483931971067230e-01
4.861214367864790109e-01 4.832739122193714376e-01 4.941047446828582546e-01
5.315479299547379854e-01 5.230747208288342165e-01 5.355279973212402345e-01
3.895962839257893773e-01 4.303977665352519688e-01 4.205813407098629164e-01
7.610154996967728458e-01 8.164524262277567113e-01 8.080433878945326720e-01
7.458898894586888373e-01 6.675564989871399790e-01 7.265333660300642427e-01
7.925075105979313417e-01 7.441550809173876901e-01 7.898064499539205752e-01
6.275879214036881315e-01 6.413463116845449230e-01 6.972663052358332170e-01
8.606924846669620210e-01 8.686168471417775594e-01 8.479164642299423793e-01
5.979894567503529768e-01 6.417934176002741964e-01 6.066344357843899138e-01
9.160435768872912110e-01 8.706932168957114415e-01 9.053222739796426000e-01
7.608186762234642186e-01 7.355463887195680117e-01 7.825164188030944157e-01
6.685640818203998359e-01 6.840422432964363697e-01 6.934778069577481885e-01
5.555999843576315822e-01 6.729396504690730030e-01 6.483826333061941671e-01
4.525887811301410046e-01 4.532999530889607054e-01 4.411243103721750325e-01
4.685756737042867659e-01 4.003610546423992944e-01 5.464425026459598378e-01
6.222230542583699897e-01 6.184319251169717591e-01 6.475635166886214433e-01
4.925491299362426689e-01 5.360905100820174685e-01 5.016291399619976499e-01
5.026448813679406102e-01 5.010513772147828782e-01 4.426148743242617756e-01
7.424928070504592803e-01 7.430141377305592432e-01 7.697506970929582915e-01
6.710986985747573463e-01 6.312523519638870706e-01 6.969230108287343128e-01
4.724899453580535535e-01 4.654478026444921479e-01 5.187548571493773020e-01
5.649144105184451536e-01 5.183528845716767197e-01 5.422023090541367996e-01
5.520439768231693023e-01 6.335122702589485177e-01 6.273795384101273909e-01
4.414007006173362169e-01 4.078709358797802387e-01 4.080006142054140583e-01
5.192684631713996302e-01 5.610236342333376758e-01 5.089656808303167912e-01
4.318223525072134028e-01 4.700465236026814542e-01 4.359959678324210608e-01
5.778154067400985694e-01 6.213850050199826169e-01 6.502020547757937363e-01
7.386051743569880257e-01 5.913210540854605402e-01 6.205602470923596847e-01
7.032441365541152178e-01 7.071731004703443180e-01 7.020566886556272035e-01
6.341253424931238003e-01 6.367321169430409933e-01 6.171442960056986449e-01
8.411517350345669719e-01 7.629311024766398663e-01 8.347871813724708767e-01
5.615445179982969659e-01 5.789317568621288324e-01 4.906983410765390352e-01
5.824432503016490070e-01 5.706431199862638248e-01 5.503507163434202543e-01
5.534157727550255146e-01 5.716043588395102182e-01 5.495400739502319665e-01
6.615775462633682880e-01 5.929496814814436689e-01 6.084006562707299226e-01
4.885080036594356412e-01 4.386308190410643792e-01 4.624138130509000688e-01
5.918811630746404484e-01 5.835296222921090292e-01 6.560208701364451667e-01
5.339819114106104658e-01 5.424401556245067590e-01 4.905167531169409845e-01
5.701597907794671016e-01 5.667837939005008208e-01 6.033932923175779894e-01
6.151499223549461437e-01 6.595530525873253280e-01 6.942201419435576337e-01
6.097667872896767038e-01 6.279205697421518240e-01 6.600886560546526116e-01
5.103604174065372590e-01 5.843781940688177468e-01 5.521025758874644751e-01
7.023223023456216518e-01 6.988830276466099223e-01 7.080520298098837984e-01
5.879660021112933510e-01 6.274283285433264190e-01 5.796646589705309882e-01
8.607799061447172217e-01 7.977898393054035919e-01 7.549590190335669915e-01
4.084005378053761071e-01 3.739895737467001102e-01 3.852208802115515418e-01
3.980946322917440217e-01 3.856137720335855446e-01 4.263567432120238254e-01
5.489955700072066680e-01 5.515672620111782276e-01 5.288101132584156483e-01
8.027158172210610010e-01 8.011780587670600529e-01 7.467350617436653293e-01
5.484293860868232340e-01 5.497961050449261533e-01 5.665638203662045624e-01
6.542372221075064553e-01 7.013999726959437853e-01 6.667838675232293788e-01
4.888399196043028971e-01 5.254040084457786142e-01 5.212904931161725930e-01
4.945870377147046359e-01 5.320847591653913300e-01 5.455858511908655561e-01
7.971269531728158997e-01 7.786669031325755830e-01 7.924912952706250069e-01
5.459285435375944573e-01 5.145912115430554268e-01 5.173431521538566225e-01
5.434626516602254487e-01 5.885265259189311760e-01 5.625919918077927351e-01
3.172497883101683125e-01 3.027784336104274998e-01 3.083147913215391611e-01
7.004582523328730659e-01 6.238305857700009449e-01 7.024510383273619984e-01
6.499534567771595439e-01 5.809088274758835713e-01 5.898291219430016330e-01
7.063429966729172227e-01 7.074681912998557198e-01 6.365963179482820866e-01
6.798585927577976973e-01 7.006154829354638292e-01 6.853117046512748889e-01
5.069178369575745302e-01 5.723553651523316521e-01 5.644993575828061161e-01
7.533106105337420422e-01 7.146990970732183257e-01 7.230402164648267460e-01
6.619527306105833508e-01 7.442585211038890147e-01 6.773255893333999245e-01
4.433788165813959958e-01 4.308782641122130275e-01 4.247610707788876949e-01
3.904014739743121853e-01 3.854598043920281492e-01 4.181844093547230634e-01
7.085649504347615313e-01 7.455609839396376559e-01 7.057560176844778210e-01
5.363978279769481272e-01 4.319623639536955828e-01 4.496362579052360364e-01
8.138436859288118441e-01 7.271920746394313628e-01 7.752573766871208027e-01
4.247524005822377879e-01 4.951230081691408991e-01 4.654564835889099528e-01
6.334648039196053571e-01 6.100972748579011062e-01 6.393730349240422939e-01
5.418993263599884980e-01 4.350508472576344876e-01 5.477822380151226023e-01
5.890307179045559671e-01 5.073981284091592103e-01 5.509517604657150347e-01
8.057899957158651816e-01 7.876122694331747498e-01 7.825290142683988259e-01
7.373365519507776300e-01 7.649425925280105565e-01 7.259482884588570606e-01
6.810392029316987283e-01 6.148262029789407501e-01 5.811489051825191599e-01
7.727767005402136347e-01 7.651189597363382555e-01 7.915284885611351129e-01
5.352280479893869458e-01 4.828572189470703435e-01 4.536556379771683467e-01
5.346771908310185006e-01 5.920979865978664991e-01 6.218170430230282042e-01
3.442618497019976354e-01 3.712081537577504586e-01 3.918718294409112013e-01
5.940389347316895607e-01 6.286509496830703370e-01 6.379621673341689947e-01
7.378770056385774989e-01 6.626804303093811743e-01 6.503129545349792817e-01
6.607671668675713095e-01 6.896427675087195563e-01 7.114896049646418641e-01
4.493665799845918962e-01 3.989813198429920660e-01 4.113382514174054316e-01
7.699218437395324299e-01 7.582146017302776597e-01 8.164104594232598489e-01
5.840501835174004563e-01 6.003266774748945434e-01 5.815961730761296522e-01
5.629211636225452953e-01 6.190966248077002243e-01 6.424596992399683737e-01
9.633565781924690041e-01 1.023414609824145227e+00 9.568748919716649759e-01
5.759854135853688106e-01 5.255568978830085225e-01 5.299815212798218989e-01
6.276466726566449772e-01 6.008659748484308505e-01 6.074440064621839941e-01
5.553954528483272535e-01 5.108772974570437997e-01 5.180354221657128555e-01
8.186924069437327978e-01 7.739875380932452753e-01 8.132197125260529624e-01
4.813286837526302153e-01 5.428866699147727459e-01 5.176021420653978966e-01
6.638786886407365140e-01 6.118230452701540756e-01 6.527234179651008050e-01
6.315171026937130838e-01 6.535248177540740055e-01 6.666539013074069819e-01
4.911323281357120596e-01 5.061811549778731933e-01 5.150378571724543164e-01
5.495230593519040418e-01 4.808406235406953444e-01 5.264077228246299978e-01
5.235563552950356359e-01 5.955239336828725971e-01 5.694312130741757683e-01
8.392372282224352942e-01 7.962508592469108581e-01 8.342198567447134394e-01
5.909129896110983937e-01 5.757574247310311977e-01 5.726721415760743783e-01
7.856486892173873970e-01 8.359856339757525401e-01 8.025724716069293496e-01
5.023475800628656174e-01 5.813233399131368939e-01 5.173896127120795052e-01
5.135970181979203630e-01 5.641844645853083540e-01 5.755722035006471948e-01
4.687013201898628800e-01 5.250572281089775917e-01 4.983500375295807916e-01
6.401837042230629216e-01 6.461900293405189455e-01 5.763934359344210501e-01
5.202761820511757618e-01 6.139530806048438816e-01 6.201484713686538086e-01
6.773495157515486698e-01 6.836021036822570451e-01 6.443813722061303428e-01
5.015068719255710850e-01 5.210236036604956045e-01 5.581330569085973803e-01
5.751233771611443668e-01 5.949845562916048491e-01 5.823532156670672144e-01
5.543801603601735684e-01 5.745719816723559026e-01 6.424235394530838361e-01
6.144169768315124180e-01 6.501246528541551051e-01 6.558242179244228032e-01
8.131285027548319500e-01 7.978551650572848208e-01 8.639983097305232729e-01
6.799643266870147862e-01 7.246836390753904622e-01 6.848788669471035373e-01
7.121486203776173918e-01 6.836812123391495799e-01 7.183903741775655716e-01
3.649122464867069482e-01 3.981234009103150062e-01 3.901609461928211564e-01
6.841404752020789903e-01 7.517280340490808399e-01 6.924367990415216667e-01
4.511325353419121109e-01 5.056726040850128001e-01 4.174507768967969379e-01
5.914245903889295830e-01 5.729953562824818825e-01 5.600831656027701611e-01
5.587540555073876591e-01 5.682718301649591908e-01 5.687215794221150977e-01
5.838448048951430103e-01 5.486010151729046047e-01 5.234401269305591908e-01
6.931650840550817039e-01 6.228228762695505738e-01 6.146443626115166703e-01
7.106437588966105778e-01 6.605886747878900733e-01 6.403494284108218748e-01
5.376714311356143305e-01 6.724823736789710127e-01 6.412878319892630907e-01
5.883759848147251947e-01 5.661691409032644229e-01 5.546724776125587786e-01
5.738457235648272148e-01 4.986546681039654705e-01 5.877634699246530037e-01
5.892773236345596466e-01 6.603077336989237045e-01 5.765200422000189562e-01
5.920684185818083645e-01 5.700853496257651809e-01 5.487104362028559779e-01
6.611305073164307489e-01 6.271584083757689720e-01 5.996327546635081829e-01
6.583188425069623761e-01 6.432217372968311864e-01 6.391420116785150318e-01
4.684770545665586372e-01 4.786393351179731859e-01 4.139879974743461144e-01
6.291865767846915869e-01 5.405530532964113455e-01 5.505711388872842615e-01
6.086249711847007138e-01 6.014888950791650313e-01 6.471614236486876726e-01
4.342744923432012571e-01 4.529132781981680123e-01 4.822018576842088677e-01
5.356663134632269063e-01 5.061112393284291633e-01 4.682304526345025253e-01
2.830878141538468729e-01 3.433165977624448306e-01 3.003392440032854882e-01
6.262473115480334807e-01 6.394360636940780163e-01 5.658331490591986812e-01
4.182932438238071704e-01 4.315341517295949725e-01 4.212346991733926793e-01
4.706084814202760036e-01 4.677728595782152943e-01 4.925572905732198414e-01
5.721567313720657966e-01 5.230938545143106744e-01 4.797335512702409210e-01
6.765779149012550731e-01 6.102612429652713999e-01 5.670312850206611355e-01
4.210652297145415224e-01 5.056776370697420031e-01 4.468653053440640455e-01
6.807068782163052667e-01 6.772560145714072721e-01 6.585587226532505500e-01
4.992323329678130528e-01 5.047844517028537981e-01 4.662789315886587960e-01
6.188941915395212989e-01 6.752589635091951203e-01 6.896892849754735488e-01
3.879384104626366625e-01 4.074935196073365962e-01 4.368362616568735035e-01
6.426016703671429964e-01 5.659269900458948621e-01 5.688370451076133483e-01
4.746054390517924215e-01 5.657575534817502749e-01 6.332755219066750207e-01
6.269295188271796215e-01 6.143464987097628782e-01 5.816019357103923149e-01
4.250202117443767080e-01 3.809479030779975850e-01 4.056763631826377225e-01
6.144808376898062141e-01 6.198090670701810190e-01 6.270667221507690847e-01
5.792692901700475794e-01 6.366624695087452768e-01 6.087889214039002850e-01
6.807348168005751265e-01 6.914646975382851002e-01 6.943006204144439586e-01
4.490683708380210359e-01 4.729989938687432782e-01 3.967367057244315376e-01
7.457344862396816376e-01 7.506054690495989057e-01 7.146112883576363206e-01
5.695798201565579477e-01 5.502725424883810890e-01 6.129072138625534238e-01
5.131329795779919767e-01 5.052622276664612277e-01 5.171877130615197826e-01
5.424557491210777460e-01 5.362393865580736829e-01 6.012360183951601655e-01
7.023078566449806326e-01 6.808756719913630073e-01 7.368700955455728119e-01
5.478570362679910932e-01 4.927321826735943655e-01 4.746464576478620079e-01
3.326105966037407602e-01 2.847536956299991373e-01 3.335292327711216753e-01
7.544049965554974202e-01 8.155959417816132095e-01 8.072019960626283241e-01
7.188766100540793236e-01 6.433833459101239161e-01 6.974283040510083076e-01
8.329188629872653626e-01 7.924268062658813561e-01 8.289472353279928596e-01
3.552137861364160210e-01 4.644478244057950733e-01 4.182709663848095949e-01
4.338746528750388465e-01 4.088125098804037405e-01 4.384307075514514151e-01
6.548327467596927187e-01 6.969506752422564011e-01 6.851897879822445026e-01
6.372089915913207170e-01 6.368991432943780229e-01 5.753079894877853873e-01
5.550732526422863522e-01 5.057527061464558438e-01 5.614263497401899006e-01
6.333130548840606444e-01 6.878380781737084559e-01 6.760148547267247343e-01
6.394230709998411921e-01 6.478641460571517019e-01 7.210905680369870119e-01
5.216130695370232440e-01 4.782218240941111254e-01 4.942330137134922086e-01
4.649601765184629976e-01 4.705163211272172519e-01 5.068352616189587545e-01
5.712444269082387338e-01 5.674560287683765303e-01 5.990378412944361575e-01
7.348474199751907632e-01 7.331273239424809240e-01 6.458007989768445034e-01
6.310068877049087588e-01 5.890878276316613427e-01 7.277388345326466501e-01
8.271156968457307190e-01 8.362220997448155391e-01 8.659705329950603270e-01
6.678938036822217317e-01 5.869810878532280007e-01 5.613217022990557581e-01
5.428552658881029558e-01 5.244565540870793630e-01 5.195191274522192870e-01
7.301014670542089746e-01 6.116503694600157193e-01 7.423151111357193521e-01
8.477711976985219389e-01 8.654684969409537354e-01 8.167588444332100073e-01
7.821526350504359737e-01 7.788636148325513986e-01 7.833588288257182786e-01
7.194907509925696498e-01 7.294281885363402829e-01 6.189335199350255445e-01
5.700140796886984385e-01 5.685165206798039605e-01 5.359088811220777959e-01
5.927197181081315103e-01 4.776223634794528605e-01 5.282123804397912403e-01
6.326036002965815808e-01 7.439060312232543826e-01 6.835344571670468605e-01
3.659824494270172979e-01 4.109464697906740627e-01 3.901432116506488024e-01
8.989198740994781556e-01 8.998391987316132212e-01 8.434762796985754152e-01
6.911717545668568663e-01 7.014894560063186235e-01 6.402865909104353825e-01
7.425062863342953845e-01 6.596432366004584269e-01 6.830363653861487583e-01
6.073279628182328693e-01 5.143891933591767662e-01 5.400581562741830766e-01
6.106348000770500661e-01 6.482772086112218446e-01 6.797018535892251911e-01
7.671301129805173646e-01 7.128658109662037168e-01 6.985059237985484781e-01
8.205457945656740026e-01 7.880142634147617731e-01 7.610248400227067611e-01
7.600740090495337054e-01 7.777083925706766987e-01 7.495994212097295550e-01
4.962188609163555308e-01 5.259330404328109720e-01 4.774130233503902088e-01
4.770883319719719240e-01 4.327749131719922926e-01 5.381357928525637435e-01
8.129262369305987335e-01 7.512069923711213182e-01 7.962766465615647160e-01
5.659717495457428083e-01 5.557723234965726844e-01 5.719378950342871581e-01
7.154226373231122871e-01 7.045806802798724178e-01 7.084762762923692003e-01
5.831140586526357694e-01 6.673452821061861551e-01 5.524885815249728216e-01
4.636082174329797523e-01 4.694531837110750283e-01 4.965154540162112773e-01
4.958341416647222832e-01 4.598622383692680948e-01 4.807513324854696402e-01
5.507684543306332614e-01 5.357318395796851762e-01 5.567487375605447708e-01
4.473811994550717652e-01 4.506542334748573908e-01 4.848693708002864700e-01
4.763280146142930827e-01 4.935179144030157339e-01 5.308440355688189838e-01
5.449424034107432924e-01 6.837955358955931651e-01 6.019483095388937777e-01
7.225621804518138624e-01 6.670345770241234984e-01 6.716879532306052614e-01
6.096264706470810868e-01 6.089138728676708467e-01 5.589832334041011652e-01
5.125158318870517427e-01 4.994452138225516369e-01 4.494953441389833992e-01
8.144137674782142566e-01 8.280396988325999796e-01 8.090937654589255290e-01
7.156900220176252159e-01 7.481721715016983465e-01 7.129848119926737171e-01
5.589647056666687819e-01 6.037414040316281261e-01 5.321564383263318598e-01
7.377688959595775087e-01 7.752204977154661947e-01 7.275128147345674146e-01
6.955587280963161367e-01 6.754554397286032241e-01 6.753557715559150854e-01
5.312694757074157836e-01 5.554752836583541908e-01 5.409482956579796387e-01
7.249543370453960245e-01 7.338121946899438530e-01 6.978222754812324347e-01
4.022086348677209600e-01 3.927635004404900765e-01 3.807430816659469475e-01
5.224879130141204531e-01 5.467293432616419091e-01 5.443000921073407605e-01
6.060449323979660852e-01 5.865446550277687576e-01 5.906969201391194524e-01
6.224324166289144644e-01 6.284746100637407240e-01 6.027422071168109241e-01
7.158227089038465829e-01 7.547936270171055062e-01 7.349468713441672518e-01
4.966001850195377321e-01 4.681437797210227236e-01 4.987946895629984945e-01
5.036721891025193187e-01 5.542847701194372201e-01 6.085742511097441687e-01
6.421035066809366310e-01 6.861486326192698382e-01 5.924011023167744527e-01
5.006874086856318851e-01 5.504891201966165548e-01 5.093893991238670482e-01
6.701402763045662958e-01 6.691743781229708699e-01 6.152896873307541759e-01
5.240303436420886696e-01 5.577667325967770040e-01 5.327788216220058493e-01
4.902779384954859543e-01 4.058099348112979565e-01 4.619662211511589844e-01
5.544692334527702160e-01 5.316705913557263630e-01 5.519512876665552126e-01
4.534608637118532348e-01 4.854180789478139690e-01 4.561910017117005722e-01
5.505763410603291552e-01 4.971058518637039847e-01 6.101655638747713883e-01
5.493928127359102298e-01 5.298280074171451970e-01 5.648659607047542552e-01
5.700052882237858221e-01 4.867601305132006617e-01 4.801164164670134737e-01
6.507978931295335112e-01 6.474800643436211534e-01 5.319967203554035740e-01
4.774803485597816644e-01 4.778766528240841471e-01 4.852876548813309654e-01
4.638906639115655817e-01 4.769711906098864640e-01 3.592111238547389673e-01
3.625318743607535699e-01 3.523060865260081442e-01 3.266186979355220621e-01
8.956805718433091812e-01 9.565798076930568383e-01 9.402491208748476881e-01
6.423848097689182080e-01 6.117282603533231722e-01 5.905859844076587484e-01
6.571725986019033572e-01 6.633255564466894461e-01 6.722080355460333667e-01
5.654302997721459834e-01 5.310394372422477804e-01 5.738916657579190561e-01
4.948697804011290557e-01 5.075839609797515584e-01 5.698060347164128903e-01
5.208702231021079543e-01 5.761449829185362193e-01 5.453578874803792775e-01
4.439334891025857877e-01 4.307795192356002612e-01 4.603891998150026477e-01
6.659827617514536557e-01 6.839843006633395950e-01 7.472573387840706349e-01
8.353673951896022354e-01 8.538056278136135768e-01 9.074147895172568479e-01
5.355792544565509683e-01 5.634983315267254600e-01 5.692659597399453153e-01
2.799036317002472352e-01 2.512897739355398063e-01 2.638650755137133541e-01
7.819065131694437065e-01 7.325572270411858655e-01 8.146532465823558278e-01
4.135226019463719704e-01 4.625292416098328308e-01 3.909921908744258268e-01
6.156197400821141752e-01 5.943906367046685180e-01 6.017703472708487711e-01
5.133431571855300302e-01 5.097038290491666679e-01 5.190090269251154131e-01
6.081824853889800098e-01 5.405982545820172680e-01 5.769637206256521544e-01
4.995616953984302056e-01 5.107490203549341912e-01 5.813019043160080335e-01
4.492193163509836107e-01 5.527296226863939177e-01 5.413957599071068660e-01
6.914176083343441803e-01 7.390240699788843681e-01 7.317057908024977575e-01
6.761401282913531707e-01 6.819474195307287934e-01 6.893410148174120566e-01
6.452248263025449626e-01 6.769215951693491329e-01 6.789634188955965266e-01
4.975747129306475891e-01 5.822020635228445373e-01 5.537235840191001568e-01
7.077444503508826257e-01 6.820058962226925869e-01 7.100742445072349973e-01
4.750200979200225881e-01 5.769800249994950780e-01 4.856248258239721505e-01
6.389268741662040840e-01 5.673753774907368541e-01 6.011591489172289915e-01
3.253165911558860146e-01 2.943684881290125621e-01 2.327635784978414057e-01
5.110543495760322408e-01 4.680233303178319981e-01 4.633149323591618796e-01
8.154630149818963281e-01 7.247822774874232987e-01 8.075341068881675133e-01
4.327613374484950426e-01 3.866585934613717690e-01 3.680483434211977989e-01
7.258467348158211818e-01 6.796851141482465053e-01 7.414066250538973168e-01
7.093304744273293272e-01 6.568811852202333101e-01 6.337719468340673457e-01
8.874160988428536623e-01 8.139769128824958511e-01 8.344409897992852709e-01
7.642846530712795738e-01 7.987957669914391712e-01 7.579756503581833726e-01
7.084231683523442014e-01 7.352846650067018652e-01 6.601872028069091236e-01
6.521821830267954256e-01 6.718623445410538686e-01 6.241303059035588907e-01
1.010913987387851209e+00 9.929645917484432038e-01 9.591438543505155234e-01
8.488877448989742280e-01 8.707326239061395912e-01 8.401844316794231382e-01
5.398169186136339004e-01 6.321716583059824313e-01 5.946966980555720150e-01
6.485633013925348189e-01 6.170800142314510905e-01 5.409799344295861401e-01
4.174083101979774724e-01 4.110680776361176347e-01 3.942152978883483039e-01
6.418343610664423160e-01 6.775348324291488034e-01 6.272157364606039121e-01
6.687773054630247183e-01 7.097795641968093205e-01 6.770985046976959465e-01
5.403758043687014734e-01 6.069884211482204917e-01 5.787042074372599210e-01
6.545804683798395196e-01 5.533261035638514791e-01 5.755625312449221820e-01
4.898402238764729688e-01 5.563556213460326694e-01 5.257531637248241685e-01
6.104904211949387927e-01 6.779601165025458398e-01 6.053221819123144609e-01
4.497130808019041415e-01 4.277278245738567186e-01 4.511387680337862749e-01
5.445922089228600882e-01 5.291120756562867067e-01 4.915925010750446522e-01
3.933757782695395666e-01 3.762481863728112108e-01 3.158290882462058136e-01
7.786610418058840244e-01 6.484974809516622640e-01 6.710365548464881646e-01
7.302305443594206968e-01 7.366952455242639086e-01 7.280022375060439810e-01
4.719515390174928715e-01 4.688775054498794392e-01 4.728201796433251225e-01
8.465950058781283039e-01 8.217323226442128092e-01 8.016124429802699014e-01
6.805577795846632361e-01 7.109497291724333756e-01 7.243664053756085908e-01
5.826324349952235471e-01 5.744615644197832438e-01 6.152549157522385626e-01
7.337393465218955413e-01 7.618923358356958220e-01 7.663799152821941796e-01
6.791095063370055085e-01 6.624496792481004981e-01 6.544014471035343172e-01
7.685159870942576132e-01 6.870490431263409636e-01 7.695334436728012983e-01
5.135951792326545196e-01 5.703263347249805104e-01 5.444158080899130780e-01
6.988603063108094204e-01 6.931192632208577065e-01 6.763232877014151434e-01
7.164501717239901701e-01 6.875044430525237837e-01 6.726268840786077119e-01
6.029479281913106004e-01 7.013256124730528063e-01 6.991807216657971447e-01
7.933465943556236022e-01 7.890984519236855510e-01 8.644236025285576552e-01
6.185124643659665189e-01 6.546040017824393820e-01 6.866588870418994794e-01
4.453659111800902237e-01 4.555640484295548909e-01 4.630729694083354220e-01
7.180918745261991587e-01 7.310656101159729303e-01 7.555757667908915565e-01
4.516194589635504353e-01 4.565569642100752445e-01 4.465588638526942766e-01
5.059565635388282301e-01 5.377033154637748114e-01 4.880686004127693933e-01
5.339776467346989408e-01 5.128976843162806887e-01 5.471036251386265370e-01
6.805023661499207677e-01 6.283852178463809057e-01 7.323250867582152823e-01
3.066154888259790545e-01 2.970887131109685164e-01 2.324945494840391091e-01
7.809248776668306080e-01 8.109736522482651200e-01 8.425216245564537410e-01
4.765228897506890160e-01 5.387720873399616250e-01 5.246869657606881843e-01
5.458521926239193744e-01 5.040828169581595963e-01 4.987163270819564009e-01
5.776776791081442708e-01 6.496153145555355612e-01 5.886110051358792727e-01
6.390617612206758169e-01 5.973519070804700348e-01 6.493369933154904405e-01
4.040579473471933025e-01 4.506955379555730445e-01 3.922001260863787198e-01
4.302231384657664304e-01 4.173487975612407141e-01 4.244705692427048760e-01
4.370978828174316710e-01 4.859792946946562830e-01 4.729598005890296997e-01
5.192446606852600954e-01 5.494047715838356050e-01 5.922229755170510535e-01
5.280748958806178450e-01 4.104267030436284380e-01 5.271457289563153958e-01
7.941239028200223204e-01 7.057617486371521309e-01 7.149605295700255381e-01
7.949784490440202633e-01 7.852533090611117927e-01 7.105615078459960321e-01
6.551337472789340310e-01 6.249327546454529481e-01 5.669708032467219994e-01
9.288001154610743271e-01 9.150994579845020960e-01 8.991254223643456722e-01
4.914675549622067874e-01 6.498505620906972480e-01 6.517701121692368593e-01
6.356656710071241223e-01 6.650059545544260153e-01 6.921124002865064462e-01
6.304224657133007392e-01 5.724244891900674981e-01 6.222576558643398981e-01
5.520391763431946597e-01 4.822868090822519660e-01 5.469663321214668361e-01
6.036065058814339412e-01 6.220217576521854808e-01 6.424656772898830193e-01
6.831955720258912068e-01 6.049274467558520829e-01 6.601299854128739319e-01
7.732235320930063160e-01 7.550113380181404654e-01 7.286269878014635104e-01
5.775542607313171040e-01 6.583025773735899921e-01 6.496494020490769516e-01
9.236794297221901928e-01 8.492617180295772839e-01 9.495582338253795163e-01
6.375555895150734065e-01 6.849741088571049685e-01 6.417524690917795205e-01
6.896425830008022784e-01 7.198386697947729562e-01 6.716568204326966995e-01
6.783715387164067634e-01 6.608264275352839778e-01 7.015791977930332379e-01
2.621755233651667516e-01 3.416689370117639291e-01 3.319289790150837804e-01
6.501131905924373289e-01 5.859787990657876477e-01 6.577518992779491924e-01
5.537199311188605311e-01 4.633505600068437147e-01 4.986575309484487240e-01
7.343572075746379602e-01 6.280413052200917168e-01 6.839978732419051966e-01
6.862116180438286861e-01 5.978643346280546611e-01 5.636390801088104752e-01
5.672440472233406528e-01 5.566441109239873564e-01 6.075168774542609729e-01
6.764645942542881762e-01 7.202819510222508992e-01 8.148706212723453302e-01
7.756761433557213259e-01 7.673497329807752454e-01 7.430070071141987587e-01
6.310777983125847035e-01 5.282350546684597692e-01 5.882590872967576878e-01
5.731101905487056003e-01 5.915762983630454830e-01 5.224252675312394123e-01
5.856641660922954351e-01 5.329960750421572913e-01 4.755187392904822175e-01
5.786735815879302525e-01 6.141113974949410359e-01 6.296051313237734925e-01
8.319947066766613109e-01 9.018640159846207371e-01 9.231120930756030463e-01
6.208285261852162229e-01 5.376665623060710164e-01 5.528349315253000551e-01
6.657422257953837796e-01 5.984093195963881007e-01 6.823387462302730189e-01
4.977269318366992490e-01 5.256084255800486105e-01 4.896812723166561465e-01
6.987139997055428209e-01 6.499382082234400615e-01 6.753111392262853840e-01
5.828887760406941121e-01 6.113538458408153131e-01 5.733557878172218514e-01
5.239912798069896738e-01 5.166906239695361336e-01 4.893105858208959824e-01
4.020588816877704863e-01 4.391948802184316158e-01 4.152146802090139199e-01
5.301088198324005463e-01 4.516968297826297607e-01 5.033078162352324636e-01
7.306559485189830783e-01 7.101577175944385756e-01 7.629414836681240875e-01
6.891509019995840646e-01 5.974459324816783212e-01 5.818745971871847056e-01
5.937423393008969263e-01 6.277912019299471957e-01 6.509488648889162343e-01
5.397121765459996778e-01 6.145755951596768574e-01 6.045260802311022141e-01
6.999451834977585829e-01 6.342342828306150038e-01 6.778819740529298254e-01
6.610702241085560926e-01 7.042296616191359160e-01 6.430011822730048454e-01
5.622434896030663598e-01 5.504512602634727969e-01 5.929857581178766823e-01
5.622058491954803339e-01 6.081497370309487671e-01 5.719566371104398694e-01
5.743123397919245310e-01 5.324219515024969374e-01 5.350448474302663682e-01
4.845495519362238990e-01 5.291971370714204648e-01 4.576597457347568176e-01
3.693045639189042606e-01 3.526303079021965714e-01 3.076394822759636605e-01
7.168924796452479375e-01 7.377725340286609423e-01 7.220721747146064962e-01
6.205448195670509870e-01 5.140652900458290153e-01 5.494080577578015490e-01
5.007734629991145159e-01 4.734265338487938513e-01 4.493491069112809377e-01
7.782958816275971081e-01 7.540151999088284818e-01 7.692126837337386336e-01
5.921143604741332389e-01 4.426290046312060800e-01 6.251013139322073586e-01
7.259234427483727270e-01 6.826744030811637831e-01 6.721215176510767497e-01
5.992187061211768917e-01 6.197806997646668759e-01 5.551217389276016378e-01
5.266936340400875105e-01 5.693323654734463446e-01 5.233321449301819861e-01
5.870485513088944396e-01 6.013915954956727816e-01 5.990841405667358677e-01
5.301776203498740347e-01 5.470741090341620927e-01 6.284352246698355904e-01
5.985851013664729159e-01 5.472667142287389597e-01 5.920734427613674189e-01
7.147679802004036631e-01 7.175845118656885013e-01 6.714508915953221191e-01
7.131506420491100506e-01 6.352900040903119994e-01 6.339254715736188928e-01
5.696163757373103875e-01 5.096630369370003244e-01 5.531674221098420441e-01
6.579340774803914549e-01 6.289606539751142478e-01 6.501336485295229339e-01
5.539316260425837246e-01 4.809729156908658654e-01 5.495118345488183564e-01
7.124631780745173115e-01 7.216520252032121441e-01 7.256339796687601984e-01
4.573395493068581619e-01 4.478060189716082107e-01 4.694816953143041149e-01
5.644630031738627762e-01 6.665441469905630800e-01 6.276541008803762089e-01
5.649777528939047277e-01 6.006802440128364839e-01 5.909492484400492573e-01
5.532394534374348583e-01 5.370023597413693395e-01 5.862490123611311388e-01
4.490561831320581399e-01 4.451969506208728888e-01 4.215591851797984013e-01
4.545254957666451934e-01 4.410474389695880904e-01 4.439102415662534162e-01
4.015608830395981377e-01 4.207161429857010360e-01 4.199452910573669984e-01
4.303459377802434926e-01 4.684456305790014041e-01 4.487208833387771323e-01
7.529725115085061926e-01 7.178785695681269008e-01 7.106923634098085696e-01
5.672656707486297689e-01 5.987789865575527948e-01 5.264007879606279472e-01
7.030187622184790319e-01 7.054646661626372550e-01 6.520361203055147215e-01
5.825749199348612128e-01 5.387503623984515322e-01 5.966031088106164004e-01
6.496459010778188325e-01 7.174554378577751024e-01 6.463139903295392896e-01
8.138686082823627377e-01 8.042309524180552005e-01 8.343204122246296039e-01
5.625862490272015570e-01 5.748793700705401299e-01 5.575373527588275424e-01
8.364786899671595721e-01 8.654637115558151406e-01 7.665146971460826686e-01
7.034672394154510844e-01 7.104369149873556166e-01 7.131246060441894796e-01
5.087611182177542712e-01 5.027832527060653867e-01 5.616787097812566687e-01
6.412475973275451047e-01 5.623009708268569273e-01 6.766695219129631456e-01
6.518264860949801731e-01 7.155518949137302798e-01 6.207998835542027916e-01
6.739137038539453339e-01 7.230502174935649062e-01 7.202025031488955564e-01
7.499710127683679728e-01 7.554570683379604468e-01 6.715493149032131237e-01
7.009736214004728128e-01 6.607430954998479988e-01 6.234292201201325767e-01
6.190349526157299387e-01 6.522036299079713162e-01 5.354398546873588849e-01
5.805076225220608954e-01 5.636741459767365958e-01 5.270483511788573994e-01
6.292657857430440371e-01 6.497288508543237473e-01 6.074689641004580309e-01
6.906443637763861609e-01 7.002783165151706957e-01 6.817055484740921489e-01
5.185057712642321404e-01 5.437939360825806423e-01 4.868679598937756259e-01
5.577843176637174993e-01 5.733363392130232938e-01 5.588142546691181600e-01
5.300164917931156072e-01 4.566089396715569126e-01 4.599712710156965145e-01
7.602895211134107489e-01 7.799469000210511593e-01 8.391930757844258126e-01
4.301737332520604307e-01 4.578479260480951551e-01 4.276512632808613379e-01
8.482116125739389556e-01 7.738823752165706615e-01 8.199240485778523935e-01
5.444065463059770682e-01 6.366700345155492657e-01 6.108448969849955557e-01
7.862788589125789818e-01 7.864871154654746732e-01 8.121696769510019509e-01
7.584802262532861494e-01 8.181682769260461008e-01 7.999680658607942751e-01
5.917840989691163234e-01 5.657923258908893471e-01 6.117717314532256090e-01
8.667332263182566665e-01 9.688573061044850609e-01 9.075516294643709569e-01
6.209031110024239020e-01 6.176804475736911160e-01 6.066641545604845032e-01
7.490847945229017757e-01 7.548308546918197637e-01 7.659931651021685273e-01
6.015525808714328182e-01 6.167886667532122003e-01 6.046232431285816222e-01
6.021600213479068042e-01 5.980308296880664232e-01 5.857081380485578137e-01
5.514536323492164049e-01 5.725650804705501029e-01 4.974763391521443423e-01
6.549942350860470386e-01 6.170753777674878870e-01 6.088940525098772705e-01
5.719148762594433721e-01 5.517048030405483638e-01 5.276457149913023059e-01
6.431192601542449205e-01 6.708189778197094499e-01 6.494781437256719192e-01
6.721141903920467842e-01 6.490497916448172422e-01 7.104083693768361574e-01
5.629025797106765872e-01 5.656527582911520247e-01 5.426144105796996131e-01
6.802432451395796775e-01 7.196010541082339396e-01 6.590306903926551607e-01
7.166015206350651034e-01 7.162350320912650448e-01 6.766979200274285677e-01
7.345785722312415666e-01 7.658404692489781951e-01 7.283792275724845222e-01
7.622658800331642004e-01 7.332218266673643514e-01 6.520110694427834197e-01
6.464094743609967164e-01 5.936188185675025375e-01 6.107798945260047851e-01
6.675203327913513673e-01 7.228807408366900722e-01 6.812523257854357084e-01
5.286873433440536507e-01 4.785534482559877789e-01 4.574262248721714941e-01
5.684039229036094154e-01 5.965370467429923496e-01 6.709276074516323796e-01
6.811280200461746759e-01 7.224383301354455611e-01 7.788357008623209010e-01
6.338903401462876452e-01 6.107981638342584452e-01 6.184059711766165535e-01
6.822126272168327343e-01 6.831104702726072953e-01 6.669218761438839849e-01
6.774427566244231036e-01 7.438578529779991122e-01 6.503905542823869013e-01
6.057093049085788827e-01 6.220852166250022686e-01 5.912873673817504727e-01
6.290069744932343943e-01 5.803863786088230281e-01 5.616738126298911338e-01
7.413333612426328267e-01 7.341661719131791219e-01 7.492432526153324224e-01
5.541468430649206800e-01 5.028769976571625389e-01 4.657347698341183784e-01
5.616526686236599231e-01 5.476625069790973521e-01 5.454816920695171323e-01
3.796355092171096457e-01 3.892628109590856034e-01 3.582748378484995055e-01
6.284258872222152625e-01 5.695058508016750398e-01 5.851143138913595942e-01
6.383174531746486080e-01 7.033757991515273700e-01 7.025716497125510385e-01
6.567077266639267386e-01 7.463146094176783540e-01 7.421406701855460808e-01
7.351801073706264456e-01 7.617244565545396862e-01 8.011922776847145711e-01
6.379451902859659684e-01 7.232898740422961659e-01 5.934021574746799477e-01
6.901788389457702566e-01 6.237528404817386241e-01 6.032046928453522749e-01
5.206021369228790441e-01 4.857734000616499848e-01 5.426979908896033544e-01
5.768203956898775298e-01 5.461321978342471573e-01 5.635297389054562123e-01
6.127534015884099627e-01 5.657899065862415089e-01 5.550981761959564720e-01
8.572131427321506569e-01 9.005149008202618655e-01 9.292183242379165042e-01
5.027076800029752768e-01 4.208446305094628581e-01 4.307259418320107391e-01
5.057886556225947849e-01 4.545393025202137394e-01 4.292983327720036324e-01
6.092175386744290710e-01 5.465310545628075944e-01 6.053345840194211958e-01
7.557942027875437230e-01 7.102754413500649289e-01 7.797070892767188344e-01
5.142346314799088880e-01 5.387183191102200563e-01 5.455255026448788680e-01
6.034177927606976244e-01 5.773349316425412381e-01 5.147444331352891700e-01
5.101423235958993940e-01 5.671221454114077076e-01 5.283641397999211398e-01
5.090651176373381936e-01 6.165629921947505254e-01 6.041746949285865531e-01
5.359390135998393090e-01 5.862475424731808937e-01 5.406513869416266216e-01
7.778525615442858365e-01 8.554806585522098938e-01 7.944786748754235628e-01
8.400321827103923722e-01 8.284096833283072225e-01 8.107755587734231106e-01
6.058917955299997216e-01 4.339579445831602822e-01 5.638915798850226979e-01
8.744042931719341327e-01 8.594832636253152414e-01 9.741821545933301296e-01
8.009778238115061733e-01 8.247331762671672450e-01 7.882418535771449353e-01
4.064937977182986883e-01 4.129599865119054081e-01 3.997979205876169284e-01
5.327303798087683617e-01 5.442007107796397181e-01 5.466870875563708543e-01
5.256401952291078761e-01 5.905885940950454938e-01 5.657178328115496369e-01
8.178788792906577232e-01 7.657271356796686579e-01 7.864352012873176978e-01
5.380426415811093710e-01 5.554392281611409965e-01 5.506496299051645282e-01
6.033487341427768991e-01 6.829741144037936307e-01 6.347281929486395802e-01
6.890969200767281810e-01 6.225131980610945082e-01 6.007304397176915778e-01
4.533972916285776145e-01 5.008017368535809810e-01 5.062080848943916189e-01
5.787507322287110956e-01 5.342526103848099783e-01 5.517540193140911819e-01
5.582814850616087954e-01 5.790117019492609929e-01 6.492030722523554065e-01
8.383882045949140327e-01 8.408137101630445143e-01 8.681332659271172592e-01
7.390331142162690492e-01 6.516832111768073865e-01 7.171465819592834912e-01
5.430242242269049946e-01 5.325511208479636327e-01 5.571178231231942446e-01
7.500897472710221781e-01 7.166074727054311255e-01 7.731795098113013465e-01
6.569616633750459123e-01 6.414888265148654956e-01 6.289301462366964079e-01
4.791821258529582184e-01 4.572109434088232893e-01 3.926051091035749341e-01
7.494808802399643977e-01 7.673077887521757567e-01 7.448801993426737988e-01
4.759409368874721324e-01 4.629124340531009518e-01 3.894451998033778284e-01
5.688737456838975914e-01 5.261849122290498393e-01 5.822188305739937064e-01
4.955270291231567703e-01 5.574374381819966473e-01 4.762309506793114267e-01
6.424879791322525291e-01 6.328765323977766366e-01 5.913410029468515461e-01
6.501816623936574890e-01 5.598489917889759582e-01 5.682545243985456240e-01
4.961783905310958032e-01 4.737654046369647598e-01 4.629315662747955362e-01
6.158243162487793132e-01 6.042866802867921106e-01 5.417932984437719979e-01
5.278060740473453638e-01 6.271200022922716055e-01 5.818340766791809671e-01
5.354039679264049889e-01 4.932237619610603252e-01 5.177757353690469744e-01
7.493120543935186673e-01 7.514558462583398324e-01 6.870252822767582979e-01
6.287247710702029702e-01 6.166987453550566434e-01 6.053451659917589156e-01
5.812305689914925022e-01 6.455043791797488995e-01 6.028515921417730850e-01
7.416839664510325170e-01 7.654041026166419348e-01 7.727691395958589116e-01
4.615519306562225754e-01 4.773671029683668743e-01 4.916629503083968511e-01
5.142194005051980987e-01 5.373766752510635847e-01 5.653276341577591069e-01
6.687780132341717421e-01 6.310156032831525375e-01 6.733086527836662505e-01
8.325429996516778841e-01 7.871726080244378920e-01 8.856966934480029474e-01
6.091388649423279400e-01 5.297004630190284002e-01 6.181982124931610922e-01
6.967104989126563508e-01 6.899901045603720195e-01 6.888975905397702881e-01
7.805624777107634804e-01 7.891562869411667958e-01 7.680151327262884076e-01
6.161307238376020345e-01 6.706056108048772391e-01 6.369207753740627753e-01
6.242028703821419500e-01 5.519984223573147775e-01 5.872784487039330870e-01
6.873892263894835208e-01 5.847268501171731803e-01 6.865296225867743019e-01
8.515686819427481513e-01 8.410226556086825012e-01 8.490237830606912617e-01
5.938093571354815525e-01 6.978699882318366576e-01 5.788165926242940795e-01
5.935156818165215897e-01 6.219461777001029645e-01 5.442518126612755358e-01
6.063106285832865483e-01 6.469794279641957191e-01 5.987292466009196401e-01
4.631083008385835087e-01 5.084389210302151518e-01 4.189037110727577562e-01
6.102315821835900822e-01 6.322346198939613471e-01 6.919339463474124541e-01
4.635351232151234124e-01 3.797062452111503172e-01 4.321005895060093249e-01
6.140644190198177865e-01 6.358621403983416576e-01 5.660054914580182617e-01
7.549317115525226995e-01 6.774058003610138323e-01 6.768779899124767185e-01
6.863942689456550283e-01 6.154091598362801951e-01 6.356532989875400830e-01
5.561179629096397736e-01 5.892498684656285457e-01 5.907927797503764733e-01
6.413083249436861699e-01 6.303108022779853048e-01 6.473957945669291947e-01
6.754696357451179800e-01 5.945509316135928479e-01 6.835685840420842041e-01
6.582560715732965750e-01 6.739998625075451777e-01 6.567120077990571403e-01
7.485316910144557134e-01 7.535828508247115476e-01 7.542343159602908909e-01
3.651948155853905198e-01 3.792893213747937087e-01 3.589499562255498710e-01
7.318751507753792351e-01 7.647969753977863494e-01 7.613163499302798565e-01
8.685964896918076938e-01 9.068396503679329035e-01 8.813191137924962781e-01
4.959419706859139465e-01 5.882464460059492195e-01 5.544744005432962197e-01
6.653634022862625619e-01 5.972223107171465983e-01 6.633038644912826465e-01
5.954507263644759352e-01 5.767401669703671185e-01 5.642341877628093139e-01
7.484762334544332596e-01 6.145825110501288435e-01 6.878882006931671400e-01
7.664667027030439561e-01 7.532712005630508578e-01 7.456443322231028903e-01
5.594028209150270214e-01 5.617104622598375618e-01 6.110227424342764557e-01
5.026855528455349553e-01 5.411645094427335323e-01 4.765378506654731061e-01
5.756847088979638594e-01 5.828840302274261864e-01 5.715293953803267657e-01
6.477267706900278199e-01 7.088245426916448544e-01 6.588371867006770355e-01
6.519912918791759271e-01 6.419190137233116156e-01 6.491367185985745802e-01
6.291236665915914683e-01 6.319502984028393389e-01 6.124931124489456646e-01
6.856386622106693807e-01 6.056440721697466945e-01 6.234466371802187545e-01
5.690606157212900751e-01 5.329042274441607718e-01 5.310229354264131008e-01
6.883058240086955548e-01 6.772217284717487740e-01 6.774042289967655561e-01
4.098057231196362560e-01 3.839321499501765489e-01 3.243504233676291482e-01
6.854995143784536893e-01 6.796771343736374149e-01 7.011394372616358561e-01
5.115412228412752338e-01 5.340910105776979222e-01 4.739218758373484608e-01
5.301376374874509079e-01 6.197763905581428201e-01 5.749007912858743463e-01
6.546540069011116403e-01 6.991602463347781349e-01 7.353463822205296152e-01
5.100699228557101783e-01 4.982149674812194062e-01 4.716767964673281854e-01
5.474448733911065901e-01 5.570841719470109865e-01 5.095306876474039459e-01
4.220197543032142007e-01 5.459012712413098267e-01 4.953722896138653686e-01
5.375594800182141864e-01 5.379023252567726177e-01 5.089835218622820179e-01
6.602548976915941781e-01 6.227073177817445959e-01 6.790089707838180555e-01
7.607678756940489118e-01 7.227968311423491610e-01 6.506686375543990764e-01
5.271308919303281382e-01 5.964849288362104041e-01 5.684387723839295914e-01
5.640461434667585205e-01 5.869727773011832461e-01 5.344316000008083600e-01
5.014659113131477719e-01 5.404322322426674541e-01 4.842739881812008207e-01
4.819516113525594281e-01 4.498700600807749028e-01 5.139247268092722587e-01
5.743689102048882278e-01 5.612851030072045777e-01 5.655683974496956701e-01
4.859124223961684974e-01 4.724377530405402537e-01 5.368483593507902274e-01
7.359403989467457885e-01 6.694035158586795209e-01 6.557020815527944135e-01
4.810335947020250025e-01 4.595804584713878427e-01 4.922340913610961377e-01
6.254935774402993198e-01 5.979944492036297632e-01 5.497810210075935178e-01
6.917069701284668248e-01 6.564604179640350923e-01 6.662871429246695065e-01
7.333748771609195360e-01 6.911911533006136477e-01 7.382102558208001319e-01
6.431362190290463854e-01 6.526373597659003156e-01 6.440365476232057240e-01
6.634598177131005858e-01 7.168185392091025454e-01 6.792035021301443543e-01
6.528730845881964839e-01 6.034327206218192963e-01 6.668673675752525565e-01
7.753701354666275858e-01 7.948790415280004851e-01 7.457957048347051421e-01
6.789517742554938007e-01 6.456313486230557119e-01 6.469931737727409038e-01
6.830301665142893830e-01 6.766119575923218443e-01 5.600870905010509881e-01
5.916731263789758444e-01 6.687198902740559836e-01 6.837278480578877771e-01
4.005254357364503859e-01 4.703780975966748157e-01 4.887261900400491355e-01
5.519572011402503753e-01 4.542433315424611595e-01 4.926655619689273014e-01
7.731514653826413452e-01 6.600944472326685242e-01 7.332260818268500069e-01
6.535776982933422241e-01 6.787329358853927408e-01 6.570537414782527952e-01
6.214666973009984607e-01 6.525482777047533212e-01 6.857738479639492457e-01
5.704302248300506806e-01 6.562801414667849276e-01 6.472719465320528887e-01
3.962026073621599531e-01 4.670913361135771158e-01 4.746226684848945387e-01
6.368559090006041812e-01 6.633500111258562315e-01 6.620587006691941445e-01
4.535705604288631787e-01 4.394276008699082858e-01 4.561840577495488991e-01
3.593641811683842002e-01 3.691466536439422241e-01 3.917069389786348999e-01
4.859030172560713234e-01 5.963872865915603727e-01 5.340753278484918765e-01
6.390255829844549984e-01 6.701404455204609256e-01 6.408723420376578606e-01
7.313240188239572559e-01 7.345216560516233395e-01 7.211606726402621792e-01
6.660000241417577405e-01 6.163639848017803402e-01 6.727616272984731083e-01
6.633300452287081983e-01 6.788435486598118906e-01 6.879481337230457516e-01
5.915382044011094909e-01 6.381316757424834174e-01 5.827427180442819044e-01
4.461850614723873454e-01 4.334263688543661952e-01 3.706187475225347083e-01
5.652665345592705615e-01 5.406994487809461125e-01 5.575530688956569225e-01
3.922349052672528535e-01 4.240235383467088059e-01 4.530390789544653241e-01
3.309249866805802909e-01 3.399938704117877464e-01 3.502001369575172829e-01
5.133721376994312413e-01 5.589311250567868816e-01 5.646289847917593807e-01
7.071629667338410474e-01 6.937722242512365245e-01 5.941463620139638691e-01
4.840779282625637392e-01 5.075811386323443308e-01 5.657726131287349469e-01
4.621089732889631652e-01 5.445646237527662636e-01 5.022642461654777124e-01
7.646395436720595518e-01 7.905451702804141556e-01 7.619019845528484103e-01
5.948796869096444340e-01 5.726816581218120428e-01 6.451013096290623139e-01
8.381909823403849158e-01 8.222066435498661674e-01 7.659427548077357706e-01
6.882711723543305515e-01 6.317507628049160440e-01 6.272043578608029746e-01
4.885033176116848064e-01 4.861918231935725143e-01 4.746279250917636028e-01
5.685433375279057566e-01 5.986802303385297952e-01 5.703025966921900780e-01
7.374092819431263823e-01 7.257258056832192050e-01 7.086539581659226927e-01
6.471444351936181949e-01 6.731629889349356466e-01 5.925207248662575088e-01
6.691443752724508531e-01 6.758678818340235761e-01 6.151758692957121077e-01
7.188273750473059831e-01 6.864176040889212738e-01 6.271718931358718496e-01
6.484863408802614693e-01 5.965370786128628700e-01 5.978087026985838826e-01
7.815578757136832921e-01 7.794351293307626438e-01 7.711088190726799185e-01
4.500049747458664817e-01 4.782936954079552438e-01 4.526681853470887473e-01
5.915041873292233854e-01 5.808090821100803103e-01 6.004265761959134418e-01
6.849179957751260206e-01 6.201768515334677989e-01 6.733910740567221609e-01
5.537959598607071765e-01 5.143537879594298756e-01 5.578851338908324964e-01
7.203585471244305927e-01 7.617680886325728373e-01 7.446780891795073964e-01
5.064881368046452170e-01 4.837360488536819325e-01 4.792066316918884294e-01
5.750355360626843160e-01 6.087134338357066410e-01 5.942355204290816761e-01
7.327029790135221043e-01 7.157309256930914909e-01 7.679930623571945558e-01
6.389752418050909100e-01 6.150508903731903843e-01 5.766223442107536457e-01
6.442523102844138760e-01 5.490154606293546902e-01 5.944371060985832456e-01
5.875237042673588927e-01 5.174049397494396851e-01 4.805547315783401663e-01
5.672861427491705522e-01 5.241904009711327861e-01 5.675637637377565214e-01
4.811462514687129821e-01 5.408416298849889614e-01 4.566353028321685770e-01
4.822150177494359813e-01 5.284286148079478940e-01 4.419432236496565469e-01
5.826009120822289722e-01 5.939428854650098399e-01 5.880604244470136743e-01
7.081194435962249178e-01 6.964961789620432997e-01 7.156862415683715728e-01
6.988501461053047148e-01 7.260595918672791971e-01 7.375236806568018499e-01
5.873009600779912631e-01 6.315972365436053337e-01 6.204146084296594532e-01
4.682708640435835901e-01 4.501327526590294115e-01 4.673788983763970117e-01
6.359421754135605731e-01 6.795866726016894788e-01 6.207621902772308964e-01
6.389338661603304326e-01 6.746101575158370833e-01 6.273352193094848817e-01
7.013466085402314532e-01 7.243593614536248948e-01 6.708067867197801126e-01
7.759692048781918761e-01 7.855975451963681522e-01 7.529606629264207207e-01
