5.691668660053039730e-01 5.139379221431730205e-01
7.691479682123675277e-01 6.925278248798903968e-01
5.298976788589307985e-01 5.696294656432389081e-01
5.018854313496299291e-01 5.334084465758710536e-01
4.294522601330252320e-01 5.314056274730298846e-01
7.613536582694899746e-01 7.567725360550410230e-01
3.305387011505853123e-01 3.148981134179330010e-01
5.684680176634892002e-01 5.422580578252743644e-01
3.334864226384297026e-01 3.010912954716410961e-01
6.415648865951916191e-01 6.627151360559760951e-01
5.113855084340237500e-01 4.687236957422493688e-01
6.701567915294828204e-01 7.392127873302170027e-01
7.244262755423872546e-01 6.816184226507252530e-01
4.682966419925504997e-01 4.094838296714206072e-01
7.923501751414629979e-01 7.553096878607110654e-01
3.249855250829571385e-01 4.018218832997970114e-01
7.756776043153468247e-01 6.826773714684328809e-01
6.558272227229476892e-01 6.110969786807961546e-01
5.560082606314278308e-01 4.953227228681264527e-01
5.057505606578432955e-01 5.118831711896828507e-01
5.265758233513956332e-01 4.986351785894559407e-01
6.818164689330901140e-01 7.155944880509801376e-01
5.752936784415610960e-01 5.694540360559751102e-01
5.265618300615508840e-01 6.703167237260265754e-01
5.340893195234107660e-01 4.162534612343005702e-01
6.984170751021565593e-01 7.421800535383222819e-01
8.165087505136766621e-01 8.104190797148641545e-01
5.957643666798941862e-01 6.557211999564780402e-01
4.987729249944428123e-01 4.705201548320483429e-01
3.301654300417449783e-01 3.336178129612830667e-01
7.152971304448281220e-01 7.700464086395892860e-01
4.271610803194700878e-01 4.669142173592759626e-01
5.094779762587881011e-01 5.399143348201945747e-01
6.713664638748424451e-01 6.295915310907451712e-01
6.250499416682386844e-01 6.054455564928848954e-01
4.817599190779632279e-01 4.170286232531907888e-01
5.689089711133475946e-01 5.801838179252486460e-01
1.658652404956904303e-01 2.261908444806405571e-01
4.424835022105726989e-01 3.835782943653253674e-01
3.965276891601680620e-01 4.036449928388937125e-01
5.664614489283612553e-01 6.320306121979295533e-01
6.284326530596662241e-01 6.481470306779579804e-01
5.363317729234626796e-01 6.194934725670619979e-01
3.738821130668770754e-01 3.836188608549741530e-01
8.704439164609020230e-01 8.131072473279880031e-01
6.095983518745347052e-01 5.642607337942073809e-01
8.004751537209972012e-01 7.014939723667513727e-01
6.516472959679237009e-01 6.757613629744153583e-01
5.729183326819951017e-01 5.262140076107324482e-01
9.448747374165529234e-01 9.128660987815395700e-01
7.623255356537318450e-01 7.354835474381061777e-01
6.116646029094380266e-01 6.445744142726167469e-01
6.643604238478630908e-01 6.048186293624291388e-01
8.315813854622977619e-01 7.748143665743734143e-01
5.142467431654818011e-01 5.137514939223908339e-01
5.743100104599022648e-01 5.241240532031349320e-01
7.642388859197579709e-01 7.567574748880452340e-01
5.323216710571648802e-01 5.756816514849300015e-01
6.176313905499510870e-01 7.132545322711569824e-01
5.259916640748173444e-01 5.345730442592323550e-01
6.635801121470351616e-01 6.498946411602061213e-01
4.197152235653007768e-01 4.138957307687847198e-01
6.088681721209547870e-01 6.631171883375621690e-01
5.204589650639992460e-01 5.198659109417604895e-01
5.475407315241425099e-01 5.996718507794522868e-01
6.205049303358503021e-01 6.754952035606553995e-01
3.372152972699624662e-01 3.493894588984036709e-01
4.723202864076073704e-01 4.995307337202177234e-01
7.564042829658919054e-01 7.933227402280591534e-01
4.118476065094440197e-01 3.855642517621157839e-01
3.878380514509991994e-01 3.556654428128786516e-01
5.595536601702618684e-01 5.218829143859343711e-01
5.418585845216770114e-01 5.322350895499816659e-01
6.547982619273874372e-01 6.648397644818834218e-01
4.947175799549178854e-01 4.461646856860096988e-01
7.585995051934518729e-01 8.167152014184601017e-01
4.454395960959624534e-01 4.449481976382744786e-01
4.230196099277453992e-01 3.924084844268316830e-01
4.908260226875874599e-01 5.167315681650429537e-01
5.218723353675861487e-01 5.721898406671964699e-01
8.621922870188898358e-01 9.172171395781147929e-01
7.204292552867505028e-01 7.194845748065860080e-01
3.833066528572815490e-01 3.667535167526084217e-01
3.524598252786301789e-01 4.119295014438193459e-01
8.919969431651667557e-01 9.116474677617197875e-01
7.960861316513533348e-01 8.967946359328576866e-01
6.549507986818664529e-01 7.190244232573691496e-01
6.057659009533754579e-01 5.655143407604000805e-01
5.506110015802873070e-01 5.151198621430396196e-01
4.668610215308572342e-01 4.745023850122123688e-01
4.968492976970451669e-01 4.962740687094948089e-01
3.329222490421706593e-01 3.855908427149333240e-01
7.051008494944305260e-01 7.784451730123783664e-01
7.459379063270547006e-01 7.114733832454035456e-01
6.250412549237699400e-01 5.942386839808432297e-01
2.759135431058824528e-01 2.547029147165998930e-01
4.700619504436200913e-01 5.482976538629869001e-01
7.009099196946335653e-01 5.990736054580672043e-01
5.389624222325697378e-01 6.008468659595316286e-01
4.321504285427013592e-01 3.960832849235325082e-01
5.417604238940243455e-01 5.680994245725330405e-01
2.614821328160590874e-01 3.057398601292368734e-01
5.387697248656304616e-01 5.123471429352886020e-01
5.241259657642055592e-01 5.823635357502657817e-01
5.084699122043717656e-01 4.067723684560240471e-01
5.975423706113237587e-01 6.609393720306043774e-01
6.262415469313313832e-01 6.146813014664964658e-01
3.061229419730218115e-01 2.904992203086981251e-01
7.525230531258521038e-01 7.655000270968607134e-01
4.908688600835770521e-01 5.366303318648794063e-01
8.144375661017501100e-01 7.834623813875903897e-01
5.861872288073072257e-01 5.235207646407696869e-01
5.556783910120041137e-01 5.628828260050288135e-01
4.187133562344690363e-01 5.182602495054485781e-01
6.233836205987592916e-01 6.127559812103715586e-01
7.788248283284745499e-01 7.363347060003208044e-01
7.089812615841151189e-01 6.780498117877573616e-01
1.001647167011993078e+00 1.074655249102154153e+00
6.659177682387575903e-01 6.743478931483641858e-01
7.550749423553199113e-01 8.050890789751460330e-01
6.890984540122102597e-01 6.601279818005205691e-01
5.181827504510791993e-01 5.842211912637313986e-01
6.663554040882635476e-01 6.675885198616269278e-01
4.251977153274248411e-01 4.514020834515329317e-01
3.931948384375563710e-01 4.858425865341728378e-01
6.423333955501563386e-01 6.602743755465750874e-01
7.144980514943243266e-01 6.737304403713867407e-01
4.285271468760447067e-01 4.325997213173486400e-01
7.212673377674370112e-01 6.257070075760680083e-01
7.377800061842184620e-01 7.575695020291030035e-01
6.659720969066551532e-01 6.826080221107340140e-01
8.188084305938325702e-01 8.038285041586032964e-01
6.463680860003883089e-01 5.240175310830871291e-01
6.318014423779668709e-01 6.181001486110514476e-01
4.614457461378199121e-01 4.818141132762228662e-01
8.002674676318086711e-01 8.579461362411069381e-01
5.333532490922634484e-01 5.341060967947965921e-01
6.368696043794178641e-01 5.364191408818635987e-01
5.505194063927957293e-01 6.001604286933114318e-01
5.627828859330250566e-01 5.107995034366750176e-01
6.713327663880995777e-01 7.138018641551228116e-01
7.035289002395447300e-01 6.391741376930907270e-01
7.131278962107040487e-01 6.441549177958402206e-01
6.044693208104748861e-01 5.782501781457377588e-01
6.309320255675741063e-01 6.277718579946660604e-01
5.356734549759469832e-01 4.964133552226321910e-01
5.023772277715100598e-01 4.970578133693929201e-01
6.671852926684754825e-01 6.991042171691158602e-01
5.452234321846224363e-01 5.032559754282738274e-01
6.746261843157871363e-01 6.943502794312165216e-01
7.210719904395417323e-01 8.153839565903528985e-01
5.355045877738422444e-01 5.225226814899190941e-01
6.640157174031036114e-01 5.827148350815842814e-01
5.153994486374507966e-01 4.864406097258092698e-01
4.566478906678329563e-01 4.814747379538798500e-01
8.387978710718043684e-01 8.165300414548618546e-01
8.566321604290959568e-01 8.872435020763634883e-01
6.969358505556432215e-01 6.995529931941756319e-01
5.996016930212211271e-01 5.400461260949998010e-01
8.027557296225409367e-01 7.859037026365764955e-01
4.512859240075748346e-01 5.101121080352281068e-01
4.815506297317945217e-01 4.799626740334851371e-01
5.162938518935669130e-01 5.640710236286259338e-01
6.580977842820572299e-01 6.272648396760058809e-01
5.461017446674696352e-01 5.765795278113554634e-01
3.500290201170414006e-01 3.726390699264887640e-01
1.019569059258856436e+00 9.727662398834365787e-01
3.995457655090537408e-01 4.008946927527313742e-01
5.564264497556885569e-01 5.513364645579474921e-01
8.110069300333310194e-01 8.284659376166366718e-01
6.936762055844659658e-01 6.567221712467540273e-01
6.011461372457854724e-01 5.950740882690573885e-01
4.855661777006851088e-01 4.590171780420158054e-01
4.799462826254990988e-01 5.056309814479992282e-01
9.240187222159090830e-01 9.647379868613095155e-01
7.703529119104366440e-01 7.466143579282542575e-01
8.762259350138158487e-01 8.682659750662488074e-01
5.706664301893096258e-01 5.909945677019392551e-01
5.455267712996341167e-01 5.339426489891820893e-01
5.950751116019806775e-01 5.700909230037590758e-01
5.285940724414937009e-01 4.865985780580956988e-01
6.585184636744276787e-01 5.631993996514290668e-01
5.911970997862534549e-01 5.313579285056817536e-01
4.961247900365534091e-01 5.019331414808984038e-01
7.280816663401191713e-01 7.059925388094095977e-01
6.653469512673367836e-01 6.921735108006016324e-01
7.897403896492700692e-01 7.958333968404012193e-01
4.939385195178936927e-01 4.577390103046898862e-01
5.314879825701464000e-01 5.297727584362246223e-01
5.909932974389193738e-01 6.213763819022479762e-01
5.569995309578170684e-01 6.087614150130498114e-01
7.852617144026887708e-01 8.018384355092986748e-01
9.428693754349365408e-01 8.927819949569900659e-01
4.945103068326043849e-01 4.551596757847207741e-01
5.058885255282296045e-01 4.470178037963519202e-01
5.346011637078459389e-01 6.014908285519263709e-01
7.005668891168863599e-01 7.112994619294525922e-01
4.567989475591348048e-01 4.537000893022045678e-01
6.743595992706719056e-01 6.548502787037184802e-01
4.855206822312216897e-01 5.585879154309130179e-01
5.120560737463420997e-01 5.954042824801254463e-01
5.859010605682324346e-01 5.721860137718446371e-01
7.779528675275027005e-01 5.763999183864085829e-01
6.015220842711047622e-01 5.563047624818063808e-01
6.780213396218461863e-01 7.360596003537862586e-01
7.811413938624170994e-01 6.753863360250390580e-01
5.227077138955436020e-01 5.759037074377146848e-01
5.617864872836095813e-01 5.306905109806341336e-01
2.503128705513108510e-01 3.532336908586731217e-01
5.151110955451646545e-01 5.459868179240480179e-01
8.934228076380431594e-01 8.337788336545605139e-01
4.853784718351453198e-01 5.328316201111945594e-01
5.705974682784746843e-01 6.464464520449546558e-01
5.397770809930322322e-01 5.693971640455650629e-01
7.713716084550058527e-01 7.005025607432832091e-01
7.032146584035908754e-01 6.777040792754537302e-01
3.993575889363488174e-01 4.468981827460402623e-01
5.303511139858406720e-01 6.057625319341318759e-01
5.498891680113199287e-01 5.102643367444160694e-01
5.594605972026961416e-01 6.384638432170047784e-01
7.095765835067731064e-01 6.734161087044288063e-01
5.022734739176700769e-01 5.977600348833950195e-01
7.273909531691136188e-01 6.461986469887868179e-01
6.425204020168923114e-01 6.568558373674185935e-01
6.745667422605555741e-01 7.319104704580366993e-01
3.838848338846976849e-01 4.895956295189665686e-01
4.546708861277235503e-01 5.434588696533837471e-01
7.050805986278029236e-01 6.899783574692052168e-01
7.516528985605114288e-01 7.320326468423897781e-01
6.976299114618729202e-01 7.638217237247066915e-01
7.569983867000885658e-01 7.826954579344219676e-01
7.411303930030338494e-01 6.462938799304071003e-01
6.064893699836920726e-01 6.762366385654320355e-01
5.752242291932697649e-01 5.323473829725510198e-01
6.790230375482901870e-01 6.668836925297147999e-01
5.511440936043048300e-01 5.509459636020208606e-01
5.945652396243340521e-01 5.604871380848043261e-01
6.037224821291794497e-01 6.179813139469446659e-01
6.524022217163736315e-01 6.032505516858939210e-01
6.104447857396869681e-01 6.371084067556499475e-01
7.949894330346685134e-01 7.611406049675482066e-01
6.910268726798735051e-01 6.661862923294604721e-01
4.341203258185882263e-01 4.718388826202523645e-01
4.570604838998350572e-01 5.000727883478037761e-01
5.871154541785978953e-01 5.781498599214407452e-01
5.825083247374578388e-01 5.940443799797636704e-01
6.078704857871736200e-01 5.728168755974273330e-01
5.651043290957517007e-01 5.429857625913799835e-01
5.720185077041339827e-01 6.317838890268436813e-01
6.208926969328796286e-01 5.334078109218087782e-01
6.539187042628080704e-01 6.262790451710649187e-01
5.341856766631647435e-01 6.598353325475332376e-01
5.721615513107434214e-01 5.532081864424029938e-01
4.489997983033911511e-01 4.138623577036957824e-01
4.461993132000470763e-01 4.191824923214945708e-01
5.190910852492535144e-01 5.316525930269971889e-01
7.400285400308715955e-01 7.188073629222017091e-01
8.101572351740742306e-01 7.890644537451310114e-01
6.603390735517398191e-01 7.123394306246295660e-01
6.094321347590689886e-01 6.612295809088233334e-01
5.175016795943281345e-01 4.568429386245151935e-01
5.475258891532673866e-01 6.122705833841260992e-01
5.093709594632039872e-01 4.730665235605272523e-01
5.287423793820704709e-01 5.075547975767702447e-01
6.442336027513888563e-01 4.924997975166505171e-01
5.187475136477144311e-01 5.649987729094172462e-01
8.334042826858647501e-01 8.514507804855131479e-01
6.186979029818833187e-01 6.005006106358472540e-01
7.001114535754991985e-01 7.799422397938625684e-01
6.081913241766068179e-01 6.342444922611967240e-01
5.685574858047878211e-01 6.034108949323374604e-01
6.451164409763524565e-01 5.764481546440604065e-01
7.803182985907186620e-01 8.083998045125695420e-01
8.144863188899755801e-01 7.933577917083085573e-01
3.217044469702375897e-01 2.558946597917091115e-01
7.757152603859577278e-01 7.951062190750067815e-01
7.366703805703993524e-01 7.565668441094159924e-01
6.585839674689777379e-01 6.465302472526119892e-01
5.638689936547779391e-01 6.842445361067343024e-01
6.599289257008678078e-01 5.592091041779312377e-01
3.952561655590626777e-01 3.842168258669756420e-01
6.039744149091434977e-01 5.848192349860585892e-01
6.312409514600723082e-01 6.379953262810800219e-01
6.801995231693427346e-01 7.372397502885092990e-01
6.468434849379900431e-01 6.247303865342777041e-01
6.092497259545300858e-01 5.660437459639547919e-01
5.333658482765607500e-01 5.475303096412468262e-01
6.933394646014925389e-01 7.375205605249752772e-01
5.061332045235501509e-01 5.014674514660696358e-01
6.053354480768164958e-01 5.582171876571806468e-01
4.904883800012615480e-01 3.681776430793347044e-01
6.408602629899783354e-01 6.723654335795706816e-01
5.862933253330953054e-01 7.361576055897649518e-01
6.336629611828240582e-01 5.694555713413272935e-01
8.249029516682355734e-01 7.673207857483450578e-01
7.420814533471583596e-01 7.694650298403858946e-01
5.370359487970556289e-01 6.432615014513894947e-01
5.465128393818405872e-01 5.609846584032380790e-01
7.385226716249765344e-01 7.317907496325212202e-01
5.760087617539386695e-01 6.470238746615415426e-01
7.985315089956761536e-01 7.635030377099669696e-01
7.157740442820286209e-01 6.230066976677770541e-01
6.539826185102476375e-01 6.718288274487610456e-01
7.924990212849535309e-01 7.463002390577561096e-01
3.923537062562049704e-01 4.116339011266295089e-01
7.016722510886761466e-01 7.121207947733250165e-01
3.754949483282290501e-01 3.517330357741228486e-01
7.185537115257806251e-01 5.890990748859433745e-01
3.350623498109445153e-01 4.106250324355938952e-01
4.893411141077312898e-01 5.383203536224361319e-01
8.284960614527402400e-01 7.944854333000267443e-01
5.446102007647674048e-01 5.827414138808929556e-01
6.559456953950932867e-01 6.311138379743574944e-01
5.786317209206290890e-01 5.087627292806748969e-01
6.956364647331459983e-01 7.342920601974601835e-01
4.440811882135496935e-01 4.411445987785279632e-01
7.371540075611674459e-01 7.091623130642926709e-01
5.419299601814777656e-01 6.277543190744410140e-01
4.164904930047281795e-01 3.644807233865827722e-01
6.060148998775646279e-01 4.858482985396356257e-01
3.645322710209076833e-01 4.333345160023760467e-01
3.016479461152498098e-01 3.582584688471400769e-01
5.662525601705281630e-01 5.900926500585490508e-01
8.093210755556913272e-01 8.310245436044162437e-01
5.542810500880368529e-01 4.866292079553247718e-01
6.205923628907714651e-01 5.699415453315308522e-01
6.003217938274248988e-01 6.140788844765942001e-01
3.711974507492261655e-01 3.516477578547074767e-01
4.591501909184705910e-01 4.556561043470773176e-01
6.579824447521576136e-01 6.319325786125136180e-01
2.037852741239669363e-01 1.566251337377807806e-01
5.082841856353985666e-01 4.579540176540750629e-01
6.772588645334178814e-01 7.305509816242223842e-01
5.756982020867533745e-01 5.961995768670431683e-01
6.309706670533121731e-01 6.631120179151683836e-01
6.012352124206343795e-01 5.543253114229949041e-01
5.405021526186909453e-01 5.834918211491914031e-01
5.656668051865229030e-01 5.981052300993511261e-01
3.911098622845734507e-01 5.196544778340850268e-01
5.025077273136669964e-01 4.818794742656759555e-01
2.866039072445136227e-01 2.689943872264287106e-01
5.489062313580693742e-01 5.460841877077654560e-01
6.130569544427023621e-01 6.141301080678082114e-01
3.089325936442973153e-01 3.635832246977206972e-01
5.337528023044783021e-01 4.286266117543951482e-01
6.923058542867855936e-01 6.205526043736856456e-01
5.421585667672715880e-01 6.071943190551180036e-01
5.852779579598766935e-01 6.120829386062275335e-01
5.468286711098041541e-01 4.963662479000668926e-01
4.356713923343991102e-01 4.780107649209771603e-01
7.082410395328260222e-01 7.412702104164805572e-01
4.871884316716969532e-01 5.024116899962522975e-01
6.145752156455217552e-01 6.283830774031444744e-01
6.924225648136707045e-01 6.971728073987143448e-01
3.559105703733823622e-01 3.723875450248310681e-01
6.426820990999490002e-01 6.688905103420802467e-01
5.309257068995230089e-01 4.707519751605568348e-01
8.113286852532406446e-01 6.828391516379708204e-01
6.498119521111836994e-01 6.294270474521989067e-01
4.071653401543063322e-01 4.169579638770661290e-01
6.268909522948868940e-01 6.613884732691752699e-01
7.027309739856111293e-01 6.780055048495614578e-01
5.498133977301274955e-01 4.871326375838592737e-01
3.635232857513520099e-01 4.266654041598069713e-01
6.653483925029785029e-01 5.891913769675359847e-01
4.864361097336447060e-01 5.055057306152047625e-01
8.628670991386861999e-01 8.997770495771113541e-01
4.367441207632528077e-01 3.345748671727090673e-01
5.759277269547897760e-01 5.905515736266744309e-01
5.699356268927899816e-01 5.764817220049753832e-01
7.302442424626025552e-01 7.887939576762224014e-01
4.055024215991376857e-01 4.709816840035089824e-01
4.693500467612629623e-01 4.724807734833967321e-01
5.697826144996799291e-01 6.178406780141473265e-01
5.533404328519443416e-01 4.979837181707730265e-01
7.773568658890142036e-01 8.316793487551508157e-01
7.810913690314009727e-01 8.254389848776140237e-01
5.325548579450382070e-01 5.425816666351263029e-01
5.524219978598632341e-01 5.701288321770177081e-01
6.930866606146912634e-01 6.783928493411148786e-01
6.287023853491662262e-01 5.911803481766597645e-01
3.216724208981570077e-01 3.461046245123657328e-01
6.107253765618021468e-01 6.129625480044056385e-01
5.775931669706997340e-01 4.959583642707487416e-01
6.468817682686462955e-01 6.287197379995801416e-01
6.732117006579452223e-01 5.829409011696757847e-01
6.115108373053997903e-01 5.572227260299064122e-01
6.827096854464239639e-01 6.002638091665565279e-01
7.944366078311971835e-01 7.746942270833899746e-01
3.366273680778379407e-01 4.552059913873936492e-01
7.504100882361103286e-01 7.408300857773800763e-01
5.289685369943453175e-01 4.902305093495238908e-01
8.894827490988307384e-01 8.119406910096144125e-01
5.964360696977032417e-01 6.185480010347353952e-01
7.979171093970084394e-01 7.869006995246842218e-01
5.923306760159700035e-01 5.422606717613253080e-01
6.535271216094542535e-01 6.304448329013598862e-01
6.249274364010232174e-01 6.343524974952642337e-01
5.841052568782573173e-01 4.717949127880792792e-01
3.650308372332702889e-01 3.894294270112363399e-01
6.433335973743214975e-01 5.994094546253239120e-01
5.409596741983806467e-01 4.988614209006623224e-01
6.237576399751371126e-01 6.339330070522116722e-01
6.988056519629618490e-01 7.044899809185086736e-01
8.063867980308002670e-01 7.413932046268488785e-01
7.311774974333472565e-01 7.247623427075285951e-01
4.517978839406795455e-01 5.617745727763636676e-01
6.644619576525869764e-01 6.885379096754835615e-01
7.764508047240018529e-01 8.056844152321284147e-01
5.581547155372074132e-01 4.796559676798947680e-01
7.560821558033131717e-01 7.403286726758019354e-01
4.831695026808985882e-01 5.725672051852463973e-01
7.151973348107797390e-01 6.554135583982928503e-01
6.128285606109700190e-01 6.852539727184465690e-01
6.657941716917685770e-01 6.610408758267440898e-01
6.654168016899554283e-01 5.721432951445050152e-01
5.505106139906138507e-01 6.620415187635403376e-01
6.394216400964802816e-01 6.538767533248863728e-01
7.246377063939647423e-01 6.749228351743913334e-01
5.635205384994480537e-01 5.681108489157288277e-01
5.508194875131703361e-01 5.933899759377799787e-01
6.680415821610913296e-01 6.738844748016917796e-01
4.204980981698053788e-01 5.101483695034422228e-01
4.149453890083086849e-01 4.682632250645664129e-01
6.063370113660451199e-01 6.134394901624278251e-01
6.572000219851588110e-01 6.128124230513007920e-01
7.273651570030530422e-01 6.447113701217355164e-01
5.316244004648850163e-01 4.646961997970218139e-01
4.719074545020365274e-01 4.619524358792604923e-01
4.819667290155557060e-01 4.615955832585957319e-01
4.855024644258235655e-01 5.195820054224412621e-01
5.405807803981672599e-01 5.887284048936431979e-01
7.959161199598768777e-01 7.886106241707063758e-01
6.148395221780007525e-01 5.517033604591081719e-01
5.460098048459727238e-01 6.142051813381914638e-01
6.933918147806685806e-01 6.585705579974883150e-01
6.258796030249098585e-01 5.241730032003719675e-01
5.915617275131997976e-01 6.059298794367532492e-01
4.844436830863357302e-01 4.215334111396375483e-01
7.069893614651011626e-01 7.436142854721620177e-01
5.045200374974551094e-01 5.488621385139783593e-01
4.564097999768844671e-01 4.712171198295960206e-01
5.826285312555676832e-01 5.748548274931124524e-01
7.306810024659976532e-01 7.185738976516581333e-01
5.723857469593361946e-01 5.725915000194642390e-01
6.516639086321844854e-01 6.748063109642459256e-01
4.665359564124234582e-01 5.165096532295068155e-01
8.378297737473074935e-01 8.376297353128767664e-01
4.271859126292199549e-01 4.579217716134546534e-01
4.866278057858969275e-01 5.150576887729513276e-01
7.027229997690480623e-01 6.229664696507597466e-01
6.312048663525913206e-01 6.743917517098985126e-01
7.899919605264360545e-01 7.771705697934265800e-01
4.162923877492386571e-01 4.615786776632700428e-01
5.274736088313939364e-01 5.811082186386692383e-01
9.103747108492252771e-01 7.689297440621960522e-01
5.295512306427530014e-01 5.472791594209136523e-01
5.051477571784569465e-01 5.362800867524052384e-01
5.094527483840659565e-01 4.708637770568669945e-01
3.864243271381903044e-01 4.661907955784242441e-01
6.078848513654666608e-01 5.983922824909357896e-01
6.853417111709546594e-01 6.890248460374507333e-01
4.679493914033232005e-01 4.191858871300409572e-01
4.762708284284412619e-01 4.420782312428956917e-01
4.094112776190853564e-01 4.725541523857719195e-01
7.301453602227486739e-01 8.052180040927240379e-01
7.495961233951176084e-01 6.835592079690444578e-01
7.122175233544371098e-01 6.378803311575061974e-01
5.935091121050178886e-01 5.865863519697828155e-01
6.230560016489873343e-01 5.812243475832489237e-01
3.011771472681645245e-01 3.047477702865519222e-01
7.529235283535913315e-01 7.629982209928489745e-01
5.701898930601017046e-01 5.187266557231697828e-01
4.986091164201544856e-01 5.533238268808993165e-01
6.010221124657492142e-01 6.420757116053438240e-01
4.968115070353524287e-01 4.825338214829227312e-01
6.827352827001365032e-01 7.156701922859571852e-01
5.865991969100597947e-01 5.474901529609256245e-01
5.983275571436701412e-01 5.085100092371770408e-01
4.551429648429976549e-01 4.426465328942467137e-01
3.962353919464874363e-01 3.409674727365984981e-01
6.290712126093769285e-01 5.627849709007239909e-01
7.561538839011683333e-01 7.121507173729715312e-01
7.436862435110366265e-01 7.577193116033577036e-01
6.594160471147645364e-01 6.371697369968059022e-01
6.659379162568010990e-01 6.636888226940611535e-01
5.704607898599021176e-01 5.848716747521089943e-01
6.268500796262371777e-01 6.608745441605626825e-01
7.441576626365834501e-01 8.352633291302663521e-01
6.650912379158699927e-01 6.507825282069636952e-01
8.400810738783029974e-01 8.390782989430954908e-01
4.947124841157570230e-01 5.030026848916266946e-01
7.053920690657031756e-01 6.776770266159954925e-01
5.978752663929811639e-01 6.214162941869501022e-01
4.080935309145867218e-01 3.709501326653779629e-01
7.560466495407258680e-01 7.815154870568503664e-01
7.398374413311543663e-01 7.798210235599845053e-01
7.149857212368897486e-01 6.901292570352715039e-01
5.882907809501370933e-01 6.382655463742273882e-01
4.059199809540164905e-01 3.233314124348790619e-01
5.468464031466870878e-01 5.837428218234246291e-01
5.286300223300112178e-01 5.077109797265045854e-01
8.741035551140791116e-01 8.921137000293203334e-01
5.459527633548947323e-01 5.669984547708030176e-01
7.189770438644698114e-01 6.874494060966738207e-01
5.192571354411429363e-01 5.256053740672032015e-01
4.167600029766714842e-01 4.425476436858002405e-01
4.244363426604971790e-01 3.547259954240452040e-01
6.194235878987116584e-01 5.759716682548648992e-01
6.140134395923598776e-01 6.958210610998175616e-01
6.359051857639382854e-01 6.507382853472999384e-01
6.037569356158405398e-01 4.803443283570409950e-01
3.738535906120695196e-01 3.422686687903531699e-01
6.360409480075275290e-01 5.871516158116303341e-01
4.083141754401827805e-01 4.024251143692065824e-01
6.913053908169043416e-01 6.049317636990753089e-01
4.590593551260342964e-01 3.676201766127958348e-01
6.427753407457068580e-01 6.535274869180642821e-01
5.095626835140704136e-01 4.346096767300046126e-01
5.813434653257788520e-01 6.083714717789155957e-01
6.818933922943386516e-01 8.129480295225133268e-01
6.507145733126030729e-01 6.062053519378917121e-01
7.940907412972137980e-01 8.018866214523170388e-01
4.438817950994748962e-01 3.738621533708730293e-01
8.499966088246740936e-01 8.334292518381084536e-01
5.293487163831345210e-01 5.785138351481435848e-01
4.676205220763824943e-01 4.630059063818927623e-01
4.246530942222122018e-01 3.397092326225974457e-01
5.197301105652492037e-01 4.859161295595937347e-01
6.123049672159308621e-01 5.730164889305893183e-01
3.778438768612280008e-01 3.464546879281672487e-01
8.856226368384773062e-01 7.704106279252590506e-01
5.447088103970801898e-01 5.091688057850750626e-01
4.425942134862441701e-01 4.973748630650646207e-01
6.161996277792697319e-01 6.002981158419192775e-01
4.389230467629065546e-01 4.614200558212681602e-01
3.863131170199721187e-01 4.145041207569082897e-01
3.707002066765598403e-01 2.940395631247943453e-01
3.915733083516805824e-01 4.424097576769602247e-01
6.877435945485024238e-01 7.745534809071945581e-01
6.333023847840816289e-01 5.962031565079982665e-01
4.256971150010649962e-01 5.265057585487739056e-01
4.595876465069633210e-01 4.662917276289798019e-01
4.424637207245076809e-01 5.209098238553503402e-01
6.433726464598772399e-01 6.489816105922978640e-01
4.462632445820359228e-01 4.184128191022122856e-01
7.402675369273190586e-01 6.639551697327228386e-01
5.151995234987892802e-01 5.253158347928360561e-01
5.421762095021935846e-01 4.986536482999766040e-01
5.734794510683908220e-01 5.463869791027572420e-01
6.664318149294283788e-01 6.288109498680418685e-01
6.205738934558150399e-01 6.143034959592851285e-01
5.279947749235615051e-01 4.928902626942376908e-01
9.433486760658513770e-01 9.044390307212857305e-01
6.191053040245050321e-01 5.470985706541978688e-01
4.425288239136975776e-01 4.734308729952443895e-01
6.464351289459910888e-01 5.819393990087939894e-01
1.042876047286169339e+00 9.596529549048069541e-01
6.995269621324659015e-01 7.678686260135626496e-01
8.605032224784174844e-01 8.533113043579476642e-01
8.160871635291929715e-01 7.765174005416953795e-01
8.711688626417404269e-01 7.748960494030485702e-01
3.378343186686557642e-01 4.154543324871805554e-01
4.044814468927946383e-01 4.035140749939724047e-01
6.086335546931637142e-01 5.833959120671371457e-01
7.631427531651742147e-01 6.844663777758679402e-01
7.333872198900514006e-01 7.235740922089731741e-01
7.647763028379722661e-01 8.381931945897985736e-01
5.957237118454803415e-01 5.646835694135272643e-01
5.279883906948678041e-01 5.551065011898476120e-01
7.848375306388285511e-01 6.692345231701449793e-01
6.023525475368097792e-01 5.747383761584087258e-01
7.518505069030826382e-01 7.131803084932050174e-01
4.873118290256068796e-01 4.549665887663761898e-01
6.411645186679445496e-01 6.531661550895412338e-01
4.494878920991472460e-01 5.436795098749348520e-01
7.357696902647347104e-01 7.063098474357419887e-01
7.111679529225896079e-01 7.183256626719864979e-01
6.578334460473769241e-01 6.367986259201665611e-01
6.101653760816444505e-01 6.003169131793405500e-01
7.665242484412763124e-01 7.227355204058337756e-01
3.444468140173271853e-01 3.782529296677641928e-01
7.027671419623126026e-01 7.686875407221590573e-01
5.695441587792128280e-01 6.049157318712300446e-01
5.759880214207842020e-01 5.849391060462880709e-01
4.951255297243347120e-01 5.252530888440885004e-01
8.308263721482234132e-01 7.298624341782724567e-01
5.596778145748428912e-01 5.018147993151533814e-01
9.578427891239849057e-01 9.057100586563360256e-01
4.800132028227970804e-01 6.007819473249909059e-01
5.672543495220789822e-01 5.608436577639843712e-01
4.816193578364263983e-01 5.484445431455730047e-01
7.251208218727372978e-01 6.354935665997928362e-01
3.009344177784013530e-01 3.256130652373063761e-01
5.842389894858991406e-01 5.985616138257939811e-01
5.955616864457849990e-01 5.910366778682684119e-01
2.189349630566763127e-01 2.464120019471650602e-01
6.218557167673945951e-01 7.597433377445985681e-01
5.238080013948457347e-01 4.837958170290493909e-01
6.188649388963375353e-01 6.496380326912131187e-01
6.758721791080205543e-01 6.491929935189998391e-01
6.532651779524119018e-01 6.025222832299019782e-01
4.384080675023170892e-01 4.734826329336936368e-01
6.498723887279338474e-01 6.178037323279177429e-01
4.706431205731622658e-01 5.116441247727152586e-01
5.988631893605060874e-01 6.863578639590615094e-01
6.102357270661319388e-01 5.820348388633392878e-01
5.858869506879170741e-01 6.206953615567226690e-01
5.968030622602533697e-01 5.881702298733859635e-01
7.582891909121401985e-01 7.728550150623915149e-01
6.888703574886856362e-01 6.617581361599724765e-01
6.052856957746962641e-01 5.645032925226306508e-01
5.755004490464576961e-01 4.879979948321778171e-01
5.309201906597480480e-01 6.312543538749364469e-01
3.988751057326341276e-01 3.692889484237085740e-01
5.321665068293891521e-01 5.562153493195750587e-01
7.819043682964993414e-01 7.172518342877539643e-01
5.577990911754148184e-01 5.449631080548446027e-01
8.108031803083873834e-01 7.328188635190470146e-01
4.994823294485626342e-01 5.369068387204081194e-01
4.469903741360158889e-01 3.981350128343629780e-01
6.693365248471196960e-01 7.542022349312140772e-01
6.047548934993419723e-01 6.409479756057298028e-01
5.600253142535035478e-01 5.522365925798641273e-01
5.653633752550838443e-01 5.201600400757649956e-01
5.716434581972735796e-01 5.965466436261095406e-01
4.312642390276428817e-01 4.452050451502245210e-01
4.837810957544238510e-01 4.492878297103320984e-01
4.687407268703758234e-01 5.054538882354363549e-01
6.123607507574557740e-01 6.936996186290951272e-01
7.366447655037564601e-01 8.605762959864473594e-01
5.568506031330641148e-01 5.476847445693017180e-01
3.748084485746597805e-01 3.661966673755141510e-01
5.286894608609331581e-01 5.641795284495052520e-01
5.717490682447896599e-01 4.910652673800908197e-01
8.553514538613452567e-01 7.498593368581415453e-01
7.415101590209232096e-01 7.524371817254591477e-01
4.342268575192101965e-01 5.006151458809203758e-01
8.133165130815835919e-01 8.062324628352688372e-01
8.272691255255614218e-01 7.201013515973803125e-01
4.632251748923908452e-01 4.090885188521066751e-01
5.443568971701546744e-01 6.375636155689907714e-01
7.523685800862168760e-01 7.638051181569683878e-01
6.249708343411607414e-01 5.963631801108820740e-01
6.741767929791171454e-01 6.088079344244121671e-01
7.496956977704528624e-01 6.449380856916665516e-01
5.025295299333115695e-01 4.323583318857084912e-01
8.588185836268732443e-01 9.479493811871676501e-01
6.083055315642061922e-01 5.958859497772749370e-01
5.156658996924387006e-01 5.642538859298470433e-01
6.517714878480233009e-01 5.767219725791604690e-01
8.178578307078623322e-01 7.884628912621143293e-01
6.342534692433529075e-01 5.608276846562737505e-01
6.803694452981823293e-01 6.223799281177069265e-01
5.280641102169598700e-01 4.834124521145725661e-01
6.014059072370495640e-01 5.618093252952965910e-01
5.825939683103604771e-01 5.684212852758963042e-01
4.195729603549192555e-01 3.973165530187928174e-01
3.958366671977995854e-01 4.354284308268617232e-01
5.611757814926704446e-01 6.547491266838828539e-01
6.410322956168919006e-01 6.305964524229334955e-01
5.921728064270882497e-01 5.851369923628678693e-01
4.221226433973684911e-01 2.343049477542125114e-01
4.769214625747871805e-01 4.609923946075326073e-01
8.565922110878982920e-01 8.964770946462758960e-01
4.492042891839170271e-01 6.084387190035285276e-01
7.033623480277216844e-01 6.936867422049101117e-01
5.836399364359545761e-01 6.373944699080715814e-01
7.176712999253992420e-01 7.827885109624378446e-01
5.403876351837145764e-01 5.545286686429015122e-01
7.650741920676967789e-01 7.664552886161927203e-01
7.039322119105427822e-01 7.728522979556732286e-01
8.761606889952282540e-01 7.499649825417198379e-01
5.884044230756355631e-01 5.813820539921279451e-01
6.299504905880086714e-01 5.592562304392971750e-01
4.934574146350301782e-01 4.870674184322279499e-01
6.137329302988530078e-01 6.148873171978355145e-01
4.168674303293687378e-01 5.508101820995349174e-01
8.465850945150216189e-01 9.094145212568801595e-01
5.546889385735589428e-01 5.628154766487909466e-01
4.398817960020811046e-01 4.707456928699242926e-01
8.098357452356047537e-01 8.042216530670992514e-01
5.835652355855874829e-01 6.354289410721419840e-01
3.822725029382473272e-01 3.026744283669775548e-01
5.555027378373141866e-01 4.975007249041512591e-01
6.597949237899850550e-01 6.722707271427975639e-01
7.395374852164918744e-01 7.943991166808178628e-01
5.713872755576887563e-01 5.276287495304616826e-01
7.010936580727727963e-01 6.801124423919878703e-01
5.569446084643889794e-01 5.248409552751740481e-01
5.868445444326211291e-01 5.891482154082920975e-01
7.873844170771737705e-01 7.456533954093818028e-01
2.537176589424579576e-01 2.640594156137978099e-01
4.749564712139625611e-01 3.916424576924544265e-01
4.031432590872525146e-01 3.790450195760350360e-01
5.943216327732533388e-01 5.470365355685539166e-01
4.357127238916765899e-01 4.339397776431187514e-01
3.179900386154581593e-01 2.706405739196268145e-01
6.772332346034330985e-01 7.088626525666554823e-01
7.024342328873084407e-01 6.797445306965738121e-01
3.877021865935187939e-01 3.928047561152206435e-01
6.150471274762802087e-01 6.909812012798849379e-01
6.772241638103789763e-01 6.777350147704209737e-01
2.197770782699804970e-01 2.811918529392986033e-01
5.593975659430994174e-01 5.986699866044051799e-01
6.621661969231946721e-01 6.865299511405809074e-01
5.859685375118914852e-01 5.865797238355172638e-01
5.984543395009307432e-01 6.017178856413953891e-01
7.458563126444076596e-01 7.136196664292594471e-01
7.958770911131224368e-01 7.024541455928970946e-01
4.370507459977506781e-01 3.807093348642376918e-01
4.612948649431984904e-01 5.252689071877347793e-01
7.886972036494329652e-01 8.622290308796146663e-01
5.673880534102385687e-01 6.120416579181354733e-01
4.345989948278325410e-01 4.813054575050437767e-01
5.827466593931830419e-01 6.215760119656174032e-01
6.929912490546088488e-01 7.086199415559384374e-01
8.233163422690540356e-01 8.084448479555815803e-01
7.149477412986882108e-01 7.675721170270879412e-01
6.006983624823539758e-01 5.919213278745497631e-01
6.120725869509848760e-01 5.411131283230319333e-01
7.406094820262223433e-01 8.265579546931041133e-01
7.272462633695769840e-01 7.566213832248683824e-01
4.862393218109412052e-01 5.239166550595503180e-01
8.148104960919378970e-01 7.066187219669289865e-01
5.821180024927513630e-01 4.549854034490964372e-01
7.754621545502076163e-01 7.569164135860990683e-01
7.861909054346620795e-01 7.489454388076610680e-01
6.265026377261765367e-01 6.373716265511076839e-01
5.187745607336258225e-01 5.844403675839722201e-01
3.013950612632038673e-01 4.428775188938451346e-01
6.437654792413424198e-01 6.584244171080736452e-01
6.532867517380614997e-01 7.927948404637542579e-01
3.748264235424077495e-01 3.397497420256954670e-01
7.609582264592238410e-01 7.101389831772737526e-01
5.512735979308401868e-01 5.199076774015233271e-01
5.899435635650730481e-01 5.998997369553170644e-01
5.560328707328235920e-01 4.442920993726530154e-01
6.113762541569457420e-01 5.021396140993273915e-01
6.770562336426499961e-01 6.821789896767578298e-01
8.211493233667137570e-01 7.854434689237623779e-01
8.158044666859136651e-01 7.777308239992801742e-01
4.877543855862514488e-01 4.476871178420220310e-01
7.881121591985147390e-01 7.886477753366474275e-01
6.293980657755845476e-01 6.134959333282293814e-01
5.901483292111596723e-01 5.410238606234668568e-01
5.834459266068950933e-01 5.087927034491511735e-01
5.575421667479917298e-01 6.000026963569634608e-01
4.948034817371714245e-01 4.751418649219097401e-01
6.313786147203322985e-01 6.573858901093633245e-01
5.485269923310145401e-01 5.056006233977314857e-01
6.567142720469607564e-01 6.701716979198366619e-01
5.848966298361237826e-01 5.161881320920140848e-01
5.035992047977122521e-01 5.097226492601902859e-01
7.102652862819694990e-01 6.904169773188734149e-01
6.534037154292856586e-01 6.429357699028915851e-01
6.653940896891028522e-01 5.940398745484332110e-01
6.162967715737737162e-01 6.038644522202383236e-01
6.606992814769468980e-01 5.312155451200616385e-01
6.329963012996661087e-01 5.816801894008539753e-01
4.983175495308675984e-01 4.305610954128460399e-01
6.564089721452345261e-01 5.852569085565110241e-01
6.065030123344881119e-01 6.787478639351947063e-01
7.375620798527706690e-01 6.732790408423712236e-01
4.740233110499537106e-01 5.086757829575714318e-01
6.337818778542257947e-01 7.036213605553237604e-01
6.463926733568751137e-01 6.935291477138215699e-01
5.540579927024965601e-01 5.369468196554624262e-01
4.471304857854889181e-01 4.773684206557533005e-01
2.745518785436080744e-01 3.986581797498240931e-01
6.290869369165484892e-01 6.266533110297761722e-01
6.702944030339034187e-01 6.412181793096817239e-01
3.356696162919411419e-01 3.413663487179857681e-01
7.379293023600448365e-01 6.791110942427349695e-01
3.683416955905996493e-01 4.397948965895371320e-01
6.727577928587349376e-01 5.514532365970379324e-01
4.076834350547215990e-01 4.671366466284817554e-01
8.614117555237948975e-01 7.972236455840245872e-01
8.444312346053433060e-01 7.712277862637786363e-01
4.467829513773052263e-01 4.418844819846828309e-01
6.319841548973877954e-01 5.160360606912622883e-01
5.023676504166859624e-01 4.405575478900287112e-01
4.748743869539411855e-01 4.677284152633493508e-01
5.629700529340644355e-01 6.247256208126363841e-01
6.914955817393174664e-01 6.658630915200131062e-01
5.505834501898224653e-01 5.180299619476057549e-01
5.506114552903804693e-01 5.751968754037524167e-01
4.872519404653326558e-01 5.006151418634936512e-01
5.420115740861566334e-01 6.065145163255736271e-01
7.821772608571221364e-01 7.991206485561695994e-01
3.853957724714386357e-01 4.607419132098613535e-01
8.735445254789230285e-01 7.537264451036237434e-01
5.915272406357241497e-01 5.695985321078456121e-01
7.518323959581736382e-01 7.593541684141971171e-01
4.980023092510815208e-01 6.116174582912130564e-01
6.583043868683858824e-01 5.564063987286133051e-01
6.040137268087841793e-01 6.266903155143552784e-01
6.975804287111160296e-01 6.108103900336649961e-01
8.127206393911395876e-01 7.943495301392778929e-01
4.175351454554115382e-01 3.746907639049099070e-01
8.079732343825209995e-01 7.288566190312588677e-01
5.709423832333122562e-01 4.715177888426911323e-01
5.147271612931312301e-01 6.000841116989603652e-01
4.871882849756524192e-01 4.966653486531606432e-01
3.211648189935238373e-01 3.546395671934318705e-01
4.583444610845939238e-01 3.925707330315350019e-01
5.491350682310797149e-01 5.021702359530432203e-01
6.337801311878510369e-01 5.505207619143506204e-01
6.750296641646222895e-01 6.945858054418680982e-01
6.524601664180779137e-01 7.121505994006845919e-01
8.262843914345225915e-01 8.101229698105683052e-01
9.794751704031878781e-01 9.051102194921403221e-01
6.779206427217387976e-01 6.456724254000416607e-01
5.994067118025254715e-01 6.378069877364684892e-01
4.510435024706770379e-01 4.594252073337625752e-01
3.823984463225667541e-01 4.192911072491119495e-01
6.686618138795131783e-01 6.574396523358408961e-01
6.533187670357469834e-01 6.118186658679261036e-01
8.076370210377504799e-01 7.889368147557148658e-01
4.167341827246810460e-01 4.825029704839691180e-01
6.161408920071704820e-01 6.351372937257835360e-01
3.332954150680551564e-01 3.826907206018258512e-01
5.763628014865720406e-01 6.034880100913957435e-01
6.285733928880506971e-01 6.215060608693548927e-01
8.332244678295789297e-01 9.297052274523943671e-01
6.954772459136197016e-01 8.131208112732212223e-01
4.237790670614889343e-01 4.436532258005040363e-01
6.743111129842601636e-01 7.270521916660571682e-01
5.216542391803005163e-01 4.891052849279426407e-01
5.985151396534809098e-01 6.319808875383985391e-01
6.040727783061820011e-01 5.708983731479148060e-01
8.122455786391179489e-01 8.058458720545237375e-01
5.495306735713885171e-01 5.272951361517472790e-01
3.291039955039831155e-01 3.403740008803583517e-01
4.165298525036993937e-01 3.529678722141919578e-01
4.460997008054835566e-01 4.988364185613702873e-01
6.646501639968859232e-01 5.941860842562244338e-01
6.149160110896398912e-01 5.373510181593730284e-01
7.237176152764246417e-01 7.083242943652015011e-01
5.627438060078189253e-01 6.258417383523102728e-01
5.823508696423163045e-01 5.279620920822940544e-01
6.243432815475672415e-01 6.867535761496444957e-01
6.500129550099332798e-01 6.849543203634845812e-01
3.555425896748046766e-01 3.902542226533360914e-01
4.521107673513880543e-01 4.455063736035178024e-01
6.027597782953834082e-01 6.219141264441810923e-01
5.579008323030847372e-01 5.874169504007049625e-01
5.963382599033868470e-01 5.375739280837028566e-01
5.947209272018045834e-01 6.002253383422153643e-01
5.963813896930602043e-01 4.944965608384278011e-01
7.070670697063566879e-01 7.838320523250154048e-01
5.395097755160502828e-01 4.835329753201647041e-01
7.151644744182252822e-01 6.425228068410353544e-01
7.297078321545726887e-01 7.233151169889582288e-01
2.963751941506378440e-01 3.374331085182527001e-01
6.288378738562467873e-01 6.546313065172193468e-01
5.386592114159104439e-01 5.257044888060410370e-01
6.656199611022362017e-01 6.906064992912444023e-01
7.073004330811958340e-01 7.674894602219239914e-01
5.156491872623615302e-01 4.911214147994806267e-01
7.088889614529158001e-01 6.208805510569902486e-01
7.044208269995230198e-01 7.728291560727208465e-01
5.467117884151024843e-01 5.483394292457415276e-01
6.366291467899583001e-01 7.049987276289160221e-01
6.664982779447321537e-01 7.143670544101539122e-01
3.355820164247534376e-01 4.270981025016627464e-01
6.082661173968578749e-01 7.456791060267861093e-01
5.508536581772250917e-01 6.194719198834076623e-01
6.765793813282036107e-01 6.877960093317122547e-01
4.794125968028736806e-01 5.018875177301269641e-01
6.344290979938186359e-01 6.432106254706307924e-01
5.213812655687742881e-01 4.955735686605976520e-01
7.145983582224078035e-01 7.715664682696388166e-01
5.686287266941144614e-01 5.465829942902195038e-01
6.905801466431890079e-01 6.826790793948954716e-01
8.488211418656714802e-01 8.205635398613324583e-01
6.783790008093819601e-01 6.937262509577164504e-01
7.040697501130326330e-01 6.670002267315231492e-01
8.632908169822611777e-01 9.364968088791404410e-01
5.323944686836142859e-01 4.814752373370604355e-01
5.886964348550258741e-01 5.334906201640008394e-01
4.653160549661530809e-01 5.030994156440207199e-01
5.210740461646327093e-01 5.723558954517188324e-01
7.123093598069206722e-01 7.541597343401250653e-01
6.815982527212334219e-01 6.580740051606819296e-01
8.262874072980258555e-01 7.679878093262239025e-01
4.873847500156905932e-01 5.060564850046929131e-01
6.126704305634155245e-01 6.605307428913792522e-01
5.684814636736426063e-01 5.422095066220933290e-01
6.736186640202201925e-01 6.640634244193497349e-01
5.053119307436410024e-01 4.544033266031378693e-01
5.274789594707232077e-01 6.173369081914095169e-01
5.973549500405092028e-01 6.045671758948388819e-01
7.929980620286504189e-01 8.600677868504936763e-01
6.075069903020178241e-01 6.282864643817871464e-01
7.218973785682626376e-01 6.986998793371207439e-01
6.323511045243833673e-01 6.790169189145859319e-01
6.108530858318614865e-01 6.615752414399820314e-01
6.522647716491101200e-01 6.890074159396386566e-01
6.943459401123435182e-01 6.070594689737667249e-01
5.679000018090724078e-01 5.814824620661823706e-01
5.874794191468480919e-01 6.331337604480030690e-01
6.665332272107740152e-01 6.679978563894355403e-01
7.182680394958290693e-01 5.967626027110511933e-01
6.012061255980100105e-01 5.260334060746832963e-01
5.004065855645607463e-01 5.221935881713390959e-01
8.294538742098460649e-01 8.254495361622797844e-01
4.782080742568565745e-01 5.456537567372244935e-01
4.193856201043913434e-01 4.364996650518935817e-01
6.826152158290894612e-01 6.468583552739017861e-01
5.332274434869638258e-01 5.463959361994122910e-01
8.781796105130584840e-01 9.658849963846886100e-01
6.049338929816766575e-01 6.197401984963665234e-01
3.733528802080650633e-01 3.350109373129745438e-01
6.359588481144162753e-01 5.185924632569460790e-01
5.044105930700556462e-01 4.626157159186785606e-01
7.310380657354313971e-01 7.566317567054414717e-01
7.114191866427781452e-01 7.077673716352366196e-01
6.984290164491009367e-01 7.556874872449903524e-01
5.417433139303025058e-01 5.931417939096221836e-01
6.241660824790616902e-01 6.677837315535707363e-01
6.857423201323580297e-01 5.820671643196924094e-01
5.384725333518882717e-01 4.919753275368743406e-01
7.263966730665093463e-01 8.202966839558433199e-01
6.090799479013542239e-01 5.985972432941519816e-01
6.297678321447734984e-01 5.842296530365069795e-01
8.725261484159727576e-01 8.973238314670393123e-01
4.444100467649345632e-01 3.824907439582292401e-01
6.159199725197164188e-01 5.969574919809390590e-01
7.438535455221626513e-01 7.521023096033130351e-01
5.479055105559513805e-01 5.258112399933108083e-01
7.000407261517922475e-01 6.174604716397527060e-01
4.888449880640910461e-01 5.324451507516156923e-01
6.591414427420242417e-01 7.356277394355860144e-01
6.261703956243470648e-01 6.216752131277244464e-01
6.187702887689692233e-01 6.267114024637987502e-01
7.876510870638515627e-01 7.583634377801427018e-01
5.453395983209415876e-01 5.271059617074190795e-01
4.534179684002822563e-01 4.681195685254686545e-01
5.355933808272651531e-01 5.788286613637140254e-01
6.025537059350404290e-01 6.332280940100362132e-01
8.797556064797553699e-01 8.002545246564056747e-01
5.793983193450228386e-01 5.610362801412848155e-01
6.987325103443607910e-01 6.555077989342764644e-01
5.598749118158345972e-01 6.355405949622230377e-01
6.797217095361989259e-01 6.661727397104995063e-01
4.867793811339070631e-01 5.177398400503275822e-01
4.724929076845283960e-01 4.390145777553700612e-01
8.331532491220688952e-01 8.102648397158110916e-01
7.221966496461971197e-01 7.180170921535313777e-01
6.871780678118843966e-01 7.319511370609428358e-01
3.451326961126890969e-01 5.028005533067079202e-01
7.444847997693841979e-01 7.814888524181820006e-01
3.488413482998530823e-01 3.833284895514162405e-01
6.984281043437473580e-01 7.378398375510256679e-01
7.789378038325893705e-01 7.171329698976778300e-01
7.371542875554232266e-01 8.014855891218227724e-01
5.691548505352084231e-01 6.367783023957083177e-01
8.583518214514717082e-01 9.176324633871565384e-01
4.312225011815443154e-01 4.710211802860075347e-01
7.195494585974148150e-01 6.798083583546407072e-01
7.346214530358292638e-01 6.546884931816230324e-01
7.151588935240006384e-01 6.437356191369453251e-01
6.721295620095611989e-01 5.969465114910023074e-01
8.700572531282291244e-01 8.629677442667493814e-01
5.167403625020989821e-01 5.369699305978687942e-01
4.179569241631798104e-01 4.612643282066518080e-01
3.409884227172619853e-01 4.332535774860601374e-01
7.682011885097260739e-01 6.605185686254125832e-01
5.545899208437665706e-01 5.489239296209194041e-01
6.563293558470595368e-01 5.779728124680567625e-01
6.420033356301225735e-01 6.591123837355260529e-01
5.596000860255305742e-01 5.234909499506625874e-01
5.036632260055741162e-01 5.653248097275497264e-01
8.601607670760286206e-01 8.666068314383758020e-01
6.498830333738796483e-01 6.505149883802121558e-01
2.844446039799912174e-01 3.129222578989647174e-01
6.796476803442993431e-01 7.102256348021135368e-01
4.570870930249873454e-01 4.902773217915611936e-01
3.986973261231108179e-01 4.296243138506509185e-01
7.559287270227242894e-01 7.986658372214742174e-01
6.544511820756619969e-01 6.122111512099732700e-01
5.816593156349886273e-01 5.496442378936944317e-01
6.281588396359915061e-01 5.904785709583121323e-01
7.069736054819805160e-01 8.109709276460815852e-01
3.685388245942199381e-01 4.274690547960788845e-01
6.505939246096351658e-01 7.077473369962555827e-01
8.720593988227256510e-01 8.786436669214732209e-01
6.664983760786689082e-01 6.326385610148506089e-01
5.173564968829376109e-01 5.128165825352033469e-01
5.700739902766844835e-01 4.966224298439962936e-01
9.818862435256404675e-01 9.038638945054050522e-01
4.242740204472990606e-01 4.739859709343574035e-01
6.408254668552071376e-01 6.214337339225726176e-01
5.635706665033158869e-01 6.882306791798215029e-01
6.130382530114301121e-01 6.251492228340219670e-01
6.049322109004539039e-01 6.850863167919968300e-01
5.747049605477160261e-01 6.318544367935775563e-01
8.787564320472990298e-01 8.459795482589179683e-01
4.503723454537433835e-01 4.720676002258695769e-01
