4.495876264847080694e-01 4.602137781553514717e-01
4.797629041954397655e-01 5.205863335439576689e-01
7.327602742993801765e-01 7.163370779846998104e-01
5.317961144389085071e-01 5.537727363058604357e-01
6.505872812860977739e-01 7.262435531853363990e-01
4.499344611967548424e-01 3.948997953847828146e-01
3.601355555438732203e-01 3.873576119080001101e-01
6.760822152074105196e-01 7.270661570436970367e-01
5.273317567305565445e-01 4.961041987163148925e-01
7.129476081976424684e-01 6.348516728443427404e-01
6.886033769115549319e-01 7.549194231007179123e-01
7.047914516546407437e-01 7.198866617635575338e-01
6.645058143627344815e-01 6.382300011289065989e-01
7.968120715467189585e-01 8.635369149262949184e-01
5.469032009816096052e-01 5.782976092694663839e-01
8.709388169281176983e-01 7.624374428832284556e-01
5.904530557467935203e-01 6.626931946177623267e-01
4.284292718790393972e-01 4.034364268187444202e-01
5.149599220860086035e-01 4.009482684346556414e-01
4.143822724218448328e-01 3.377994498078487617e-01
5.820315341343758053e-01 5.821076401712368398e-01
5.515180270943680352e-01 5.104906506408921629e-01
7.703489469859415850e-01 7.793494235137788939e-01
6.752218610230844575e-01 5.972936712380427782e-01
4.513956950305304527e-01 4.377595631668838028e-01
5.734810214737068312e-01 5.484454880383263786e-01
6.743931701642627008e-01 5.850304891748585590e-01
6.095475688697044037e-01 5.760244709097722682e-01
5.788997954840292559e-01 7.116445906097593754e-01
8.123187638767217500e-01 8.052695776794462912e-01
7.975011764125529146e-01 7.220180010507627477e-01
5.049354824401274255e-01 6.579521590987350566e-01
3.374723846248715575e-01 3.430962511531316372e-01
7.486508809372047768e-01 7.082248262122383675e-01
5.774487963686184555e-01 6.462633873830897491e-01
5.718023028394088048e-01 5.590742862348387909e-01
4.106697491038771575e-01 5.391495954723448669e-01
3.955707216752231692e-01 3.866896658538881426e-01
6.382796075781725920e-01 7.100235025120035237e-01
1.009502155267425261e+00 1.029224850862602070e+00
6.448181780522529438e-01 6.044123411246168365e-01
4.974526294016683448e-01 5.450125685453834912e-01
6.472483201429183319e-01 6.305692513083572814e-01
7.047294794101778281e-01 6.113086063115916735e-01
5.628184034191461294e-01 4.869993878566606926e-01
3.822506834749255233e-01 3.597256201315767177e-01
6.759820980076332031e-01 6.980145678887705873e-01
8.205549302739254536e-01 7.502762908600617564e-01
4.957686087992212443e-01 5.379981396963064988e-01
4.657207781984361583e-01 4.824200743969803140e-01
3.021815497354088387e-01 2.119679139265914780e-01
4.982467883980860601e-01 5.463825283249222897e-01
4.943403360980082595e-01 4.554423996853604328e-01
6.081133251871779777e-01 5.029586520246778214e-01
5.637425848555966956e-01 5.134338199397833202e-01
7.433705910275359985e-01 7.601576093080352203e-01
7.328131004050366659e-01 7.816878324746208140e-01
7.954164745795128111e-01 7.570147087935400476e-01
7.614515881359036342e-01 7.357872611822582343e-01
5.368871938179632375e-01 5.796941036380226508e-01
5.617608706981205291e-01 7.367259397506515928e-01
5.083339207762074263e-01 5.330904701896510556e-01
1.771366374782585018e-01 1.798778115458976867e-01
6.802404413354369295e-01 5.696080088263680841e-01
5.093957297659215122e-01 6.783797972490044348e-01
6.250711180425349012e-01 5.502031697993529091e-01
6.989498657701125328e-01 7.077623785426185865e-01
5.660961195040303817e-01 5.852156011979461336e-01
2.183687361860938148e-01 2.836167421713579606e-01
5.416975960095532505e-01 5.949427520602358355e-01
7.846889463438335710e-01 7.994472988136667180e-01
8.233280382970938893e-01 6.861673642487825520e-01
4.877255301575999513e-01 5.723258119670595612e-01
5.814082078575919521e-01 5.441609862050245106e-01
7.326412931025610975e-01 7.517002317619020380e-01
6.209774291997575135e-01 6.794998841251881361e-01
9.282086646479127401e-01 9.160158121740334947e-01
6.164403203160725431e-01 6.487984526117510642e-01
6.570396672870771893e-01 6.303598950491983155e-01
5.802984443724352737e-01 5.624940698958429408e-01
6.532150271106119677e-01 7.205777626221464560e-01
7.729820718167202953e-01 7.689075828952011138e-01
9.083492787473345098e-01 8.490615425538060590e-01
6.166266118047674105e-01 5.639403269959444298e-01
7.453042254787323184e-01 6.769550982939935846e-01
6.500192970898913680e-01 6.222839264505891643e-01
3.238299691061856111e-01 3.281685728816229886e-01
5.585058453985493054e-01 5.769714814851868434e-01
7.585238783772044746e-01 6.520923969166622092e-01
4.750140420415752684e-01 4.181960770503043712e-01
5.696745605466853046e-01 6.179048399853992457e-01
8.406315842272843453e-01 7.559561892723524190e-01
4.105456190174872066e-01 2.830420430700707479e-01
6.325029968573495642e-01 7.073188607181756238e-01
6.428880844341026135e-01 6.525613970277038822e-01
5.375526842480682355e-01 5.692679225325283365e-01
7.458682673820673514e-01 6.151090497890578934e-01
5.666385601069494626e-01 5.949609108830511417e-01
6.781774336317999419e-01 6.536957290701087553e-01
7.048282989567974388e-01 6.525893736220690355e-01
7.695057822043140927e-01 6.071458858008391690e-01
4.066590531071658798e-01 4.685390741801007675e-01
8.102685446363601107e-01 7.854575771637583026e-01
6.263382054931969645e-01 6.691964470538369625e-01
7.259787340146208745e-01 8.055919406180949149e-01
6.333068948362070572e-01 5.967141174836314566e-01
5.092923113840948091e-01 5.540010863482076608e-01
5.287402867675720097e-01 5.280866382927950076e-01
6.009529078387552126e-01 7.175131691264504674e-01
5.853431038285091814e-01 5.362767875954604913e-01
3.300611844955841367e-01 3.455603545926436149e-01
8.985326873530433689e-01 9.707519516285881833e-01
5.211475041278348375e-01 5.280965042784189212e-01
5.965393415714912440e-01 6.188621006827541571e-01
5.579495238233241894e-01 6.097646740766734519e-01
3.984908321932049136e-01 3.811602069993157427e-01
5.554016374424090019e-01 5.442678132590731410e-01
1.075746345400623083e+00 1.066303999288775950e+00
5.523841510123033149e-01 5.544889291470871395e-01
6.647819307142378564e-01 5.973000955685098257e-01
5.539845547849189256e-01 6.104056017077523766e-01
8.236711268217066229e-01 6.927312059040885428e-01
5.604709706032198202e-01 5.972435864221123936e-01
6.520144276946678863e-01 6.206543717266747029e-01
5.031923537329970886e-01 5.550915309503142714e-01
5.023333358807132720e-01 4.887299187108130050e-01
5.550942536046880038e-01 3.809048791510444842e-01
6.209538785486705681e-01 5.676421007498329008e-01
5.927629933755512726e-01 6.530260962404860203e-01
5.485720777266674952e-01 5.651031817030810478e-01
8.604680001422810864e-01 7.550127660915322281e-01
4.927274218520463767e-01 4.661158413947243395e-01
4.150156834280927520e-01 3.562006925987121764e-01
4.202297961001857374e-01 4.349879811228495319e-01
3.994194790157322705e-01 3.474104465962616350e-01
5.465338884987721579e-01 5.496876307419246155e-01
6.357667720232074160e-01 5.540954941540219281e-01
5.338036574372974075e-01 5.816508529843519293e-01
9.710709944919653225e-01 9.056914975542282864e-01
3.778931945194196063e-01 3.815712866203885278e-01
6.655038322741276824e-01 6.024040656290817752e-01
7.890373971498159111e-01 7.433259699013092803e-01
6.367095664744214512e-01 5.375101670242964369e-01
4.948880661422061511e-01 5.124907853206401853e-01
6.695945356739253507e-01 8.174518747921891704e-01
6.942504015587391830e-01 7.159114267701640610e-01
6.543270300547535667e-01 6.649031195626170510e-01
6.998665059516362419e-01 6.492918057322498715e-01
6.081827787702247523e-01 5.653376441182826895e-01
5.555756792575234915e-01 6.533138023042210918e-01
5.128971423567167953e-01 4.590944001605412050e-01
7.104868802835788699e-01 7.557054785250696405e-01
7.093133125683671603e-01 7.252826233375461173e-01
5.217186277199712396e-01 5.293523890521665276e-01
6.265434557132689708e-01 5.468671244853697821e-01
9.041103730084392165e-01 9.537730813877141056e-01
5.931311220227443171e-01 6.922694350586459100e-01
4.014504438520802854e-01 3.317546890445195462e-01
4.486799318570944273e-01 5.015378322047033821e-01
6.445198611131816024e-01 6.889482356865951340e-01
6.965734940923457019e-01 8.039691131015770376e-01
6.322081339409020284e-01 5.730551182214693728e-01
7.855347131460361787e-01 7.514973414503378635e-01
6.910862484774485948e-01 7.160226163683492961e-01
5.596245362188667638e-01 4.698159250290141475e-01
6.788474134596630405e-01 7.129843282701867624e-01
6.055233647099197425e-01 6.497616096942119279e-01
6.668816397504325755e-01 6.227888832622131554e-01
6.963696474490063126e-01 6.620759924272577868e-01
9.173519812473711621e-01 9.180897139968930976e-01
6.559199475401802371e-01 7.560925732155978629e-01
4.195898488876402266e-01 4.632544138034139780e-01
4.674337764895686864e-01 5.280247151186729937e-01
5.729141358908786952e-01 5.506741613638006516e-01
5.661271931574060057e-01 4.281174535542581205e-01
7.740602226077658576e-01 6.900223064716816124e-01
7.458100193344738837e-01 7.093133514026621622e-01
5.312230803640555221e-01 6.180932891444429478e-01
5.689592410174910686e-01 7.723908509675929679e-01
6.179864176543382603e-01 6.434333198565495016e-01
6.897340585666245083e-01 6.023719805753657841e-01
6.465753922749467586e-01 6.850491435056950129e-01
7.626587769994640498e-01 8.661487248651543736e-01
6.277209832415973079e-01 5.808347978378267662e-01
5.321214554893404225e-01 5.308817327875537950e-01
5.758196006538445211e-01 6.098585291176088496e-01
3.183245829331349808e-01 2.807310158210967743e-01
6.614589570263936791e-01 6.498552573421362277e-01
7.862140021540465762e-01 8.111576335096274404e-01
8.318727692671394891e-01 7.370009608415049041e-01
7.985130016837918010e-01 7.931683567820129177e-01
4.280814477350881053e-01 4.855565206317861704e-01
4.894346378530669006e-01 4.768342996461241712e-01
3.712771098684338744e-01 4.474066561102770789e-01
3.878597019540293012e-01 3.089552448868942980e-01
5.271227281613177773e-01 4.170800779789863300e-01
5.992812772273605759e-01 6.318650122318292262e-01
5.960945577557312802e-01 4.526499097224787604e-01
6.876835237533144296e-01 6.367091611362006853e-01
6.386997353005164912e-01 7.447060848877459227e-01
6.453884021174360885e-01 5.909318617293788378e-01
4.169252068395661315e-01 4.650135117565132870e-01
7.226952783990492346e-01 6.717898220550786448e-01
7.122523750601618131e-01 6.467976473772035773e-01
1.034404844462322615e+00 1.109752685339305600e+00
3.684546120438061956e-01 3.667973122959335419e-01
2.944392593245979128e-01 3.851734481911958108e-01
6.307799959797075751e-01 6.320181936109423582e-01
6.759926787414252125e-01 7.480942062550186566e-01
6.399521449454741440e-01 5.847191895627350533e-01
6.378671798827825201e-01 5.146165413350533013e-01
6.939409791855984944e-01 6.130760410160830398e-01
5.384792820381485434e-01 5.125623478007235168e-01
5.832076181992792430e-01 6.070655192135810951e-01
4.281037030690152401e-01 6.357471455341575650e-01
6.151274723355912855e-01 5.704969518708418175e-01
8.339517600589053670e-01 7.587824099647880738e-01
2.974194110894279319e-01 4.206466388259091360e-01
5.617820677144232944e-01 5.067327026055082895e-01
5.124790553686855432e-01 6.467060865666207636e-01
6.168047766178019753e-01 6.535516681129922567e-01
8.225827035323762804e-01 7.595563206058322248e-01
6.358768763795137335e-01 6.712328382705445851e-01
5.754646020292151221e-01 6.580293335171600866e-01
6.611297520634535907e-01 5.790236405871995728e-01
6.533780023338970899e-01 6.431658068286343344e-01
8.346761350014449965e-01 7.180555359533123960e-01
6.248074084489418922e-01 6.551478653903737293e-01
5.543276142192740119e-01 5.509641090050768630e-01
3.710317065634588518e-01 3.455658291508221236e-01
6.418346934028265061e-01 6.450067977277169629e-01
8.081030730144151963e-01 8.429121550643841054e-01
6.135936680551897782e-01 5.956339027821330179e-01
8.986079204958455913e-01 8.379178505089118767e-01
5.995597126833766000e-01 6.007673430342036491e-01
9.479564777418624244e-01 9.637235460488656758e-01
3.667643778129349719e-01 3.608369515072747391e-01
6.142633100460077600e-01 7.269498563315615058e-01
6.609339007034898961e-01 5.821460633316398736e-01
8.403038938335639640e-01 8.066974500242763968e-01
6.733789741771109005e-01 6.649072121567588534e-01
6.234324212601355386e-01 6.609537044769714376e-01
5.726932647759852557e-01 5.033006874424057475e-01
5.279178815056063678e-01 5.647279831527488581e-01
4.404739577830380504e-01 4.343917305984818511e-01
5.449339187258717132e-01 5.741779891920164580e-01
3.660645303439826193e-01 3.575282683230584513e-01
5.875095996571922941e-01 5.342651465507993747e-01
6.093544408675838353e-01 5.138016666346593153e-01
5.673986137403583818e-01 6.257633818908956425e-01
4.391043847884645301e-01 5.407033347974076198e-01
6.550956272641239586e-01 7.377670329559891105e-01
5.457846635652621181e-01 5.559050805845284771e-01
7.024864985452097255e-01 7.458858608724869832e-01
6.259009056857984810e-01 7.079073580427477363e-01
7.778451400454122755e-01 8.030517142282995735e-01
3.494901169511406835e-01 2.492746374247049590e-01
5.244130984481359947e-01 5.027876425895162482e-01
7.500220180203773790e-01 8.036012283276261492e-01
8.555294805935140801e-01 7.683686514008185586e-01
5.548940092573868554e-01 5.516383299188929445e-01
3.163473681631195911e-01 4.081341764643796610e-01
5.854673254819937611e-01 6.137633473513823823e-01
8.323436728701230081e-01 7.773570211476952263e-01
7.768198375691643953e-01 7.036815586846689730e-01
5.107651908006436425e-01 4.508666713262661219e-01
3.413690296856078388e-01 4.006333280771949279e-01
5.568222698418273664e-01 5.951692928565998075e-01
6.932361448910053792e-01 6.321771293555225046e-01
4.035840279598043034e-01 4.371146394503250265e-01
6.721940580349915484e-01 7.292762825602744359e-01
5.788243127105100472e-01 6.103967467286212090e-01
6.814091558197860055e-01 6.729734864213278156e-01
7.146543826720941350e-01 7.693853813353213056e-01
5.405590297426094981e-01 5.614118951024515969e-01
6.844187362962240728e-01 5.738621978772783239e-01
7.351535027445864623e-01 6.897896523337331276e-01
3.881465933741249930e-01 3.804207169342559980e-01
5.694713387091848711e-01 6.591027762367472898e-01
6.628439174461902006e-01 6.277822462357773858e-01
6.950309035339156116e-01 6.338801014546769919e-01
6.669760829029770521e-01 6.822999078333845668e-01
6.358810122109135321e-01 7.042768202760449903e-01
4.067823653782617344e-01 5.216365864376996120e-01
8.123146954408513309e-01 7.244169916308904611e-01
7.340629233553230826e-01 6.891568767260709549e-01
7.014195870843915603e-01 6.209386427582690438e-01
3.599374058669905230e-01 4.235539577672208233e-01
4.529246428173614447e-01 4.764457863661287762e-01
6.495284651131144615e-01 6.565955999282587774e-01
5.202184598483912126e-01 5.765713152383682427e-01
6.547135756537301177e-01 6.855687206889762297e-01
7.935916685759635270e-01 7.489819160303502477e-01
7.426669115893765882e-01 7.696826430383526541e-01
7.958815096028333258e-01 7.700389788120223233e-01
7.103849814201420587e-01 6.961521843681218735e-01
6.377782389291126730e-01 6.525375318410477909e-01
6.515461004685854096e-01 6.134193146132471686e-01
5.557087199964541036e-01 7.087003475727369217e-01
6.336355015746256703e-01 6.165580852422131164e-01
3.975241186148187333e-01 3.726089302825779104e-01
5.963712014707830411e-01 6.868897436852846594e-01
5.867176707791174062e-01 4.278787701140308597e-01
5.569658859211670254e-01 4.517626645929342377e-01
6.662098192223320225e-01 6.744647554080784868e-01
8.010165252828260751e-01 8.280835316525676504e-01
5.182390528646242389e-01 5.022731818910654011e-01
5.922222504938500220e-01 4.686467956353163045e-01
3.884720193081745987e-01 3.246060540953770723e-01
5.898409377295193989e-01 4.689123673986386742e-01
4.448845874738911466e-01 4.465935166253003352e-01
5.443833522131810154e-01 7.202263765124700123e-01
3.876257541378420601e-01 4.153602094272871303e-01
5.257512817589845566e-01 5.438999949537325351e-01
5.667224593200661520e-01 6.748633387000699813e-01
4.195484485766660110e-01 3.841371348340177350e-01
5.333900169519349976e-01 4.693583046466074382e-01
8.268645715654914241e-01 8.888512295469086499e-01
5.096650891978481424e-01 5.176968580557178568e-01
5.053545764381363048e-01 4.516639519979175343e-01
6.057952770424156475e-01 6.139547599163025504e-01
4.660695528163913970e-01 3.750049850344435720e-01
4.950321395153126081e-01 5.585562103100779607e-01
8.042629098493012663e-01 7.020949207942757120e-01
4.637341024036206183e-01 4.546705126622342941e-01
7.821686284176533333e-01 7.949198808141023642e-01
6.130623360143219180e-01 6.875968382723152139e-01
4.399987290758409220e-01 4.695516368686033504e-01
6.762711485279625512e-01 6.017572866018358058e-01
5.921582630661187396e-01 5.828186689665836306e-01
4.597177228738105748e-01 4.545200374835634549e-01
5.556623740506982934e-01 5.014017526017495729e-01
6.573195950632121365e-01 6.508322319638079057e-01
3.633793174867034348e-01 3.789638827968725976e-01
5.724891476293183512e-01 6.602671974229210594e-01
6.169094845292175666e-01 5.910959618852889008e-01
5.161006205242911760e-01 4.675968019874456316e-01
5.953047601912896392e-01 5.417308955070555543e-01
6.495535054142088649e-01 6.322675485006289398e-01
5.945808917114199232e-01 6.050405774441274254e-01
5.845282570497010166e-01 6.663629980373575457e-01
6.496892476834614794e-01 7.181353701077888285e-01
2.925442165098341429e-01 4.267601727148667146e-01
5.250217938998278377e-01 5.108131495246124310e-01
5.764820879821096478e-01 4.326876177632853482e-01
7.186274929189476746e-01 6.762752876798104884e-01
5.378551854285875677e-01 4.672828263602051835e-01
3.301128523386190894e-01 3.623588597618154772e-01
8.309379266634534522e-01 8.092996850629651240e-01
8.162557142173290092e-01 8.631695226544393584e-01
5.954912375806017399e-01 5.754779748398070049e-01
6.555141984835541891e-01 6.790796805005976378e-01
6.496260604514370041e-01 6.758207182851487804e-01
8.136929290861893982e-01 7.448867887343650906e-01
5.626977962836781089e-01 6.638187449132910700e-01
8.216781866834159676e-01 8.408431888158962586e-01
7.942871789229477564e-01 7.968616480896009158e-01
7.521733763721963895e-01 7.149619931411300700e-01
6.113201843808792058e-01 6.579338199642540408e-01
4.942929391978805320e-01 4.516521194323412924e-01
5.631531958703199781e-01 4.440216655476613705e-01
6.869623973273893958e-01 6.686407393183447789e-01
6.161523519377355429e-01 5.032483642145418878e-01
4.097294619453178410e-01 5.255966085402704602e-01
7.236383541850494039e-01 7.441646146837938014e-01
5.181158496857010132e-01 4.741116420617871863e-01
7.126523950176998357e-01 7.894097395770537373e-01
7.064875339985257074e-01 6.971584788457296789e-01
6.349127893129512534e-01 6.324829987688705968e-01
7.756435591298094234e-01 7.770289509573278242e-01
7.511124064499988817e-01 6.762633982891818052e-01
5.686727364052580613e-01 5.316631221550350839e-01
6.274822653071414624e-01 6.250393035758001758e-01
4.241069251568734266e-01 3.780599946119608257e-01
5.580534958281970770e-01 6.859125971769035601e-01
6.588517998149100441e-01 7.132647155666916872e-01
5.676123244010634616e-01 6.315074828874686075e-01
6.931816453084256313e-01 5.904699868180036670e-01
6.827453281382236394e-01 6.491992074247552313e-01
6.670459745199441848e-01 6.832982388459980516e-01
8.437737445545285819e-01 8.998232552359559655e-01
8.028539307845170558e-01 8.138521416247666007e-01
7.255293466917785983e-01 6.833206322437314073e-01
4.703012858277763608e-01 3.344258273232721401e-01
5.627068981363563260e-01 5.833462917976957041e-01
5.078534075801894865e-01 5.867329340694809048e-01
7.159029210044748348e-01 6.713480551373768312e-01
4.306829893924468688e-01 4.656984627080951178e-01
4.930687904839088365e-01 4.209096112644459264e-01
5.214372980821329051e-01 5.879938337544508009e-01
6.780011330586738216e-01 6.451911909714035387e-01
4.157423856158617426e-01 4.846424975004557378e-01
1.020030271288101531e+00 9.698087523135547894e-01
3.593806397201958491e-01 4.180722527056957016e-01
6.038718673192180475e-01 7.502685466908329825e-01
5.027985775538659219e-01 7.024547470655069237e-01
6.154584589742964074e-01 6.741724065661209853e-01
6.118414434393911749e-01 6.271291057743936248e-01
6.564528311055387588e-01 6.706878664399159584e-01
4.991674527184011279e-01 5.241729652616096136e-01
7.416135681375902733e-01 7.628045092001759508e-01
5.899207829006191117e-01 5.079650686303794904e-01
6.148603652150824717e-01 6.913656054048972210e-01
6.865108279863246787e-01 7.252833763634199959e-01
7.208509469117632129e-01 6.412539303001565383e-01
6.693830501260904509e-01 6.399701420134020768e-01
6.272743039149185629e-01 5.923443710135395390e-01
6.312191301914780173e-01 6.059390739694885397e-01
7.511587179112203527e-01 7.596746485475748267e-01
4.861503973905892395e-01 4.946855733605805550e-01
5.620033336944227909e-01 4.540718996056247736e-01
7.082989886714360361e-01 6.721706469122300520e-01
6.179883875013502115e-01 6.183243708615598910e-01
3.931020628855995125e-01 4.905120503189823178e-01
4.018331179952114862e-01 4.594614742227663973e-01
6.710381542565834190e-01 6.967545761232304402e-01
6.066638413691587406e-01 7.515470876647487586e-01
6.607371131134971431e-01 5.219372317921016080e-01
5.238492334970367148e-01 4.770434463129308300e-01
6.678620764191058878e-01 6.829630730851017351e-01
6.647152138378136232e-01 7.514544164953389505e-01
4.343204303830823232e-01 4.178825042464103801e-01
5.744120658629975340e-01 5.621084040942599946e-01
6.278689462550286482e-01 6.115665298974248820e-01
6.643566211437411662e-01 5.797366180667954394e-01
8.164917675787689566e-01 7.142792445165700999e-01
6.585320358745652136e-01 7.243283396310957745e-01
8.922170069832022765e-01 8.843597654834014499e-01
5.307012887876247920e-01 4.496838146122458801e-01
4.095000958541558655e-01 5.345245176394473052e-01
6.507359332212698799e-01 6.510108760996311528e-01
7.253761940378788964e-01 6.922742258251952663e-01
4.920320838738498348e-01 6.840752127669402771e-01
6.399050019208935014e-01 6.016341124744847280e-01
4.015637894883743453e-01 4.465873512088884834e-01
6.156674154442400848e-01 6.842535416387558467e-01
5.670818471892036250e-01 5.255680546379779550e-01
4.825532302069242552e-01 4.495104303277389080e-01
6.753644316846334483e-01 6.591884813233681584e-01
4.778276680854660063e-01 5.344516209153941100e-01
7.185964755353092537e-01 6.383764982909839736e-01
3.558649135238414196e-01 4.496520528287067942e-01
5.723721815742591756e-01 6.368162934441267131e-01
5.266575851895501925e-01 4.966538699598539996e-01
8.739920382061446835e-01 8.736112843722346755e-01
8.290903565974389045e-01 9.171021354641811785e-01
3.051933949877979613e-01 4.534395066726963908e-01
8.275229286946406138e-01 7.763754436906407097e-01
4.148461813205816529e-01 3.606123710280644823e-01
6.080228164334225971e-01 6.586790551524742687e-01
5.210933647395828983e-01 4.432918732004130780e-01
6.998264342437300334e-01 7.063893252078475848e-01
8.659960875496913735e-01 9.001514513066507517e-01
7.052538650628017436e-01 6.299224060013148829e-01
7.623365649000919397e-01 7.372185073231565244e-01
3.880455866836882706e-01 4.896946126527523813e-01
9.710291656167320262e-01 8.696669317975631586e-01
5.622269412774097974e-01 6.113397358966071726e-01
6.488271847299122985e-01 6.862432690758095699e-01
5.838016850424757598e-01 5.866873708347458694e-01
3.952658862022965236e-01 3.506688470684707903e-01
4.528855521128660189e-01 5.790105414022772568e-01
7.056123316749181029e-01 7.041529723607573565e-01
7.641638435497896120e-01 6.947280266351966160e-01
8.483360033257683064e-01 8.781174729754612773e-01
7.572113984809445419e-01 6.516302420285573493e-01
5.514494071735316361e-01 5.483449681453449465e-01
4.163443520507600915e-01 4.911251757385157179e-01
7.663173894454431423e-01 6.176491056016688574e-01
3.379320683550223192e-01 3.509861214676391894e-01
2.071987970738672635e-01 2.591545074801487880e-01
5.115767512941006290e-01 4.404647029508073630e-01
6.257198856866159620e-01 7.100753191218609484e-01
4.904560313730824683e-01 4.861642680316609066e-01
3.280286764085533768e-01 3.332723177808963877e-01
3.523309232727117601e-01 4.118873616039563368e-01
2.472602194220339111e-01 3.498572145717678827e-01
5.112314015102368270e-01 5.306520919488635357e-01
5.559139842323755909e-01 5.761141284821823527e-01
6.499151574346787585e-01 6.280383595799775565e-01
5.721248151257332104e-01 5.578406568521634412e-01
5.574021487452189838e-01 6.142624776007266085e-01
6.551154387298692150e-01 6.987666652941371126e-01
6.989517631003412390e-01 7.941484651575163589e-01
6.825462729696010200e-01 6.732911055582615489e-01
4.794313502187973475e-01 5.075245992038621701e-01
6.018955806230003036e-01 6.318525766494939022e-01
7.513078692359335120e-01 7.467263762807340166e-01
9.511132691913161130e-01 8.995833853650495593e-01
5.414021209358913511e-01 5.333681711992667163e-01
5.400812939685850633e-01 5.792872160185826846e-01
5.551785904766145530e-01 5.522571570800497431e-01
3.413194317152222212e-01 3.659700852292500639e-01
5.505991790448521161e-01 6.271904582653728966e-01
3.849391453370878402e-01 5.182472957803690994e-01
6.120013067914438221e-01 6.322161880010468415e-01
1.031649182717763624e+00 1.016786200272423946e+00
6.073146295698225172e-01 5.741623917467589822e-01
6.050544724292838961e-01 6.064098075785950837e-01
6.113292190594199482e-01 5.410739971526612457e-01
6.414175819198012496e-01 5.948634242415652418e-01
4.107970160898616885e-01 5.117232025440289211e-01
9.901842435656574848e-01 8.533316125126001461e-01
2.874045922853992185e-01 3.420905793393340111e-01
4.587136166221524869e-01 5.194409096029460882e-01
7.116118895763929864e-01 6.535844559849957047e-01
5.228872359002734171e-01 6.820564924270695606e-01
3.307623159197446983e-01 3.315068374847177646e-01
6.856447706382778895e-01 6.512564193504647436e-01
7.690432719694246799e-01 8.237715642540910377e-01
7.559070376223273602e-01 7.098380517302365078e-01
5.433253006421653319e-01 5.783171679176685176e-01
4.974510970020301626e-01 5.748033929613499682e-01
3.496084267533623446e-01 2.831376888529278935e-01
5.084317105595399511e-01 5.948804354819685614e-01
6.868067776907718081e-01 6.229018217088468923e-01
5.910838874201311821e-01 6.885473309272438502e-01
5.476097992834995098e-01 5.372013400955099049e-01
4.772268601138316968e-01 6.193611590763914432e-01
5.299775142990000854e-01 4.647710368263315295e-01
7.400955807251322627e-01 6.873805796424899972e-01
5.197860149275687069e-01 4.354968734804677277e-01
6.413567993154642988e-01 6.361258839395573794e-01
5.040409306565420966e-01 6.179999811299790036e-01
6.038803756950333890e-01 5.969325442533123249e-01
3.243266380607745525e-01 3.830914107764779031e-01
6.125438270208707348e-01 6.825817259180202434e-01
4.546735994373230505e-01 6.015385235905101879e-01
7.525095927258628192e-01 7.516225266964301488e-01
7.056201641392455537e-01 6.732608849577094157e-01
5.056792782615395776e-01 5.875325755633900027e-01
4.354159072171283063e-01 3.789025882759834429e-01
4.293688930297470119e-01 4.392288297410175124e-01
6.804153107083998897e-01 5.499263260931728237e-01
6.539289298822154040e-01 7.752319578921548215e-01
5.540151231803929210e-01 4.734588193654549193e-01
3.085870928169122118e-01 3.059634655752802024e-01
5.882085650336045246e-01 6.476723353952830164e-01
5.982395537507473326e-01 5.198055119350150077e-01
5.795710648113628904e-01 6.366244889047397715e-01
1.763311029023900411e-01 1.933740047568152376e-01
6.658233164870083209e-01 7.264101375305561659e-01
7.584955944683945406e-01 8.684594346197723747e-01
6.807391235111681649e-01 5.624946528057777062e-01
6.842999095102667573e-01 6.930212788126196566e-01
8.526134011950985414e-01 9.035759842989943280e-01
7.587942317473798104e-01 6.580965469295158021e-01
4.640388393120325472e-01 5.684566522049447901e-01
4.844665532204405212e-01 4.764871637624753520e-01
3.350787466298171813e-01 3.263312475444252181e-01
7.646357401945319543e-01 7.939571264956361007e-01
5.182749925298764104e-01 3.850669184790421751e-01
7.186907333433384393e-01 6.735498803024709824e-01
5.469905826597626364e-01 5.496750707984275897e-01
4.602521897772705040e-01 4.590926733724619013e-01
8.583501254354862775e-01 9.895947038811246932e-01
6.978106592950806819e-01 5.601978125683114706e-01
6.434342353049389285e-01 7.008627041046435746e-01
4.430901326389990458e-01 3.908247163198267926e-01
6.789126746761754427e-01 5.638409226262238727e-01
4.242901313301413735e-01 3.895846364266819517e-01
8.393452866210480146e-01 7.713053446969946325e-01
6.011434353385227691e-01 5.646973901277965169e-01
4.689692271294680359e-01 5.682760185885840087e-01
5.255698011368888922e-01 6.081396871040315455e-01
7.310896845654788478e-01 7.967199765921024746e-01
6.031594387117089617e-01 7.204262604804418935e-01
4.341927580580540180e-01 4.585302608414278946e-01
7.137431239331694099e-01 6.068910521402771652e-01
5.850398841384445436e-01 5.583438724021907440e-01
7.177747949976543973e-01 7.821494535004241966e-01
5.624591594325712984e-01 5.314104927470965078e-01
8.556905849300674438e-01 7.915686695682236929e-01
8.631450781443782416e-01 9.031812492667369296e-01
8.001194505686928249e-01 7.160264733986843044e-01
8.369769328616786241e-01 7.952845945046681519e-01
5.964275171886628257e-01 6.962054382928344332e-01
5.095638593445801501e-01 5.231634203623494184e-01
7.193555939726692383e-01 5.699828237299555678e-01
5.438857918456274643e-01 5.007698550035617480e-01
7.311215193910004517e-01 7.105999865338449295e-01
6.311907031017700564e-01 7.028689276558104382e-01
8.106072771902286256e-01 7.066862612050153203e-01
5.770383647839588681e-01 4.730938671770813508e-01
6.364270448372538747e-01 6.599770842105919799e-01
3.904473046201723530e-01 4.004680753088574741e-01
5.093146811323256973e-01 6.778066827913138415e-01
7.227246358370127410e-01 7.892775759351167153e-01
7.104475207801069780e-01 7.285962192064100451e-01
4.341492825907934949e-01 5.344523958353782911e-01
3.941712386632591492e-01 4.609821822910553091e-01
5.439841000543728100e-01 4.660547948214853187e-01
5.537295376549173920e-01 5.611246029296304005e-01
6.199842380212858828e-01 6.659454920232925623e-01
5.481421748862809196e-01 6.349753454723627843e-01
8.208742360241936264e-01 7.426001444050016609e-01
4.580896165906020445e-01 4.814189600424619297e-01
7.369931669355439530e-01 7.122765488019772162e-01
3.994532288598944270e-01 4.335312670682092140e-01
6.312858522958315621e-01 6.026224917131015602e-01
5.549842009955338051e-01 6.227270707615794043e-01
5.793498482565431207e-01 5.698190658700588163e-01
6.658758118299651363e-01 6.731486510012084645e-01
5.524026149553283860e-01 6.352379754574571935e-01
4.842008489792590797e-01 4.854417837602962305e-01
8.344240821467289182e-01 7.970877118919780235e-01
6.258916890093244589e-01 6.704027825982956657e-01
9.012254588627921503e-01 7.560675634546869528e-01
6.016837757984244694e-01 5.351184264056468853e-01
6.997259415200787203e-01 7.234257977664582118e-01
6.056614059859648513e-01 5.401028807615515515e-01
4.527142241988087457e-01 3.787731539134946979e-01
7.060709674462884999e-01 6.980983457782131696e-01
5.637413038664901288e-01 6.478935046162962452e-01
7.723819465495114223e-01 8.026999769782063865e-01
6.214501952769424520e-01 5.668404301939524714e-01
7.229459459646551123e-01 7.748632914235683566e-01
5.590631798161751487e-01 7.244772676530100153e-01
7.203734159491521627e-01 8.312563158534138630e-01
3.883754999969128985e-01 4.574725985467441580e-01
6.454429403655592701e-01 6.180122708766551121e-01
4.671864746023881021e-01 3.909200018132938381e-01
9.864885685019676442e-01 1.012643255899234873e+00
7.775684331206076383e-01 7.041275522799117503e-01
7.118699335323865895e-01 7.151538997788509100e-01
7.150715591859836406e-01 6.801941398990335452e-01
5.023787733359882379e-01 5.164392711425799254e-01
5.341431177750034509e-01 5.531341560522563539e-01
6.156915584004086783e-01 6.891500773337083663e-01
7.471928246773222870e-01 7.009403843112531618e-01
1.007579887076545111e+00 1.028210093193484775e+00
7.845177724132798014e-01 7.295683932484752221e-01
6.130953909682350655e-01 6.022075800453288164e-01
7.815012215319691036e-01 7.057818598430317669e-01
3.318666886332530819e-01 4.906569404446888827e-01
7.360991328265178435e-01 6.605988221425160845e-01
7.199027384781099270e-01 6.865623179160925682e-01
7.175312110698380819e-01 7.151739103882840398e-01
1.000094257257511998e+00 1.051946957238375280e+00
6.880329827305122770e-01 7.722127365862028192e-01
7.270075245294284061e-01 6.243512837855674791e-01
4.256833663620057662e-01 3.875853283005931127e-01
8.001321991703453929e-01 8.498862261813295849e-01
6.147690449404985547e-01 6.765847487254506021e-01
4.898370676438301707e-01 4.825643727107273850e-01
7.072252080256454798e-01 7.039545550327740431e-01
7.576106482116393703e-01 6.946703976892667498e-01
6.291440286634492063e-01 6.025801791386650175e-01
7.634792979885377529e-01 7.644740816040972442e-01
5.231619461858558751e-01 4.778448334978642742e-01
7.041127290872807309e-01 7.184234915551185319e-01
7.490567928483262694e-01 6.872319553581542895e-01
7.132700850253625990e-01 6.329508072589364875e-01
4.736372850054254569e-01 5.108723300228823483e-01
4.158982659510602753e-01 5.274220061793754022e-01
7.399616823728505377e-01 7.814277046036310903e-01
8.266346278133576142e-01 8.401407217766641011e-01
4.970146274844199352e-01 4.971585006228472770e-01
5.392810966734891132e-01 6.009567790673451260e-01
6.192533717918905500e-01 6.410386619039268874e-01
7.856449680452807227e-01 8.110476633120272671e-01
6.497713734302464905e-01 5.660221141863245320e-01
4.002177464847336830e-01 4.388691081795657589e-01
5.811858636589396498e-01 5.283672004034986047e-01
7.449368528620449181e-01 8.017803115261187274e-01
5.953661504917158176e-01 5.483262829399491167e-01
6.215704312256637998e-01 6.973352516738564599e-01
4.870898444208570655e-01 3.664493666920022874e-01
6.006529466530525774e-01 6.169643152722998902e-01
4.627059733954145271e-01 4.862511276869154742e-01
6.019496538927405771e-01 6.384461286517945089e-01
3.384069283557585295e-01 2.931055745960420844e-01
5.964202370736088055e-01 6.166799179819534293e-01
4.483815764198942899e-01 4.962812456248003601e-01
5.987154125444197339e-01 6.380818684464061308e-01
4.909668710116033008e-01 6.504358481333203379e-01
1.772764231624261166e-01 2.472803976580873753e-01
5.673938992196334574e-01 6.153361947732209902e-01
7.398105519636515304e-01 7.791970729355091052e-01
6.986589773584848118e-01 6.887131847490945979e-01
5.694861053641526727e-01 4.712343327998207432e-01
5.839462820105963958e-01 5.237116060166658871e-01
4.116317306555459243e-01 4.802101045378059929e-01
4.694982055338391413e-01 4.940348336050938149e-01
4.572297130805750287e-01 3.774930042787043583e-01
5.610652056062911397e-01 5.675573497754949903e-01
5.719592526202168514e-01 5.389030400261065612e-01
6.833999642469288371e-01 7.983267725921963098e-01
6.454518490460148250e-01 4.672015498907570730e-01
8.051199465981442316e-01 8.053666397514573916e-01
7.388111619679071929e-01 7.999655736345654411e-01
5.979333688697187066e-01 7.536016182152057707e-01
5.413460278386368341e-01 5.603554553917655667e-01
2.597858955546001880e-01 2.794682663164365088e-01
4.617392516625610233e-01 5.206811818714764950e-01
8.813021672747810564e-01 7.618645968938589919e-01
4.536704583304684846e-01 5.668957050942093900e-01
7.027977091481512062e-01 7.510131877736727635e-01
6.004640130065201920e-01 6.898903596816505779e-01
5.689536801459567084e-01 5.959575594435346790e-01
7.192259319142212393e-01 8.189879169953632188e-01
5.103099669756719914e-01 4.746859181296138042e-01
6.556265877598412839e-01 7.508538333463148362e-01
3.698656491351191011e-01 4.540295016551937346e-01
6.002322845390966055e-01 4.643956378882619362e-01
6.894890741452038840e-01 7.273462261181188326e-01
8.116536841870801711e-01 8.526602092602285632e-01
3.725243399603678784e-01 4.384004410627932447e-01
4.576459518948378657e-01 5.743254741804592056e-01
6.410230731891684020e-01 6.958888228545343502e-01
6.671388370804591794e-01 8.351288325370753718e-01
5.327613056235934730e-01 4.856164545282145584e-01
4.665900868655904477e-01 4.106357535252288526e-01
6.676383040360245325e-01 7.677751660790128607e-01
4.324475452386347674e-01 5.953990574353104082e-01
7.647639220531061710e-01 7.794690109283490820e-01
8.528154481038249246e-01 8.818572245351584682e-01
4.409101624279092024e-01 4.912907497885771746e-01
5.195404333705024857e-01 5.285700513285709334e-01
6.316452024810934596e-01 6.285222560679595283e-01
5.251074712451148097e-01 4.623861500674408265e-01
5.483599215958917528e-01 4.280524650959142141e-01
9.413608656073840786e-01 8.682688399974743954e-01
1.019998770799465326e+00 9.424955920007974663e-01
7.672141128553350287e-01 7.396165389336489815e-01
6.912367162399651876e-01 6.390701687188645730e-01
6.607980275900050549e-01 7.001122463401349139e-01
5.988171067753707000e-01 7.271731391830627000e-01
4.185541560477490375e-01 3.403650584208305352e-01
5.989967661999706650e-01 7.492503098477700796e-01
5.290931246519443576e-01 4.383923651112303088e-01
6.606561169300707581e-01 6.345140580126990004e-01
6.062243657656140039e-01 5.189897965748336839e-01
7.479587067298585357e-01 7.229627421369011486e-01
7.014379714116294462e-01 6.637776856740684739e-01
5.785552655855142890e-01 4.640644431057950881e-01
2.879523092772311998e-01 3.312832043024495632e-01
6.605734653663010159e-01 6.485294588165787522e-01
5.263459123003934037e-01 5.155697062683212151e-01
6.460140375034034710e-01 7.093467791953568247e-01
5.974349371763857386e-01 5.960317029879546036e-01
4.886312605479490867e-01 6.560809647297695113e-01
4.571705771080770142e-01 5.445709949534517369e-01
5.337445864245619065e-01 6.519433533099540101e-01
5.610801979795085881e-01 6.153552057313269597e-01
4.559740917357626433e-01 6.013316396812646847e-01
3.840847936834786425e-01 4.125888263976896231e-01
6.730617157873887146e-01 6.043007456381458420e-01
3.779112703558668018e-01 3.769808018385738535e-01
6.742496389687533398e-01 6.304893762581380567e-01
4.068641518082977138e-01 3.241058121754087917e-01
4.788190304688267895e-01 5.264105927921952643e-01
6.494754463606793315e-01 7.736969313409687299e-01
5.268956810034980398e-01 4.350033111389188800e-01
4.849051979508187671e-01 4.432288075254784410e-01
5.724377074178600422e-01 5.944113872390034414e-01
7.067366846085717524e-01 7.042506564034568539e-01
5.289823031900797723e-01 5.507132312814844166e-01
4.781103012688200371e-01 4.140354620943943464e-01
7.002061026413034517e-01 6.224033216778867006e-01
3.961500372836732620e-01 4.441840713934436247e-01
6.516463931906505413e-01 5.209784156586753090e-01
8.091667086424849664e-01 7.355953983962530973e-01
7.150937873336347117e-01 6.489280413423805793e-01
5.732454321776467854e-01 6.016424004884690646e-01
5.474333312368077076e-01 6.030994620214217283e-01
3.109576804307394582e-01 2.929860085237536715e-01
6.850298709311617440e-01 6.373105076780882783e-01
7.271503022778844638e-01 6.997099931736505685e-01
6.635431852403249620e-01 8.290221874100988098e-01
5.995850556540021081e-01 5.505288638576577576e-01
7.555793633133982556e-01 8.243758619412024924e-01
6.151575519017785654e-01 5.774564752004284207e-01
7.756188323005489549e-01 6.093290159423537800e-01
5.843423191232339775e-01 6.222207779958022211e-01
6.403758309010827432e-01 7.364248367245200821e-01
7.071303021316724946e-01 7.103751525046156923e-01
6.309157763787495155e-01 6.952025501269404328e-01
6.138840591790484247e-01 6.497604396209255562e-01
5.311257427452436009e-01 6.153925565523949981e-01
4.334288979826025900e-01 3.031785619125214049e-01
5.271758160392538972e-01 5.070382860527380409e-01
6.247449024678634055e-01 6.128298355892608518e-01
2.570083373204473665e-01 3.543833950697045099e-01
8.549259453124584685e-01 9.367384850654993933e-01
5.215143252323141132e-01 4.617846462760030191e-01
8.433971330775251740e-01 1.010768104146793300e+00
7.173053642555203835e-01 5.974131258214868678e-01
6.740471995613136480e-01 6.108615115562555653e-01
5.631801967350429372e-01 4.697613637744646464e-01
5.450748674019035844e-01 5.615181214725190051e-01
5.770179813302040994e-01 7.335665510541211631e-01
3.968258718599904644e-01 4.985178703903062059e-01
5.747198708085098362e-01 4.799119435454154425e-01
3.348230880052082137e-01 4.224672320722009378e-01
4.046218132397199629e-01 3.921567730424140863e-01
3.676763003908372629e-01 3.467487427855335258e-01
5.553331328334104589e-01 5.368854835495305844e-01
6.050736186085449164e-01 5.614711365571102286e-01
5.389347105679304084e-01 5.353860970303464528e-01
8.922937413746050428e-01 9.366067380895690686e-01
5.496060921427530221e-01 4.903510873688589622e-01
7.386998599232599272e-01 6.312576256161415156e-01
4.903863796760254412e-01 5.058507957986064785e-01
3.671450598311005731e-01 5.004942423284701736e-01
6.537592997876081613e-01 6.170765540262682647e-01
6.085856308285194638e-01 5.296926737877983848e-01
6.014049284308066179e-01 6.171847819105503730e-01
5.501643979093059356e-01 4.920881118890301775e-01
5.263275953010986274e-01 5.182684582402674600e-01
5.188148937048385756e-01 5.764199710924592379e-01
7.562455052346470641e-01 6.878135176247148763e-01
5.586390483791626727e-01 6.510033201333856878e-01
4.188413091199579830e-01 3.998707502529426083e-01
6.413303387099466013e-01 6.945505539771007486e-01
5.284276332530855047e-01 5.253625924053060281e-01
7.005808706510240347e-01 6.523089365455262412e-01
6.522589355444562420e-01 6.338474549643723366e-01
7.575517728375126270e-01 7.800670312630227921e-01
4.063218448772876745e-01 5.062099222672888921e-01
3.793115928240236023e-01 4.147024743033220773e-01
7.009695850620139002e-01 6.532196401322107882e-01
5.833739972493211523e-01 5.078135282529631089e-01
6.143886131612633639e-01 6.741623831871320638e-01
3.005649218908823528e-01 4.128393641543341985e-01
6.835535469262257191e-01 6.968232367655753379e-01
6.464189423354007591e-01 7.440333775205612010e-01
5.944639258516064562e-01 5.265506154014232276e-01
6.446467441721972502e-01 6.908758607034164445e-01
6.274434460494477950e-01 6.368651999837184885e-01
3.127891977057985495e-01 3.929774652946966262e-01
6.871665402873841089e-01 6.506014681172189729e-01
3.236818416821525268e-01 3.058634609453227959e-01
5.751641741053260537e-01 6.262831453420197869e-01
3.813078945746389281e-01 4.397500007142722267e-01
5.264310627071160376e-01 5.688236727959388173e-01
3.973296319337478177e-01 4.264767812637577649e-01
9.034795801908274138e-01 8.182238958825706066e-01
5.955716715044658827e-01 7.034796050799883016e-01
5.822403239336721992e-01 6.299228955744307079e-01
8.916830947174385624e-01 8.883314016732397622e-01
5.175618055933701722e-01 5.480686578454343483e-01
7.604651617257125462e-01 7.219357628295204332e-01
7.295474653406294197e-01 7.549909046177508687e-01
5.272409744591548542e-01 5.746446468435455479e-01
7.313083401435739317e-01 7.612103414899406006e-01
4.979924074702352654e-01 4.536858166846819418e-01
5.429757769519698574e-01 5.340274313507911152e-01
6.672781543298222928e-01 5.286444205530145268e-01
4.655689076106519497e-01 6.106008802272557823e-01
1.006721830689262687e+00 9.297405781663981017e-01
5.782458417425253572e-01 6.446440398835686647e-01
5.204539233181773028e-01 4.476389404308901976e-01
2.436658077276314671e-01 2.316280505942323042e-01
6.668363325117671048e-01 5.943831776911506770e-01
3.938162030075407216e-01 4.275928868509282221e-01
5.432869210943337412e-01 5.993182280479295576e-01
8.195190565202550292e-01 7.554522076034733136e-01
8.259719965913897566e-01 8.568086297213465263e-01
7.302813263973466640e-01 7.146653110383971441e-01
4.851462985060001620e-01 3.229634554461314200e-01
8.644774259619342205e-01 9.602864519937618359e-01
7.523061020098102958e-01 8.539065641367671322e-01
4.492371868689067349e-01 4.878195472143068145e-01
5.847190089254790113e-01 5.912720985868891166e-01
5.206746821424301785e-01 5.345045322524242248e-01
8.108191196044824967e-01 7.949420168989387303e-01
3.359916017045604386e-01 3.228368608110395721e-01
5.041543740705712873e-01 5.535678924379531241e-01
5.869052281392258541e-01 5.256242632024467065e-01
5.236456106670083210e-01 5.178547272701597981e-01
3.432352921817672931e-01 3.477878399914872132e-01
5.820440390243797335e-01 6.325113268257580579e-01
6.349437386934613237e-01 5.612691222150414383e-01
5.682454823899200091e-01 6.359728512429733138e-01
4.268744021482382967e-01 3.861610664080050159e-01
4.925706948326482593e-01 3.871956060838035452e-01
7.319679036360741131e-01 7.355355616533379992e-01
6.158618973403637842e-01 5.904586185581759405e-01
3.621882196909849694e-01 2.987385594829868318e-01
6.959628248729581301e-01 8.850255519566108120e-01
5.843195468643838097e-01 6.034450850706301051e-01
7.879451123762608589e-01 8.481490061238079470e-01
5.082197477035650390e-01 5.647130823757531282e-01
5.174013825665143562e-01 5.497223640940368528e-01
6.468852805869856892e-01 7.248971764764454706e-01
7.139543147155711367e-01 6.485850291657693223e-01
8.264522518464031409e-01 7.274727566708022453e-01
6.743816575959559190e-01 5.664979598492182467e-01
5.617076185868200566e-01 5.161950669760929644e-01
5.046394160495312198e-01 5.399922490712417700e-01
5.063559263786103770e-01 5.826376345323707184e-01
7.748019274019094516e-01 9.716289410521238290e-01
7.480458354228657347e-01 7.530789939652596798e-01
3.257045799080942050e-01 4.519075579148593702e-01
8.174774095315557876e-01 7.462222539969718405e-01
5.642076848487733720e-01 6.217230111400458004e-01
4.523870758183758944e-01 4.062930031123267449e-01
8.210514848022995027e-01 7.030352359898978110e-01
5.331311664158212560e-01 4.130080830353381471e-01
6.598244588229394969e-01 6.381384241604431962e-01
4.689031647600337971e-01 5.031077831456424176e-01
4.407874232554487293e-01 3.610423829044147048e-01
6.608033209940007424e-01 6.842549093483460965e-01
8.808500563714602993e-01 9.208913965199594376e-01
8.610583475547902710e-01 9.672102931703144835e-01
5.625464477167534394e-01 5.328276663243569633e-01
5.561482624166725897e-01 5.192339750839619628e-01
4.785225983372073388e-01 5.439528923638262681e-01
6.630245581471961858e-01 5.390399762459677779e-01
5.291608221219383790e-01 4.705723014161721784e-01
6.902780064743746502e-01 7.445498418913726324e-01
6.376270398122579897e-01 6.218425652015232563e-01
4.334391213506360030e-01 2.495307226275332857e-01
6.125311179719623578e-01 6.207948306773736213e-01
5.629046880851774626e-01 4.494238795347117454e-01
4.019972875948922275e-01 4.206796782351565622e-01
4.758079511422802499e-01 5.532045551685756957e-01
6.666543282932506642e-01 7.120404878329431586e-01
6.498822274568830659e-01 7.458002394364812160e-01
7.084076758128483586e-01 8.129100159584130569e-01
5.081882875331033000e-01 5.060528815324888408e-01
3.851951930819473846e-01 5.039176015562464306e-01
5.443704467214467435e-01 5.517257504947150615e-01
7.506829864235425864e-01 8.372773707252126885e-01
8.405271812581058821e-01 7.588273360511121890e-01
7.370421353772141915e-01 7.554113323524679346e-01
6.920829564962324154e-01 6.514515479696997291e-01
6.330152135858356788e-01 6.504457380006364309e-01
6.772706061581069692e-01 6.283000295908033328e-01
6.613648658784363477e-01 6.871165145079773939e-01
5.796906526407494820e-01 5.866247326121463157e-01
6.561907414733623156e-01 6.263906043755038677e-01
4.860854984186697703e-01 3.931668449493999073e-01
7.105259716308367501e-01 6.586042562165617120e-01
5.413181432709265328e-01 5.620884875125792268e-01
7.119269759148073584e-01 5.980059507307232680e-01
5.980036785587631298e-01 5.622311926869764109e-01
7.369613661107018432e-01 7.662419496591280632e-01
6.034598855290665975e-01 5.544707318391405293e-01
5.307687853348874718e-01 5.661239806997491186e-01
6.656605204072922888e-01 6.956017416131299314e-01
6.761652316402277929e-01 6.786570132658880095e-01
7.954274819425659615e-01 8.930746051181766010e-01
5.372691048859481455e-01 4.314501798073169803e-01
7.164182900389070019e-01 6.514049285050257376e-01
5.958940178525483633e-01 5.996747434107400077e-01
8.813375923496259423e-01 1.029979313145430897e+00
5.954254573602499878e-01 6.055411912782580064e-01
7.221205266466234063e-01 6.979418631143731178e-01
6.403023229281828987e-01 5.935204654489726339e-01
8.573660931834071741e-01 7.661340924833294208e-01
7.093279603902715724e-01 6.474399112641191500e-01
7.685028296844734763e-01 7.354916724253860449e-01
5.695101465646642547e-01 5.632276216141659519e-01
5.606010973319639490e-01 5.583697974024219857e-01
4.820728206951876982e-01 4.332991549688060551e-01
4.137328437348304910e-01 4.646123749833078187e-01
6.020781821547225299e-01 6.566675542308131330e-01
2.920658414521012936e-01 2.448959148555494569e-01
8.074195567073022550e-01 8.751616246903589635e-01
6.350164660848174325e-01 6.543480280918188008e-01
6.721897934303343591e-01 6.997242609545771819e-01
5.481150771038186820e-01 4.772454018157593625e-01
7.133329273921523717e-01 6.326470554436939286e-01
6.041843957338504101e-01 5.285184528069963861e-01
4.871728034571234933e-01 5.342676026693470304e-01
5.494026224305155193e-01 5.604320409856435870e-01
4.251990420960581885e-01 5.491785725390913031e-01
6.426625488044038770e-01 6.463610776973248706e-01
6.254407981009172390e-01 5.685131680536662513e-01
5.321525283104913129e-01 6.120150120326013354e-01
8.519965825301487605e-01 7.517258777408433179e-01
7.055157807457634878e-01 6.659856463120135128e-01
5.500973416629322266e-01 4.513761473522217571e-01
6.432531175188532790e-01 6.979142964505625768e-01
4.273216362526456868e-01 5.456435647023953894e-01
3.411364173844078640e-01 2.778996262111217974e-01
5.850503510869071722e-01 6.714455876516600696e-01
6.533685160036430961e-01 6.316914669412088124e-01
5.524357738740018897e-01 4.483084489851077992e-01
4.506589140084791278e-01 5.350683750215520229e-01
6.948048743407736483e-01 6.415195969217813987e-01
5.681682240201306744e-01 7.392337164241060687e-01
4.148064467249418796e-01 3.631607482652413066e-01
4.291169752091839040e-01 4.469137633513946550e-01
7.396104509000276384e-01 7.358974972971856765e-01
7.111398728644277023e-01 7.573096321658888685e-01
5.729646473038810806e-01 5.690289925638311042e-01
4.425430875818337495e-01 5.193800824129304328e-01
4.774397011789118239e-01 4.287481413579950495e-01
4.855775148495289351e-01 4.071073038206182160e-01
4.892820106512382194e-01 3.990140130436556909e-01
4.475829895360082800e-01 4.391251871627581682e-01
5.660204905038020984e-01 6.853793788053798020e-01
2.420208490061128148e-01 2.077497578710485460e-01
6.633020908200598642e-01 5.792427595670718299e-01
5.729014591002019596e-01 4.990082162012730027e-01
7.085627364883703150e-01 7.491795717858710235e-01
2.606642176197357941e-01 3.687964973497944721e-01
