5.294523926055778595e-01 5.021017788339279253e-01 5.434713281723200229e-01
7.516399915133914478e-01 7.228424842909253467e-01 7.369230542438253151e-01
6.177403382156514411e-01 6.163262054456469796e-01 6.518986292904436208e-01
5.984987950935997114e-01 5.380169440223595556e-01 5.605249987814240331e-01
4.243453949739509623e-01 4.539291094391952330e-01 4.145171494949451696e-01
4.628120869120520009e-01 3.728679686261159865e-01 3.789943419317854945e-01
6.631130918059079393e-01 6.538239173993478648e-01 6.515078159532463609e-01
5.549984442921794825e-01 5.688545548986420064e-01 5.536336246616240242e-01
4.265553616470078580e-01 5.008054515330335743e-01 5.068739061065502538e-01
5.757309756505656351e-01 5.402110371376932507e-01 5.184870805195024301e-01
2.130513476899578429e-01 2.706077445373780699e-01 2.664659022468154337e-01
6.406930499741368967e-01 6.705673168343222468e-01 5.659875113905495914e-01
6.481833873758655606e-01 6.670050808933332132e-01 6.380609260249848758e-01
5.755816223405854082e-01 6.199956423519091819e-01 5.410888776296134406e-01
6.736639108752987548e-01 6.419029392452073601e-01 6.582356536308864303e-01
6.340876747116623857e-01 6.264638150142943784e-01 5.737470346878941196e-01
7.495804467319784337e-01 7.469442673530335419e-01 7.491576000076523023e-01
6.009443614514216048e-01 5.959997968262399359e-01 6.255439667391502478e-01
7.647879685944677375e-01 7.668040248852379115e-01 7.681344434083089423e-01
6.035001937626899293e-01 4.843940858291650997e-01 5.147503300234895773e-01
8.107211782805883171e-01 8.173305720989919587e-01 7.925587892911627463e-01
7.754367196609991408e-01 7.015085713825324198e-01 6.596482981992687344e-01
5.655004800348824023e-01 6.010732205849852461e-01 5.540336555705613897e-01
5.973236908713908111e-01 6.583100796102644425e-01 5.814675981584784825e-01
5.194787360147116173e-01 5.391113845530108861e-01 4.915343266544606182e-01
4.839382263966550690e-01 4.607738278531510190e-01 4.735777565594170846e-01
6.547584348608738170e-01 7.248159925991086716e-01 6.548657630703815791e-01
6.180284755235555538e-01 6.127012848421279356e-01 6.446617356322055237e-01
3.572612808895077041e-01 3.887056815739138860e-01 3.976746317027781696e-01
4.483541838445769812e-01 4.272420862030213429e-01 4.307611709457619953e-01
7.761751511179290075e-01 8.147403328744182716e-01 7.758703026641560196e-01
5.003621034541018142e-01 4.497207165195941103e-01 4.693851153577030533e-01
6.127624021614422878e-01 6.594207400432494648e-01 6.909889867078193859e-01
7.946363668803078095e-01 7.191116954858532972e-01 7.963164736917913711e-01
5.494885229461716758e-01 5.746215608157658750e-01 5.399825041674397585e-01
4.348036137116381150e-01 4.910361639698604952e-01 4.757003408680100520e-01
4.857396577256086756e-01 4.463280663307039875e-01 5.635930391989290023e-01
4.981770302142943252e-01 5.079574851641783795e-01 5.048941896894444392e-01
5.650332832493791813e-01 5.944401011178174210e-01 5.528324523851563255e-01
6.756934197354302896e-01 7.921234286578539008e-01 7.112989873667413532e-01
6.565332678126827304e-01 6.868239390448341863e-01 7.067150462629060437e-01
5.211454982912691047e-01 5.734813188493680380e-01 5.812718178100231281e-01
4.574730881273654792e-01 3.959987852285981047e-01 4.906798459167489579e-01
6.996055951441052523e-01 6.852785522992429490e-01 6.551661108957060886e-01
6.404311844687418098e-01 6.406594120161017702e-01 6.286669842217316173e-01
6.465308649984988776e-01 6.905644555585757072e-01 6.726511859789178205e-01
5.644372166710966976e-01 4.522134515330701876e-01 5.098487266014616326e-01
5.207835494147217137e-01 5.024589727161969943e-01 5.004495070204736384e-01
7.509714273496320702e-01 7.699413997987613056e-01 7.917874648226160827e-01
6.115644984719236232e-01 5.874517783218170530e-01 5.502538154472040866e-01
4.714980003375833228e-01 4.654042501440557866e-01 4.376804368766235576e-01
5.772021593228215952e-01 5.967206515172779335e-01 5.672432042654764750e-01
5.187095011821700741e-01 4.564373728178531264e-01 5.189892197043548538e-01
7.424366577181348292e-01 7.390830870430505906e-01 7.347886025789744924e-01
6.684636186316216255e-01 5.986687328384588946e-01 6.773486631464399332e-01
5.911208941633124825e-01 5.602899093942782516e-01 5.748035899847342423e-01
6.014413662085450474e-01 5.899576450615539036e-01 6.140213148673853150e-01
5.997318618614454477e-01 6.028422565388308341e-01 5.700529416639507074e-01
6.393608242382536888e-01 6.471062461932942655e-01 6.251706175001815469e-01
5.702049478619892753e-01 6.416561079653474442e-01 6.116964270818503469e-01
5.747218256087773813e-01 6.522774844044594289e-01 6.190945323321725979e-01
5.486940259628760863e-01 5.201253940946896082e-01 5.250011885451935090e-01
5.768314281484713257e-01 5.573596803536284838e-01 5.474394885882120088e-01
5.662121106404790494e-01 4.763287641081422885e-01 4.740957931169216821e-01
5.936936992541455016e-01 6.600563272653817704e-01 5.991457126554868839e-01
4.593567242301459519e-01 5.279448842304020895e-01 5.373911450667807621e-01
3.202484106129480090e-01 3.621247612253814530e-01 3.782177996948041798e-01
5.623239764462586443e-01 6.246573304296189066e-01 6.689086504343829676e-01
6.052022942787244064e-01 6.457325521371646282e-01 6.494144179164268449e-01
6.833758180403919358e-01 7.403874935857064354e-01 6.710597127825410624e-01
6.646017160827307757e-01 7.203677166831079504e-01 7.235684221381422088e-01
3.842745994406916443e-01 3.661149475851655510e-01 3.999826461585699322e-01
4.585707301499912791e-01 4.347310266437128812e-01 4.570774970739938659e-01
5.453406433993902569e-01 5.430623712911487599e-01 4.515707598881125162e-01
7.832547553875744972e-01 7.562053877054457640e-01 6.982701604904876236e-01
5.662881081030615160e-01 5.221643872684570420e-01 5.102958857532874370e-01
6.188952960697168271e-01 6.445081992959387218e-01 6.767577983168452382e-01
5.649418132706613971e-01 5.710480385828091698e-01 6.229564285501192344e-01
5.785442621251374318e-01 5.297189187676208944e-01 6.048359492951400629e-01
5.247909995269200989e-01 5.267536474295069215e-01 5.339842926864654116e-01
4.841392608769304329e-01 4.699482748961871237e-01 5.170014721353695109e-01
5.735758989172589084e-01 6.326191689227583792e-01 5.629810737813912835e-01
6.260587259182410769e-01 6.805174095321596672e-01 6.937208074299550109e-01
6.360299190493452492e-01 4.791220595880095745e-01 5.467458114197100150e-01
6.663033825045152625e-01 6.508258432959778128e-01 5.979810535180283271e-01
6.057820117333359011e-01 6.363434937876339959e-01 6.131216805072303710e-01
3.585639655220000388e-01 3.488730240327887477e-01 3.727466111555348127e-01
5.810364181295237795e-01 6.032026040688054369e-01 5.977118518054969076e-01
7.847847453279255259e-01 7.603200018338917010e-01 7.743372509344600418e-01
5.963917038675706772e-01 5.854322796140041252e-01 6.023781382876308710e-01
6.540110054805242656e-01 6.601410709219047712e-01 6.613246239071096655e-01
5.617684026920531926e-01 5.774488554145645880e-01 5.968981472929001386e-01
5.917371317243332873e-01 5.673809365173022590e-01 5.579029135641360160e-01
5.823639655055491415e-01 6.117026366321930420e-01 5.518204140038724947e-01
5.916636290506454010e-01 5.588395559905710019e-01 5.968808457114804789e-01
6.605170406777124414e-01 6.669623586489200617e-01 6.495143223149588696e-01
5.083730973437134981e-01 5.684144211276112024e-01 5.524323730495290796e-01
6.039408440561456759e-01 6.092583567744641604e-01 5.605007701317934465e-01
5.157671594111935542e-01 4.779603741033426889e-01 5.245563241437837254e-01
5.018278037919740031e-01 5.384330310948395315e-01 5.174692041949429111e-01
7.658992632946445278e-01 8.191316345026495860e-01 7.504370428321114339e-01
4.374998065155745186e-01 4.060523540644394025e-01 4.494739762098409752e-01
5.211188974950909936e-01 4.027393782662650468e-01 4.151559344291790299e-01
5.871225201651818493e-01 6.686646862107539224e-01 6.670128820133869318e-01
6.892641777749717313e-01 6.654644134472625927e-01 6.786257591442965698e-01
6.462926150876427966e-01 6.587581027455519100e-01 6.210605604689529713e-01
5.963445824949995533e-01 6.087022045070576981e-01 5.985802291573452116e-01
7.054510052107083595e-01 7.227199993942180489e-01 7.185829613465920529e-01
6.897163674524678934e-01 7.130488874943311517e-01 7.185488929934396030e-01
6.217111995716732009e-01 5.969749427421598975e-01 5.634051044293003629e-01
7.145406896543642361e-01 7.371772105900628036e-01 7.474906042599841482e-01
7.083608625598554198e-01 7.201114269027439896e-01 7.185430638160497097e-01
5.268750372290996742e-01 4.344935867545330899e-01 4.713826049147115671e-01
8.488613236986612964e-01 8.825068579448798189e-01 8.360161961233962824e-01
4.942620926771311152e-01 5.210551475831277646e-01 5.230982937489917495e-01
5.011027805725798423e-01 4.726085789522043168e-01 4.431575344180816445e-01
5.110464383657669085e-01 5.584213314565762420e-01 5.090755779797377922e-01
5.861773086822650303e-01 6.010371350763010767e-01 5.293970936641712033e-01
5.805931988547967659e-01 5.400948613766346496e-01 6.285080882177794814e-01
6.473065083959490540e-01 5.597775283652748346e-01 6.426566888403314470e-01
7.559799884495141953e-01 7.025959025870960328e-01 8.194238547976212539e-01
7.433374171533261299e-01 7.712372348624938478e-01 7.451415918654161752e-01
5.468950217126673508e-01 5.744550414265217064e-01 5.872952158244120202e-01
4.887550426339413723e-01 4.875326522936773155e-01 5.215180019804919187e-01
5.983076660364300414e-01 5.901259617512328859e-01 6.288327913076152687e-01
6.514851937973752394e-01 5.435911099673130797e-01 5.838969325418595924e-01
4.430270071005009136e-01 4.753653158917682253e-01 4.511434181687476452e-01
5.695545694277878157e-01 6.409524490426985466e-01 6.252553671139643443e-01
6.347440929411546362e-01 6.069176379608275385e-01 6.625426853936283722e-01
9.458781268445388690e-01 9.251874720067242430e-01 9.007535028991100479e-01
6.076234524079175969e-01 6.168010779336843274e-01 6.023774027524342323e-01
5.694031813961952793e-01 5.221271771921962568e-01 5.797005902792883303e-01
3.889197768017503276e-01 5.010575942383211911e-01 4.787934980376269412e-01
6.588871555807742642e-01 6.621766087559869396e-01 6.541909562206730255e-01
6.272352696895872048e-01 5.939115130072261106e-01 5.373347429706726297e-01
5.272354281509211704e-01 5.903692808664312563e-01 5.308916240944624443e-01
6.220976083223587194e-01 6.363494515993265432e-01 5.760234777275177187e-01
6.522550097471112585e-01 6.602160285693035036e-01 6.481942245133842651e-01
6.372356009173030245e-01 5.835452690304060441e-01 5.969234554898712464e-01
5.745450485870243762e-01 5.943008665979294669e-01 6.328268449548604124e-01
7.642727305546356265e-01 7.308773935922433518e-01 7.713866210880510055e-01
6.848927329066641922e-01 7.132142718167918671e-01 7.144287196561245334e-01
7.680208320283504753e-01 6.797265162074370703e-01 7.273547393130102012e-01
7.318577309888648630e-01 7.369327414523551001e-01 7.426002418817219120e-01
5.408649263232758742e-01 4.757048469698647031e-01 3.561013585870660414e-01
5.353451688307639955e-01 5.441654427867909094e-01 5.231101995928829629e-01
5.919977452552950270e-01 6.607982707884060281e-01 6.936901734906381067e-01
7.536681013925312644e-01 7.715482403492229802e-01 6.947602364349653170e-01
6.056393868896652322e-01 6.541946591392809873e-01 7.430908480271979366e-01
4.644761756127509522e-01 4.061577858157842114e-01 5.396240175639754888e-01
5.189303763673344116e-01 4.615710038795613479e-01 5.968229716210183833e-01
7.438896838575346226e-01 7.773558365485386812e-01 7.938490115318719287e-01
6.063041114660833175e-01 5.976998396267023672e-01 6.059618388235753494e-01
5.956677663353548979e-01 6.189403081708340082e-01 6.553546083725262372e-01
4.388049411902748553e-01 4.266775992454312494e-01 4.849380042257427359e-01
7.476085667806466883e-01 7.786278974372082828e-01 7.831442654341236320e-01
3.964482810461025797e-01 4.440801523230040737e-01 4.354137820858702823e-01
5.815649614786152499e-01 5.496300312938124932e-01 4.901686977774956100e-01
7.041112800473809941e-01 6.872607019602379186e-01 6.943284257622249767e-01
7.059227197361799266e-01 7.048401961616550526e-01 7.159333585758294038e-01
6.886433717439321978e-01 7.144033275406879158e-01 6.664452960257816194e-01
5.526868909934881113e-01 5.210404380960458326e-01 4.820777611481230074e-01
6.624956058965196792e-01 6.384601230127709970e-01 6.894029080137331622e-01
7.078394331304923570e-01 7.340535063658691906e-01 7.225154111575301519e-01
6.443333325585235416e-01 6.616761864178123398e-01 7.022077657531415884e-01
5.173733905263804278e-01 5.065132457015354417e-01 5.453233222318567552e-01
5.578713641310434346e-01 5.340140264559987138e-01 5.180511986347460240e-01
7.365035269443890309e-01 7.642608421269770913e-01 7.742972851211022967e-01
6.644372865253245219e-01 6.289731209815636603e-01 6.575474219149718413e-01
8.668111145329303602e-01 7.895165538702640928e-01 8.732274426178960880e-01
8.515523706645540258e-01 8.998003976423015748e-01 9.068183228139280461e-01
7.247376654264292561e-01 6.934472134838260970e-01 6.493211996999664892e-01
4.244156056579573844e-01 4.697127915980970347e-01 4.635149115757147831e-01
3.236062420379010041e-01 3.545541622830398198e-01 3.550462326811377189e-01
5.115392104333903456e-01 5.478058565223108412e-01 5.450352473923717467e-01
6.780087131904520836e-01 7.190722701988829790e-01 7.455427006883242891e-01
4.637826141312971773e-01 5.015695674470480592e-01 4.150251073965987580e-01
5.418844043807203859e-01 5.543543434014592819e-01 5.829808734218169253e-01
7.269322025661991704e-01 7.181723430719682000e-01 7.054506582025036332e-01
6.440749394134881456e-01 6.287995915905609801e-01 6.727397605213253362e-01
5.384266737079169696e-01 5.167824740281400375e-01 5.076015364298701593e-01
4.984912213790790858e-01 4.518691590277874592e-01 4.839580727444005026e-01
5.104268004666167036e-01 4.623005805157146542e-01 5.002373068182867089e-01
7.698930095191480749e-01 7.239824262849712255e-01 7.517425600842544409e-01
5.793974708444687982e-01 5.719933667918216669e-01 5.072909610255782464e-01
6.779471396283830442e-01 6.226828179054260115e-01 6.305888558249400644e-01
5.548650533822157005e-01 6.378384480008090218e-01 5.469823859809447297e-01
5.841163942079269367e-01 5.518765516095938128e-01 6.462590667462925209e-01
5.751166083434600118e-01 5.154535105556002916e-01 5.596574767396318428e-01
4.147599979595975039e-01 4.474926010414109756e-01 4.276472700258328596e-01
6.926894982177413951e-01 6.815876152184757730e-01 7.360525244205239348e-01
7.793607810297691341e-01 7.513532108110304586e-01 7.789497335446551318e-01
4.685312563280871201e-01 5.536167704954090274e-01 5.215671112252717734e-01
6.398704116056571634e-01 6.983966479255895310e-01 6.783678252312720369e-01
5.398592479943530309e-01 5.484451039660089844e-01 5.340252058252982215e-01
6.580516322337298663e-01 6.328058377275007640e-01 6.123536677008872831e-01
6.016631175764324269e-01 5.481598242792772302e-01 5.436334044737937132e-01
4.761681606179467563e-01 4.515504024366790436e-01 4.571919294174351389e-01
5.028648407317048985e-01 4.771725608379318029e-01 3.892636854783749212e-01
5.585443210307943218e-01 5.958052599765605306e-01 5.506871561616119015e-01
4.924034234791263009e-01 5.588613497803863739e-01 4.948261767932679023e-01
4.453755359771492950e-01 4.549941179620832776e-01 4.436100737842942343e-01
6.621808863729337080e-01 7.308748743986563934e-01 6.606865609591421329e-01
6.483815820828566778e-01 6.452236676431462037e-01 5.758697208295502357e-01
6.205763756186686297e-01 5.991452386012695586e-01 6.413011412645257536e-01
2.972639941347727799e-01 3.694164579161132167e-01 3.448328277919237572e-01
4.879555693446801512e-01 5.194255946469381602e-01 5.499649292673632894e-01
3.972783866011365128e-01 4.167111236620097414e-01 4.067974526302590155e-01
6.705805300308207428e-01 6.700305614646623331e-01 6.553176674173994964e-01
5.739935093377904751e-01 5.084097766412066788e-01 5.283949580504855303e-01
6.410637327602598523e-01 6.512464077268554918e-01 6.272619605952771682e-01
5.766437252891991605e-01 5.937388071483231666e-01 6.017115591779192973e-01
3.632415740958561123e-01 3.900093421943185423e-01 4.072861078076324692e-01
6.116905363415391372e-01 6.094843425071164722e-01 6.193317794338728532e-01
4.826400243519977096e-01 4.386393041923630221e-01 4.219529066000790585e-01
7.331217913823447896e-01 7.594257843455377577e-01 7.082209497664651021e-01
4.448613830411130565e-01 3.291527827773201853e-01 3.683881634215859791e-01
7.493567620019045972e-01 7.021566508402081741e-01 6.735509135320016938e-01
7.038101753389924831e-01 7.052094274208087210e-01 7.334430398133783280e-01
7.518165799791870496e-01 7.524771724366793313e-01 8.011328511848937461e-01
6.975243645946591631e-01 7.213393511239135636e-01 6.730978210199288769e-01
5.407114664930705583e-01 5.581180344076739352e-01 5.835626767931744174e-01
6.752068449979060638e-01 6.553711412542088111e-01 6.901268866126704093e-01
3.676693575166528061e-01 3.363535982861972640e-01 4.060544361776872724e-01
4.331240170726268213e-01 3.904732127880225501e-01 4.772119513515619138e-01
3.992692827075964290e-01 3.681585350832173309e-01 3.976585179172691387e-01
5.591583308753945714e-01 5.913947708251515722e-01 6.119990977861602399e-01
6.072364186774855677e-01 6.093400601704428432e-01 6.294920324855962646e-01
6.674000581871729620e-01 7.287967672783304263e-01 6.849221347848784003e-01
7.768458811525872365e-01 8.013527003653665437e-01 7.630580268752734652e-01
6.727174739752751487e-01 7.773222178681743477e-01 6.849696722627255374e-01
7.529575729848602128e-01 6.717895087160996592e-01 7.152793138988352561e-01
7.696017177807090714e-01 6.930720313589439074e-01 6.513604984019588651e-01
6.961304750141152908e-01 6.394796031235800982e-01 6.381452445009466734e-01
4.966230595225786248e-01 4.993754600419578193e-01 4.472844062905856899e-01
9.065773648447994493e-01 9.567970235051309613e-01 9.805603405495791902e-01
5.554126739995873807e-01 6.060933321623993564e-01 5.441840364213699210e-01
7.695221598639717664e-01 7.542863608249901208e-01 6.972116478231941139e-01
6.665605847508097037e-01 6.349760831941981820e-01 6.324994592740401655e-01
6.613333466666687643e-01 6.555712878133249655e-01 6.293279662100911276e-01
6.549211541222940136e-01 6.162946634127264289e-01 6.587504444473618603e-01
7.248897170031401993e-01 6.825297926475604182e-01 6.432407495721381707e-01
5.768248220728707798e-01 5.319082681638319654e-01 5.007126616020738386e-01
5.746917978836897367e-01 6.050870842026437879e-01 6.432503184395160778e-01
5.616244341602362189e-01 5.474363489285836160e-01 5.614403308524541503e-01
8.228207239443696697e-01 8.407036339183102669e-01 7.714621757150450509e-01
6.938996631974775342e-01 7.394346207963644613e-01 6.802046100637580972e-01
6.401251772095498671e-01 6.742300194413092251e-01 6.839940681806130351e-01
6.325687210294318463e-01 6.133390090658228377e-01 6.289379027863538640e-01
6.553590456145436116e-01 5.989824629946577383e-01 5.532509094728437216e-01
6.461817697791468751e-01 6.643591381780873384e-01 7.002004666332825034e-01
6.699058454144267705e-01 7.121397219084665275e-01 7.265147260760149717e-01
4.823468611161295105e-01 5.515164588789160938e-01 5.652900366922883890e-01
6.286614184091852131e-01 6.655542182353301195e-01 6.890668004081251796e-01
6.281105550564400897e-01 6.455952245646975340e-01 6.445972499143788337e-01
6.867539541772422762e-01 7.142190589820888169e-01 7.227525905519451843e-01
6.094063187074426624e-01 6.093695681512255602e-01 5.507652857000431279e-01
4.529542359143137187e-01 5.411387404417942193e-01 4.824429865412050988e-01
7.730650335421710428e-01 8.407668282433370388e-01 8.543667785260408154e-01
6.863206074223154873e-01 6.310291885264014411e-01 7.154578847598975777e-01
7.391394215819585556e-01 6.939555885513162270e-01 6.551222545836651312e-01
7.148108887219210006e-01 7.081718788413088328e-01 6.489121355525604429e-01
6.956356017825447990e-01 6.902759374381106650e-01 7.362222998425950182e-01
5.154682667644536753e-01 5.057005803055121262e-01 5.176674033601507130e-01
7.065437002674423983e-01 6.943163358818289499e-01 7.012082625756792531e-01
6.337019184227676849e-01 6.474365608357942614e-01 5.742961522231329052e-01
7.313814782139773651e-01 6.906136104732962799e-01 6.760125665575307252e-01
5.863906434543804114e-01 6.371856968702165336e-01 5.213042076945928471e-01
5.653699382306890397e-01 5.233135394173692445e-01 4.699904184741409141e-01
6.415089132437125086e-01 6.751225137642429264e-01 6.197481688531891741e-01
6.502750479512843240e-01 6.684563133506322696e-01 6.280644699317398105e-01
3.946651458738675844e-01 3.777489723215594619e-01 3.759634654230024076e-01
4.938997813912673895e-01 5.189811384414257933e-01 5.218901243311038218e-01
5.620490432011325810e-01 5.930380575926630371e-01 6.472112295863452491e-01
7.090700990216419752e-01 7.428709359175108551e-01 6.907365435652483843e-01
6.342695236340815113e-01 6.581756745805175113e-01 6.480190446437809060e-01
4.762191443762231469e-01 4.652131665080361800e-01 4.503222955472425126e-01
5.714272561745458168e-01 5.228561444754463716e-01 5.675162683955328191e-01
7.701638599550855169e-01 7.312062596560083838e-01 7.339779277982054762e-01
7.488897594129059199e-01 7.533384549625793403e-01 7.141728964712453775e-01
5.096676749142616814e-01 5.817135701825986160e-01 5.407649412962021174e-01
5.438769500620710406e-01 5.302058952807062742e-01 5.566158631754224428e-01
6.079854290998295552e-01 5.988389155731714819e-01 5.913155554056032104e-01
7.141461723578026444e-01 7.381369956011700761e-01 6.808868522654876188e-01
5.163272331784022340e-01 5.038606190529387741e-01 5.246319596348476555e-01
6.496574096550370436e-01 6.919735949855142509e-01 6.125303756192520543e-01
4.853406650940545464e-01 4.738704703230314785e-01 4.707861218788874091e-01
7.335229259797380053e-01 6.958826841842373767e-01 6.573419444751911200e-01
6.918977300216178072e-01 6.160945294840143305e-01 6.384406383344853886e-01
6.859306602435664146e-01 6.894579005341463507e-01 6.799216575648919791e-01
6.028474867847125607e-01 5.960434779312611120e-01 6.800266231589552346e-01
5.796574854865569337e-01 5.664120367434964942e-01 5.417934685451134547e-01
5.984749237319522130e-01 6.368892739110123546e-01 6.042223477561616818e-01
5.220359295291200352e-01 5.212265604820512932e-01 5.073264256765943614e-01
4.797640630808696072e-01 4.583947362842611395e-01 5.423559630844856372e-01
6.212439264649761705e-01 7.048516554949448842e-01 6.323917584435807537e-01
4.782261755078355270e-01 5.275071070085987079e-01 5.204659433958641612e-01
5.513658476086262805e-01 5.538304095411474837e-01 5.398596414392639042e-01
4.980949066818221027e-01 5.638581757424453444e-01 5.184943428464501292e-01
6.464984388949168714e-01 6.319096900625807978e-01 5.884194509458322564e-01
6.828838514822973549e-01 6.646362591210773774e-01 6.314193172286204359e-01
6.091520784847176406e-01 6.034702499416800814e-01 5.992299771169053990e-01
8.968446438875158355e-01 8.447842362493085400e-01 8.145947582892393291e-01
5.695787539053088766e-01 6.466244251706071422e-01 5.972868737143773865e-01
6.522784209946472789e-01 6.453140224192834840e-01 6.300362468631105495e-01
7.374477737983523573e-01 7.629771893751206013e-01 7.444827677468270899e-01
6.502571037648322561e-01 6.748281308422252600e-01 5.741517010195625881e-01
3.821593861610357856e-01 4.109923505167434876e-01 3.784582668966099406e-01
5.437847313769742508e-01 6.199139162682888449e-01 5.571355808345013205e-01
6.737827642090027380e-01 6.751081795606546088e-01 6.776647208898942676e-01
5.613222421031784926e-01 5.560595840517205124e-01 4.700598076057685426e-01
6.365260287820078133e-01 6.450157446378974591e-01 6.158016056370313462e-01
4.954733112920814420e-01 4.924971091163763415e-01 4.687446163038377911e-01
6.715718528246285013e-01 6.274345007611874525e-01 7.432527384404392645e-01
5.862381754343887197e-01 5.814865750111525289e-01 6.116320631327790691e-01
5.784668149935980885e-01 5.838903898934616477e-01 4.959836802082537854e-01
7.458318881330124883e-01 6.948318870059956298e-01 7.153047250124014989e-01
5.935945357696844615e-01 6.660005837215388080e-01 6.661767752977906243e-01
6.325308423707428629e-01 5.634580889532723180e-01 5.962426814669384845e-01
5.525870250218792856e-01 5.508994147536745434e-01 5.469145428710973089e-01
5.593585961513430904e-01 5.356682057763936244e-01 4.890370559131511641e-01
5.842330512595587111e-01 5.562064436806747336e-01 5.148933808923228383e-01
5.311966332188373663e-01 6.245774800358236956e-01 5.522564399881724206e-01
7.746445150480268937e-01 7.034907677820986249e-01 7.495112395350975731e-01
5.801374659562332781e-01 5.729451403289401723e-01 5.146876900268267940e-01
4.491700185281088942e-01 5.304026881027079643e-01 5.093525297272036845e-01
7.682805712235154516e-01 6.976906164612379779e-01 7.186290949939800887e-01
7.725333177093257619e-01 7.015423411394676734e-01 7.171404711730667847e-01
8.586825212924144024e-01 8.649151224321994791e-01 8.247178416066182072e-01
6.484362385489501612e-01 6.601229622204277669e-01 5.989008700148957809e-01
5.645733821387106666e-01 5.283572371622418107e-01 5.426466367997958562e-01
6.553770823245002042e-01 6.143302937206175374e-01 5.582818356802380366e-01
4.827749012207415702e-01 4.313088317784649073e-01 5.167043683813024035e-01
6.448913253815328206e-01 6.226348738621214629e-01 5.691088574948609535e-01
4.933867574982407911e-01 5.594541786213155232e-01 6.195500815927764693e-01
6.872062825112884576e-01 6.673115915635938755e-01 6.562158717914648998e-01
6.707689595208191635e-01 6.544977096137636341e-01 6.707411634674758094e-01
4.658926038370491685e-01 3.748938781820463362e-01 4.522585656895835582e-01
4.383550507656284179e-01 3.736691563475064148e-01 3.524531012499706462e-01
5.429892622828689230e-01 4.942390929620755213e-01 5.622038186038126328e-01
7.111448217567184482e-01 6.378179875600767934e-01 6.788255887780814124e-01
6.152366410730846225e-01 5.736154381334476193e-01 5.604756034702591538e-01
7.272543331835564784e-01 7.536360315758512396e-01 7.638335800851564494e-01
4.472375967465047064e-01 4.780918937520053924e-01 4.920574962088425375e-01
5.987084965515701018e-01 6.550708590083538230e-01 6.029717814009064591e-01
5.505919870963853491e-01 5.075254899839992673e-01 4.980340092681826980e-01
7.467542409471139564e-01 8.012729462481945619e-01 7.462393259236305143e-01
3.074164887986994277e-01 3.448935801592187822e-01 3.041018867196075837e-01
6.187661265036616953e-01 5.728761655191154656e-01 5.932337154928216671e-01
4.053097319899978679e-01 3.047003087453438175e-01 3.791694560902975075e-01
5.894793792626339402e-01 5.468117920700269474e-01 5.116320033727850269e-01
6.819289163851189883e-01 6.095542093429643371e-01 6.282215426414553550e-01
4.858104947579136579e-01 4.123871588646088604e-01 4.778450932439923804e-01
6.129795889481672866e-01 6.358603179204461719e-01 6.087656343487896082e-01
6.785682610249137436e-01 7.486864615256868527e-01 7.513641124391121640e-01
5.717731933451911663e-01 5.466135228971087390e-01 5.538426894279798729e-01
4.802874494474336231e-01 5.043063366762231547e-01 4.629291792478576473e-01
4.449289072080797047e-01 4.945552553202235968e-01 5.081957891489290446e-01
4.985829498814648986e-01 5.121822950749583825e-01 5.375968551999786849e-01
7.277092307120470727e-01 7.817601961674519595e-01 7.512780199872183262e-01
6.981589220568363841e-01 6.049552693998371256e-01 6.676060152877179021e-01
6.098526876977371503e-01 6.021748301000235948e-01 5.679959289893243835e-01
3.418941436466452766e-01 3.452946196077008589e-01 3.468042359451030121e-01
4.599624780729236750e-01 5.176303600859077925e-01 5.134464271450488448e-01
4.739847681500443666e-01 4.479085847140891197e-01 4.615766612426246418e-01
5.628408526823468483e-01 5.470914081979103560e-01 5.766095159914191859e-01
6.616444917576516094e-01 6.330782743875355001e-01 5.719641193102624754e-01
7.679905696807963755e-01 7.550472391962392837e-01 7.079118123152718933e-01
6.569964585660147405e-01 6.733419835606317960e-01 6.089169502567040038e-01
4.769748983548060539e-01 4.435884185161134141e-01 4.465819392205033767e-01
7.057327490370657319e-01 6.949442916962220718e-01 7.124669371475507162e-01
7.211202355514233497e-01 7.550720859464858936e-01 7.300224110182846893e-01
6.834343959444830752e-01 6.805690189784706634e-01 6.721113339502564621e-01
6.041383110284025415e-01 6.125134346868409407e-01 6.174676964574361548e-01
5.603673899109047341e-01 5.961409335710028401e-01 6.183262239585785025e-01
3.852348105051698890e-01 4.918651119401510341e-01 3.986638122103255411e-01
3.324179507748982187e-01 3.589208327784876307e-01 3.856010066380845536e-01
4.568186362639599651e-01 5.357775222343019728e-01 5.878240406947186081e-01
5.645432753244392643e-01 5.700091452046197604e-01 5.129078572918350787e-01
6.284896890542979175e-01 6.810852335494634868e-01 7.086826724703513269e-01
7.966187717576584948e-01 8.342911387577077731e-01 7.891921546105281626e-01
6.081622456110408192e-01 6.025823902819735789e-01 5.859124404398990960e-01
4.975385637639038183e-01 4.857698185247401601e-01 4.769112486006136242e-01
8.803030251955172858e-01 8.149847311341550382e-01 8.173764414828861291e-01
7.131314347815844723e-01 6.590609437606116394e-01 6.693535588076989784e-01
6.553793003590688837e-01 6.485050497104618561e-01 6.497435814685220690e-01
6.132870261275921164e-01 6.502222854015112796e-01 6.629416108014227760e-01
6.181020270216301959e-01 5.523867133315851774e-01 6.257686603933261260e-01
5.069145302877704484e-01 4.870513705728133913e-01 4.547679962317610625e-01
5.770049942364512408e-01 6.228349761003947327e-01 6.273991516349473052e-01
6.459985332805281422e-01 6.595354108072745136e-01 6.597269511514826101e-01
5.683227075943493301e-01 5.133939082257418240e-01 5.543309833644253226e-01
6.561522372269357195e-01 7.026630680610065349e-01 7.246092482178406735e-01
5.237725621381752461e-01 5.096419167910613002e-01 4.959893969450383522e-01
6.134250535795048309e-01 6.678732577502091150e-01 7.419868872769719292e-01
8.351341405718984978e-01 9.345578402182045386e-01 8.437815301781464994e-01
6.438006212481653945e-01 6.962513600955971826e-01 6.720027122166892797e-01
4.311636355137849486e-01 4.393159781617874127e-01 4.954561710770563621e-01
5.741594866900883165e-01 5.527667594569024567e-01 5.470357313372644636e-01
6.180214494141577086e-01 5.662687765103530113e-01 6.437725559399629649e-01
7.144974801482694149e-01 7.482086369064041564e-01 7.100358461492395357e-01
5.044843414237267787e-01 5.238982888246337399e-01 5.813560843247796983e-01
3.947398212294244702e-01 3.539602797861641781e-01 4.163086675856896846e-01
5.769227480090438620e-01 5.994619910335893254e-01 5.689169441708857855e-01
5.884888158955425830e-01 5.259664855008543416e-01 5.647446607393797890e-01
6.225682366359379660e-01 6.013868592060296336e-01 6.895247905895008911e-01
5.355669875446119610e-01 5.979323571548905702e-01 5.255395767438667542e-01
4.000057464641328941e-01 3.878585421310557502e-01 3.780900945145522773e-01
5.928052247557440424e-01 5.948780075770320197e-01 5.372186514274742697e-01
6.187787221981204677e-01 6.157273409884066462e-01 6.034830382695296480e-01
5.441668704763443776e-01 6.081976948409374417e-01 6.190123134588421117e-01
4.626224077481644326e-01 5.272390694916280207e-01 4.717696686358176517e-01
2.323089866856356822e-01 3.141209170691250385e-01 2.813222503610842695e-01
5.401897085954853184e-01 5.528394852494383782e-01 5.813460727758805735e-01
5.203073010131289422e-01 4.430569872691105804e-01 4.254115010511141937e-01
9.256048775608527457e-01 9.266789903820243923e-01 8.831973532768579993e-01
7.993047384982957526e-01 8.232772485293593512e-01 8.080468925968273819e-01
6.774242216887947921e-01 6.848172733021009595e-01 6.489788121236207408e-01
4.492711986632203502e-01 4.435030010079521468e-01 4.289982628080888927e-01
4.230841407063812287e-01 3.800236314619652167e-01 4.157726117180183256e-01
3.793669150260121636e-01 3.587555090369348165e-01 3.287040630559852072e-01
7.078525735979819267e-01 6.605224907204281237e-01 6.828411382586031531e-01
5.995249629632164456e-01 6.603560246021294988e-01 6.365225543725053781e-01
4.430641009158108878e-01 4.410264197975590217e-01 4.433205745966013467e-01
4.667925678320020144e-01 5.271631652570702986e-01 4.881211708467655952e-01
4.436555467181892976e-01 5.057578032014417024e-01 5.746397410670498473e-01
7.454597951523695976e-01 8.151530358565852730e-01 7.946323301484561341e-01
5.383022422240042459e-01 5.840765494701248839e-01 5.090230316970840718e-01
6.368418386132201903e-01 5.980151212911608560e-01 6.138760592792409376e-01
4.860689380982838870e-01 5.039790048504151354e-01 5.213708851184869486e-01
6.002333713207633759e-01 5.969799570686387113e-01 6.023930456754993390e-01
7.450353500681953234e-01 7.124479036345289229e-01 6.944342979985037578e-01
6.112912820836445826e-01 6.332948839271860253e-01 5.782798634247716674e-01
7.855773914201692465e-01 8.121611194871403150e-01 7.409596343385892458e-01
6.766421856984793370e-01 6.643805805722838853e-01 6.822632027113737507e-01
3.466093528315151162e-01 3.443521041679179495e-01 3.980960923758080083e-01
5.303476280860779379e-01 5.164954809921241674e-01 4.880505126104123237e-01
6.293508398704363849e-01 6.307006020313724592e-01 6.351424888645117450e-01
5.501038910491434786e-01 5.613888502577938366e-01 6.477526139812418426e-01
6.245526098427244266e-01 6.268107611345637986e-01 6.652137725126576751e-01
7.054754858702854126e-01 6.488560934228349009e-01 6.865111068253122450e-01
6.208350931544618367e-01 6.330218666256528515e-01 6.285761331910846295e-01
4.578562209879785128e-01 4.093519261830171896e-01 4.422852332032280454e-01
5.099273093714984384e-01 5.000535833015389287e-01 4.564308636152859533e-01
5.858335275795103492e-01 5.944079383574563114e-01 6.185296960665714883e-01
6.869426991945060124e-01 6.922789445813825049e-01 6.287257416625634532e-01
5.567039525960792989e-01 5.678837106569901705e-01 5.718335091651223223e-01
7.977318422883253879e-01 7.391585799147200042e-01 7.252635466553508659e-01
6.701603776881881469e-01 7.224496178151823544e-01 6.540127322337133675e-01
6.811822092888317748e-01 5.943144132124758006e-01 7.381382956301791864e-01
4.788513115865754011e-01 3.962512657041067365e-01 4.858649719240099030e-01
6.336809951717327083e-01 6.359141821666224326e-01 6.685827913568155312e-01
6.287998816006032943e-01 6.966703031248518974e-01 6.800207337353660897e-01
5.940865389681838638e-01 5.803717487060809921e-01 6.195371114303578342e-01
5.971142943946072812e-01 5.950693254597171356e-01 5.708717825296316661e-01
7.821324258801856111e-01 7.243694111437820604e-01 8.058142129358469852e-01
8.717026896671401515e-01 8.332082102002242863e-01 8.224263765319228536e-01
5.568543933774083854e-01 5.055891371690159897e-01 5.507072726353680059e-01
5.534342988752928294e-01 5.617327535306703146e-01 5.736908449949452704e-01
6.079672368054824805e-01 5.632183811869301282e-01 5.558501726355999928e-01
4.748663897859067284e-01 5.094247725841960506e-01 5.039285272603052368e-01
4.928217785232448800e-01 4.739159013530424014e-01 4.671778813402193697e-01
7.544450203278014744e-01 8.041175231620963926e-01 8.372796075322708198e-01
6.800886413219709992e-01 6.233893932950199668e-01 6.619689233607183310e-01
5.502993065692090013e-01 6.286748740510123001e-01 6.212494443384112275e-01
4.903617606984245203e-01 4.879688121929123823e-01 4.846592302841120636e-01
4.911672764931150903e-01 4.477316261680342468e-01 4.896472209308939116e-01
4.544781064095502754e-01 4.603889597140167211e-01 5.128416319798442258e-01
6.323161653078355204e-01 6.179458943188114173e-01 6.604310963686624847e-01
5.890857433356885275e-01 5.321179157458298947e-01 5.444380422269901043e-01
5.774544647265756891e-01 6.363180649290033353e-01 6.228910354434088470e-01
5.583620028784558320e-01 6.023007614780164776e-01 6.205974894052542767e-01
4.886549276950046261e-01 4.387730506364875271e-01 4.995586951609595761e-01
6.144986574865946016e-01 5.278190751640143841e-01 5.945270594514511231e-01
8.878099464020277054e-01 8.936350790023672719e-01 9.194436831446540781e-01
3.654351500395740526e-01 3.860520047315813552e-01 3.756612545286221461e-01
6.206291843449667223e-01 6.472360564003030170e-01 6.252201064613154280e-01
8.850013351505852111e-01 8.274136216100527186e-01 8.170478578950562953e-01
7.848077956276292566e-01 7.141587349443996313e-01 7.630736154439500263e-01
5.970574718317968044e-01 6.230906980374495419e-01 6.053885928150503082e-01
7.842737171570502985e-01 7.230487422283400356e-01 7.519090554890680567e-01
8.277336688365835027e-01 8.221363003451835905e-01 8.369388592213224953e-01
6.740702681361061543e-01 6.425998765779037392e-01 6.403447966687197956e-01
5.319054157652367554e-01 5.623378138225080258e-01 6.215699185539182992e-01
5.603281645092902385e-01 5.674396644326741290e-01 5.366599021549336435e-01
7.644131423706129747e-01 7.553168731449583229e-01 6.761140506973245534e-01
7.099721272889087942e-01 6.856551148017315800e-01 7.218001893110064238e-01
7.027780487684991417e-01 6.211407772451126297e-01 6.209292844942890799e-01
6.530037960021275456e-01 6.345475515836750402e-01 6.531391984916232740e-01
5.859417899541774499e-01 7.391922293912518427e-01 6.506611617626087973e-01
6.242183614870473463e-01 6.337291486863753098e-01 6.396284002348023856e-01
6.808429602537572345e-01 7.380374016114042979e-01 6.643019909133415224e-01
6.740233811141019826e-01 6.562830848975949039e-01 6.418161690340933312e-01
6.883931798486746523e-01 6.634782441990808577e-01 7.064060711311888063e-01
5.807239817904648049e-01 6.010462451996697597e-01 6.240981836764708524e-01
7.049964198201841281e-01 7.070553960337330190e-01 7.285331468427899138e-01
6.368469937458219876e-01 6.324097842107953005e-01 6.924762346761239584e-01
4.210050581576900708e-01 4.860493669567506614e-01 3.640576195814545502e-01
4.954931663764965966e-01 5.639628774791280996e-01 4.635981490892742141e-01
6.453452875890353102e-01 6.097274038519632233e-01 6.499586755271012928e-01
4.875488978080737557e-01 4.627228788517975255e-01 5.216522480588924315e-01
5.581205638654470613e-01 6.274643520942050356e-01 5.310840867830163292e-01
7.177933613778031408e-01 7.691721612128569197e-01 7.090933277133101287e-01
6.059425059955607651e-01 5.990713446692029764e-01 5.803889836167208660e-01
4.159146788542933404e-01 4.230029728745658968e-01 3.310167735309576531e-01
3.362655557593853262e-01 3.275536389942738658e-01 3.225417225915591102e-01
6.479424030157830972e-01 6.542388311920269706e-01 6.549707846077004181e-01
8.087355043911170771e-01 7.465727878588134248e-01 8.133259292725476541e-01
6.020707809984263692e-01 6.179671189865699743e-01 5.770362326388961405e-01
6.049584170112853876e-01 5.621979732043562716e-01 5.751059491954887415e-01
6.842515255376014904e-01 6.130985291956370098e-01 6.893051248219025373e-01
5.947497313571654676e-01 5.992045128922143249e-01 6.236166208999966987e-01
5.352081880035832739e-01 5.721265151049603759e-01 5.504874254392927435e-01
5.734319488049495206e-01 6.562702806652076504e-01 6.065907805689022547e-01
6.722214387908516109e-01 6.992121746924327974e-01 7.239492743195112823e-01
5.439766889631387770e-01 4.681826573140743242e-01 4.677567384621466595e-01
4.909692160408255512e-01 5.034460855395023193e-01 4.527600623804454716e-01
7.260519737279080843e-01 6.798009816901731117e-01 7.398392030865342806e-01
6.764746595492364678e-01 6.552205672379791679e-01 5.895175974574036193e-01
4.696249907234520404e-01 5.246922921109751226e-01 4.869730562680666397e-01
6.314009507040967417e-01 6.031086924789614834e-01 5.818571572542254877e-01
5.474435579813741182e-01 5.955187383342760432e-01 5.795161254612768431e-01
7.898584220582510751e-01 8.481518872401052622e-01 8.921107764272271368e-01
8.786796906585817579e-01 8.669620273754946593e-01 7.502653125045265492e-01
6.346702071988178373e-01 6.440839033570746608e-01 6.661859744908598113e-01
5.709407804394077690e-01 5.654859272591531427e-01 5.725554406912202188e-01
6.503471719456827005e-01 6.351957371652217077e-01 7.118373627251728397e-01
5.499529661904922762e-01 5.812971047436547023e-01 5.539385382558016380e-01
7.017548572884594327e-01 6.779458169732830441e-01 7.097574513601360158e-01
5.397721089748387380e-01 4.883591216056813455e-01 4.957375319505889499e-01
4.917315699494395620e-01 5.054020411990090000e-01 5.227373315442637169e-01
6.288854520462471287e-01 5.899456936962476084e-01 5.984466308528749723e-01
7.306327950434647889e-01 6.248343697501910210e-01 6.309367908123759694e-01
5.287723302568549943e-01 5.106509499509941374e-01 5.239038935199104019e-01
7.021023988679312433e-01 6.469123862370044220e-01 6.334829627673884689e-01
4.769368751233924453e-01 4.812058708403249563e-01 5.249279549820671242e-01
6.890228713222124046e-01 7.527271430793602836e-01 7.586841848276837386e-01
3.763399998999029106e-01 3.968940249377773677e-01 3.658718573857890899e-01
4.067095781587776182e-01 4.794757875104286859e-01 4.574834246418630901e-01
7.320868177735083693e-01 7.074918947783507273e-01 8.172963021197435785e-01
4.971571493371926831e-01 5.472552816444725687e-01 5.480589123506811600e-01
5.808890501527862460e-01 5.545181861103382071e-01 5.719847093531640336e-01
4.708787390030841347e-01 5.094836051240395625e-01 5.434869714061226764e-01
5.831251042236678117e-01 7.720615980493464869e-01 6.197176492461485831e-01
5.469082268774624334e-01 5.958927064171646304e-01 6.627324734632865644e-01
6.314426890497343292e-01 6.832984899220405639e-01 6.800223151332851490e-01
6.218539980370059173e-01 6.210398729577283339e-01 6.305358485248595546e-01
5.175557916496363875e-01 5.132127177597967105e-01 4.629406112103131021e-01
4.344968169887121201e-01 4.816910698856510797e-01 5.177207398013972117e-01
5.371367453536538550e-01 5.722858190569033443e-01 5.428022529008736941e-01
5.408310545231203026e-01 6.114927581847443561e-01 5.772115012818948010e-01
6.408002923194813238e-01 6.063230905109308067e-01 6.266821831406090837e-01
7.777990669352413677e-01 8.020924691430491027e-01 7.178514054863988081e-01
4.851438010088123809e-01 5.593847261083970679e-01 4.698178246839739836e-01
4.474597546499189948e-01 4.930053587788809644e-01 3.845417591848989680e-01
9.174940197683416621e-01 8.477984673380035696e-01 8.752810887854772792e-01
6.688425260077108803e-01 7.283814512959349008e-01 7.458943928673527068e-01
7.055903141913422161e-01 7.387127690912366207e-01 7.308240939760678456e-01
5.731391783143320318e-01 5.892173935694983156e-01 5.646109577776249333e-01
5.442548312689016177e-01 5.741219440943712282e-01 5.282781648865287893e-01
6.126816563060853982e-01 6.385108374228943839e-01 6.846590001662496983e-01
5.850812872342946447e-01 5.936826600669241616e-01 6.856508931213816105e-01
7.747574074926375509e-01 7.338045993452930738e-01 6.744036229960232998e-01
5.366806306504712243e-01 5.954179528045150382e-01 5.942696074255193750e-01
6.293444500516590656e-01 6.078580973539321475e-01 5.729923101916455375e-01
5.802431312973275190e-01 5.840982820926583496e-01 6.624798682853680898e-01
6.449571041019017681e-01 6.234359799331102847e-01 6.459849160294099946e-01
5.778213575539296043e-01 5.307734753149364604e-01 5.596558753821808674e-01
3.942555862394875876e-01 4.588718261529277087e-01 4.378737223329908779e-01
6.470777442611221897e-01 6.434980578609338364e-01 6.310860133401138272e-01
7.713656929141398111e-01 8.560419783678895334e-01 8.356819919855346113e-01
5.801634318262369749e-01 6.172556533333442008e-01 6.053685850152457082e-01
8.375025854002706716e-01 8.108141156110880710e-01 7.802952234607973825e-01
7.342796690138582161e-01 7.260246143952427955e-01 7.084429137646921504e-01
7.059636957739079399e-01 7.404777875469410464e-01 7.356576782984618479e-01
5.227966427393061499e-01 5.833182028926685581e-01 5.351649239904894273e-01
6.788901990749003357e-01 6.896431950267312150e-01 6.991289731647853944e-01
4.939803699744216292e-01 4.963673500243098724e-01 4.677620472285621278e-01
8.435924521267230691e-01 7.820811576541294441e-01 8.147104060402172721e-01
3.615960447751728757e-01 3.239616304746859021e-01 3.967902162483431527e-01
5.492763347210646296e-01 5.042515749825069449e-01 4.820473686931019963e-01
7.372522366084630630e-01 7.677850563814065943e-01 7.471438046230091112e-01
7.379666255688031029e-01 7.385163653498435510e-01 7.420548714746934005e-01
5.643882403103225309e-01 6.558783026306355124e-01 5.829492102721227642e-01
5.545098391165923513e-01 4.894114792543616255e-01 5.280950821741123846e-01
7.038381475553179278e-01 6.990307569972059598e-01 7.244060933404997682e-01
4.780461407798735074e-01 4.728342580709061771e-01 4.801751926377701984e-01
5.888249250870780660e-01 5.203724201265728100e-01 5.290199910559088003e-01
7.049473152919335517e-01 7.142691816939471527e-01 6.761436982190395240e-01
4.462546277169788800e-01 4.439288212702638958e-01 4.762429136184627154e-01
6.004072766417274387e-01 5.986675190530645896e-01 5.779353201134328488e-01
6.434358984728831832e-01 6.498195833686325473e-01 5.894625894155910428e-01
5.707761471579626544e-01 5.403853061048420336e-01 5.775121052761021945e-01
6.199306234183207254e-01 6.027481643959661239e-01 5.663224958165492540e-01
5.339120249944955265e-01 4.300294226653826879e-01 4.725245561135670291e-01
6.565579625395525643e-01 6.318822242201599382e-01 5.482151530445491527e-01
6.742456789735068456e-01 6.338503139036483214e-01 5.878312611948764976e-01
7.090236652773039827e-01 6.505417648631017791e-01 7.209757001176628766e-01
6.740739867804868002e-01 7.506748338092549266e-01 7.477171491897998123e-01
6.385001655013872179e-01 6.451512298491318687e-01 5.920939359864135776e-01
6.748973495231846975e-01 6.342845802250900444e-01 5.718667331641631435e-01
6.368162065466231869e-01 6.429387360902516502e-01 6.578120674543169732e-01
5.655081881629812068e-01 5.342019709531823368e-01 6.205609983261426432e-01
7.964293245340826610e-01 7.988817105659673512e-01 7.680954936658349608e-01
7.044972372654954018e-01 7.499654882085621255e-01 7.126812704870012505e-01
7.569687290721819339e-01 7.526469851491356389e-01 7.821066462979029410e-01
6.491697165463178321e-01 6.147108879470662979e-01 5.984437205240248359e-01
4.893636570897865745e-01 4.886589210254422833e-01 4.898339760075756111e-01
4.018714871635196695e-01 4.312965355206308526e-01 3.916042848172389679e-01
7.284261880072061546e-01 7.280539601403397398e-01 6.916891420546488201e-01
6.321223507786154494e-01 6.730342778916891255e-01 6.658369142525446538e-01
6.740452853260494592e-01 6.421201763478922020e-01 6.868238950691268885e-01
6.609508728780901787e-01 6.787173465312551501e-01 7.166361901191258266e-01
4.580881152785556409e-01 3.794683856530894905e-01 3.270162132447921310e-01
3.877124524191060684e-01 4.063683216606558957e-01 3.828972084657906172e-01
5.761149027894271191e-01 6.905199552207293978e-01 6.326401619435040313e-01
8.807551250630721862e-01 8.769340547284618648e-01 8.906595864384839745e-01
5.212232543895103376e-01 4.974199540250404672e-01 4.790389094600973063e-01
6.015342321779656443e-01 5.654970558602522290e-01 5.728402715143948720e-01
3.691527438554785823e-01 4.386576569483764954e-01 3.979648467801728540e-01
7.128886933239566570e-01 7.504961758989494580e-01 7.204911227805788076e-01
6.791077954209991940e-01 6.733007038798646260e-01 6.271934928156662759e-01
6.810274461939648249e-01 6.874825747319089908e-01 6.631053161016203790e-01
6.818337794885392933e-01 6.594513329068649732e-01 7.174672894604717799e-01
6.041579031848857140e-01 5.574116767969111708e-01 5.894549793826195927e-01
4.503363776712269728e-01 4.155272885825881390e-01 4.132384779126266894e-01
6.272329419529955041e-01 6.107228243487512476e-01 6.468042705363862277e-01
5.505711711782919071e-01 5.391852274451763849e-01 5.081502059024748386e-01
5.456445206400759584e-01 5.173705861556973096e-01 5.365072883426610373e-01
6.897312249014777574e-01 6.618788806396105340e-01 6.675191515942210385e-01
6.790078763022998620e-01 6.810739355318323751e-01 6.968629200485975117e-01
5.068569846176551597e-01 4.765588654992084505e-01 4.484875217370467015e-01
8.558563070571169051e-01 7.912157172903571123e-01 8.660011771021727256e-01
4.030352536876257719e-01 4.338815566506807331e-01 3.775706981723859768e-01
7.358347148052912789e-01 7.241499492589884568e-01 6.956883358316299226e-01
6.362747864624981320e-01 6.306896824791869971e-01 6.562710254162437140e-01
5.292849717451547642e-01 5.126862970904105810e-01 5.825549948394929123e-01
7.626187605273725412e-01 7.319110605927222624e-01 7.555571289439857452e-01
4.969579171582753085e-01 4.971341758741958938e-01 4.774155679683846909e-01
4.716628830871403277e-01 5.381780281945706124e-01 5.414381075276167854e-01
5.549552006922424674e-01 5.607982308192847043e-01 6.296016371257373567e-01
4.721429038712876003e-01 4.789178018086762689e-01 4.657033152235022788e-01
6.037909971107644491e-01 6.525994625188688003e-01 6.351932520612225685e-01
3.475602442521575353e-01 3.622847342925354375e-01 3.501131763690864540e-01
5.540737430229314420e-01 6.432231371168928291e-01 6.262182179426566409e-01
7.111230450659052904e-01 7.196193746973703620e-01 6.923788177609084826e-01
6.469863352648148602e-01 6.430765245509749706e-01 6.895096763568615561e-01
5.615926419677484960e-01 5.194535064724891127e-01 5.260665410968780042e-01
4.035743702727328519e-01 4.637658602939270791e-01 4.554988565644499943e-01
5.124066751788985963e-01 5.563041846978982186e-01 5.615815296455880512e-01
6.601270654853674813e-01 6.172882895823528226e-01 6.669215374727590628e-01
7.209314284068959466e-01 7.130495560464272797e-01 7.599094469169414001e-01
6.231774868281284574e-01 6.323619849130974746e-01 6.002117934251208764e-01
7.803083104572325901e-01 8.013983735166759770e-01 7.705142922084755597e-01
6.075481554986100763e-01 6.448453430149443388e-01 6.147188244905125165e-01
4.425741169132596520e-01 4.784550009244772917e-01 4.829959558099408135e-01
5.874804360194166852e-01 6.067808977545146032e-01 6.837307268963973561e-01
6.744796745743498745e-01 6.602428478544890567e-01 6.545058714621664331e-01
5.789854666107627779e-01 6.845617953005830314e-01 6.347438556594586778e-01
5.789559941248701991e-01 5.010740524781067684e-01 6.046545018412509132e-01
5.145284167746796422e-01 4.242587089937073230e-01 4.966325183346063654e-01
8.812585352914701353e-01 8.059712429343702800e-01 8.391231328978958626e-01
6.348272247607879004e-01 6.694295269589315422e-01 6.600723087428320701e-01
4.287416457149201277e-01 4.273329681229921517e-01 3.873671628188828930e-01
5.072496067871848924e-01 4.660688828436990727e-01 5.385666347319021385e-01
4.687281798124014465e-01 4.810641403721449549e-01 5.560719549430181985e-01
7.752901754172568660e-01 7.805759030897374551e-01 7.905730661449380525e-01
7.713206663791012385e-01 8.180418810811409536e-01 6.709180549856089693e-01
6.934319112074228686e-01 6.050437608501132436e-01 6.389823129947495017e-01
7.251097208852934628e-01 7.384131315013034991e-01 6.499406531413473020e-01
6.156320645338911879e-01 5.785901732416709464e-01 6.181014087378620125e-01
2.319104083744614464e-01 2.586153957133136005e-01 2.992604795061575840e-01
4.897149591133727609e-01 5.139576029346014652e-01 4.707419240676347649e-01
4.842534924372144944e-01 4.617488345892069579e-01 4.709237056972458424e-01
6.128709864559992448e-01 6.856312727019419073e-01 5.960158936522385043e-01
5.126866155236470268e-01 5.786105047163078163e-01 4.834401679833935095e-01
6.391108833509309139e-01 6.292555644685069449e-01 6.832023404206820638e-01
7.458271633338837692e-01 7.812587821710810232e-01 7.850895219806725001e-01
4.971424994668658948e-01 4.755880894512322099e-01 5.264481103285645336e-01
6.476625903910455673e-01 6.180955401445223929e-01 6.437240896798461787e-01
7.074904135141708572e-01 7.154211282237913361e-01 7.248928574072434072e-01
6.280027830680123824e-01 5.725241341914185655e-01 5.580805818797932583e-01
4.924459456367444310e-01 5.982715785749981308e-01 5.223673427599569985e-01
5.524787243303742601e-01 5.897813678583563313e-01 5.605886451181174568e-01
5.806968187639428569e-01 5.822725172948952643e-01 5.815168738407935356e-01
4.396222278120274218e-01 4.185867773843686135e-01 4.258995690721096850e-01
5.247558953993587405e-01 5.165880566751647196e-01 5.232118393509466170e-01
5.009575768645285754e-01 5.360998785615084250e-01 5.388950541761711177e-01
5.551210168435324332e-01 5.469850494336809810e-01 4.372212162193762630e-01
5.527086669000046415e-01 5.344787161180177826e-01 5.384719887039343122e-01
3.559868714195956185e-01 3.736510354148948054e-01 3.388762293193396391e-01
6.683987319724054021e-01 7.028439290591436128e-01 6.136930489738637862e-01
4.213836190556085048e-01 4.351301657360787667e-01 4.411060656790760093e-01
8.765217669585182447e-01 8.671340589661042930e-01 8.711938537866098509e-01
6.600541025308773735e-01 6.625175746205579363e-01 5.778440267925841756e-01
4.553893193197355305e-01 4.681306423942764861e-01 4.768385613577002524e-01
5.925985900742002377e-01 5.525122831418215474e-01 6.142640913349736165e-01
6.812652533831273782e-01 6.692546160566623659e-01 7.006663026403665562e-01
5.826960876784222920e-01 5.896450011409645198e-01 7.281324525958976501e-01
5.916503903827730060e-01 5.925513553342561801e-01 5.870436487194127251e-01
4.475132149592153108e-01 4.307292518128825187e-01 4.060182345199952469e-01
5.842538538857833252e-01 5.951646003130137697e-01 6.394811423310147180e-01
5.093235386727300584e-01 4.929580004871753074e-01 5.524655360459207465e-01
9.623089302410602341e-01 9.111377217630625136e-01 9.536960355967376568e-01
7.200337885001298899e-01 7.332757358764891986e-01 6.862408396261168164e-01
5.851191267343234248e-01 5.842141908035105580e-01 5.849000375355288828e-01
5.329864945126558951e-01 5.536034506598034310e-01 5.509327363075587902e-01
5.705891673129666053e-01 4.822092707619110574e-01 5.043574251399832731e-01
6.073320205020523721e-01 5.859126679553083861e-01 6.413821516570832326e-01
7.331842948446809505e-01 8.049567177839695997e-01 7.656195478414432598e-01
4.962503895297138423e-01 6.047699502159012974e-01 5.722749711448957832e-01
6.095127192022298246e-01 6.273067421171538705e-01 6.322477911875266088e-01
6.769561717553357338e-01 6.527910353338401972e-01 6.784367938983353330e-01
8.758499784263015231e-01 8.688588926655085309e-01 7.722168745521348354e-01
7.154912735667666723e-01 6.946153310348048837e-01 7.021257546743905342e-01
6.178103126328087225e-01 6.673980870101861029e-01 5.901474655790218682e-01
4.667938087172985306e-01 5.251580449958309638e-01 4.490535662922349736e-01
5.849187215296205444e-01 4.794977330834326312e-01 5.634331287286129530e-01
6.651688308829883933e-01 6.669472560388189919e-01 6.976815549761737900e-01
6.534335334153452690e-01 5.588796425121070888e-01 6.174730773116638982e-01
5.147917949055740294e-01 5.367485154576344675e-01 5.723103781312584015e-01
6.618153898977151561e-01 7.199774749192743295e-01 6.948940022547601680e-01
5.540848355122525160e-01 5.608544045389055599e-01 6.144895005754904549e-01
7.486234281719770234e-01 6.658481440315147104e-01 6.669098522692874509e-01
5.534866110605113354e-01 4.780920137141855264e-01 4.738248671137683110e-01
5.541782746769174928e-01 5.041447329997114091e-01 5.453414419166083826e-01
5.334125410291031821e-01 4.812263929772844784e-01 4.814451434453146939e-01
7.277153669759597321e-01 6.936787015326150163e-01 7.066773400616954692e-01
7.010046002429312084e-01 7.343653777200032096e-01 7.349309084101519618e-01
7.461069303706215905e-01 7.348935557599833857e-01 6.924563670322121389e-01
5.703531309362568358e-01 6.241112143664699907e-01 5.507245038662647030e-01
4.342195145351763208e-01 5.013900778253744805e-01 4.776009486621509703e-01
6.919632984684422894e-01 5.764482196403672987e-01 6.340162991600583053e-01
6.914381725372223952e-01 6.250969442334701753e-01 7.067929486721440391e-01
5.718464546469105292e-01 5.655731100602082728e-01 5.973430579101014493e-01
7.098751218524310680e-01 7.441359557064334274e-01 7.461726340536415369e-01
7.761393653908913448e-01 7.181451203688201668e-01 7.034592614866183036e-01
7.493643249554873265e-01 7.754373932861643448e-01 6.921412845814201020e-01
5.614237922301331674e-01 5.948823407306148559e-01 5.697973949919236114e-01
5.185800044262847130e-01 4.622410010774468114e-01 5.423322413299196398e-01
4.610009033909187037e-01 5.024641772965214859e-01 4.460668090170367139e-01
8.072716140169746701e-01 7.435475841665011298e-01 7.771198482052651402e-01
7.337718721119027565e-01 8.041239627461095330e-01 8.086279026228069267e-01
8.396348279036358608e-01 8.586775346760601169e-01 7.766332290216703127e-01
7.650182336368048786e-01 7.159542156483605924e-01 6.816624687503802793e-01
4.067813815895240381e-01 4.637721540998370195e-01 4.794027386753704212e-01
3.823198955760876983e-01 4.022020341519222386e-01 4.693087689374140781e-01
4.821433518299342302e-01 5.498257645008914896e-01 5.029590667594439068e-01
4.420877099002279986e-01 5.219576003593909830e-01 6.017833971387921421e-01
6.332333434057858534e-01 5.509075817521346119e-01 5.734812049847533011e-01
6.742964559545781000e-01 7.180883188706415066e-01 7.051781744215818160e-01
5.602736879537012493e-01 4.741039115308745555e-01 5.116254121151200263e-01
6.752605598894237948e-01 6.652290192581681305e-01 6.668367836087679690e-01
6.546627884212325998e-01 7.016890182850333835e-01 6.632044688277208833e-01
7.589192485943524469e-01 7.084728932445446548e-01 7.528822531257888251e-01
6.068621237219861131e-01 5.657590351376468041e-01 5.737384708733267447e-01
4.058942566927273288e-01 3.741259102809968429e-01 3.596393235717897374e-01
5.038659646470775577e-01 4.930175953621565577e-01 5.027961400088667432e-01
6.434052794178244383e-01 6.342796647477760841e-01 6.540421865660758227e-01
6.853112033815845772e-01 6.825027936371542703e-01 7.155291459436530221e-01
6.731027583965691896e-01 5.468224088203141875e-01 6.094977654590058025e-01
5.973975678468935735e-01 5.847762550335963150e-01 5.591764738456587169e-01
5.441593067462330291e-01 5.926044844814229995e-01 6.091482957241094454e-01
5.641384461158993613e-01 5.563311369091056280e-01 5.831505914619533604e-01
6.470231407174996674e-01 7.004129133912215810e-01 6.738848787011241237e-01
7.661784043968217217e-01 7.674430827880971417e-01 7.521219840892660047e-01
6.257052717454620883e-01 6.011240866780657166e-01 5.778435965336273794e-01
5.309077265904138532e-01 4.652167350427223735e-01 4.851048107516829355e-01
5.711069644120356781e-01 6.185355479758919417e-01 5.715749625702846171e-01
7.754126385440762714e-01 7.456290125225427667e-01 7.307446082302654355e-01
6.881110950559006234e-01 6.998563666039507858e-01 6.866951854889945528e-01
3.497581848392372073e-01 2.863762172966145547e-01 3.487604497208884324e-01
4.296700387024456891e-01 4.296712979240016606e-01 4.589781656451468739e-01
8.109417049008019740e-01 8.176367733863887377e-01 8.358302418088158214e-01
6.244013762118729716e-01 6.514678926669122960e-01 7.346419714831560199e-01
6.084739235377232269e-01 6.663623881584586073e-01 6.460619295140250795e-01
5.992980629003010762e-01 6.967519093362526394e-01 6.687626421924808273e-01
6.073610895394172537e-01 5.887010685420408507e-01 5.728389268469695761e-01
4.923561576727962796e-01 3.705381930705954341e-01 5.028227242328212609e-01
6.476615311293165700e-01 6.585245641492649682e-01 6.454142281967015782e-01
5.612671597259470957e-01 5.458508665214707456e-01 5.264914677739107596e-01
6.866151637656410234e-01 6.827330110994631607e-01 6.806037929038010192e-01
6.116548689772980385e-01 5.518724178157271565e-01 6.182266162986038704e-01
5.702176062998891570e-01 6.194610286062851578e-01 6.730677216319648215e-01
6.564805715357865390e-01 6.370642516097079211e-01 6.602789764877954326e-01
5.967411727864946336e-01 6.180435874001219965e-01 5.422173707860981073e-01
2.874954048036261200e-01 3.684211794222285730e-01 4.295526291275696407e-01
5.990296591997963382e-01 5.255439228333983470e-01 5.630448612269465247e-01
6.900985411835697247e-01 7.163787374851368073e-01 6.518163697933855305e-01
5.455506035642060381e-01 5.911863013169675884e-01 5.735643887449995981e-01
7.092326497812573294e-01 7.312895771017214885e-01 6.869627587920158485e-01
5.658492358870872430e-01 5.558477676167113968e-01 5.409691733022825577e-01
6.884945687584326235e-01 6.589637049941527991e-01 6.619193681085167036e-01
6.124793100561047865e-01 5.855809486601513125e-01 4.960355684782099539e-01
5.716418449061447804e-01 6.026614685976736663e-01 5.924750960108373654e-01
4.483123162427734010e-01 4.328201177262336885e-01 4.133846875371091634e-01
6.475601627295903828e-01 6.051540709569509513e-01 5.895920524258085882e-01
6.411865350883315662e-01 6.912192252762540123e-01 6.321355766546192800e-01
6.308784908644993195e-01 7.073427540079810782e-01 7.040740197893665675e-01
6.057160035934144870e-01 6.380622596388909606e-01 6.726563375560117297e-01
5.257810987996933694e-01 5.437130819288804595e-01 5.347111656087885079e-01
5.229864674723859741e-01 5.091341596501161026e-01 4.624158394657682525e-01
5.518599095060908732e-01 5.345628654202549956e-01 5.088916090858570662e-01
6.582754679545331777e-01 7.118913077020406766e-01 7.353248830053671359e-01
6.472722704675880623e-01 6.601059636284176690e-01 6.648970596965628754e-01
5.237167680726658725e-01 5.512293928992397785e-01 5.452701583361214688e-01
6.196989008732951554e-01 6.732283708948132439e-01 6.229790942165456258e-01
7.302973783878982106e-01 7.739308958412163264e-01 7.232214518242048307e-01
7.004467073730493709e-01 6.801564644105649871e-01 6.824572565043546257e-01
5.336133652920407311e-01 5.103885205024663030e-01 5.199375764217988305e-01
6.427048322203429143e-01 7.075850418491838045e-01 6.998477027431191377e-01
7.686967231785242216e-01 7.447532538241830036e-01 7.346551456162573324e-01
6.151984281390036058e-01 6.560992641430568595e-01 6.858428823331716995e-01
5.429434856535643172e-01 5.475008393863687317e-01 5.595541450828518393e-01
6.145667187585628355e-01 5.805605810161730274e-01 5.681740880551058304e-01
8.161734850226836091e-01 8.120633873569629291e-01 8.154837518106944350e-01
6.168468350941598288e-01 5.759292297508545877e-01 6.017149371797211321e-01
5.177771181658861188e-01 5.676835629773885339e-01 5.477269127091383139e-01
2.767540480510102818e-01 3.045186703667675521e-01 3.120040770026445420e-01
5.392383436803065422e-01 5.259906087387146156e-01 5.005730048221017636e-01
5.965215896707253274e-01 5.945795226513113096e-01 5.561324399949745256e-01
3.878306665456907609e-01 3.480577749502850593e-01 3.645886712112086370e-01
7.004231756661430941e-01 6.487477879039452722e-01 6.225915814738833820e-01
5.030712359119807742e-01 4.365087120429371748e-01 4.722174421532439048e-01
9.739148333333429441e-01 9.406281118466521818e-01 1.009409822228665821e+00
8.893595458294395462e-01 8.786498825302572202e-01 9.152138748674656377e-01
3.857826341737599640e-01 4.632018585508566599e-01 4.141040279904077415e-01
6.924207104624235942e-01 7.320488598475525244e-01 6.245834051673437859e-01
5.282367224840212039e-01 4.656301252923996659e-01 5.330614565545083172e-01
5.353423845881477572e-01 4.922895734498357601e-01 5.593697989227132128e-01
4.536968234171471770e-01 4.581834112782059987e-01 4.659008205137942227e-01
5.455190490226574651e-01 5.211530065385349131e-01 5.506158181971643195e-01
6.007677696800607370e-01 6.179871433268935288e-01 5.585149156559520156e-01
6.866752187502476179e-01 5.797250949950953913e-01 6.208882481862156855e-01
5.689087212929208048e-01 5.925595064911840515e-01 5.954760637445095650e-01
5.738143615534871955e-01 6.063075550291799898e-01 6.530347451921565405e-01
8.362099453725796439e-01 7.521870259976206619e-01 8.255176293142439947e-01
6.739077474262966660e-01 7.038129497047381777e-01 6.562119785884380496e-01
5.550133786997025753e-01 6.035902362157345991e-01 6.028033427442313075e-01
6.336225190588113954e-01 6.380460618355646707e-01 6.308646395090957704e-01
4.571221596890392425e-01 4.531118660957673683e-01 4.818933565388464624e-01
6.157692620037046316e-01 6.025629997260087967e-01 6.333145175938350580e-01
6.030954972960361760e-01 5.714568142584987021e-01 5.536796874030698312e-01
6.532233830058238322e-01 7.103511201857822810e-01 7.515193792064134293e-01
6.175530354721187054e-01 6.276525587760396485e-01 6.521511515557966154e-01
5.632826386283454889e-01 5.600336584249873129e-01 5.588762415416023144e-01
5.253579383753834708e-01 4.983355306916091298e-01 5.304075358110618144e-01
5.361076638499143732e-01 5.350508380138723208e-01 4.970867263533889080e-01
6.093722515975067422e-01 6.081796227163733803e-01 5.900757045935015599e-01
7.436709195716623144e-01 6.787081508775313354e-01 6.832279192314995031e-01
5.732432772450779535e-01 5.577496345081408569e-01 6.117792965075766753e-01
5.936925998990932873e-01 6.551173316555899406e-01 6.419626441514892923e-01
3.307697415186017786e-01 3.340239790822395194e-01 2.854111561405462405e-01
5.640690506079768518e-01 5.321559145683169012e-01 5.229462382203011739e-01
7.114900928686226367e-01 7.470150499958260193e-01 7.489080752135970354e-01
4.951550002129663230e-01 5.230708283785036050e-01 5.219638834971828123e-01
9.830252218425250543e-01 9.562113249200320242e-01 9.688753487461704283e-01
5.522728768981235437e-01 4.874090234193878546e-01 5.164919360626677447e-01
4.378441597781857486e-01 4.421653284084278712e-01 4.459732582287411207e-01
3.697962454842011470e-01 4.277377883895807087e-01 4.492948159362536442e-01
5.975835929470501018e-01 6.550816557894318937e-01 6.374614224481488511e-01
6.225074185320791376e-01 6.775870662177645443e-01 6.807437880017654930e-01
7.545133541090748297e-01 7.630370863670853376e-01 7.600880062691194317e-01
6.072660840235118984e-01 5.986485307074848050e-01 5.270294700923887632e-01
6.283872171447940636e-01 7.251413482825701529e-01 7.099994573207395465e-01
7.043465168064749760e-01 7.714150801005564828e-01 6.943557044844778092e-01
7.929922673375141562e-01 6.920861162825240331e-01 7.507800009459378865e-01
5.548824667565364077e-01 6.045023630441365148e-01 6.217201071513879240e-01
7.118549629660497757e-01 6.916488081945182387e-01 7.098075651396360541e-01
5.717623607298842892e-01 6.431170182154116732e-01 5.912199250581274823e-01
6.038054392738857468e-01 5.252576511093326461e-01 5.739152428445281062e-01
7.736184650346966674e-01 7.727956621652690705e-01 7.759997043242105041e-01
6.142959885934150543e-01 6.113964872781303406e-01 6.346854728790144451e-01
4.484118585454553996e-01 5.004340602724401954e-01 5.146319060015346336e-01
4.137883439821022358e-01 3.995509278815267962e-01 4.130860145124901073e-01
6.412329420341225106e-01 6.421246538313624130e-01 6.364453806676818592e-01
5.579552830500377203e-01 5.871516794555441399e-01 5.969800553509687635e-01
4.954682135320108149e-01 4.893416039337059598e-01 4.517925810952766463e-01
7.228261452289664879e-01 7.423649674539184451e-01 7.504935344119137985e-01
6.478499621507067818e-01 6.933243053098715469e-01 5.814383614457674376e-01
6.442598726313756297e-01 6.605098427789150017e-01 6.921086239147555830e-01
6.488928401806275392e-01 6.803579523730814982e-01 6.208539222802941238e-01
5.948352568112165173e-01 6.535160270543782790e-01 5.881431452965062423e-01
5.747406924432864050e-01 5.354542661299707129e-01 5.249506828948576898e-01
5.046356137923337926e-01 4.427636409982154131e-01 4.950191393803908269e-01
6.455999485666350513e-01 6.624321289070873586e-01 7.037362576181998008e-01
7.818223191970689046e-01 6.843985418127994658e-01 7.585276701710045311e-01
5.419524344538814153e-01 6.611880716931880508e-01 5.978692396597887759e-01
5.488200736107134992e-01 5.492730222986036415e-01 5.440341644917550123e-01
6.255001682165537424e-01 6.303582509861865857e-01 6.116607510197797914e-01
5.926548545395474710e-01 5.945912709742269264e-01 5.996863517308307356e-01
5.459671798363566753e-01 6.146951988807842771e-01 6.050876764435849653e-01
4.491929696100956937e-01 5.378447495826715885e-01 4.430319605865200017e-01
5.114849635248088777e-01 5.449660040841253217e-01 4.951836221567486040e-01
5.774336726262541131e-01 4.621566110475051059e-01 5.481247147167511713e-01
4.893238772402944692e-01 5.424350234991760500e-01 4.999873695808140228e-01
5.309482980825865894e-01 6.123186197995804658e-01 5.684981209983989148e-01
5.982977624623729840e-01 6.740856783944056962e-01 5.889543047193236402e-01
7.377059230445121019e-01 7.045543310205228948e-01 6.903922114975007407e-01
6.363561476668624373e-01 6.570207695142605830e-01 6.814165186297137522e-01
4.994194518923056880e-01 5.108730888398760328e-01 4.940674850196670187e-01
6.849002134346527937e-01 6.889437902419042192e-01 6.562570575745306778e-01
5.343620471558115925e-01 4.966998905841547018e-01 4.241661337216738326e-01
6.676809943416851523e-01 6.712235515028902588e-01 5.809444449470093641e-01
5.908242884899356229e-01 4.958264455232569423e-01 6.216412634232348911e-01
4.617928084627878627e-01 4.486195356406371682e-01 4.536435211511932186e-01
4.951699624887920259e-01 5.042679420512140576e-01 4.611398287902561677e-01
6.126846837854159622e-01 7.056209605212534486e-01 6.491648457809665596e-01
5.622515745177079083e-01 5.954559702450775704e-01 4.589273616099708852e-01
6.151488343366853240e-01 6.220509378625015406e-01 6.554265859654520021e-01
6.277928541940634988e-01 6.089868582901307725e-01 5.610319342425816869e-01
5.137496021635077348e-01 5.553818370598352372e-01 5.172264644176778337e-01
6.471921679421567264e-01 6.521313923065551466e-01 6.717164990824979753e-01
7.219560967139497798e-01 7.290566560452202971e-01 6.705195723258973173e-01
6.217717110831243454e-01 5.471248871844646144e-01 5.736718266929098364e-01
3.566598873269729020e-01 3.835890015226651739e-01 3.737786451201090543e-01
6.058151949125932800e-01 6.368587620271101146e-01 6.054293564387819293e-01
6.162730728698952998e-01 6.931669073669646242e-01 6.540388149817911723e-01
5.106926772796602787e-01 5.029099058929779043e-01 5.617851105033269121e-01
4.033763835341859783e-01 3.588619987120728605e-01 2.844680007910268538e-01
6.143206342382852014e-01 4.886641494049195900e-01 5.153592534981593642e-01
5.976918067697318815e-01 5.583096872681621026e-01 5.801176263879107564e-01
5.251725317857811604e-01 5.426179955809558031e-01 5.994329823849741112e-01
6.406954582181514368e-01 5.937367954242536161e-01 6.795610529595852434e-01
5.808279594027190296e-01 5.417895383371600371e-01 5.487730796063412519e-01
4.777288476632763903e-01 5.269048208958599933e-01 4.652886759081149570e-01
4.230415277302846944e-01 4.885837025676044720e-01 4.828113883283446373e-01
7.142898670021435859e-01 8.172001372708698197e-01 7.614505086860489103e-01
5.608766211254285761e-01 5.820908901230456012e-01 5.870665338796734467e-01
5.802166459810752519e-01 6.150037849219348596e-01 6.004059309823058799e-01
4.555287611704706419e-01 4.979758710193419313e-01 5.342942418208777022e-01
6.064520113113742728e-01 5.131185138786359401e-01 5.680192161115885652e-01
3.694168917193818014e-01 3.910382905242142937e-01 3.608843193239207880e-01
5.911456576716933586e-01 6.533320248015920262e-01 5.910807073940392842e-01
6.819531539769406736e-01 7.409301413859803453e-01 6.973696292237799854e-01
4.007818703383877468e-01 4.087736815939308488e-01 4.019574004505785392e-01
6.760428156933285804e-01 7.051507524331701582e-01 7.156887478800708635e-01
5.653614502162327415e-01 5.698783317197303466e-01 5.374485897449383653e-01
4.992762064533410316e-01 5.929642452963942434e-01 5.721915581674956730e-01
6.708606509695904663e-01 5.923264645385502014e-01 6.519688439098367816e-01
7.877465590248021732e-01 7.299310207428510999e-01 7.343133991434837027e-01
6.198287241629029110e-01 6.538630672396630317e-01 6.167292794040846182e-01
6.217973696875889189e-01 6.175908821893855150e-01 6.788164840512511677e-01
6.980647308268973505e-01 6.264778998569490165e-01 6.734829886313783431e-01
7.840794446603321921e-01 7.062735705174948420e-01 7.042585631023867698e-01
6.447147044610126443e-01 7.041946167726244044e-01 6.714737317679685402e-01
7.660218037770356592e-01 8.098197803641790093e-01 7.331194015312322287e-01
6.717045051071599548e-01 6.212693775353063108e-01 5.943747470253029075e-01
4.863563335064486903e-01 5.392199732305356097e-01 4.723364972302521170e-01
6.743367200698251462e-01 6.409428836384958306e-01 6.006434666329510952e-01
6.730227075646215695e-01 6.817700498843928258e-01 7.220188598330485874e-01
8.295150627132117371e-01 8.313025022162932043e-01 7.489460178695200865e-01
5.825865278887083498e-01 6.024012665386426768e-01 5.174474121185649311e-01
6.830853129865341877e-01 7.067705986536486629e-01 6.469154836303647738e-01
6.027453929665084198e-01 5.835309447827203844e-01 5.916521791931094176e-01
5.812530638699030527e-01 5.918676411190624265e-01 5.238869736840983116e-01
3.803139268420900332e-01 3.941573232485155454e-01 3.839101131287940283e-01
6.199007038393700153e-01 6.543704996007928543e-01 6.104781393585471116e-01
4.743725757361103579e-01 5.175480649385795218e-01 4.826552323844283676e-01
4.799581849674260936e-01 4.182299901155007160e-01 4.078396341903915978e-01
7.300897571418094589e-01 6.496079338391164137e-01 6.446425961738873056e-01
6.714714016896881077e-01 6.390114448566842631e-01 6.058084552347230423e-01
5.505421509102068622e-01 6.936703984557009983e-01 6.020711652223210697e-01
5.673538876912953555e-01 5.049591684285195115e-01 4.939030402780759110e-01
4.104707166867168078e-01 4.461976263671691423e-01 3.582829356376863172e-01
5.079190358678017381e-01 5.183490520516923494e-01 5.170356010984863415e-01
5.655281105110622208e-01 5.717561109491454685e-01 5.891841127400351263e-01
5.878812562250940177e-01 6.187281715068054799e-01 5.567057646066215781e-01
6.894909768779681203e-01 6.339420107916329261e-01 7.329541055240768044e-01
6.075155475671510930e-01 6.141095269137573087e-01 6.733409110704164924e-01
5.903840547007868089e-01 5.984963556436605492e-01 5.948637524776082541e-01
7.395226700967986178e-01 6.559269300723068463e-01 6.516771741775955196e-01
6.348515906895279004e-01 6.348256539907248808e-01 5.855842427679482931e-01
6.196972973936650808e-01 5.708823568015269911e-01 5.806053285939237751e-01
5.776136009578616282e-01 5.805421030334897425e-01 6.081055680102465111e-01
6.909631382446187464e-01 5.875655705710549626e-01 6.006503740809614467e-01
5.699184925258304890e-01 5.019680419616514566e-01 5.133798135446469013e-01
5.215799552444936316e-01 4.013972218995309205e-01 5.121859816023138778e-01
4.807921902661066449e-01 4.661102046585146041e-01 4.775643202459763925e-01
5.239884518234887434e-01 5.522863433874102279e-01 5.035016648208218148e-01
7.015481536512979677e-01 6.943864728026324373e-01 7.342064394479683731e-01
8.637292628103955261e-01 9.171766230479134752e-01 9.295550468036367642e-01
4.444125643774104462e-01 4.687564876018155968e-01 3.872262321058552170e-01
3.589956701726458310e-01 3.558643229482150172e-01 2.778691450611099345e-01
5.321254021750977392e-01 5.847394172905542309e-01 5.489205192890406204e-01
8.086285563282804567e-01 7.911337120804524670e-01 7.556619737894690880e-01
5.222789261362799085e-01 5.093570589080507194e-01 5.407197698821301080e-01
6.428261561257567758e-01 6.640441774766390193e-01 6.742018009937641443e-01
5.840265236122706982e-01 5.736849342066039359e-01 5.723078356389994514e-01
6.630733188249061660e-01 7.109238941998289318e-01 6.123876473580702751e-01
7.335069830573276439e-01 7.754103882409418835e-01 7.779395806946719505e-01
5.942943802759603766e-01 6.884373906429712697e-01 6.089034683846836771e-01
5.923615310258925071e-01 5.414283214885875495e-01 4.949139555749818564e-01
5.732732278933130310e-01 4.716472090366357617e-01 5.586588077028887822e-01
5.581320260065560923e-01 5.345661012724068906e-01 5.260961827983626771e-01
6.850853940084107307e-01 6.844463717100164324e-01 6.199201138271823730e-01
7.483876502482944559e-01 6.933945600112851881e-01 6.952502702581523364e-01
5.883145051320015639e-01 5.729849694441933039e-01 5.503978016993700262e-01
5.110181421579332861e-01 5.159175436924007263e-01 4.877165153275302423e-01
4.360185889881809107e-01 3.992437223373845878e-01 3.959007197815708756e-01
