8.295157566132493887e-01 7.490586625064508119e-01
5.144558918926669389e-01 6.008378898387043421e-01
5.987595752944355754e-01 5.044060589792210836e-01
6.561603713499465362e-01 6.656420246252859885e-01
6.061459383940084322e-01 4.547246134548736385e-01
5.429285162955578281e-01 4.780629731493123424e-01
6.819540524202655218e-01 6.103542450579487744e-01
7.794868842112468998e-01 7.781440778170573003e-01
5.197770664334205870e-01 5.013997780515072611e-01
4.582107844412182107e-01 6.175607395170819025e-01
5.589385155272521555e-01 6.937451698603498418e-01
3.622613900705191625e-01 4.757074934456825277e-01
6.840801732720330763e-01 7.607282257975586104e-01
6.211628638729724816e-01 7.044519356898093498e-01
3.215861186001119365e-01 3.065027998177126123e-01
4.557631993339694154e-01 4.837115039524335081e-01
6.783953906753460439e-01 5.873545370445857339e-01
1.017053285743462654e+00 9.492861544723976142e-01
6.971458179889483686e-01 5.905900197215324665e-01
4.807357054566153698e-01 4.802692963415715610e-01
5.023970148501081256e-01 4.822725404511640224e-01
6.093473314319469702e-01 6.397374907218943418e-01
6.261564738528990759e-01 6.179254335286514799e-01
4.288993400683596136e-01 4.001102229977887559e-01
8.836812212605040795e-01 8.539375510491371557e-01
4.358012395131246053e-01 4.222165990848305017e-01
6.320192629742342749e-01 7.137838081033927029e-01
6.064780012823577371e-01 5.813700665482613994e-01
5.667827966698884001e-01 5.746622474764191413e-01
5.731147108040842708e-01 5.788376521605406166e-01
8.795444596824073535e-01 8.253799650094999496e-01
4.100800010942282636e-01 4.141726374317162840e-01
4.380626676658222474e-01 4.846608002854095876e-01
3.974068604343438671e-01 4.768414027952340706e-01
6.871556803097661481e-01 8.152065360982297948e-01
4.770215064407200001e-01 4.482990806160521147e-01
3.627943841048864027e-01 3.776415482114419131e-01
4.404172205249131111e-01 3.940891436537727333e-01
6.622740509883379145e-01 6.627749142605564581e-01
6.625128081655879964e-01 8.006933989548485897e-01
6.746485877191156222e-01 5.995372457652935472e-01
7.253275435394371806e-01 8.388858987320243488e-01
8.341992774515714082e-01 8.182581030507263264e-01
6.089693287044573022e-01 6.626254605098900186e-01
5.941321911471959538e-01 6.543687366878687683e-01
4.880989296886983353e-01 5.644514743073825169e-01
6.540813915353214103e-01 5.287782966907654814e-01
5.518688139057826847e-01 5.482725775345970165e-01
9.282025054610876236e-01 9.510409099468146721e-01
6.315258265566895401e-01 7.055936435680995045e-01
6.217743758722059644e-01 5.782992095258688847e-01
4.226822753574691061e-01 4.219726673404038952e-01
4.383501112581539849e-01 3.753264580599929290e-01
4.657787934443766709e-01 5.010311853066894416e-01
6.646075657069976383e-01 7.515930117855686987e-01
5.174318242203751472e-01 4.863052606481730877e-01
7.991796776239494804e-01 7.474081123207994004e-01
5.828063567797328037e-01 5.638325981503096163e-01
6.017525305928377310e-01 6.045640884408505222e-01
5.151898900317746222e-01 5.376436241144875172e-01
6.647105608368457652e-01 8.370474033134538416e-01
8.311531860234383506e-01 8.991800521505123323e-01
4.800365547098323638e-01 4.430049654418173888e-01
5.300941823252705021e-01 6.518693472408663148e-01
4.017367572302145140e-01 5.213556779430342791e-01
8.456519930354892134e-01 8.659229283635782037e-01
5.985703696663418061e-01 6.291762642044844700e-01
3.418379383761102064e-01 3.146533626881851120e-01
6.054025685829114156e-01 6.124307135497222276e-01
6.133061692433362522e-01 6.123436295690750653e-01
4.655690588834069388e-01 4.056627536783390386e-01
7.358971493218566806e-01 6.938580787563266572e-01
6.025862227328978582e-01 5.697872897874448617e-01
5.736060006660014254e-01 5.334702336487290308e-01
6.184537700898833368e-01 5.243757727560325321e-01
4.883561955897510742e-01 5.619835051965933470e-01
6.277287032590725957e-01 5.552388945767892103e-01
6.950066411179791626e-01 7.119255741437493512e-01
5.609980600766363290e-01 4.533826709131967836e-01
6.038870808122246414e-01 6.866176291202449322e-01
4.750219778289214712e-01 5.598981180701114724e-01
7.489386494055362276e-01 6.837114141901338149e-01
6.014107573308974386e-01 5.950745678885619450e-01
6.796426579962880909e-01 7.226272999133273034e-01
6.796599771205846796e-01 7.605432325801773086e-01
5.168968944170805324e-01 5.850490593387903671e-01
5.953713781920870751e-01 5.601662281490213946e-01
6.835262738805589766e-01 6.895582808471891756e-01
5.244535099856687532e-01 5.490662960584254959e-01
4.056264752186657940e-01 4.932078762934900551e-01
8.385136845751043344e-01 8.013162595793389409e-01
6.601957520107568644e-01 7.084551180068863196e-01
5.927876936163156696e-01 5.925846748766352423e-01
6.494702984902905873e-01 5.991621680369872971e-01
5.889797239907330617e-01 5.623187853629680877e-01
5.820982808082616478e-01 6.151965631075061447e-01
6.202155935404846110e-01 6.213453300837358251e-01
3.035737199147552356e-01 4.044724419922811620e-01
4.220626358145743162e-01 4.219095228031092826e-01
6.021838836498281111e-01 6.564104014368485895e-01
4.947796877947394090e-01 5.568687842351245365e-01
4.778791696711947035e-01 3.952296065612590503e-01
3.638882891675520592e-01 3.596807950878782578e-01
5.768896703504021728e-01 6.284812223645231954e-01
5.406735157405424541e-01 5.827243348047541627e-01
6.547409311084186889e-01 6.996178907663768154e-01
8.417555739616744415e-01 7.616971774390584038e-01
5.825633396943409315e-01 6.786613062063800994e-01
7.553787452247887613e-01 7.818532901814635450e-01
5.102533130115867177e-01 5.236523869822338195e-01
4.630833028406824980e-01 5.338142623782611285e-01
5.547930801953685487e-01 6.886284201955336082e-01
7.239184201961507137e-01 6.722725768580620764e-01
4.993013505689345433e-01 4.068692038624036611e-01
4.921027271428045080e-01 4.926134727616756082e-01
5.738574445316707573e-01 5.351163060144926709e-01
2.868070406644643300e-01 2.587683623955303047e-01
3.697107767144939827e-01 2.838566387285048065e-01
4.818453534821460771e-01 5.646038109068725053e-01
2.675270064781260504e-01 1.703082350013165325e-01
8.146386405878558445e-01 9.010911448115146438e-01
4.679916552845819200e-01 5.749508259806506150e-01
3.524437378101047402e-01 3.591126708559154723e-01
6.739696332023789038e-01 7.522444470142478634e-01
3.609754661601559667e-01 3.658554349081170054e-01
6.963721787005661135e-01 7.981549464860739906e-01
8.174606574165289574e-01 7.339185081585032355e-01
7.222760081806282040e-01 7.305291460243062973e-01
6.742474742962100143e-01 7.169036681342119133e-01
5.215966400942595449e-01 5.964516498041840808e-01
6.978045066494314996e-01 6.801664175828311398e-01
7.187902816901220460e-01 6.896272744243795438e-01
5.601604375675226510e-01 5.040839819386886411e-01
4.459536544605583464e-01 3.917449374372361515e-01
5.740536357506115239e-01 6.525161619414098224e-01
4.905642650389578918e-01 5.597989083333381188e-01
6.345438166086551091e-01 7.287404931649200668e-01
4.452744520847127241e-01 4.195648431898569841e-01
4.914861019841982315e-01 4.394569554403930378e-01
6.349200861962813747e-01 6.293211413266914800e-01
7.046221988634641109e-01 7.085682425152811659e-01
6.346821077803229683e-01 7.574210525303876063e-01
7.351976526816415003e-01 6.947309170606099649e-01
9.450869940389614587e-01 8.685068450414978880e-01
7.384581681787512064e-01 6.681645228450592278e-01
7.025120380626027616e-01 7.952000103565451949e-01
4.931402382566647535e-01 3.908835387713057719e-01
4.502790245921854950e-01 4.676216829133551522e-01
7.521921419449720814e-01 6.970902934011379282e-01
6.263687171421929989e-01 7.248789365488490510e-01
9.630487635482964937e-01 8.000797104202268528e-01
5.932810925079821107e-01 4.996525584749011983e-01
4.767914464033983224e-01 6.092349150968027205e-01
6.444874464186357566e-01 7.116038070049556241e-01
7.468294022069634774e-01 7.409892961181145932e-01
5.925225319429100468e-01 5.648814111195482601e-01
5.648724679759664635e-01 5.208656769276538423e-01
5.361341056435698915e-01 6.326089076545188261e-01
6.988258242224629768e-01 7.442862564839853867e-01
7.104857854380792759e-01 6.398291602737620209e-01
5.247698183602010902e-01 5.718909639038410875e-01
7.050148311088824116e-01 7.840039873049955421e-01
6.022741813258429833e-01 5.687878874540164276e-01
6.147141725305689253e-01 4.871125399825844138e-01
5.672973087079672405e-01 6.623419017536013031e-01
8.476681568342964157e-01 9.130414757585166852e-01
6.554837371519877109e-01 6.855460536663964266e-01
5.288544075511257825e-01 5.473914583596791728e-01
7.818905432709546410e-01 6.858417142374402253e-01
4.499570104486222411e-01 5.302249892843311496e-01
5.447067102645229975e-01 5.868113207080688509e-01
5.111219448707541302e-01 4.378565302545480709e-01
8.586789995253336638e-01 7.337984705363049809e-01
4.474761462203180051e-01 5.126200378013027192e-01
6.666292711082791866e-01 7.089969805152028792e-01
4.596603479484550059e-01 5.208182775599838887e-01
3.405757224829545904e-01 3.979440186170146165e-01
5.238964691325134204e-01 6.189093560115428438e-01
7.079150821029808194e-01 7.182513961713469230e-01
5.205322510492487176e-01 5.034950861757585550e-01
9.431132411332086019e-01 8.441524525962040837e-01
7.348771467481250985e-01 7.640576479245010377e-01
6.295745369946068593e-01 5.898070886756625608e-01
8.930241292129992292e-01 8.119374767834173223e-01
6.165155730244107346e-01 5.641371875682525960e-01
6.852309612089115820e-01 6.757253080263836420e-01
2.556029253181266725e-01 2.654319346742350927e-01
6.251348591918450825e-01 6.956870318730892233e-01
9.299466892149219621e-01 8.258274302172812220e-01
4.977669105349302181e-01 4.879529113526765438e-01
7.761412022332100369e-01 8.788809046889226595e-01
5.607859582309731028e-01 4.890659340395968613e-01
6.273832342470284651e-01 6.947106130080138442e-01
6.958200793911237803e-01 5.879832921843031190e-01
5.349991110221056223e-01 5.119408308396712348e-01
6.381496298896391917e-01 7.075251643955182690e-01
4.515433201421859555e-01 4.661390917891616303e-01
7.392869510736472805e-01 7.054837960140729614e-01
4.301810118493043511e-01 4.057301786787826936e-01
6.914566996660990172e-01 5.322525271364829669e-01
5.687740389772969474e-01 5.127003563347259929e-01
3.263578991765694326e-01 3.890462268869352425e-01
6.270274517906593292e-01 5.634382456515418802e-01
6.320589200841992827e-01 4.269735579677949033e-01
5.220242554667479107e-01 5.373973190719792958e-01
5.860545814462552183e-01 7.100857110063958366e-01
5.593330894907057038e-01 5.050779194742723854e-01
8.416787379467389751e-01 7.395810246099077112e-01
8.349248939181359574e-01 8.494082781398553106e-01
6.805031746480874055e-01 6.442277432141474414e-01
5.554898754657962012e-01 6.265386417790013152e-01
7.350809291652767863e-01 5.353582722532678195e-01
7.393775895764059802e-01 7.930984515955418201e-01
6.384498112833949524e-01 6.184760413008827395e-01
4.060294527213483273e-01 4.387518411503798510e-01
6.558427905602782770e-01 6.558378950802866703e-01
8.394093624576833834e-01 7.809961064786227203e-01
5.162037858541700386e-01 6.679301414400208303e-01
5.873636814763487646e-01 6.222992058293599360e-01
6.017565167414451466e-01 7.076847778688950541e-01
7.247383133958016366e-01 7.014981018282160363e-01
7.091033765010565926e-01 7.282296992429255766e-01
6.559021591875994206e-01 6.121914254667016886e-01
6.025041210463500940e-01 6.373832652244645347e-01
6.673399677222122683e-01 6.636299961098977018e-01
6.853420496811798435e-01 7.681730451679870120e-01
7.107217996683048433e-01 6.723199490965068303e-01
5.114645059313743802e-01 6.614422566058563158e-01
2.867696156137488073e-01 1.538431059271048174e-01
7.325639505296320797e-01 6.920360863735016688e-01
6.428521468841160713e-01 6.010678778441828074e-01
8.021084170650153444e-01 7.656627371430994033e-01
8.039476096267326177e-01 7.371595756755700002e-01
6.074774633037334226e-01 5.347249955633479601e-01
4.594677905387447026e-01 4.844162097581206639e-01
6.030832835172469375e-01 6.947730766119076806e-01
3.052789724581916886e-01 3.553116274435650368e-01
6.090280848590082785e-01 5.520370193118803170e-01
7.195396962920355133e-01 7.714557458682023139e-01
5.284829269771471605e-01 5.869399756838207249e-01
7.059296006500681564e-01 6.958028876496118453e-01
5.709045006879274187e-01 5.965318708698090777e-01
5.856464462909287683e-01 6.053681692802521663e-01
7.145500104425888122e-01 6.610007946016502878e-01
4.921969579227437608e-01 5.752781400095531295e-01
8.789298160640910407e-01 8.683727834393624168e-01
6.450840386456926367e-01 6.306114640488764689e-01
7.231032621474796640e-01 6.457588472216290176e-01
5.996387966254568269e-01 5.496306047909060855e-01
3.929255486320465951e-01 4.190531333199861153e-01
7.191664849296591777e-01 6.230621839216822222e-01
9.186773688755022205e-01 8.644967735338807691e-01
6.031606089201302368e-01 5.949159218900497148e-01
5.784980089411208004e-01 5.520885519756356663e-01
6.854356290811693952e-01 7.079407014601588610e-01
6.493060490804855034e-01 6.365525595710778139e-01
7.015729910485500875e-01 7.706208427256288074e-01
7.101693101671512354e-01 7.711773832545493201e-01
9.245290466899517279e-01 9.428731797510584434e-01
4.312701702955675231e-01 4.743286291599400628e-01
5.609622038148098788e-01 4.888760555004301733e-01
5.667053020930999940e-01 6.326018633869189278e-01
5.985956668634323519e-01 7.018440935420052762e-01
8.861662370110032771e-01 8.745796377372563324e-01
5.311865495208585308e-01 5.243400241608011658e-01
9.325172697313306447e-01 1.047347616880014209e+00
5.275423629227333766e-01 5.534656502429096125e-01
7.320821828634613837e-01 6.155879738669804979e-01
4.296990662174948183e-01 3.988769186889017937e-01
5.631564987006680845e-01 6.163280106878081810e-01
4.851138486781272352e-01 4.167446495183555477e-01
5.922114081302256583e-01 6.224645117656011362e-01
8.231551048055523179e-01 9.022737343571116675e-01
8.666206316731610571e-01 8.438507668143979679e-01
5.706215140149046849e-01 4.593897600375790868e-01
6.389950951649382427e-01 7.484473961400467390e-01
7.809043930366972308e-01 8.704100779937467003e-01
5.964149281737167740e-01 4.177538016289119582e-01
4.748545122559692522e-01 4.700967526025711662e-01
6.325780218127591281e-01 5.615399831228004013e-01
5.604738247634953874e-01 5.458688572374620351e-01
6.062923583693642371e-01 6.901353585702214577e-01
8.301176941269028386e-01 7.421669967804671586e-01
4.774731102302661179e-01 4.882904471773302224e-01
6.146749023017901159e-01 5.872272889451399802e-01
5.912523751354443746e-01 5.809126564462734343e-01
7.089663762000159020e-01 7.218322339029871193e-01
4.702176177703896731e-01 4.231117646437206337e-01
4.934491229917715716e-01 4.526989623521699979e-01
5.913634005601206001e-01 7.188603424369278683e-01
4.645559112547064107e-01 4.467882594241939787e-01
6.035131965061866222e-01 6.411755162408381281e-01
3.518224511794325604e-01 3.883026706977191767e-01
5.510912793379842967e-01 5.920882387320893780e-01
6.909536628882355647e-01 8.183853992373724129e-01
1.664526306225998231e-01 1.649428807689835852e-01
4.880669914732929104e-01 6.224817004095275497e-01
8.008591258029030824e-01 8.078566520256272865e-01
6.837081357843778351e-01 6.025762196172729235e-01
4.631756561636451996e-01 4.458326980350677538e-01
5.485292517761437558e-01 4.159436056463171605e-01
3.611782268255391282e-01 3.318345781527994864e-01
3.768211197291854164e-01 4.730321651908374614e-01
3.541518994614870075e-01 4.330096904309757577e-01
5.086806660836437066e-01 4.614384880103997166e-01
6.138627613480173162e-01 5.799189954579525574e-01
5.607998723938192320e-01 5.559078366777685520e-01
7.976726826664716219e-01 7.907633954124494435e-01
4.164805519628774211e-01 4.517144407975087206e-01
3.807619856441137318e-01 2.930206150781500818e-01
4.399005550931189279e-01 3.892543565215939583e-01
6.368123110418614230e-01 7.105681954610828521e-01
7.157266058948923426e-01 6.770363311658682548e-01
5.961223234166802554e-01 6.346361555761014239e-01
8.496461817706678632e-01 8.689418856024170301e-01
4.165784875186044345e-01 4.040239069712922571e-01
5.898182163005742940e-01 6.492626126755463023e-01
6.183313327978123830e-01 4.571471710925094634e-01
4.003710534693218359e-01 4.204621831951159128e-01
5.012809764839623039e-01 5.448223876926172604e-01
6.311624848811581145e-01 6.891024054074821326e-01
4.357770227173334843e-01 4.281150847183101127e-01
7.701123446770216097e-01 7.963416578452110484e-01
5.591898468756386631e-01 5.444394084438639592e-01
6.747765269510278552e-01 7.309546405951677928e-01
6.828343469436559676e-01 6.043252181222533714e-01
3.331015424152506399e-01 3.512136648076332190e-01
8.037697271485159112e-01 6.871633845298393828e-01
8.872928078031550037e-01 7.986976602523914170e-01
6.538697535289412777e-01 6.569671299369683748e-01
4.226892090368384869e-01 4.133332169980854509e-01
4.712874723268391519e-01 4.219196304532623620e-01
3.085090476507738044e-01 2.360855638337759910e-01
8.091846705296623643e-01 7.331063703884252991e-01
5.131267403252415260e-01 5.442542111176140729e-01
6.224122334396680056e-01 8.025120809314383319e-01
6.624594048659848688e-01 6.521695314826621015e-01
4.195581966870831625e-01 4.178749192620334618e-01
2.822663022084477835e-01 3.657559869648273065e-01
3.826328851249506391e-01 4.063551985394147081e-01
6.271279262626688888e-01 5.648821706604892912e-01
8.010451736885042529e-01 7.807467238662866293e-01
3.996989277224873294e-01 4.580507431664642692e-01
6.559835034507964791e-01 6.520316507488751467e-01
8.427763626728248525e-01 9.277389771227251281e-01
2.778943935122281106e-01 2.793393463833913071e-01
8.946803808475575215e-01 7.993850898700535224e-01
5.857629675756124144e-01 5.786733850135277191e-01
5.098504210904372114e-01 3.927831347054877575e-01
4.074201682907984123e-01 2.931190017672208326e-01
5.254538896067332265e-01 6.952381387476843644e-01
4.768641840803578558e-01 4.353032324336492676e-01
6.208092116253181025e-01 5.698315464495062876e-01
6.542916916123576732e-01 5.998516143037572190e-01
4.456686404807687074e-01 6.360012134971072539e-01
4.158427737889275333e-01 2.477423687432096788e-01
7.296970280700105782e-01 7.449552919549098373e-01
4.724985445834757880e-01 4.627409349497684787e-01
3.397994766468295236e-01 3.226800365690755124e-01
5.241067241666907961e-01 4.458339028662143266e-01
8.882821033504016972e-01 8.356192035087385284e-01
5.677370838262403296e-01 4.049140852882644470e-01
7.771901304246582320e-01 7.766851200475659578e-01
7.652782684544736647e-01 7.717281717920903006e-01
6.552562953437384152e-01 5.225976104020346735e-01
4.508196108020620652e-01 3.318516945862502454e-01
7.219718192291145753e-01 7.042674531851652597e-01
5.714536629566218107e-01 6.449919778740591525e-01
5.515710643588613848e-01 5.046708357395994771e-01
8.205308413118836963e-01 7.594303663623518386e-01
3.162471966771233101e-01 4.546926059094604788e-01
4.557615445431416612e-01 5.836493102618894868e-01
5.730755072403427297e-01 5.332976081113597333e-01
7.552232460270300596e-01 7.888253056111165229e-01
6.238314146602912391e-01 6.096986958234325016e-01
6.535262297373070073e-01 7.182178232989109290e-01
6.149127589504828073e-01 6.127507127397071596e-01
5.502249038238653522e-01 5.472985478134417825e-01
6.309749582288904923e-01 5.725222620500040049e-01
6.680911729354014339e-01 6.571486846285626848e-01
8.449440355065226393e-01 7.832838256686286416e-01
5.583285544236129549e-01 5.303288609972607315e-01
6.093962368228922344e-01 5.758674033774064949e-01
5.904323338960218992e-01 4.938725584754889431e-01
7.987350666929824428e-01 8.641249838984008669e-01
4.020655167123068918e-01 3.960844177915377462e-01
3.514396091719670934e-01 4.735258425136747440e-01
5.769981861067621232e-01 5.081820694124408178e-01
6.532980664883609734e-01 7.104624052262620282e-01
7.074872830118390521e-01 7.640033591748589537e-01
8.709267541788615619e-01 8.440348369240010529e-01
8.363205129586420705e-01 8.337349421170877628e-01
5.790713924750268138e-01 6.215554100397795434e-01
6.567109384407210371e-01 5.786320620371330214e-01
5.273034959924002285e-01 5.356320713231924602e-01
6.830743617188810290e-01 6.652978533563043140e-01
4.704888804624571819e-01 4.499370870143281076e-01
4.464924691995850181e-01 4.085284833864483711e-01
5.012684602762418340e-01 5.369341035088210923e-01
8.243469552231580399e-01 6.938522087572759345e-01
6.746891515960149466e-01 4.816485478734384706e-01
3.596388228875268545e-01 4.187821509342213866e-01
4.237072009349098223e-01 4.862021296027227435e-01
6.934745305689938855e-01 6.858209702945848862e-01
7.496358499936448538e-01 7.327615301991439178e-01
6.156658911809662627e-01 8.019602405789001409e-01
6.459757371947816296e-01 6.738251183981776027e-01
7.660549932659131978e-01 7.801960633641537024e-01
5.558366991252061684e-01 5.214702715395449495e-01
6.123309918550797759e-01 6.724359237597731243e-01
4.728491921221417704e-01 4.201113543497599356e-01
7.509842026516304614e-01 6.879698114542802667e-01
6.302802474471356220e-01 6.711096381718355541e-01
6.807350351126696397e-01 5.416540632315086645e-01
6.492335422997053129e-01 5.936085625453353387e-01
6.953792867531735089e-01 7.096237416144021148e-01
6.314165545219598830e-01 6.385985783726224607e-01
5.661619915325476482e-01 5.862818010675837632e-01
6.707922026899411083e-01 7.368177166181733018e-01
6.500608351989669575e-01 7.101626686375090980e-01
7.150453282485181861e-01 7.925158556694301693e-01
7.139236327526613524e-01 6.935840308024961987e-01
6.269678180218992702e-01 6.447640083963862567e-01
9.633595351616668356e-01 8.945776591040295322e-01
4.112066022957786005e-01 4.858607203433365496e-01
6.976254843619024149e-01 7.358367593006224228e-01
5.936324123321892188e-01 5.956881791259569514e-01
6.967906977409948910e-01 6.266795041432530189e-01
6.355133031634088159e-01 6.212191229119872204e-01
5.692859083825532185e-01 6.450504788364701536e-01
5.025610189290548036e-01 5.807302019009159544e-01
6.687565129903425554e-01 6.344941222921349766e-01
6.030194872355025826e-01 7.220048704231263326e-01
4.676397382060983876e-01 6.689940612653784147e-01
4.803826532245981107e-01 5.387517878207730426e-01
8.663584071414314192e-01 7.794257772946135976e-01
9.717101915491648256e-01 9.029991232878604723e-01
7.869631633056991538e-01 8.447965515886940446e-01
5.546476017100200329e-01 6.288080228294673502e-01
6.909125133524566253e-01 7.494807835249516215e-01
7.178669718326320393e-01 6.278429434216181715e-01
7.281985183569325004e-01 7.151437280086806458e-01
6.160004839512658315e-01 6.686584043312520098e-01
6.328896216777157857e-01 6.664102004597056705e-01
6.904084595557189452e-01 7.858741478405608660e-01
3.502647048806925567e-01 4.704019690263466225e-01
6.769833886557820035e-01 7.102285423070470172e-01
6.290929455569623796e-01 6.565093137114398347e-01
3.956588991298012892e-01 5.115057837410246222e-01
4.883631575196645258e-01 6.390869147036652986e-01
7.216727083918552665e-01 7.602696674390614362e-01
7.243694228196418949e-01 8.384410000742287261e-01
5.816512136369831332e-01 5.014017003552435625e-01
9.425862520396897093e-01 8.897333470892903051e-01
4.157686940718126056e-01 4.225886247246882776e-01
5.807796150770516697e-01 6.624140914591398754e-01
5.055741817882474232e-01 4.989889202174856431e-01
5.797338355311815183e-01 6.023735106590667465e-01
9.960550189577791480e-01 9.716713248478433540e-01
8.104135481160582577e-01 8.295979607099516207e-01
6.114620941959328926e-01 5.093597967026727291e-01
2.150449926594336370e-01 1.661287966084158685e-01
6.204114514948654291e-01 6.917978211446266235e-01
5.678875584639697660e-01 5.571956614047020029e-01
7.154921463905499213e-01 7.578481616332601867e-01
4.590990788677456469e-01 5.465378757584715697e-01
8.598987452395214781e-01 9.234496025043918976e-01
5.792887148568057754e-01 7.179204560134369029e-01
3.349692976740706318e-01 3.146650607217516549e-01
6.770074733308310000e-01 7.457797400974329749e-01
2.400275683857266418e-01 1.809016515607437814e-01
5.347256399831229468e-01 6.098363499730942161e-01
4.907430674464947629e-01 4.525001853207812896e-01
6.026070134316434679e-01 5.646577066275635381e-01
7.666026128795313532e-01 8.388317029563858718e-01
6.566318202439548335e-01 6.894826208428298520e-01
5.614932720768723851e-01 6.577504302085952492e-01
5.097623787910082749e-01 6.722897186359831911e-01
4.153272310359910624e-01 3.901099954137264292e-01
4.214399143176999485e-01 4.143857693333748426e-01
4.237301091866002012e-01 4.660099049597503096e-01
5.473687920285781328e-01 5.712337245997736179e-01
6.233403511472582759e-01 6.840772912758997792e-01
6.867509935765799822e-01 7.397136375787219942e-01
7.128121544192094206e-01 6.870729327816651466e-01
8.952276508208270034e-01 9.053977979642906515e-01
8.769393344773551702e-01 7.915230327311605363e-01
5.216606187514531978e-01 4.913357233156654402e-01
7.702472613752854302e-01 7.215052985236646288e-01
6.850467310084282779e-01 6.510416064677757575e-01
4.784677370565595944e-01 5.362447868405482154e-01
3.372968925175266475e-01 3.437879403177591109e-01
2.966901188223159958e-01 3.061425466920252303e-01
8.470294903848637480e-01 7.555010728254590857e-01
4.602834189913121432e-01 5.163903838942027757e-01
5.929450055299309019e-01 5.936216514455959770e-01
1.011341256206590433e+00 1.122716052355110072e+00
7.794133832269707352e-01 7.387532974616359827e-01
7.410527341111312616e-01 7.305100948711265030e-01
1.020356038201574167e+00 1.000906362760179524e+00
3.116312855741115162e-01 3.892351720261531534e-01
6.532001115856653772e-01 6.409180473420714730e-01
5.212162010091286879e-01 5.467993411803923065e-01
6.362921401569018309e-01 5.160555950626050103e-01
5.710666246875409913e-01 6.081698506170726271e-01
6.216149196764038098e-01 6.013835299618821573e-01
8.288617521218498707e-01 8.464904986643143614e-01
2.834659297331903471e-01 3.051166660877664971e-01
6.391087358272906638e-01 6.216823184973230276e-01
5.447598742028143537e-01 5.766134076065232428e-01
7.725691983031600651e-01 6.901289722548175076e-01
4.746688641890768334e-01 3.067036166551058152e-01
6.506949374756405557e-01 6.672456666128081526e-01
5.484749264946272573e-01 6.247704090766162954e-01
5.694941049807860090e-01 6.946887418093736777e-01
6.204879893555232950e-01 6.167356122418583553e-01
4.398158623844394266e-01 4.010359077488118706e-01
5.930962887473897327e-01 4.217025801621779868e-01
6.711391159685036190e-01 6.608366840075692306e-01
5.970541442270831389e-01 6.617572202624806277e-01
6.034325467236065776e-01 6.154534473196451305e-01
5.789892970178359688e-01 6.245342893729183276e-01
5.419906557990220586e-01 6.323860716067409848e-01
5.738506853889467907e-01 4.711814306172755762e-01
6.580345445304365271e-01 6.176747550681047638e-01
6.985778300883235259e-01 7.001471104756366026e-01
5.119057661487329547e-01 6.158485521641177129e-01
8.447712978610861789e-01 8.548765825566924104e-01
6.975066257961323180e-01 5.902025377313530052e-01
5.066621503192717535e-01 5.216213541308861723e-01
6.797357458691392074e-01 6.351770704566809256e-01
6.821647300012384507e-01 6.168672042888186935e-01
6.919105340564196682e-01 7.213128890486878442e-01
9.787935714572288948e-01 9.618307672463521918e-01
3.885313107966543722e-01 4.052728970551706666e-01
5.363908693127394933e-01 5.132814875229458895e-01
2.226971078803300086e-01 2.883927060209472981e-01
4.693515551421379439e-01 4.316727719764799631e-01
6.685170153242318003e-01 7.602599573759015739e-01
5.856659116793369035e-01 7.358555908666125633e-01
5.639651221214948551e-01 4.974297948204929876e-01
7.666912234938551007e-01 8.308323156164479917e-01
3.501018853684784715e-01 2.193871224042233670e-01
7.397893480920205711e-01 6.381395207691362703e-01
4.492408791820809988e-01 3.982952598434575942e-01
6.589663689482652131e-01 6.059533307549500591e-01
7.594773871391891085e-01 7.808749067395344134e-01
7.243067283790751709e-01 6.899867629808906777e-01
8.320636712171621818e-01 7.267149138952381238e-01
5.703132380049886763e-01 5.911842689081487912e-01
6.467026278432205233e-01 5.449453491833030627e-01
8.690752307092830531e-01 8.309912565909518545e-01
6.778996456855620467e-01 7.108606060162562246e-01
4.064692522361943450e-01 4.659526659750129474e-01
9.351407933086200996e-01 9.212179629349056542e-01
6.160816006376694798e-01 6.469442288715250289e-01
5.071104815483556960e-01 4.920324860625343577e-01
6.156716837072323534e-01 5.572440187198030026e-01
6.964589016346637296e-01 6.212743566172910237e-01
6.044358736138127908e-01 5.944308906087792943e-01
5.045444966924577113e-01 5.182091452836179446e-01
7.214164406364411697e-01 6.524459865696838889e-01
6.161026557644464496e-01 5.661070396247536163e-01
7.191223395001588026e-01 7.605746561673562001e-01
4.624525573472608730e-01 3.792156777808477486e-01
6.578726189351510323e-01 6.637531743193813005e-01
6.152561709016475255e-01 4.725208383074691043e-01
5.244429245353937619e-01 4.485205789718614833e-01
5.492120956103893059e-01 5.050160864306955100e-01
5.527963541049830676e-01 5.395941389779953523e-01
5.472834545486210400e-01 4.640513767558228642e-01
7.847487563260440169e-01 8.141303975207294652e-01
5.821078495896712113e-01 7.523840051091381653e-01
5.054093967804110799e-01 5.492044487560240329e-01
6.789403643631262142e-01 6.296044015872324096e-01
4.676959783377376279e-01 4.197175643649811438e-01
5.038044236593814951e-01 5.401692739668495502e-01
5.864905351362834640e-01 5.590515903802808495e-01
5.205463972102426506e-01 5.348028489843428268e-01
5.374605500711104877e-01 5.083988689574217013e-01
6.008016873362527210e-01 6.269687587621695091e-01
5.559183975200033823e-01 5.239523135623361805e-01
6.305525374433713637e-01 7.036408653102175226e-01
6.234132025303035229e-01 6.156854376428783082e-01
8.224162995088862838e-01 7.715954333311055846e-01
4.765507051088787027e-01 5.649845782462346033e-01
7.962449434463026998e-01 7.927477462640265538e-01
5.559704374467629995e-01 5.512652358225414995e-01
6.318148028898401547e-01 5.483782656074004391e-01
4.407289556539335518e-01 5.167902309615906020e-01
6.805387555177445646e-01 6.502622351616730301e-01
5.143159122812051010e-01 4.461474719530390542e-01
5.350766152786626817e-01 4.751085526811447690e-01
6.494655523704684352e-01 6.440802243369616598e-01
7.103157660078543989e-01 7.653859641232051425e-01
6.240512542699934162e-01 5.507387011153479506e-01
4.416929535725463429e-01 2.748180412512289950e-01
5.662430863248791857e-01 5.983166727316876488e-01
5.604878013158649530e-01 5.817850530791284225e-01
5.264598928963069024e-01 4.501311696758341641e-01
7.774681211013163562e-01 8.437462139586797694e-01
7.664011311314445907e-01 7.702594265287899811e-01
5.079769530006914557e-01 5.443544559673247907e-01
6.300834441261097263e-01 7.015010416848864727e-01
6.948560310030527098e-01 7.897235799537472012e-01
7.202476015725272074e-01 6.083526461316064449e-01
5.793943980257091342e-01 5.674027991599851495e-01
5.332275775962180830e-01 5.507245572469119388e-01
6.388323819992460795e-01 5.681192382551050191e-01
5.074657395168153950e-01 4.171005809398072306e-01
5.107183069444014567e-01 6.033361248187618653e-01
8.446071841874267516e-01 7.485755776154123797e-01
8.025287977214280444e-01 7.930037199292027106e-01
8.234076886240361270e-01 7.587786447276821944e-01
4.718714834420008053e-01 5.459424709147409072e-01
5.406691573722861577e-01 5.173786316680137887e-01
6.077060271501677491e-01 5.879741079260532022e-01
4.755597610110148254e-01 4.244862594722220717e-01
6.197353169702463083e-01 6.653152586543503721e-01
5.787732589079953582e-01 4.764213708080749510e-01
3.660160234999147444e-01 3.195976063997473804e-01
4.972273003839329797e-01 5.519212660964000206e-01
5.601091783409956060e-01 6.109823546270370942e-01
8.274493563679015118e-01 7.108907396778245680e-01
3.732201852955838728e-01 3.451955570080230684e-01
6.909045337648400675e-01 6.243629575804403586e-01
7.774148601376204004e-01 6.273454907367871369e-01
7.715032497332109385e-01 8.028486037724261726e-01
6.927433473628459293e-01 7.679887179059290414e-01
6.493178889294081158e-01 5.785848532249099341e-01
5.862761268823153404e-01 5.107370808897853109e-01
4.676660217822819487e-01 5.169933817301280987e-01
9.613748257041393463e-01 9.162602417273445488e-01
7.020742267930386582e-01 7.422410844924256512e-01
6.040103660464544166e-01 5.654332776022923390e-01
9.833248932307144807e-01 1.070704445194262222e+00
7.581473291842666384e-01 7.158428396982277064e-01
6.491474960366548919e-01 6.919443005289621640e-01
4.017310170205665165e-01 4.378601117874511561e-01
9.726433282272018976e-01 9.440056350163997800e-01
7.273728622691916224e-01 7.935399473292651384e-01
5.891170955287385880e-01 5.653429489729091539e-01
3.423762864426364017e-01 3.119941845929131707e-01
3.565459918616065704e-01 3.439336525225044627e-01
6.744645037932446296e-01 5.950801365667157672e-01
6.087356593645982805e-01 5.634500936711546171e-01
8.560275857584712655e-01 8.055195007854830669e-01
6.823316457573468385e-01 7.273692378406612091e-01
5.592401090946242936e-01 5.328739427048815314e-01
3.977848847989450820e-01 3.426784565322760767e-01
8.356004668139263014e-01 8.071688974017185991e-01
5.336113755693213667e-01 6.658874242967406376e-01
6.106720972739106967e-01 6.390402106209224220e-01
5.772555849518089532e-01 5.591225466174837289e-01
5.291219769973706244e-01 5.254000958609871264e-01
4.356148084745080640e-01 4.959167760345049025e-01
6.808621305904931642e-01 6.119343094733087351e-01
4.888811743721152014e-01 6.663484905999398356e-01
6.821672784034634729e-01 6.883017716178266854e-01
5.897365323457834929e-01 5.700580822027088157e-01
6.729426133407608868e-01 8.233091068856753791e-01
6.851762867115631650e-01 7.119537046085429033e-01
5.488325147160961759e-01 4.741199318253470074e-01
6.585112100332157770e-01 6.398191672718136491e-01
8.398840817192225749e-01 8.892792074109741041e-01
6.788287263501251445e-01 6.738995269232515017e-01
5.855500981085205447e-01 6.869244154029471305e-01
6.338682861889088915e-01 5.280670445212947151e-01
3.873703366313771546e-01 3.384929553341513020e-01
7.212427757405792672e-01 7.831035954655742870e-01
5.117471402566552419e-01 4.672208003457697933e-01
7.477847775265387131e-01 6.802526531520707298e-01
7.360028779044244240e-01 7.954048861747927690e-01
4.941961745301223785e-01 5.730162334735575680e-01
3.988731001637847440e-01 4.312068005207966293e-01
5.778586833126085898e-01 5.591552377437890575e-01
4.204716985601033574e-01 4.675253637237604121e-01
3.522937717263177615e-01 3.532358533758601093e-01
6.011767460599556356e-01 7.109836980037412824e-01
6.922143114028922462e-01 6.574408325642717710e-01
7.084763552794549613e-01 7.533622238535487847e-01
6.711482276156963689e-01 6.667223903217607273e-01
7.819116283625078268e-01 7.113651607543669542e-01
4.580942205220970287e-01 4.995267966541180327e-01
7.526075490430577108e-01 6.526238784265021575e-01
5.109755393828376846e-01 5.649964177200612614e-01
5.352173510081092989e-01 5.735115783890827323e-01
3.130287871152322987e-01 3.421102291774742454e-01
6.570028592524627120e-01 7.643933365948637482e-01
7.185501732275058062e-01 6.958198471088367087e-01
5.542834625804859972e-01 4.813476915122478772e-01
5.415255191716282779e-01 5.911355981516505098e-01
3.635119727613513319e-01 3.981014536882970245e-01
7.364666878322367882e-01 6.720590078374153453e-01
3.560504425886572566e-01 4.176558900126623453e-01
5.002392089603977521e-01 5.151440567253799951e-01
4.759393256111598136e-01 5.490934898956546517e-01
7.301078954939699273e-01 7.410883354263015921e-01
4.684427013029811016e-01 5.588841145355049056e-01
4.583119765586189942e-01 5.704443777606811317e-01
5.302133578780706680e-01 3.622000288066631879e-01
5.012051523602503167e-01 4.816376043174187549e-01
5.401040820165857737e-01 5.748734247698134014e-01
4.189656334394279424e-01 4.923808822939508278e-01
7.349991408974352325e-01 8.344134977326096436e-01
5.934292402739864691e-01 6.073610634465478331e-01
7.013650549569118153e-01 6.687870976004891554e-01
3.104711177144613421e-01 3.404269104722873474e-01
5.701399337410107959e-01 6.211119458035413432e-01
3.470574322215642660e-01 3.828334510199938867e-01
5.488292036150252962e-01 5.386762812656658017e-01
6.140057136096999102e-01 6.370662150089061448e-01
2.228313099776631501e-01 2.761614061887440741e-01
6.248442009298799116e-01 5.357810963278889504e-01
9.026752124452401826e-01 8.311795526749197194e-01
5.272280651197486234e-01 4.703468385236582727e-01
8.680184805325428243e-01 8.133207485531059877e-01
8.516714896700499082e-01 1.000911217331032166e+00
6.524160680283400682e-01 6.391220088636114793e-01
6.636762572851769848e-01 5.502514279191149660e-01
3.871747944879680436e-01 3.723099908908029110e-01
7.384980352753173216e-01 7.222872143047603943e-01
4.983485080888402363e-01 4.698258881922408037e-01
7.483558750904174550e-01 7.793308595354090373e-01
5.612029449641070533e-01 6.047803301550472854e-01
5.587207804299224589e-01 6.821946166884570451e-01
6.140551539239067491e-01 5.453304324713132978e-01
6.141598350324610767e-01 7.017473494561632386e-01
5.373956624845808161e-01 5.048987064480272569e-01
5.191492446310486120e-01 4.652528373398120976e-01
2.816844925129655675e-01 2.388684566822652233e-01
7.454926575106383124e-01 7.759957591040319569e-01
5.811396511616170324e-01 5.478436552038244978e-01
6.169990760337188407e-01 6.566196440883099728e-01
5.208239326728283380e-01 5.042183377828470814e-01
3.359843975302561070e-01 4.146433980245348705e-01
6.025122320043406754e-01 6.577941443841673896e-01
6.907874706338191784e-01 8.154132215060200251e-01
9.561080386092812855e-01 8.759261920120924305e-01
8.537595819086137849e-01 7.633743671416491905e-01
5.103184652752575934e-01 6.119253392133449099e-01
5.211277070245199372e-01 4.539146518299144173e-01
5.457670214742608161e-01 6.377971847121667315e-01
4.395471485743349116e-01 4.201269189521152359e-01
4.204954639446673026e-01 3.946200926899234851e-01
4.053333311251617332e-01 5.221768361877020537e-01
3.329290864642469039e-01 4.707326681410244351e-01
6.193946794148628143e-01 5.923427132917218341e-01
4.511234892838792976e-01 4.286042205571784502e-01
4.623246276196086302e-01 5.088008462042309388e-01
8.293451534025921834e-01 7.530835068572447888e-01
6.747620398763032323e-01 7.095455038116764701e-01
5.405717025060204906e-01 6.744420197030335240e-01
4.314078993882080604e-01 4.227225992145438593e-01
7.151167953904726815e-01 6.274679611495235232e-01
2.592555802421451783e-01 2.427699932115450765e-01
7.140053699727850756e-01 7.350294257336984494e-01
7.323617561081124938e-01 7.980172697013746541e-01
7.655925990506584622e-01 6.306007509701974101e-01
8.656034634733242861e-01 7.044931286292219763e-01
6.543286854598314717e-01 7.613279937321372204e-01
6.237268017420587451e-01 6.095690189650622148e-01
3.557557924700550656e-01 3.294567396857607244e-01
4.902979707415692223e-01 6.368302257034391678e-01
7.755340526540832613e-01 6.929578761725723179e-01
8.445277918502496206e-01 7.259055383091779223e-01
6.764398034682808092e-01 5.766513335692862174e-01
5.215713484026384128e-01 5.726419538284758248e-01
6.197169144664986806e-01 5.180307207533294545e-01
6.189405928435323112e-01 6.612906248447996127e-01
4.122351707798293519e-01 4.676958076988820268e-01
7.109290190554887756e-01 7.147308423277448641e-01
6.126775303570840547e-01 6.050246113423142225e-01
6.617211100880971975e-01 4.899019668890073897e-01
4.427968798437471598e-01 4.929704304965905060e-01
5.790376535239772915e-01 5.142770199758851524e-01
3.900193699156423444e-01 3.803647911360771294e-01
6.553806304300614505e-01 7.041334290399269280e-01
6.033489137716383510e-01 6.138346464985415807e-01
7.648287305849560402e-01 8.350968758891202937e-01
6.749585025859974330e-01 7.251504317478052464e-01
7.463437398326628891e-01 6.225659493198856254e-01
5.417669866718236582e-01 6.063464599513116449e-01
7.411591445285873325e-01 7.451361717438772514e-01
6.045898877314630493e-01 6.403630172555285771e-01
7.565100091487458878e-01 7.951755585720808872e-01
4.580773604890094330e-01 5.146394718303617388e-01
6.696824998802701767e-01 6.236014249969974443e-01
4.942594078767291732e-01 4.708479595948487084e-01
4.782500120159232648e-01 4.537723130490667889e-01
4.119449472636799725e-01 4.682463069851252047e-01
5.129743460281193101e-01 4.887531646284064557e-01
4.600697528855442475e-01 4.359632567327668684e-01
8.509381051234247151e-01 8.267040950670828670e-01
7.938560170438070385e-01 9.036158587680892529e-01
6.606819699789961975e-01 6.739190682845904723e-01
5.631406432116237148e-01 7.147087254267163736e-01
7.225746080024839646e-01 5.981398043560690603e-01
5.214301013140502095e-01 4.146732133763877948e-01
7.133720255551070366e-01 5.940895506600687437e-01
5.018904567152905338e-01 6.056264224658441941e-01
6.094038668917246548e-01 7.992539429516291039e-01
6.685191949689157642e-01 7.360249493469877002e-01
6.484246335101836456e-01 6.954249091026859508e-01
5.257801855179919936e-01 6.667615255416925457e-01
5.889598799587647537e-01 5.647734461583395760e-01
5.710083068512034066e-01 5.292218264057931831e-01
5.919609883190167787e-01 5.547651647968790956e-01
6.588779685867937053e-01 5.781677385836049288e-01
5.466596805781316348e-01 6.589276331342557302e-01
7.541083046201542128e-01 6.964409291413107272e-01
7.775603152540508933e-01 8.189441156699932556e-01
4.359844004478134472e-01 4.825096828768372093e-01
1.082088017408817215e+00 1.048127927260520842e+00
7.717523033947779609e-01 8.374136208474427523e-01
5.395803127455734982e-01 5.434534996966525755e-01
9.215603207682232512e-01 8.409139633518445400e-01
6.782689585978567415e-01 7.079867795844256850e-01
6.199404381411789400e-01 5.900575368248145436e-01
6.500391476730879026e-01 6.611833044621610034e-01
6.831742168366801149e-01 6.148295480582952610e-01
2.697992024532265276e-01 2.462737458662414836e-01
5.681122579586207477e-01 5.517979984079920408e-01
5.525201075875416645e-01 6.275202486789761558e-01
6.368358169093788490e-01 7.022582846467504414e-01
5.409499245931634892e-01 5.187946498243618532e-01
7.074717420345095764e-01 7.080629852351920661e-01
6.359255357393458485e-01 5.521332577461066649e-01
6.594203118278388898e-01 5.697552503316299921e-01
4.335854707958209930e-01 3.891678509870806213e-01
6.655658829595042514e-01 7.903011793404132179e-01
4.951750654311086186e-01 4.886151694512823052e-01
6.980056587761989118e-01 6.695532294252564132e-01
7.667670244281178382e-01 8.388131611825700995e-01
5.548551681079141318e-01 5.141288331949309676e-01
3.295590946362686458e-01 2.572043024129326838e-01
4.981606377202853903e-02 1.731170843551720906e-01
6.483401108176607419e-01 7.003244384697195901e-01
1.029283763901910120e+00 1.124323254217175272e+00
7.082451511464974425e-01 7.514070777806461932e-01
4.893620128885630138e-01 5.157315119638011813e-01
6.875073960176480981e-01 6.038670705210631429e-01
3.662263540644035698e-01 2.930829560395183386e-01
5.434087552254687203e-01 4.876278642649734540e-01
6.177464000900506624e-01 5.572279546026542851e-01
2.880992478234999377e-01 3.532557391107391531e-01
6.134946592209301608e-01 6.186636931349608348e-01
4.450689146700957943e-01 5.253386228555614323e-01
7.929825035003265077e-01 7.948648278792459498e-01
4.732747031260980952e-01 4.547521290374555436e-01
3.707098142119706896e-01 3.924292955424789620e-01
5.834897470989541812e-01 5.839213034347385811e-01
5.375512379675526642e-01 6.032364682583015725e-01
4.967614052179245010e-01 4.825242582298613914e-01
7.937338770239678043e-01 8.136067839990229755e-01
8.021956543658310679e-01 5.979369704921118078e-01
5.502269462268217781e-01 4.343992714649396181e-01
5.646268114300868612e-01 6.602113374395667256e-01
6.217141325347381731e-01 6.236242553101594144e-01
5.840146726580968117e-01 5.178369396434039373e-01
5.638695653713414746e-01 6.246032268650179020e-01
5.163535649689802165e-01 5.273941466610384543e-01
3.423302065765042590e-01 3.831978765440665624e-01
5.159809271629058891e-01 5.586298801930691393e-01
7.692912044890021228e-01 6.988614592814832438e-01
7.198789283169995112e-01 6.787181904106713848e-01
9.851740715736221343e-01 9.329945452097454517e-01
4.692746003079283357e-01 5.392807980272008583e-01
6.268925920276728903e-01 7.144419155166772395e-01
2.435414324174441369e-01 2.458085604257191914e-01
7.240394557594863612e-01 8.126309608542535701e-01
4.259124516146987061e-01 3.411921909301210976e-01
6.826090545135423682e-01 7.146852212992957920e-01
7.200253128128775160e-01 8.455476976799853883e-01
7.292242662603098946e-01 7.138767929092610931e-01
6.292411394978122408e-01 5.634683856943291103e-01
4.805342741763697356e-01 6.755595330188427505e-01
7.395930963613018827e-01 6.835246597671099655e-01
4.065254460146470183e-01 4.820266121416380001e-01
6.432465325698548675e-01 7.280409451423723866e-01
5.568201099222417350e-01 6.103551259646585736e-01
6.613632358574965675e-01 7.594601486775571786e-01
6.267404273538526027e-01 5.393917958007758973e-01
4.692915419367499896e-01 5.473383323106042475e-01
6.051437702463728918e-01 6.612167385442151435e-01
5.269367224613098477e-01 5.698558719372021075e-01
6.278508439097703064e-01 4.835757220030201253e-01
6.383278318506155902e-01 6.592980917666264595e-01
5.272998419177088447e-01 6.131709125864457377e-01
8.687536145855677683e-01 8.642291533123699354e-01
5.781348142604936236e-01 5.600114369596360664e-01
8.163966015114274555e-01 8.253231680250774360e-01
5.234250789302219431e-01 5.723536975402245819e-01
4.938478719216540247e-01 5.185813823827228886e-01
6.463329815323817229e-01 5.888404763555619148e-01
4.708269583315607965e-01 5.308358518906270973e-01
6.022589465154848387e-01 5.481435101513003616e-01
4.247550492719302517e-01 3.568522366693615555e-01
6.242160299772530063e-01 6.544609971087669287e-01
6.911796872703113159e-01 6.882850752968225905e-01
6.800006262926484579e-01 6.147179198553033297e-01
8.633508861166943049e-01 9.167909884819755995e-01
7.606437943132728918e-01 7.400886273755986622e-01
5.195019539497173211e-01 5.613797313958749369e-01
5.055960768697512764e-01 4.661180580313855071e-01
7.369904090168023503e-01 7.332555489285853545e-01
4.637343888565897410e-01 4.584920192309224762e-01
5.243879587062438841e-01 6.048544032138518656e-01
4.711701543742531362e-01 4.821185903434566100e-01
2.969314915355532603e-01 3.010316046845746274e-01
5.057224754140416945e-01 5.496987430001762931e-01
8.445421781460649147e-01 7.109467928589496832e-01
8.363809584150980747e-01 8.131500375232589839e-01
5.057455566253392654e-01 4.541782777008041561e-01
5.124703892704347563e-01 4.921584790295482903e-01
6.265171417557963141e-01 6.042135997311742779e-01
5.811647217793032283e-01 6.509780469057282470e-01
7.187738001092429663e-01 6.181977597329364471e-01
3.514328520607893358e-01 4.979429054182781256e-01
7.042643556512843128e-01 7.736294383614102932e-01
5.710912648760222421e-01 5.954338015824391928e-01
5.288026196065420681e-01 4.134832509033574133e-01
5.639491247566141841e-01 5.358362631648936336e-01
5.569439293719744555e-01 7.083827681336640758e-01
7.441829270991411338e-01 7.681066858170391143e-01
5.395432592790595505e-01 5.679600640522152188e-01
7.383808973337649961e-01 7.444580702014119700e-01
6.436430314167147504e-01 6.324980757623397398e-01
6.756575035646354976e-01 6.981274655223219661e-01
6.575176191759840583e-01 5.716614446380111625e-01
6.320128161963782798e-01 6.872904291437371693e-01
4.476074820533995080e-01 4.350268645565880110e-01
5.095176644304446611e-01 6.219614651544489448e-01
7.953679515899639840e-01 8.029753425727540472e-01
6.318369171176672072e-01 6.491765244711866778e-01
9.296109260163745169e-01 7.383104688850241626e-01
7.657573927956256021e-01 8.055797850691897022e-01
6.541425557772638788e-01 7.925737388978174591e-01
5.328685653767998298e-01 4.346672634478705444e-01
7.755726561584324052e-01 8.465347298578593804e-01
6.235244263555888011e-01 5.613539547182118117e-01
5.325514341855127620e-01 5.488302048562668789e-01
6.475294521248371460e-01 5.676018526442407897e-01
5.843233945508754523e-01 5.138170057287803072e-01
7.676444405829092599e-01 8.383773661264910526e-01
3.853901229543472140e-01 3.553676273842812372e-01
5.780210290383629435e-01 5.551718649447172638e-01
4.645176902260066965e-01 5.503927014038330068e-01
4.006020886346264853e-01 6.005818545845462708e-01
6.510155105979926748e-01 6.581683496528594191e-01
7.395604779672192430e-01 6.321208784415529580e-01
4.823328738621779355e-01 4.995290861388274051e-01
7.163633220772253063e-01 7.161328914747920882e-01
3.996298625443856500e-01 4.701555446033378050e-01
5.682246790148638427e-01 5.304526283254754615e-01
7.364455286746062201e-01 7.435871723739745365e-01
9.251786454971255846e-01 9.019700032504465170e-01
4.650600059291328803e-01 4.948341235304895003e-01
6.436462331474895882e-01 7.044537347188676302e-01
7.103786710767846513e-01 6.941014466357681156e-01
3.662755866086918610e-01 3.110765173046233789e-01
6.133073233951392700e-01 6.111120983551293628e-01
5.564892577095025272e-01 6.177302670997516509e-01
4.832955748940057084e-01 3.938717771025248005e-01
5.118543469808446433e-01 5.488941515632036472e-01
6.956864074900787065e-01 6.776528134668070580e-01
8.007772333590210678e-01 8.349774140503514186e-01
6.668183225013291082e-01 6.837753796083589908e-01
4.821105286603043494e-01 5.607383027910594064e-01
5.225339003481126454e-01 5.187276413699570821e-01
4.111932738142671795e-01 4.902482585943722659e-01
4.819212698785341753e-01 5.363025558547004357e-01
7.672501707693829553e-01 7.222865817175004866e-01
5.365271202858413746e-01 6.312287571849602985e-01
2.860170330277667650e-01 3.856005761399520781e-01
5.345742533147154196e-01 4.022005373848215326e-01
8.096430745506505433e-01 7.048894486967497430e-01
4.286893204025607473e-01 5.008122418639413542e-01
8.130175688768148667e-01 6.734036976768054128e-01
6.432633462506029964e-01 7.483431033931899901e-01
3.362604428514488486e-01 3.536035937783279515e-01
7.764970015812634463e-01 7.743321754339217433e-01
2.837107470485782934e-01 2.709403798551041631e-01
5.033497836303219009e-01 3.948292564300237562e-01
6.342508014949715944e-01 7.222852851028106480e-01
5.188580063863470482e-01 5.673595158176034658e-01
7.570665836366866630e-01 6.760997294414660130e-01
4.849537628393387201e-01 4.907546378839466317e-01
6.728364671007805997e-01 6.243004510377575533e-01
5.771048327146850454e-01 6.982843894173964561e-01
6.105729217660916808e-01 6.247286025842621049e-01
6.365348996037166751e-01 6.512418089336718952e-01
5.598709344438398405e-01 6.733701197686402518e-01
4.661749250395416100e-01 3.450073229771583039e-01
5.772023967629805741e-01 6.677926878711647474e-01
7.843981572487600529e-01 8.070051349659118634e-01
8.594635668277597063e-01 8.164473914372341046e-01
8.513925735730424327e-01 6.687489453396654460e-01
3.319201828179506597e-01 4.108080883990343768e-01
4.454770172958515406e-01 4.785264049541675391e-01
