5.931953244947082426e-01 6.248297594986991221e-01 6.866221850513836156e-01
5.287263405759083934e-01 5.376882439521243340e-01 6.580893649465296980e-01
7.694172083314277932e-01 7.530376688589158762e-01 7.424263338531430501e-01
4.580548881797089078e-01 4.350580788114834507e-01 4.205091783488203450e-01
4.988283533934325109e-01 5.189253293164227676e-01 4.387641267593886396e-01
5.990649193884384216e-01 5.342466402348454713e-01 6.436826653338056925e-01
8.227761842749133914e-01 8.368429993525444699e-01 8.029084736841185510e-01
6.964114138879056171e-01 6.216999119942347996e-01 6.236908139048494837e-01
7.485299921155457170e-01 7.132462652448963158e-01 7.007465708745262978e-01
5.136767088221367850e-01 5.622308077286549688e-01 5.402880367797034955e-01
3.911595128340100702e-01 4.541827006074857231e-01 4.862749440993986982e-01
4.823613206418430055e-01 4.795707084841485668e-01 4.535204901874512196e-01
5.711970283257811198e-01 6.344014946462795956e-01 5.827105531571854513e-01
6.558426731529675147e-01 7.139490183168351045e-01 7.064796554804994022e-01
4.421649051826658794e-01 4.125464271412052075e-01 4.771924881395934182e-01
7.530892554630026492e-01 6.893546393486882362e-01 6.850759690585958017e-01
7.194970598199392775e-01 7.816021522564039481e-01 7.434710540118205646e-01
8.077969354596691298e-01 7.850584383004372002e-01 8.151220714398662581e-01
7.770434750674777291e-01 7.718101722455427138e-01 7.324305885093634894e-01
5.805744477279679572e-01 6.570265272325392925e-01 5.994028857849549308e-01
5.088136689062711104e-01 5.282989533513769986e-01 5.012577524566911302e-01
3.025834222680439112e-01 2.692511189454040998e-01 3.112590724236069528e-01
6.439627112985526480e-01 6.036045558222111751e-01 7.328256991200388093e-01
5.910708944507843121e-01 5.521163829425688174e-01 5.453479505987802733e-01
7.331422588662588335e-01 6.881131303113406927e-01 7.379827815436027505e-01
5.468250861618854097e-01 5.545454975965551370e-01 5.083776572927689585e-01
7.232274554487932994e-01 7.636721253694348510e-01 6.697908501428190275e-01
6.118110511218666225e-01 6.327171369394765099e-01 6.611034486983886627e-01
6.071765458960056705e-01 5.633595791898038385e-01 5.800689352399309717e-01
4.135959750525450840e-01 3.803153650795387253e-01 3.992773297294150980e-01
5.679092187948545645e-01 5.287287678921132050e-01 5.725504721283016796e-01
6.006726868240240824e-01 6.141886336739235119e-01 5.711611192028959172e-01
7.041792570407062746e-01 7.311671720197233659e-01 7.263153461740462502e-01
6.582755004170117719e-01 7.632426670905463340e-01 7.043810710467356406e-01
6.169657884758541488e-01 6.080084464010726553e-01 5.581272949876523448e-01
4.967857190486671404e-01 4.980831696623079785e-01 4.210896729459618348e-01
5.179650607133108320e-01 5.324923594349861844e-01 4.939393891817614457e-01
4.948241761071248690e-01 5.213063420378212243e-01 5.044679787900093748e-01
7.269558195402954226e-01 7.101925527879683342e-01 7.403897650885320481e-01
6.996708216400121527e-01 7.422200100062847916e-01 7.084567238216245011e-01
6.305937542906069337e-01 6.161862743510262419e-01 6.228360095333166369e-01
6.722594843856344315e-01 6.870891033944839243e-01 7.046966035851659482e-01
5.346021150876660855e-01 6.007387767973101367e-01 6.571132840264028996e-01
6.919587052980713526e-01 7.255990560583148730e-01 7.252694754168280689e-01
6.455635120529272797e-01 6.744343509734630482e-01 6.638140793538489515e-01
6.073068076870687948e-01 6.466279112276218655e-01 5.782999926663762169e-01
7.383707050247267922e-01 7.826091689209315749e-01 7.893370736148214162e-01
3.713028482580906231e-01 4.010615207226777557e-01 4.342744065653499907e-01
3.529181380204513552e-01 4.442116734614778850e-01 3.612555629022091153e-01
5.338162087946068945e-01 5.195491093062284405e-01 5.530350572824106470e-01
7.491358326615428220e-01 7.325212984702381691e-01 6.892959732954641039e-01
5.639271217832561023e-01 6.088909900858761048e-01 5.479455172762829340e-01
5.914197121260842405e-01 6.534157907453242986e-01 7.072685656579512647e-01
6.885859948659197594e-01 7.213171415438536238e-01 6.436729061727411993e-01
5.957804198059970524e-01 5.124770872391896104e-01 5.432875232395049103e-01
6.905522702909905330e-01 7.223908683288876587e-01 7.775127011739781935e-01
7.605797931930817768e-01 7.349169276877994816e-01 7.559497758513831212e-01
5.537010316651787001e-01 6.063829351448679628e-01 5.454174899032213641e-01
4.847208997799266061e-01 5.229974691370143924e-01 5.414996846456456847e-01
6.269268483016933180e-01 5.162077590609259747e-01 5.866838986083160457e-01
4.980587395225375413e-01 4.761294204521099860e-01 4.538293595646074041e-01
5.852839054656061579e-01 6.286697621908948763e-01 6.508384686720708467e-01
3.953599580203717712e-01 4.056338384971723277e-01 3.761695001600661170e-01
7.581123599545601666e-01 7.282465518422241990e-01 7.297349622329107888e-01
4.465916370998822549e-01 4.725115956026366693e-01 4.414393057924239083e-01
6.424381302711881236e-01 6.035104388881900039e-01 6.350021223181243624e-01
6.745726409016046254e-01 6.830798887733083857e-01 6.863063052470133041e-01
7.462099289198325103e-01 7.573033052310311763e-01 7.886521329057981644e-01
7.479030919819011913e-01 6.329964374373349134e-01 6.589266580387934669e-01
6.750864569721789499e-01 6.719537619643314308e-01 6.333451070906883640e-01
5.296075435505387397e-01 5.413920756306933590e-01 5.093129010249433097e-01
6.656058705261715946e-01 7.070097370699995887e-01 7.113805250423452797e-01
4.569712134283981930e-01 4.221377167691849897e-01 4.680286318608009588e-01
4.962060772664353969e-01 5.878211779317893404e-01 5.686079805849054702e-01
6.337643368119517673e-01 6.412631629923508658e-01 6.167801701963335770e-01
6.842784382945863442e-01 7.432999122250562030e-01 7.265374582569495976e-01
5.861425512807942884e-01 6.121827982951364433e-01 6.553833345852284609e-01
7.569104112798048511e-01 7.713645218305229534e-01 7.729421658060662281e-01
5.252645689825704567e-01 5.575856266714203091e-01 5.171830905509905429e-01
5.191380962156374457e-01 5.975084690998879733e-01 5.748311407183223087e-01
6.820680445152234039e-01 7.539351497496566967e-01 7.687245599373523364e-01
5.729364300296190260e-01 5.601890505187282487e-01 5.609416712056302101e-01
5.799325603766108950e-01 5.790247347930259636e-01 6.424248249357558116e-01
6.618210184306229094e-01 6.856278618644209288e-01 7.818980086768175797e-01
6.507785132705639075e-01 6.399093576044763143e-01 6.467695438232969884e-01
5.570549280541625681e-01 6.242381864566578509e-01 6.294674102215355171e-01
5.939536031130041582e-01 7.108679142312789301e-01 6.070903905952597102e-01
5.925452159950151954e-01 5.964391194623828163e-01 5.726088681966624572e-01
5.328508576771101568e-01 5.266870515205344105e-01 4.727706537374539719e-01
4.985372142294073328e-01 5.929756198444233739e-01 5.329897787844902757e-01
6.491727540391821760e-01 5.963678894561260657e-01 6.235088035282035923e-01
3.655118056356472800e-01 4.025957090480780098e-01 4.087655186139635966e-01
5.357711052964927445e-01 6.063440394872630090e-01 5.871468480988665251e-01
5.704852752476294864e-01 5.837519736579417362e-01 5.407667794820604223e-01
3.862931597943897732e-01 4.564854315319017974e-01 4.678848000327281986e-01
4.072587582733401823e-01 4.524132637741299368e-01 4.696059235561643730e-01
5.691034026294181647e-01 5.595589753052341297e-01 5.561567348582019399e-01
4.881518157013657322e-01 5.399935446855932408e-01 4.956166240882663443e-01
7.573139909917487866e-01 7.617508843733645785e-01 7.375760710645430374e-01
6.176342051377283759e-01 5.762377913651476335e-01 6.347875914030622901e-01
7.418959176596919836e-01 7.494789516431731302e-01 6.884814935337276731e-01
5.887002189472951841e-01 6.258348577469836638e-01 5.676033951702144087e-01
4.339590330739829804e-01 4.511564247413767936e-01 4.407825899163732575e-01
5.470656629594881082e-01 5.349833103649584976e-01 5.031670657410398650e-01
5.122868000146789669e-01 5.151842424751794658e-01 4.671714494868771661e-01
4.657470130992947821e-01 3.969657110347863949e-01 4.415740737032611829e-01
6.679744773351921072e-01 6.708852879507022360e-01 6.261214875381079237e-01
3.466290561523420188e-01 3.428273392173467049e-01 3.580865456108306977e-01
5.547742433159057462e-01 5.616600300382101896e-01 5.671265462053276529e-01
6.065551021966721912e-01 6.345812814698658100e-01 6.121959916981163374e-01
4.231983380515749182e-01 4.279589673153297302e-01 4.448803708773169663e-01
7.634094256913716015e-01 6.824269404715623821e-01 7.787265039572688341e-01
7.539944523818439270e-01 6.469723187590913360e-01 7.184610479242089509e-01
5.698787523299095881e-01 6.159878397434691566e-01 5.566852812258150651e-01
6.163476182249547630e-01 6.358367619282226935e-01 6.054480066433461927e-01
5.183326103977219379e-01 5.855806673029015919e-01 5.223463970146074997e-01
4.317620963976646076e-01 4.638558366648182774e-01 4.535801259406883057e-01
6.569223129347775414e-01 6.701527193817098382e-01 7.108169388416963885e-01
6.543339352931000219e-01 6.775458145116540765e-01 7.123462548434507102e-01
6.092257665113324228e-01 5.680038347204814375e-01 6.237962581826625996e-01
7.480542022918728051e-01 6.940863776390733264e-01 6.618697185428280561e-01
5.563094317842262049e-01 5.559107516816718109e-01 6.335691327045184229e-01
7.327938408146137395e-01 7.592678234825044337e-01 7.581751454492148268e-01
7.403322809051264830e-01 6.721338586285170447e-01 7.403970900894716323e-01
6.082497424958948073e-01 6.064872944059318538e-01 6.283599879671208921e-01
8.518621359677732707e-01 8.153774019656798711e-01 8.920947387783209059e-01
4.722871316933152097e-01 4.970023354922372683e-01 5.537553056878922186e-01
4.248343197863999054e-01 3.994106008601859825e-01 3.330588753876089769e-01
5.020977682194476266e-01 5.142714107397489132e-01 5.109455784530241296e-01
5.201268694208759369e-01 5.568248252706051726e-01 5.588257764617529100e-01
3.852877379938569047e-01 3.388555323364574878e-01 4.168226715341490363e-01
5.493682582422581007e-01 5.653380556963079062e-01 5.186022005285103598e-01
6.289435708829532734e-01 6.777738023691399771e-01 6.350966846323070625e-01
6.995668678298908594e-01 7.168814994501275795e-01 6.711294926940482020e-01
5.011945864989214572e-01 5.568014191598307239e-01 5.547217898901217747e-01
6.267320529063623580e-01 6.703035147208867839e-01 6.407435827174745580e-01
7.145637336732435507e-01 7.098837585397086425e-01 6.761140320229120926e-01
6.074185941066494454e-01 5.950341419594173953e-01 5.640208192877425031e-01
5.003041102212157920e-01 5.348680565960038935e-01 4.892127043615456805e-01
2.459119688999415465e-01 3.286249993392705293e-01 2.888254465220144174e-01
4.844051380761363879e-01 4.742551653309132198e-01 4.506957750053660616e-01
5.646437437354656641e-01 4.924211496872667460e-01 5.475492287892345100e-01
4.229449783123183093e-01 4.801736135060722943e-01 4.234797158418767138e-01
5.113212444843573401e-01 5.223823529243477592e-01 5.163204467075710458e-01
5.697283619979464087e-01 5.510407552387166508e-01 5.908899080862773934e-01
6.702271865186634203e-01 6.619894933327190589e-01 6.679246603580348829e-01
6.736712062008143320e-01 7.044046749184893486e-01 7.534252283582448806e-01
5.356420704993477555e-01 5.092835902773894530e-01 5.169558855619459381e-01
6.066114905994781648e-01 6.508162189202237879e-01 6.421966271206355215e-01
7.978571893955068717e-01 8.587340228386109997e-01 8.129102861546962933e-01
5.694627072789060218e-01 5.520141784019919617e-01 5.910326531357465996e-01
5.570185731584583744e-01 6.550626445491558592e-01 6.458098870237548583e-01
5.382013884352557787e-01 4.914612001755862547e-01 5.009497838846447282e-01
6.112427392777237678e-01 6.034274975692111020e-01 6.105204183917247729e-01
3.806779310417157669e-01 4.668731551995691231e-01 5.181192173311455207e-01
6.102586760626994566e-01 6.304604506898336957e-01 6.168969640197359272e-01
6.510964351151264928e-01 6.539181911645034484e-01 6.615872434108555078e-01
5.253522577083670209e-01 5.361410491930322930e-01 5.288084206603007598e-01
6.926593090451363954e-01 6.549161412374253644e-01 6.969485763815771451e-01
7.466919213515786913e-01 7.201831756321399602e-01 7.322728132959465119e-01
5.309706492388619470e-01 5.643930837017316904e-01 5.146581188804689733e-01
6.681580634992526635e-01 6.260997751706340875e-01 6.573404073991184760e-01
5.193852798849201147e-01 5.135322723534825329e-01 5.331383817395872748e-01
6.270910543337666621e-01 5.522794183631269949e-01 5.827712942947234076e-01
7.295014960065507870e-01 7.628991623372761710e-01 7.428416934735876387e-01
5.861126938201947079e-01 5.711711355037126792e-01 5.716700026081588115e-01
4.429812132614771025e-01 4.633778320581304899e-01 4.197213077613176080e-01
5.324234001081777912e-01 5.475937117542681865e-01 5.871273321449771432e-01
6.077451033745375764e-01 6.330222235165663403e-01 6.437439144577021821e-01
5.985832234281543984e-01 5.891800211185098668e-01 6.163942724027525744e-01
4.168846667157427022e-01 4.046968026483770964e-01 4.839069155630994490e-01
5.243017230729907219e-01 4.976107937026009176e-01 4.771829116709339069e-01
6.634307123181812926e-01 6.300254362527522023e-01 6.358581683304818100e-01
5.365540200240503932e-01 5.423919336699846161e-01 4.271273062633708650e-01
5.162253411412376369e-01 5.158426625254498576e-01 5.299819240816691091e-01
5.467317059021236103e-01 5.878462626777097855e-01 5.772789938739818494e-01
4.513882938503679387e-01 5.079546230502863802e-01 4.395040507534295759e-01
6.663880651145718259e-01 6.883096424039728545e-01 6.663221149945935950e-01
5.696811261047185493e-01 4.986950634346876132e-01 5.297107649885088865e-01
4.384731425556613882e-01 5.001741041351311923e-01 5.140905652558594996e-01
6.060570027815965766e-01 5.512158166884187915e-01 6.573985837943472355e-01
5.347512631724405940e-01 5.707541878025740312e-01 5.426825732733235874e-01
3.608760336349006725e-01 3.959239430149241734e-01 3.916795525841160197e-01
5.865556265783221646e-01 5.543528653250480165e-01 5.756677290476513997e-01
4.047337316419638009e-01 4.180020114928438280e-01 4.185002769408263656e-01
5.108214084891649076e-01 5.135973228006649460e-01 5.397915744858552412e-01
5.785674075024765939e-01 4.912438830853089744e-01 5.389481522908425859e-01
7.277359407936377922e-01 7.683649194912386404e-01 7.790787413610630319e-01
5.211502471856633845e-01 5.780148062053321878e-01 5.669228856646102432e-01
5.728659604733881139e-01 5.640165108630478263e-01 6.049497476203177238e-01
7.090706745993557991e-01 7.167156154064125984e-01 7.794570019863233945e-01
6.410599870204161110e-01 5.738167587394304991e-01 5.947518676000123072e-01
4.016392072969526272e-01 4.608218718578543371e-01 3.746042431568130660e-01
3.563448342005203773e-01 3.614923827256044109e-01 3.743054157546782945e-01
7.562522287940277588e-01 6.696657496830474843e-01 6.945794026351033157e-01
5.865390935677053941e-01 5.822199803205100332e-01 5.983783303371033035e-01
3.996847429605637769e-01 3.888630601720608482e-01 3.127368956600112826e-01
4.898153790930753759e-01 5.063118075371549898e-01 4.812919045854230915e-01
6.368155102508942234e-01 5.825028890836461137e-01 5.940080759261114896e-01
7.284010043311517357e-01 6.902362728470373687e-01 7.834837016213762606e-01
6.128121262671171188e-01 6.918389878050396069e-01 6.786234540441097307e-01
4.693438293943211770e-01 4.138369970355055272e-01 4.408744387249895480e-01
6.274725257509301546e-01 6.153948251460378271e-01 5.591609111008208899e-01
5.972167170366891042e-01 5.050749686688492668e-01 5.910228275323278213e-01
6.382724038346847539e-01 6.428409005860443726e-01 6.446762430568884206e-01
5.735518819987044381e-01 5.159317874409635740e-01 5.551182081324876894e-01
6.341382556323466035e-01 6.239232259760213450e-01 6.135928946172500842e-01
5.502436345024271924e-01 5.729884672357374864e-01 5.795008773344221265e-01
5.263085792709211175e-01 4.644831237914608391e-01 4.926624953831361120e-01
7.238582885133361122e-01 7.806105687363672496e-01 7.522682340386844801e-01
8.275978910533021704e-01 8.293157355454684465e-01 8.385972095263376502e-01
8.678469283680309010e-01 8.605875146146962917e-01 8.979436902394660747e-01
5.100041056184237975e-01 4.620423396942085481e-01 4.755696801662094297e-01
9.164251989761079686e-01 9.146105549190867157e-01 8.829932176920776143e-01
7.243279412559832098e-01 7.498417059346030866e-01 7.293334001540828782e-01
5.347975226522472258e-01 5.217983567384428811e-01 5.532951174324561849e-01
6.461948679813170893e-01 6.524405876423663431e-01 7.059916459219723883e-01
6.573115055560101450e-01 6.297090084251132369e-01 6.545792903165602583e-01
6.375152717614597231e-01 6.229267202985354634e-01 5.491492327278028052e-01
5.829431332197620996e-01 5.405534793786859193e-01 5.748933010533497923e-01
6.260089090291580671e-01 5.895262073097070621e-01 6.357682309571076607e-01
5.223029256282341048e-01 5.202416384314932918e-01 5.047670960060454126e-01
8.316248231748496478e-01 8.537302525409268261e-01 8.574682082438230823e-01
5.080941852168858741e-01 4.315495446981580940e-01 4.174400650599529583e-01
5.935676109631875530e-01 6.527537374805398862e-01 6.200895279159083229e-01
4.526795983282224101e-01 4.699614079619670037e-01 4.618870283128350129e-01
6.205539796754137027e-01 5.368055141837068112e-01 6.067290455566650698e-01
5.987132900598250984e-01 6.122844787067840411e-01 5.604257550522017128e-01
7.704446203678572136e-01 7.249871462655015364e-01 7.110603148574576871e-01
6.432186148816767535e-01 6.110155822980121165e-01 5.630189498118366442e-01
4.587957365615822347e-01 4.755301712441336037e-01 5.151399078545415566e-01
5.077670213803251453e-01 4.330491221418559245e-01 4.774632172611735226e-01
5.789701711825170349e-01 6.243431250238665742e-01 6.527064271669277273e-01
5.511208372940225031e-01 5.973020237558824830e-01 6.904267272791683174e-01
7.657632152503118794e-01 7.269863890133096973e-01 7.619539577687945986e-01
3.011121921897683684e-01 2.668934557296417931e-01 2.810001705958576901e-01
3.108191290485823322e-01 4.135169463964543102e-01 3.962706612611627821e-01
7.158210924257040197e-01 6.515857394733727270e-01 6.992481640554955025e-01
5.948852323953561783e-01 6.038790595451026810e-01 6.023365147623860327e-01
5.468447189175267287e-01 5.856521996132116881e-01 5.981133569735518352e-01
6.894911005427204476e-01 7.029255200031490070e-01 6.789429610751865907e-01
4.461615880245994314e-01 4.711742206864934501e-01 4.326872589463971464e-01
6.740369425383927471e-01 6.390607443671583177e-01 6.189709997285702814e-01
7.317730481957622768e-01 7.488837990721601834e-01 7.232644808584908214e-01
6.554124897018759333e-01 6.850760774100694839e-01 6.562792511093664682e-01
6.279270570465936840e-01 6.239802164739430834e-01 6.273013366795335832e-01
7.782928221651056466e-01 7.569384732037534036e-01 7.658079984784947891e-01
4.877701738397876019e-01 5.060738301322853516e-01 4.499177813303147366e-01
8.170406471709065199e-01 7.349703227543978867e-01 7.553112713469580797e-01
5.020233762384362919e-01 4.572647391532718153e-01 4.308359176431670323e-01
7.512080422521044687e-01 7.721017499175536480e-01 7.420218239712088604e-01
5.294292108837034272e-01 4.442354491102662450e-01 5.529300557264841265e-01
6.234202553635028732e-01 5.620341696979980206e-01 6.209363733396230378e-01
5.322423712811593655e-01 5.153902395406381176e-01 5.143869544549349859e-01
6.632549986613752724e-01 7.577353544560320175e-01 7.628993924478374433e-01
5.197750392800254415e-01 5.100940551151765812e-01 5.879241371021548535e-01
5.455083598309991011e-01 5.238818509320395389e-01 5.751136666465196390e-01
6.522682707931807267e-01 6.669708963264631141e-01 6.269025849176458332e-01
5.875694576673479164e-01 6.331480741931070355e-01 6.220826464496717056e-01
6.798809061269117660e-01 6.392850600320488796e-01 6.244476788035939752e-01
6.587203571610276143e-01 6.072657623386146231e-01 6.089158407904278203e-01
6.064038995052871694e-01 6.837637666926595914e-01 6.208280278943387742e-01
5.095825472806433387e-01 4.990777174672590966e-01 4.637405632198909333e-01
4.487282019769278096e-01 5.387437903201188760e-01 5.133647692997888035e-01
6.992739708135031762e-01 7.034102212425867862e-01 6.988615193985638907e-01
6.868256594264227077e-01 7.090682325797083019e-01 6.517075030015437864e-01
8.168083839961722825e-01 8.300643913967981069e-01 7.800056975258047309e-01
6.109166313135406812e-01 5.958624985646723271e-01 6.374008984157187863e-01
6.834222682677947303e-01 6.712111601267540806e-01 6.933295035493002301e-01
6.674753884268834758e-01 7.272737161611012580e-01 6.951368646988053124e-01
4.243398725741586164e-01 4.680889726184109811e-01 5.053607149637209250e-01
6.208882863158036169e-01 5.370171704235796595e-01 5.637978313959706167e-01
6.838568120453907273e-01 7.238923778563424172e-01 6.722201543213270902e-01
6.562605762279914989e-01 6.586708901533228078e-01 6.419785653524193725e-01
6.192660063097306100e-01 6.229042537472623264e-01 6.074248810641116325e-01
6.087202833081498676e-01 6.456407653480294995e-01 6.499127979685372924e-01
6.639747659941975799e-01 7.079039427892147573e-01 6.655261723378529393e-01
5.244033542254672442e-01 4.712668163387352949e-01 4.867378165809414514e-01
6.790597282313753924e-01 7.707411103877124248e-01 7.276789652617854376e-01
6.905533038640238042e-01 6.725085571017623831e-01 6.655312081849605876e-01
4.431711870616771298e-01 4.552279958222679168e-01 5.067921489789836142e-01
5.346794572380155763e-01 6.251806529969353710e-01 5.407834282131707138e-01
6.844113827229062474e-01 6.573311076258931962e-01 6.553021034041173198e-01
7.508195231797594182e-01 7.956484814504903857e-01 7.378627339695771337e-01
6.444176038074789226e-01 6.257234782479442758e-01 6.790292943798698078e-01
6.272410181351043557e-01 5.604434363125331275e-01 6.386481193955581004e-01
7.074594402977382179e-01 6.107888768973525062e-01 5.782263474703951411e-01
7.224412283025533066e-01 6.374868168216192288e-01 6.376601776269417154e-01
4.455123728947073536e-01 4.324816875523922466e-01 4.860113248049844348e-01
7.611138372102903560e-01 6.601957697305482764e-01 7.150259960333673614e-01
6.359717651574515740e-01 6.007990989412054228e-01 6.112533924018899167e-01
5.904339697287108724e-01 5.189830314511199028e-01 5.290372596628643009e-01
5.574933203888011723e-01 4.957713067341138480e-01 4.784603407532236341e-01
9.233928049563318030e-01 8.713084434801450229e-01 9.125291589148915028e-01
6.986546474995796174e-01 6.714262463250920687e-01 7.023825881794915071e-01
6.208807305661538933e-01 6.541481978877098369e-01 6.441905853026425044e-01
6.055801692790315771e-01 5.725972868794858561e-01 5.970701992467113417e-01
5.364351672622467149e-01 4.617356024270075632e-01 5.159782008415383370e-01
5.993748880608469332e-01 6.199986167607643983e-01 6.781303304040466884e-01
6.693173125358344855e-01 6.809176342707845553e-01 6.316070816667022081e-01
3.907211911959178052e-01 3.363000949844446863e-01 4.056642952485212672e-01
8.042834989972007520e-01 8.148470967524640285e-01 7.869761993545753009e-01
4.682471487961040735e-01 4.058696130652693634e-01 4.356588049478470892e-01
4.812526111597713596e-01 5.836641281133853054e-01 5.664744646822579277e-01
7.341707951896313533e-01 6.623440054297187185e-01 7.499015751259904272e-01
7.555558842407049669e-01 7.342730159348409558e-01 7.875116409878980539e-01
7.779203767470964648e-01 7.802840294034131263e-01 7.628546570783096836e-01
4.506656510457600073e-01 4.893359346888974670e-01 5.052169437680037456e-01
7.015189263194068214e-01 7.009512992767327200e-01 6.903799967846652175e-01
5.905151133262211971e-01 6.206143692557781755e-01 6.227837789496131204e-01
7.672834463371441815e-01 7.047738251344161098e-01 7.479829488717485431e-01
5.718474066381725729e-01 5.408956096730875851e-01 5.018888473216284174e-01
7.501734798137235094e-01 7.147952594945341520e-01 7.527262681139162970e-01
7.224841859983939241e-01 7.181442044690475868e-01 7.314741318738063880e-01
4.750529230671816650e-01 4.485555426157294412e-01 3.953928351936046304e-01
8.262648283888396339e-01 8.124327977443888127e-01 7.800315401971534834e-01
5.869867772618190260e-01 6.777014099989633333e-01 5.841764390875746615e-01
4.990681877069572669e-01 5.235596332294287780e-01 5.806222376525377316e-01
5.656539555876234360e-01 5.970631003222792721e-01 6.287277482364420633e-01
7.004017719596246083e-01 7.209060002476442852e-01 6.847370645960455526e-01
7.485879901708616391e-01 7.807713764969755887e-01 8.011877022685932603e-01
5.889148117418271378e-01 5.595924801447224040e-01 6.252207548290376060e-01
5.580254850013175449e-01 6.097553792466030576e-01 5.557981761506313179e-01
6.753497443745174467e-01 7.380384788251903583e-01 7.858823740931517587e-01
5.646554433301371745e-01 5.699072423653070985e-01 5.592096192996904858e-01
7.121820679746784233e-01 6.755273325253884353e-01 6.881758041466218279e-01
4.970976340229437129e-01 5.032377221704407155e-01 4.717756453916548964e-01
6.446822386734334387e-01 6.859631952937274013e-01 6.922841206336521891e-01
5.216374292480827624e-01 5.898817272474627948e-01 5.318699150849636181e-01
5.698942089384081422e-01 6.398406028357281894e-01 6.243871803736482651e-01
4.315749848778862030e-01 4.061276068708459808e-01 4.365294153679194489e-01
6.539040508395084217e-01 7.370168942725016104e-01 7.037747611427572769e-01
7.883998902931609321e-01 8.523934287590769765e-01 8.385338853582439134e-01
7.753680504003390705e-01 7.859661556037559338e-01 8.286681597772180830e-01
5.292980170604338896e-01 5.540285573337951908e-01 6.224911216116673085e-01
3.925945899693845664e-01 4.178468852492794872e-01 4.023948471852881736e-01
5.812317471761369037e-01 6.138340088550201523e-01 5.867953933907660291e-01
2.339631422177682885e-01 2.272708656221090473e-01 2.755574817203058080e-01
7.074904631707652491e-01 6.451877519759875446e-01 5.920498903580684313e-01
6.200364182299257232e-01 6.216852086604067740e-01 5.513600840782149071e-01
8.813161731375401819e-01 8.820866871429681177e-01 8.096341254348099481e-01
6.608422869522149190e-01 6.814662724648663517e-01 6.610706208350448643e-01
6.562124529649362437e-01 6.971607356047468951e-01 7.059057759668513343e-01
4.731510816391000240e-01 4.722197882233926669e-01 5.064198754485239595e-01
5.392347850983448820e-01 4.952622027427930895e-01 4.526361162180465580e-01
5.869224869158566893e-01 5.560543966236198843e-01 4.924995679573667684e-01
6.262206823471284656e-01 5.611311004960094495e-01 6.083329688576145644e-01
7.098879249754465048e-01 7.346354547893668707e-01 7.289598020977473558e-01
8.675758113646041547e-01 7.061983942675381654e-01 7.975627715145253704e-01
4.585819673060737012e-01 5.144360521706687894e-01 5.073137128625910819e-01
5.964374676503105821e-01 6.167901249877827397e-01 5.822702675188342614e-01
5.338259167309871156e-01 4.888041966520495496e-01 5.722616616861938565e-01
6.211264420499088557e-01 5.677574145239621117e-01 5.858876904113577977e-01
6.537149953011726078e-01 6.965554814272663098e-01 6.775082943004313574e-01
6.029058415804787741e-01 5.398351502542074742e-01 5.355695072763451137e-01
6.320599790772122306e-01 5.576469355390216709e-01 5.928450319757500031e-01
4.701173527835182386e-01 4.451269198227086887e-01 4.109891026883962240e-01
4.319259062319497078e-01 4.171085413524868168e-01 4.578980048037813999e-01
6.481403244439167821e-01 6.764926470264921443e-01 6.315722742478272478e-01
7.389400535654837565e-01 8.277810389418982506e-01 8.024454621994385750e-01
6.099581238697219243e-01 5.305205352609940750e-01 5.242207116084359741e-01
5.289940566780094722e-01 4.935890892559643417e-01 4.946994340733595896e-01
5.474944353293724753e-01 5.124018176991682605e-01 4.814901656514607997e-01
7.658605956648443236e-01 7.042359266677570284e-01 7.050925656685040899e-01
6.074973656258360055e-01 5.738833496665789458e-01 6.037495767568487048e-01
4.897219625466682769e-01 5.003020483851209343e-01 5.167244982478536031e-01
5.797048239609908782e-01 5.867373211257983501e-01 5.678707527231316998e-01
5.471831284030973519e-01 5.563535877801384366e-01 5.993816316262429167e-01
4.806908099969668391e-01 5.308217738171018274e-01 5.538598208485466801e-01
4.867762371422450496e-01 5.332547618894022401e-01 4.624334125322481781e-01
5.603877645872240576e-01 6.446906877835502092e-01 6.730531938130092096e-01
6.324781726702592977e-01 6.855887176529040783e-01 6.467754369516897084e-01
8.258470767466300488e-01 8.340801297295893368e-01 7.931788985537960857e-01
8.637890724923925623e-01 8.844129434041425597e-01 8.619602062036944012e-01
5.033314027306218241e-01 5.537405323405648616e-01 4.928842922212217093e-01
5.586788013922328044e-01 6.196142872482847119e-01 5.237138254176475494e-01
6.266676435007084711e-01 5.708588269350102218e-01 5.866152456349578159e-01
4.897864429738296721e-01 4.954391513459747154e-01 5.261704218011755696e-01
4.549195709956204148e-01 4.211422301168883942e-01 4.792991421651093820e-01
8.073513298756377354e-01 8.873942105738411579e-01 8.500380568602351472e-01
6.071569495854733933e-01 6.613494005021589572e-01 6.464985177113092840e-01
5.578388817490630425e-01 6.333402151386278156e-01 6.386789342832068783e-01
4.567724481076421705e-01 4.610393801933694302e-01 3.966521736620919336e-01
6.233496935022292407e-01 6.318563620323068841e-01 6.085810567660222548e-01
3.764028910751575641e-01 4.493507311592681575e-01 3.961060837087116426e-01
5.399323882181201739e-01 5.174001107707787428e-01 4.685281051911377448e-01
5.030910845910149254e-01 5.269965754578127548e-01 5.591771517408645753e-01
5.906720007423044150e-01 5.686515788484626244e-01 5.818110024458321705e-01
6.749176405650281207e-01 6.572836098821357442e-01 6.808351527404883363e-01
4.339509527085048113e-01 5.472417316040055768e-01 5.364945854448718299e-01
8.011727258274342622e-01 7.796039777418067862e-01 8.045931810620953195e-01
5.504722537667062765e-01 6.063294315097887965e-01 5.677662267292459264e-01
6.838187440779744941e-01 7.190376928242229182e-01 6.750006250445377276e-01
5.482274068211393514e-01 4.724119588804790992e-01 4.682237625495919708e-01
7.492142185697782120e-01 7.956054610863461107e-01 7.762579513138224696e-01
7.469449006025783433e-01 7.110217091201956885e-01 7.202388982604740475e-01
7.898512990013440982e-01 6.887354174379558547e-01 7.375151859658725106e-01
5.144675305688518607e-01 5.530287751566157484e-01 5.348639641316945692e-01
6.105586980745998371e-01 5.340747339598274079e-01 5.828304903618400923e-01
5.775859643756284800e-01 6.629558428517475788e-01 5.987491140579518367e-01
4.663279139577010679e-01 4.266182809747570692e-01 4.688981043098744972e-01
5.444893397552104108e-01 5.913198028068499257e-01 6.113639903150461796e-01
6.880440704860011358e-01 7.033276563468987552e-01 7.516953925060928521e-01
6.858577797778686591e-01 7.574287240739840943e-01 6.878746317237149910e-01
6.373978198925750460e-01 6.906578313163509453e-01 5.998019415029666179e-01
7.294826366663847983e-01 6.389694616322195708e-01 6.586404784109073374e-01
5.106511065295800122e-01 5.512424359025512866e-01 5.477598881723585444e-01
6.132799050607699032e-01 6.907566071332902347e-01 6.554467747057506344e-01
4.484470430773828675e-01 4.593717862896168347e-01 4.473113584603891080e-01
4.356622763108086716e-01 4.577518453029921219e-01 4.712461272583974292e-01
5.301188704184139899e-01 5.752080695594382620e-01 4.832577441272788432e-01
5.414091394926212608e-01 5.244511318708506842e-01 6.020814139835350964e-01
4.730674070524925612e-01 4.162106069862880342e-01 4.592604294183429969e-01
5.328332530287377411e-01 6.042225424505671683e-01 6.199094956087493058e-01
7.701001831353916360e-01 7.930572837555989185e-01 6.747363333057463386e-01
5.147912900501230293e-01 4.970552570085732813e-01 4.526252741893612153e-01
5.318431734242009545e-01 4.992141929507019071e-01 5.020514574023375864e-01
5.604545420519103649e-01 5.540636884611880308e-01 5.019133957748693753e-01
5.634730368971466730e-01 4.800592193522653650e-01 5.089871514858547163e-01
6.939128347871654778e-01 6.814343394986293045e-01 6.390004149993022686e-01
7.047449882860454817e-01 6.944558596821683860e-01 7.522778818693566238e-01
4.831958897667532615e-01 5.192834205543953585e-01 4.441183089951085128e-01
3.988053217864162003e-01 4.325795539909924048e-01 3.524939847698975171e-01
5.863945174548260697e-01 5.349065170006513936e-01 6.138935800450223690e-01
7.496480948310842995e-01 7.540908638576970802e-01 7.648264726831912608e-01
4.910456788185978971e-01 4.473916344123864963e-01 5.061046167415356178e-01
6.839129418274552119e-01 7.260042581718691990e-01 7.305094338020561295e-01
5.474816366233734577e-01 6.048701264302683844e-01 5.939726713351903831e-01
6.325006361440137503e-01 6.441025316207023010e-01 6.379220359720592093e-01
4.562428467810561439e-01 5.313700529094064207e-01 5.604314870542134175e-01
6.895536399667500094e-01 7.309032957745426051e-01 6.819321624619398836e-01
5.338600840874525577e-01 5.501555670045601421e-01 4.914955580797170098e-01
6.760335967799747658e-01 7.173887687722049211e-01 6.718086455805073465e-01
5.783810646491249763e-01 5.501535993169344163e-01 6.001992055272281634e-01
6.613186534659227789e-01 5.867155135506137986e-01 5.673569974031869023e-01
5.176821369357460512e-01 5.129241875863645994e-01 5.625544867015603856e-01
5.397120657119163223e-01 5.146216268718978304e-01 4.368070551109528576e-01
5.241654667361969056e-01 5.513359134276436535e-01 4.826818005430669190e-01
6.568492259352181062e-01 6.228069382192750192e-01 6.348260775577811987e-01
5.479581941716938909e-01 5.027743010430341108e-01 4.898900067408605286e-01
5.827015708895103563e-01 4.981136659250112730e-01 5.042695492087384546e-01
4.334743553325710042e-01 4.052930320216248106e-01 4.474445070460233431e-01
5.646482362851669157e-01 4.913617530322001992e-01 5.190103178911728010e-01
8.547156388437063823e-01 8.738910640055261858e-01 8.636925577366724172e-01
6.318602854187502782e-01 6.148471372604215057e-01 6.356712290268758947e-01
4.973891496253132760e-01 5.269994623227555186e-01 5.449297977718974284e-01
4.704557076146653194e-01 4.365030216844349997e-01 5.184350495174657736e-01
7.875877294678749196e-01 7.996514040768567533e-01 7.567932572988380624e-01
6.235967972538836168e-01 6.233545684165395784e-01 5.479993056458370981e-01
4.143069897529130796e-01 4.392258796615487459e-01 4.536285660352329940e-01
6.175487851212193569e-01 6.113463279425088714e-01 5.858808505585400006e-01
4.302157129117506473e-01 4.368978837508104562e-01 3.947775827437897123e-01
6.573625717733385665e-01 6.572851751196059356e-01 7.121863413276507959e-01
6.044210701467346292e-01 6.480891859775221864e-01 6.033008539144497639e-01
7.356108681900291879e-01 7.909658173477919219e-01 7.832754854708261494e-01
5.403527677652733008e-01 5.948982694504615365e-01 5.663155457202968535e-01
7.069660851014090142e-01 6.514065715706460757e-01 7.163098371861659208e-01
8.689867383530860412e-01 8.471373892788229831e-01 8.679677166502018926e-01
6.913153825554281262e-01 7.242973719084507822e-01 7.166670703712242352e-01
5.375079800186718382e-01 5.793637900676256169e-01 6.075757541242476911e-01
7.100940478329569316e-01 7.222126188542226100e-01 6.823782828531015365e-01
6.915148586209486359e-01 6.605842732695627051e-01 6.464848970022932795e-01
8.876887782765241486e-01 8.467277975674273316e-01 8.492283938300948520e-01
5.345471750960818502e-01 6.323108126673341323e-01 5.931384820144270931e-01
5.749082014226329918e-01 5.809868395099836436e-01 6.275507758947792558e-01
6.519558363679012203e-01 5.637567946763301086e-01 6.264679227728611188e-01
5.459638287241902477e-01 6.039368403299085752e-01 6.223580160325277166e-01
5.707039805107992914e-01 6.038450107439187198e-01 6.114847539276286881e-01
6.695706050392594699e-01 6.541365573106058262e-01 5.871705891627349017e-01
6.601092697189471226e-01 6.071471624536010081e-01 6.442153280666080839e-01
7.312442776122863863e-01 7.325139643535087952e-01 6.871363133002651447e-01
6.677456036264137751e-01 6.982509583818123922e-01 6.568789433537193245e-01
4.708247580342959093e-01 5.431092211617677412e-01 5.030066188802287952e-01
5.967770937470679993e-01 5.711480822267736013e-01 5.730792555689495638e-01
4.247368472830155284e-01 4.444162610389617019e-01 4.744216093616303587e-01
7.075237191760919142e-01 6.890305284824331800e-01 7.019824146283830668e-01
6.261179109239595197e-01 6.188886876705016471e-01 6.409970802145046331e-01
6.436094719728522318e-01 5.765232381473753831e-01 6.266304862871621140e-01
7.902795442197374509e-01 7.277669851686667801e-01 7.742318593784930369e-01
5.311837710629390141e-01 5.578339548049320307e-01 5.711851920815369521e-01
3.459527449693921564e-01 4.051696270303519753e-01 3.595557237810709794e-01
7.741470144864074365e-01 8.501792592208369248e-01 7.872223683514880666e-01
5.980839068294261374e-01 5.705199602561588090e-01 5.850063871860153863e-01
5.553719906683139973e-01 6.506295871760711114e-01 6.456937776059565870e-01
6.574625931866494577e-01 6.421558329163599144e-01 6.575056777257491936e-01
5.290098197696195825e-01 5.841571476298824672e-01 5.727162575029071112e-01
6.906875116850131890e-01 6.535192385790160596e-01 6.882825101876611784e-01
6.411045436990334689e-01 6.295340928694150850e-01 5.929533438034187975e-01
5.796053008246861982e-01 5.603758733923585034e-01 5.401531215446541134e-01
5.586627007828024460e-01 5.943299199244906905e-01 5.944580070210104816e-01
6.510895684294316643e-01 6.671785828628532533e-01 6.685790340904355089e-01
7.569621129797493575e-01 7.417796275058334832e-01 6.986903584947660173e-01
5.651486147075778232e-01 5.518181851325580922e-01 5.745845802915765521e-01
6.838046179363648225e-01 6.717735199203102026e-01 7.126773626748680313e-01
5.027315237947131976e-01 5.130432472905828156e-01 4.793806591313737875e-01
5.148461354003897039e-01 5.006893502795914941e-01 5.131128553967260197e-01
6.747954611473898634e-01 5.747438960727456747e-01 6.065411129443649685e-01
4.364345679372065856e-01 3.710251064139871158e-01 4.181856995301376223e-01
6.008700190805207342e-01 5.993968893859283886e-01 4.837189898943506372e-01
5.083244106129226614e-01 4.945927254378653104e-01 5.554517020506718472e-01
6.551170651462934202e-01 6.883785799669058791e-01 6.726936903137596957e-01
6.073283260943664885e-01 6.015290876019112609e-01 5.598146961827334955e-01
5.199451340515511832e-01 5.539676629121655926e-01 6.209362938504757734e-01
7.573995259708674599e-01 7.899220286714062622e-01 7.829771178404286713e-01
6.940413962643695589e-01 6.192387702272021954e-01 6.881854582868155434e-01
6.406408149809854624e-01 6.319719728729344954e-01 5.737418993832625880e-01
7.373906676752570721e-01 6.835268602250066383e-01 7.566604905030138717e-01
6.479629073311738985e-01 6.228331566288375365e-01 6.836192628004870153e-01
6.953621720856502098e-01 6.683559000216232615e-01 7.843264999866500498e-01
7.758948443562975195e-01 6.752323413495945337e-01 6.825114265482968845e-01
3.868114522037266467e-01 4.041563495391470862e-01 4.088039057640190932e-01
6.992013723681672621e-01 7.231914313151286411e-01 7.699869990005810960e-01
6.114281632351368234e-01 6.772640551300734835e-01 6.010569344939958869e-01
5.793718260448258439e-01 5.783421372910221292e-01 5.698884083441488890e-01
5.416125112218814763e-01 5.290253469863243074e-01 5.261582915801418237e-01
3.860048948823773807e-01 4.716430543896265593e-01 3.957474143546242384e-01
5.502321436831880686e-01 5.625400410757860348e-01 6.128260305533412833e-01
5.369297798081575923e-01 5.422846315485962965e-01 5.907148509360221622e-01
5.928421948932045549e-01 4.845828718090937071e-01 5.642070835793759898e-01
8.577054793084984974e-01 8.561786732950813494e-01 8.497162551274920483e-01
5.731799723370083477e-01 5.595457996185032590e-01 5.475228753214548272e-01
6.270711027203038634e-01 6.076329484577663864e-01 6.707468410230790212e-01
6.593459573533037021e-01 6.521620791096237602e-01 6.558421394537319316e-01
4.589902870439204752e-01 4.856400305505784720e-01 5.058328409320490548e-01
3.986731608352850342e-01 4.022182991352948322e-01 3.993115391586665175e-01
7.762567923373054901e-01 8.006063413442671139e-01 8.305969256666985157e-01
4.514555453614901848e-01 5.146287051459754736e-01 4.742170396290167345e-01
6.329352348566403830e-01 6.365529236581705108e-01 6.294524049039296187e-01
5.899149484600573201e-01 5.039424450279479384e-01 6.489685936178647419e-01
7.912228771702096708e-01 7.690861716154621108e-01 8.340543566269225106e-01
7.759589590061620745e-01 7.995303669471532926e-01 7.550086321296701763e-01
6.731769448453895910e-01 7.073218949447025450e-01 7.124179606919992525e-01
6.063438462958459230e-01 6.598844298644311879e-01 6.435231462087301901e-01
7.259427888105066673e-01 7.367830009931732871e-01 7.828112134145290835e-01
4.916555483265536708e-01 5.304742716186833240e-01 4.686257660137188585e-01
5.669341616218116497e-01 5.622475233826598195e-01 5.448901190768136171e-01
5.241383344769473540e-01 6.384518585754934694e-01 4.970581623759811607e-01
5.909597436885049015e-01 5.263249270105102573e-01 5.856502596120267690e-01
5.412926446526018509e-01 5.458719976111121586e-01 5.651859233957242656e-01
7.576505698517205234e-01 7.252099540090549690e-01 6.641342235353895340e-01
5.227173172360689568e-01 5.187883795168857226e-01 4.929380131296265399e-01
5.490296559349479022e-01 6.162349470767385373e-01 5.792784493569910209e-01
5.952307894848050118e-01 5.389983939381164380e-01 5.407509045891357724e-01
7.730463576507410339e-01 6.891974974095044226e-01 7.679937318924533463e-01
6.954842548051637374e-01 7.371251503922156001e-01 6.697725282114946888e-01
6.669574260956980805e-01 6.164652076224849120e-01 5.540928916440154284e-01
7.270360982318009313e-01 7.088872153811537347e-01 6.761357664370744036e-01
3.170412873249662811e-01 3.112032529224143529e-01 3.696567970558802263e-01
6.096465045020007523e-01 5.643060064800196063e-01 6.500080503400110787e-01
6.144355280527240559e-01 6.312456652382016919e-01 6.438464662751994805e-01
8.138743928357849988e-01 8.308319520260362134e-01 8.655060886573795464e-01
6.593750032196019628e-01 6.887427293237169401e-01 6.816208181933848254e-01
6.353636483782406641e-01 6.796174662489261609e-01 6.034371360381064475e-01
6.449318651565436600e-01 5.718265356431528890e-01 5.887079705354836268e-01
6.561960415203611507e-01 6.975419535022981954e-01 6.517742328098941051e-01
8.397742071832197119e-01 7.936627110044862654e-01 7.829519307496680680e-01
8.554024869292278233e-01 8.612997724898910912e-01 8.309041284728981847e-01
7.181531296779348761e-01 6.971328706214401372e-01 7.007602695802741533e-01
6.675335572537950402e-01 6.090493686469141688e-01 6.764908966224649767e-01
6.095376194603538966e-01 5.955614539735968327e-01 6.012221815605196529e-01
4.542799019481168488e-01 3.545560655503674496e-01 3.900896461997968578e-01
4.303966873888649403e-01 4.304132298200004647e-01 4.644078528895513314e-01
5.207851091716667602e-01 6.257372005299300932e-01 5.715487415865899701e-01
5.169057486058207251e-01 5.597343046465590444e-01 5.813909106755141831e-01
6.382526801518334514e-01 5.869066073737474465e-01 6.159961755178499088e-01
6.225814815747220399e-01 5.472441492373811833e-01 5.230121856807902203e-01
8.457193146692231212e-01 9.296363055005478770e-01 8.823447950594069944e-01
8.341745639477622376e-01 7.532920273387937460e-01 8.833168935808611844e-01
4.391757965280946863e-01 4.811765922664016371e-01 4.460764117601288548e-01
5.723539940381984215e-01 5.950293539851022606e-01 5.546978355945932915e-01
5.676546061046486846e-01 5.952506203754539538e-01 6.076666978998204183e-01
4.908835362760887167e-01 4.245251265813869135e-01 5.077966847134084416e-01
4.732409249738159795e-01 5.013032395747810677e-01 4.704254939739633268e-01
6.342560121116745941e-01 6.509054838143892852e-01 6.007540157683224358e-01
6.681812929606053553e-01 6.017137353362846941e-01 6.767399075293135668e-01
6.080094681439532911e-01 6.843537104800353488e-01 6.776222433858275496e-01
6.638185370778437733e-01 6.588536198086821782e-01 6.516306691825044517e-01
4.495730631819296885e-01 5.373199603978748851e-01 4.909097439623738568e-01
4.100719521420659874e-01 3.913901130443568910e-01 4.361909286562566934e-01
8.280147042444689909e-01 8.137318161891561319e-01 7.905869579263324898e-01
4.258748202401246852e-01 4.280637028231036867e-01 5.119487928060738602e-01
6.870899396342672327e-01 6.513400506248714361e-01 6.920494234233592890e-01
5.341418679248306489e-01 5.321819576843234145e-01 4.698236474632129789e-01
5.843559281740453581e-01 6.675230507921264822e-01 6.233824749332148585e-01
6.170930974236590316e-01 5.976241645646447331e-01 5.795208573156526155e-01
5.337440113651241713e-01 4.815209745605450453e-01 4.812038241999541666e-01
5.028567033109161422e-01 5.406548766693871633e-01 5.215932121479620598e-01
7.465685110011183179e-01 7.038136201472243725e-01 7.118583854046874881e-01
6.826581391793131726e-01 6.858867143296522029e-01 7.217680833010735597e-01
5.168956960267669931e-01 5.678971312254096349e-01 6.266459117652398714e-01
5.172711933206102231e-01 5.552276526563248993e-01 5.039229410778023333e-01
5.187743661428010356e-01 4.555716617164977666e-01 5.128674037512397366e-01
6.855555700711035705e-01 7.812636319389156814e-01 6.938356716419538106e-01
4.092830174280587818e-01 5.048234053787338249e-01 3.817565927776250256e-01
5.653036426039437234e-01 6.045849661997644287e-01 6.275710340450881830e-01
6.945155624140380013e-01 7.600294135059060263e-01 7.573468510342864501e-01
4.758930252722696763e-01 5.436479573765310436e-01 4.362178920870549148e-01
7.376815371629691365e-01 7.124664469163780600e-01 6.619662370157969322e-01
5.067646447964864187e-01 5.660973244655586045e-01 5.084817582270124703e-01
5.670448110266991248e-01 5.459009160740608824e-01 5.783804490794700603e-01
6.297977268706438370e-01 6.285098381483743557e-01 5.730813077708485359e-01
7.626708901765846260e-01 8.029900542291775745e-01 8.573327531592245254e-01
7.111277869617100844e-01 6.887964910985534539e-01 7.299031377621746364e-01
6.127362679556467295e-01 6.027236455396760562e-01 6.486781772404532909e-01
6.713788395441846468e-01 7.467415454627363003e-01 7.120395729297468446e-01
3.373848960029990351e-01 4.204268818441396771e-01 3.161609164556268836e-01
4.841278264350318272e-01 5.687835224982003002e-01 5.286344580819573036e-01
6.666780111270044218e-01 6.521323496439429546e-01 6.507396525153936739e-01
6.378243041488108611e-01 6.646986234621057310e-01 6.305029937410742136e-01
6.226547883455867405e-01 5.911074746328577323e-01 5.573501300589862595e-01
5.541588543451853033e-01 6.129599838573196458e-01 6.304926626703518666e-01
8.609932603155360242e-01 9.183905727518071327e-01 8.533341240103907710e-01
5.491122303674398353e-01 4.852577910929001259e-01 4.929133851661558485e-01
5.904641010590997441e-01 4.820632533276654197e-01 5.697298917360967829e-01
5.370874343339526735e-01 5.208157723317475840e-01 5.136211109406356723e-01
4.807593733501023259e-01 5.171003642362117514e-01 4.965983905338393622e-01
5.649697105112528872e-01 5.133474048080451935e-01 5.618022295854808723e-01
6.311689272455215383e-01 6.768081747425346295e-01 6.778375744391009761e-01
3.542382492369713365e-01 3.235981394006441358e-01 3.545132110671785353e-01
6.703256316228877187e-01 6.572236636576612723e-01 7.093437352021930709e-01
6.822313487693185685e-01 6.274137318230624816e-01 6.407229158397831359e-01
6.334995059319257216e-01 5.658260135346846464e-01 4.979789754173160610e-01
4.531534006256441316e-01 4.973155224195259794e-01 4.849164338667436014e-01
4.046333166793367742e-01 4.095729465582391704e-01 4.111187794973863441e-01
7.265121628674202636e-01 7.229388149966273769e-01 6.741682848859071875e-01
5.811494479035581584e-01 6.336570039856216363e-01 5.507144342665238890e-01
5.454037243411131719e-01 4.892169093035350080e-01 4.875791247054662714e-01
6.662609347220467271e-01 6.120097469756065056e-01 6.184506443922483943e-01
3.450967488914809533e-01 3.746403881038166683e-01 3.900392914151194490e-01
6.279886494281772258e-01 6.451568366342379512e-01 6.551133422383353944e-01
5.986647605186449228e-01 5.398947026291639473e-01 5.897366506246966011e-01
6.570369928635325651e-01 6.881107098277704504e-01 6.882236706640729729e-01
5.775569879197244294e-01 5.589013161742140134e-01 6.148295634605230875e-01
7.861710408463461475e-01 8.513753736280430529e-01 8.912469035411044738e-01
8.330195405107676532e-01 8.135910007836919533e-01 7.656561883344737973e-01
9.635891556277992320e-01 8.960554015117908611e-01 9.310505351911536609e-01
5.645935835875997011e-01 5.310695715371485104e-01 4.804324416571189582e-01
6.988430336733260084e-01 7.328662297330463815e-01 7.136298807727361471e-01
6.668053329375099869e-01 6.909141162182205198e-01 6.389941950127251413e-01
5.863358240127546361e-01 6.619745518856863242e-01 6.076475978187746430e-01
5.876609762037254825e-01 5.633700064839681776e-01 5.913233423226745833e-01
5.793087330864391538e-01 6.081777512662042140e-01 6.164983902737085630e-01
8.044663490354397872e-01 7.821829457526555673e-01 8.139441524289430241e-01
5.110278144883564355e-01 5.630352364677523314e-01 5.530170161351146696e-01
5.483695633206070452e-01 5.362557914864254371e-01 5.390889542431259729e-01
6.989643659705133683e-01 6.618408491242526726e-01 6.896242306543513001e-01
6.123674635607532224e-01 6.469318982029742537e-01 5.638505745552450099e-01
6.038304974233937861e-01 6.028089041832564998e-01 5.418606236017466937e-01
5.178361961796962287e-01 5.644310733367154942e-01 5.765928054131512770e-01
4.577848434431714963e-01 4.669842845662912634e-01 4.006013529937453299e-01
6.331058719161289927e-01 6.714238667045360209e-01 6.831214717819769078e-01
6.768466128828368733e-01 7.146438041469534985e-01 6.014230692671663769e-01
8.200214463684019073e-01 8.100948747842726672e-01 7.732461365351478433e-01
5.263178711884908267e-01 5.379490410390951327e-01 5.613134645407331647e-01
5.556751140857552063e-01 4.743459332054704713e-01 5.213693937851421323e-01
9.202077004009858729e-01 8.646082665101443299e-01 9.123712201877530736e-01
5.459334555172008496e-01 5.671334021252248947e-01 5.472237494709057959e-01
7.139897471058995748e-01 6.940170922264226050e-01 7.061286877682663166e-01
5.052187642438713544e-01 4.286183234435450018e-01 4.559982988424128858e-01
8.034068412211260446e-01 7.279043116317772677e-01 7.831154281382577409e-01
6.367350127854555231e-01 6.570864344571397675e-01 6.850954766403984930e-01
6.899597051989329044e-01 6.239212962164235599e-01 6.804233365232088548e-01
6.272472709893902598e-01 6.132572317645001991e-01 6.213121931125078490e-01
6.215042716321608207e-01 5.973974725171178335e-01 5.923234301528036427e-01
7.150326619614318924e-01 6.441364967062161995e-01 6.594966061854860007e-01
7.529248240572099515e-01 7.685399893331701371e-01 7.409946782382346164e-01
7.719148180146995220e-01 6.801825456831447347e-01 6.989166064080415408e-01
7.683573754804639000e-01 7.260219822805088485e-01 7.385915504194260350e-01
5.856339387390347984e-01 6.428909885080718034e-01 6.899432776532825606e-01
5.610215268668620192e-01 5.568459803547555209e-01 5.550180611879313997e-01
7.816024926747333623e-01 7.695679523057111782e-01 7.455341460844751023e-01
5.672491765445351053e-01 5.769185402812382346e-01 5.795175606381338662e-01
5.585083525852191366e-01 6.080578480318181711e-01 5.593258679438164460e-01
6.985336521617067085e-01 6.582022090791019853e-01 7.098653535103089940e-01
8.013128525159290971e-01 8.096386335842238324e-01 7.741038925795602488e-01
5.152743459253500413e-01 5.314965593757058349e-01 5.763932398340390062e-01
6.983173463071684628e-01 6.335903890132255079e-01 6.900327997537716307e-01
5.817100910147412485e-01 5.999857213181795101e-01 5.437189490855173224e-01
5.448092483520575735e-01 5.817146898023911605e-01 5.523651253037898945e-01
5.603920791141855373e-01 5.317242373427653046e-01 5.693340562885759182e-01
5.033584133154489493e-01 4.208927906780320916e-01 3.996126271946049968e-01
6.489090583484948827e-01 7.814535976231232750e-01 7.312623845048316085e-01
5.288347220933153903e-01 5.734028114749500915e-01 5.457545579088580734e-01
7.238064683593815607e-01 7.421606996294778380e-01 7.034970962296352992e-01
4.882972691055301184e-01 5.403225435208284244e-01 5.498967197573995103e-01
7.074152352316659398e-01 7.881925425911764371e-01 7.594225308757061033e-01
6.217869278213720152e-01 6.388969241025381773e-01 6.703811013241446348e-01
6.263275649566125702e-01 5.724221778003375505e-01 5.331711381718591269e-01
5.567626814052987205e-01 5.601102644936856167e-01 5.864393040320237116e-01
6.332157384730073835e-01 6.080219369409065600e-01 7.074460806369612387e-01
5.764465874219157904e-01 6.200331931936061691e-01 5.862333620787545385e-01
6.296595119445045352e-01 6.708545493185847919e-01 7.005189540103311518e-01
4.342486720697270042e-01 5.247523258362091214e-01 4.810771562072185814e-01
5.847244328860565776e-01 5.441351595970327359e-01 5.072466628043017511e-01
5.838571692724964235e-01 5.316903900950350481e-01 5.785457151918609320e-01
6.904777371026702415e-01 7.478350809269003197e-01 6.514318181645504247e-01
6.706498228619527380e-01 6.449885120489782242e-01 6.717599254217615501e-01
7.434114608100296229e-01 7.067192701761242368e-01 6.546647982660144249e-01
5.681689563306621116e-01 6.109792600317065503e-01 6.422002093446360638e-01
7.237199318563763972e-01 8.152678830707815738e-01 7.554175473739165314e-01
7.337478407305714212e-01 7.639635826469854951e-01 7.102917818004993444e-01
5.740850578377526547e-01 5.635667115317245512e-01 5.943489332146399962e-01
5.784553706452820743e-01 5.073069446112760117e-01 6.285121096113321926e-01
5.093283104845430787e-01 5.653589732634154430e-01 5.871026398481345998e-01
6.562578761991481047e-01 6.252198235177095498e-01 5.787752767325471392e-01
7.734201688633547400e-01 7.527202154962731040e-01 7.394289085357317326e-01
6.096327140504010922e-01 5.897677847076806534e-01 5.736065417141847922e-01
8.461557925325680074e-01 8.099523375490748078e-01 8.007832574534785586e-01
5.321579011761153888e-01 5.767339460352590708e-01 5.642157098153774974e-01
4.433393373755710187e-01 4.649928687902230573e-01 4.404482162666051304e-01
4.784454888930816385e-01 4.560952769085424574e-01 4.571567663483991351e-01
7.489935072089362045e-01 7.080664146527367864e-01 7.427069120179649042e-01
5.488235998538671945e-01 5.267919047875261329e-01 5.206443792918616920e-01
5.684817384517658612e-01 5.884691534732983120e-01 5.312364697051020768e-01
5.358944164666182841e-01 5.159999411526980939e-01 5.495845355241834040e-01
5.671075956995716982e-01 4.901509082378935900e-01 5.246507043179557961e-01
6.600244878617574917e-01 6.790094163841413621e-01 6.183375376606981000e-01
6.719484639876222021e-01 6.278998198013017173e-01 6.296717705523565689e-01
5.567302661311053225e-01 5.248945551269610377e-01 5.827438384080316780e-01
5.033089692329396625e-01 4.396011591619634618e-01 4.799593269511834293e-01
6.983717927644006451e-01 6.821070367657005029e-01 6.704508110714424429e-01
7.080905648917528161e-01 7.127936816324016434e-01 7.209140496399892850e-01
6.780109580891925392e-01 6.960562982276841115e-01 6.945080352790173883e-01
5.391182463042969442e-01 4.761210232282590549e-01 4.539754051132665613e-01
5.184105918467353247e-01 5.593596758819668890e-01 5.665983618426512214e-01
6.329694398477727635e-01 5.921972111248579029e-01 5.977985104443065412e-01
6.535525126164700715e-01 6.542501220012686414e-01 6.635724851232838173e-01
5.992256415067609421e-01 5.894611449383444501e-01 6.116630158526060734e-01
5.107958989328977850e-01 5.502490164346750534e-01 5.335756940658117342e-01
6.699782403042354728e-01 7.271001011877629150e-01 7.629702673313940586e-01
5.215494866502921045e-01 5.273258256104755848e-01 4.848989626399227149e-01
8.421310853945560559e-01 8.177854101547431531e-01 8.616428074116367908e-01
5.255397475659513429e-01 5.135515516779129985e-01 5.400207622487256387e-01
5.513217352513444247e-01 5.158496732462635181e-01 5.137001345969333110e-01
7.082914188821257673e-01 7.343296966845087592e-01 7.339704178668524648e-01
6.309105530802112671e-01 6.411996637514564279e-01 6.099033352029534782e-01
5.242277638191936706e-01 5.166216920785724476e-01 4.846872640247710806e-01
6.270939955066190397e-01 6.321189309260777378e-01 6.673028656406569947e-01
6.218895912882087540e-01 5.524917150708049673e-01 5.398240365271119723e-01
4.667026149555862924e-01 4.545606436067924916e-01 4.682671994219462230e-01
5.704704352994454108e-01 5.113395504422595383e-01 5.884880806639566364e-01
7.177866491732788345e-01 7.635488749982028978e-01 7.060701319890752004e-01
7.000579549126360046e-01 6.925184447792493980e-01 7.043213245108785880e-01
5.592555648683226188e-01 5.008669534565646231e-01 5.819986415298117333e-01
6.217856026669873470e-01 6.122523752694959409e-01 6.929074732442089823e-01
5.606201045123965221e-01 5.591356700215885933e-01 5.243434033153985263e-01
7.207353480621125907e-01 6.736928305571997511e-01 7.166194739030934402e-01
4.418592108008082553e-01 4.843986304874718929e-01 5.907774337436701995e-01
7.981640134574121692e-01 7.495986474139831879e-01 7.511706042978736342e-01
4.668699433628042961e-01 5.181000985377554047e-01 5.131365416286843839e-01
6.200622239518718271e-01 6.510194450869161154e-01 6.355304932022987074e-01
7.658866903116594571e-01 7.720266360678640361e-01 7.059727885221452892e-01
5.413025853367184892e-01 6.435009641600701880e-01 5.971025310982246426e-01
5.192230351145727951e-01 4.396978827422070024e-01 4.155072681167116810e-01
6.362706211824601388e-01 6.523021153117725124e-01 6.589976188770758636e-01
7.479241913990479773e-01 7.522040030370672481e-01 7.190728246045170469e-01
6.285855990406541416e-01 6.557926549167690800e-01 7.351000547965872434e-01
5.048159589522346335e-01 5.297498123504585932e-01 5.640869668878748522e-01
5.957440282977373158e-01 5.702436013005945936e-01 5.979060942719363059e-01
5.529070166974803247e-01 5.494618509313580201e-01 5.345432541510349855e-01
7.187787579857742859e-01 7.010826244473177260e-01 6.353337390436003540e-01
4.374661178331030187e-01 4.710974533083123195e-01 4.592483973934958219e-01
6.492083379991943071e-01 6.401618810087269518e-01 6.493326840981255010e-01
6.549141025877436295e-01 6.176119505709284363e-01 6.202135841820435314e-01
5.873658937607580954e-01 6.448660443215310512e-01 6.014627748323494449e-01
4.663766121055793468e-01 4.541450093697941282e-01 4.585299619446204789e-01
6.439147850476913959e-01 6.509360137209044828e-01 6.734310012580380089e-01
3.411714601540936087e-01 3.597104873826567628e-01 3.464963745111359628e-01
5.863310883353572978e-01 5.894841581792074070e-01 6.293142425607913815e-01
4.727696367546216916e-01 4.267890418552354737e-01 4.878784676170861978e-01
6.468398919255511359e-01 6.391083958756079708e-01 6.107159898407700238e-01
5.436987505659531816e-01 5.918817769917915639e-01 6.003665519696241848e-01
5.278876035801075561e-01 4.396213218290074276e-01 4.166892000457282363e-01
7.576725632935250587e-01 7.157622848287902295e-01 6.981617526979279065e-01
6.492156526254083682e-01 5.590368580670719290e-01 6.520015825437507351e-01
5.586431720600352202e-01 5.714541503438352876e-01 5.638457190669242669e-01
8.151200458556837614e-01 8.590340612446927260e-01 7.759312664425110917e-01
4.661110274446922941e-01 4.932484607186128356e-01 4.506861958691287806e-01
4.762155127303642210e-01 4.778757670487717157e-01 4.715088201064803752e-01
5.716111764795183126e-01 4.726923730121372902e-01 4.615429265849299578e-01
6.695028623597895079e-01 6.880558033631080095e-01 5.470291171333020452e-01
7.598511240367296082e-01 7.238811367597780544e-01 7.178274918077655053e-01
6.775170877221614596e-01 6.093228617022204974e-01 5.836325353203121180e-01
7.173796514163311988e-01 7.433697092944874241e-01 6.943127578789584087e-01
5.862997402504067646e-01 5.943833990712902304e-01 6.169791671696309709e-01
6.170924957943635381e-01 5.383292944345788866e-01 5.825262128734356448e-01
7.337404402975358231e-01 7.363035417784326020e-01 7.435966471250780030e-01
6.953091640894055736e-01 6.161156308484674327e-01 6.655324848717409925e-01
6.953788380774208466e-01 7.028318525077952295e-01 7.643251052078209318e-01
4.567690307204545497e-01 4.812262310137784826e-01 4.751727420461909213e-01
4.577789028523573944e-01 5.276745014727782790e-01 5.431232173687602360e-01
5.802558694516634086e-01 5.739950225077109502e-01 6.557290786143088468e-01
6.655202199358652981e-01 6.882555078417386119e-01 7.391637091170006890e-01
4.868374164576210195e-01 5.524245250982688926e-01 5.569286716446576468e-01
6.812933273730066297e-01 6.593367303082754427e-01 6.621937434204817619e-01
5.959041792020832728e-01 5.665413862696886405e-01 6.061893461987772902e-01
6.089473132800303778e-01 6.323840679272947352e-01 5.417689006326865675e-01
6.876819007689026764e-01 7.168453560447443085e-01 7.955316239592229444e-01
4.024951923721055702e-01 4.639354275192672517e-01 4.650415102882951013e-01
6.393970028527435900e-01 5.453972018481082484e-01 5.386274705295562848e-01
7.413854467916215496e-01 6.930136632799522856e-01 7.833397058543293268e-01
5.628356577086571777e-01 6.209993201007447672e-01 5.447947118359347529e-01
5.926738244094151842e-01 5.528775205973616158e-01 5.668265282337575650e-01
5.422926116656691109e-01 5.682259758902907798e-01 5.821545511219079483e-01
3.188590765850856656e-01 3.147891381804641120e-01 3.017079537062754557e-01
4.626253223906627299e-01 4.492798419498439944e-01 5.019407892962768347e-01
6.860561755058401934e-01 6.519027657572979972e-01 6.726787272941792128e-01
5.613575690241029426e-01 5.562882686995256343e-01 5.996809247407831611e-01
6.907687449455612860e-01 6.528549873624095445e-01 6.471764591661997024e-01
7.904633317379616830e-01 7.694892935267561018e-01 6.770662791520056789e-01
6.099235830949837345e-01 6.220031802659437004e-01 5.812168488075618589e-01
4.088162490141815097e-01 3.761952235506349496e-01 4.234271026703286811e-01
5.476397380103344981e-01 5.279206443446425867e-01 5.597029127618818878e-01
7.115054395609218263e-01 6.426188826994106984e-01 6.544790286279400515e-01
5.963837412666626037e-01 5.608555056332731326e-01 5.646106952342720975e-01
5.510563768219169933e-01 5.406579262861422874e-01 5.599246988212013276e-01
8.016188296097513932e-01 8.064356252860678254e-01 7.918579699537813266e-01
8.049934286135492778e-01 7.773929846246199205e-01 8.247261947266828486e-01
5.235152305203590872e-01 5.313810830313387967e-01 5.547896783978456536e-01
5.715161745904246970e-01 5.282702035596731349e-01 5.600747295215527943e-01
6.391584128043461543e-01 5.997382187443687229e-01 6.265871593946721330e-01
5.762313564842792557e-01 5.962855098402563003e-01 5.965285063089098561e-01
5.646842802895322144e-01 5.960064028324999486e-01 6.027127436043705488e-01
5.029052572616709016e-01 5.099012950216141871e-01 4.941686465715971477e-01
5.161493802951400145e-01 5.013430205091001790e-01 5.376834141538374690e-01
5.978856169668270715e-01 5.401854677696952267e-01 5.705376780996277430e-01
6.698060572342847685e-01 6.469503305410828631e-01 6.270381044849984153e-01
4.368060233829106909e-01 4.575257782372145754e-01 4.374117187317891897e-01
5.886301305875143441e-01 6.386826974957167113e-01 5.194679800825398042e-01
5.929200741509065287e-01 5.414583566776849377e-01 6.242077475351541782e-01
5.890019744352378295e-01 6.231762100794249193e-01 6.039911504013946164e-01
7.492626181074113489e-01 6.928901960786387759e-01 6.955212162225302697e-01
3.739678652944559145e-01 3.547672435672717395e-01 4.037963609917962771e-01
4.389132125804941498e-01 4.782857193173806198e-01 5.109621712294650786e-01
7.289989915648827923e-01 7.248507070590781698e-01 7.088991591180576757e-01
7.974158295439203181e-01 7.914783851907370993e-01 8.686945160801055055e-01
6.480297744682153027e-01 7.054437056670576078e-01 6.633439030259146163e-01
6.589074459466983669e-01 6.370333283485246634e-01 5.814799202426291780e-01
7.627100241048463403e-01 9.116582018539992616e-01 7.676510797018181176e-01
5.470905774876213545e-01 5.270352022537500014e-01 5.817577055859765034e-01
5.962129346854031509e-01 5.920918766028426816e-01 5.475672679464999026e-01
3.823138319761839043e-01 4.183988923396686488e-01 4.309453381685180995e-01
7.522660196452295445e-01 6.815923883780828918e-01 6.851652156309391284e-01
6.291537305748933218e-01 6.272636517730686423e-01 5.810860111365055980e-01
6.412424415146598111e-01 6.852854050780494699e-01 6.849225499189272037e-01
7.921138426177610770e-01 8.505715148401693515e-01 9.012697484142497828e-01
7.837427528530424015e-01 7.893059618881215211e-01 7.826358142383098571e-01
6.630161254856268283e-01 6.670688930124826221e-01 7.670420920024603184e-01
6.066299532741137313e-01 6.684898521737472343e-01 6.231547646100328297e-01
7.191994022685364030e-01 7.641039024232264554e-01 7.136788856857241292e-01
5.838530630022980006e-01 6.508528941884976771e-01 6.056139783176642810e-01
7.293039230700335551e-01 7.104676159556098103e-01 6.672215182916582110e-01
3.590572682051709208e-01 4.257691051089547152e-01 3.888260812593608007e-01
6.558992395011620236e-01 5.952087622360290320e-01 5.144050191618706469e-01
5.338286573615104169e-01 5.959239403323078887e-01 5.985820163679758110e-01
5.826359818608953800e-01 5.609746709592122738e-01 5.063170365122291461e-01
6.117716727944986221e-01 5.452519445916791385e-01 5.733072812813486685e-01
5.471639834614949738e-01 5.600996944922924659e-01 5.447245996566120185e-01
5.388351324227880212e-01 5.625853129339359882e-01 5.463800801749613134e-01
2.998266140783950040e-01 3.173442784876019385e-01 2.176656553133133609e-01
7.945580601773183371e-01 7.893937234832826277e-01 7.381089458074181486e-01
4.633834211810874959e-01 4.116604676874310864e-01 4.753927033860526064e-01
6.606802899881220048e-01 7.515014043819352452e-01 6.638916267942034377e-01
5.864319002586331209e-01 6.232626109077805676e-01 5.433570537107275111e-01
6.319965709157981948e-01 5.015140096653480928e-01 5.801695023560998754e-01
6.373455832793933906e-01 6.392568437062342568e-01 6.872167729480299636e-01
4.892651579001598972e-01 4.840134480247328397e-01 5.218192659401348354e-01
7.828340109627864862e-01 7.433163609731352484e-01 7.251094379816613866e-01
5.820403753736553831e-01 6.639391626701189875e-01 6.689609079966557514e-01
5.825853438559661646e-01 5.616527381698360744e-01 5.397180901720823876e-01
5.049404881701189396e-01 4.597030940541905197e-01 4.908591735079363971e-01
5.607911655849191490e-01 6.311607303607157382e-01 5.834430040166342923e-01
7.606323399412733277e-01 7.678390216483470532e-01 7.494532173595347402e-01
7.256904934173962207e-01 7.609284122300936648e-01 7.436409750539809682e-01
6.132823130600668637e-01 6.370391522380262073e-01 5.491571996098375541e-01
7.757304357811631856e-01 7.355801758272072499e-01 8.823520113603848802e-01
4.166129559047023756e-01 4.748095100003528746e-01 3.950761419783227479e-01
6.517926505614906052e-01 5.887302533669411808e-01 7.010259082442177325e-01
4.834831322712574986e-01 5.151523925074554811e-01 4.639603015497406613e-01
7.060632265822547327e-01 6.883889572714637639e-01 7.147352923535809088e-01
5.677747129740668974e-01 6.145680920773524125e-01 5.359447870382216816e-01
5.560698121311881126e-01 5.590082755217047339e-01 5.876367374313583580e-01
6.327372994437405751e-01 6.714017226120222448e-01 5.980414876049984230e-01
5.418671827819140363e-01 4.917033772161404359e-01 5.213536637136603202e-01
7.209207861244584237e-01 6.303258378617478952e-01 7.257285065748461106e-01
5.432049822788291848e-01 5.557657448256144717e-01 5.589321106746694134e-01
3.629939161429120431e-01 3.721123979642086410e-01 3.282064449778887560e-01
7.461760805512920314e-01 8.016771393888456609e-01 7.786036511893458245e-01
5.909392219153255521e-01 5.669206805498196999e-01 6.160523062576888087e-01
7.474870376748901091e-01 6.741733337433383211e-01 7.006542143222521668e-01
4.980490971842013170e-01 5.105262985819383204e-01 4.834209761469713817e-01
4.941135676503587981e-01 5.103795359071325866e-01 4.526397063398366893e-01
7.919103292114749726e-01 7.760745019817242296e-01 7.452049278365703300e-01
4.882343688828058026e-01 4.850178188317915695e-01 4.742849948966723628e-01
5.570734424597885148e-01 6.102392244470182803e-01 5.180438043090082045e-01
5.937837926975336744e-01 6.297682388898266925e-01 6.415872123059833676e-01
6.311693323992854099e-01 6.291968801270121370e-01 6.624609470418959534e-01
5.832133745273725411e-01 5.895776947783555322e-01 5.372702518678761363e-01
6.122494108349841868e-01 5.438049543621199522e-01 5.238513054027178484e-01
5.838682584900348749e-01 5.626776295574156261e-01 6.106813916433321277e-01
5.468130922504178537e-01 5.457937186593656564e-01 5.238757925741847066e-01
4.472092354847062023e-01 5.426252133972904179e-01 5.113349690155838401e-01
7.224390566892961996e-01 7.588943002537951177e-01 7.698863339733822420e-01
6.612982224158426847e-01 6.644577947700118781e-01 7.045369186314323073e-01
4.959818062311927567e-01 4.576979667051015443e-01 4.878558718495721314e-01
6.393191822465533747e-01 6.666689765243688504e-01 6.015939781431896005e-01
5.883460101177877544e-01 6.241274398531121426e-01 5.783302707431414724e-01
6.829383758414160344e-01 7.261976147692940087e-01 6.349668256591755044e-01
6.874794585185576290e-01 7.306308837040075277e-01 6.873319503445831646e-01
7.895166776474755732e-01 8.141674312912479117e-01 7.212059900188103612e-01
4.656428839601440273e-01 4.608400926421799548e-01 5.194766163339429310e-01
7.596259716781488258e-01 7.255665950772389738e-01 8.267029128209295585e-01
5.802710271610460602e-01 6.379170811659041762e-01 5.806304637031725058e-01
4.813867643308326061e-01 5.074736351162881798e-01 5.283294858183379406e-01
8.278267339496846455e-01 7.058030306975812129e-01 7.362497487038563992e-01
7.432048131993721496e-01 7.166327255286082387e-01 7.798820411844019640e-01
6.547724490754947002e-01 6.729440976456113610e-01 7.216776262312468715e-01
6.641179933955700943e-01 6.705373907581375637e-01 6.797298721687973222e-01
4.350500434876365952e-01 4.845644442676738661e-01 4.918458792937515645e-01
5.559902801990281862e-01 5.220568557436163770e-01 5.307156244377625454e-01
7.275088042508326414e-01 7.521897593772117752e-01 7.774148074182403167e-01
5.094303856337322189e-01 5.011448372136793061e-01 5.139031559243315561e-01
6.211980019933011077e-01 5.248977360092006439e-01 5.864108093103536090e-01
6.625703749425700950e-01 6.269150830835313881e-01 6.189921249454658492e-01
5.205632353891629371e-01 5.684895424467218961e-01 5.644439540508469078e-01
5.789826597873447556e-01 4.904561143692090508e-01 6.386738370742661708e-01
5.351947872495717018e-01 5.147456416169972071e-01 4.975691660164276442e-01
4.809390774363270782e-01 5.234168224523536583e-01 4.904057022077931149e-01
3.526542090447152278e-01 4.618980591613777720e-01 4.594106353452215297e-01
4.931183202136328880e-01 5.557124751800590623e-01 4.946902450115507888e-01
8.300590231073410319e-01 7.750179664973730898e-01 7.692369276009757284e-01
7.581635926821187477e-01 7.777174422349992788e-01 7.607160264122617699e-01
6.378492491438323420e-01 6.425562648199683036e-01 7.009011721222720981e-01
4.694962008107577134e-01 4.379954744197785965e-01 4.969883284407635160e-01
5.957294152467641490e-01 6.372044414548783120e-01 6.641416678952536401e-01
5.460670772983352572e-01 6.126056874812935149e-01 6.074937725847380232e-01
7.189673538026796207e-01 7.627431759282616852e-01 6.670258887951628912e-01
5.292994049186182659e-01 5.254162681749802166e-01 4.974729937388566725e-01
7.381214833673023223e-01 7.422663114083480895e-01 7.106700676309818387e-01
5.261716607381747846e-01 5.695116752880575728e-01 5.755765837211334057e-01
6.793078256196207754e-01 6.454555330901117216e-01 6.740523353721201705e-01
5.367655951170607898e-01 5.681612008735079655e-01 5.655733970456304771e-01
5.374032963053888556e-01 6.993858535391339615e-01 6.283257327035716155e-01
5.323483500915645594e-01 4.889066607639535600e-01 5.335793346801365189e-01
7.092458894503388400e-01 7.223564775320119313e-01 7.009866962101352073e-01
6.689549881160175016e-01 6.779443038443416780e-01 6.683805024274730444e-01
4.423956665409909395e-01 5.208760934711982316e-01 4.771132994725573728e-01
6.446214726487651259e-01 5.991262224833578953e-01 5.968898379671193632e-01
5.259088061779610968e-01 5.281877928846580028e-01 5.230782007235579290e-01
4.983069471031582043e-01 5.486282839208793671e-01 4.697180262401214335e-01
7.386325488998040090e-01 7.555345263881277917e-01 7.921538076611377432e-01
4.738298857757468063e-01 5.186089474150881173e-01 4.535636574600895865e-01
5.155490761423293655e-01 5.238118830799216585e-01 5.753107931633564265e-01
4.451211876314251636e-01 4.829544940671641196e-01 4.014582137653924243e-01
5.177803134963091525e-01 5.335773348591845711e-01 6.254856316523162985e-01
5.051723034074018237e-01 4.009732798205624671e-01 4.496661906086867888e-01
5.542505018280137197e-01 5.393655244474503396e-01 5.341885844706837361e-01
7.489377346679068070e-01 6.094425635598613722e-01 6.142675545782213531e-01
7.817140294548867718e-01 7.809956510951682196e-01 7.863385963680730173e-01
5.799430864231562843e-01 5.543911432165230524e-01 6.309354557812701936e-01
7.027794882207144544e-01 6.381938892930741902e-01 7.088666611717469035e-01
5.856750260991775425e-01 5.924082534676948786e-01 5.635087585742492022e-01
5.107728805551251527e-01 5.486121190762216493e-01 5.975487671445631754e-01
6.614652965144113272e-01 6.904631202530527867e-01 7.300158127524626339e-01
8.530484295262361627e-01 8.266913752114956049e-01 7.692498598947966615e-01
5.641976640794346132e-01 5.328468855151290429e-01 5.768402431315854395e-01
6.080420317269867869e-01 5.947547497136410621e-01 6.258507403596803575e-01
5.048985232706157955e-01 5.508253443203944277e-01 5.982025065065021963e-01
7.124645470756932886e-01 6.531943097619071770e-01 6.311271804986089418e-01
4.736108815888034895e-01 5.082189129920134940e-01 5.335646497704109592e-01
7.226574743927506317e-01 7.951773363465892697e-01 7.298025986909498775e-01
6.231720691893680719e-01 6.215657533395543277e-01 5.776625721011261483e-01
7.446544481698144091e-01 7.116888591929516616e-01 7.585643898192842016e-01
5.607575686951126182e-01 5.017210067843942412e-01 5.372545638452833616e-01
5.926695298599732320e-01 6.027993565951912380e-01 5.612036898424399567e-01
4.949216157498564361e-01 5.237858771113892420e-01 5.215481597694175964e-01
7.783477135257189650e-01 8.156226404718296408e-01 7.548665209181355529e-01
4.702227700010770950e-01 5.075559410173536845e-01 6.090370629297430227e-01
7.519593429706881160e-01 6.840367486172546085e-01 7.747766616639507609e-01
6.841439904425627994e-01 7.526251047135521510e-01 6.800692105063151915e-01
4.587276346229539059e-01 4.646678344282043627e-01 4.614020748685574436e-01
7.875356795415791034e-01 7.344700396513026419e-01 7.177221465137828549e-01
5.529069322447024426e-01 5.272926983240696641e-01 5.731385418665622122e-01
4.681696641876863518e-01 4.550399040750462976e-01 5.228130832333838240e-01
4.965082347089925241e-01 5.207494518543320794e-01 5.154740876247663195e-01
7.227843923769017298e-01 6.557092279287858316e-01 6.126381836498832056e-01
6.022526938008816444e-01 5.998897345020942629e-01 5.761706927580390047e-01
6.517649656206280229e-01 6.466674004080879001e-01 5.707565075885362438e-01
6.463371571549554329e-01 6.322132891925879017e-01 6.098199329726797790e-01
4.950188365733378948e-01 5.067167598080126734e-01 5.027889602591185669e-01
6.318222948687193252e-01 6.217869952717504090e-01 5.765041677428844880e-01
4.042753047002071165e-01 4.060693546043390167e-01 3.769482595646660994e-01
6.909754296222654357e-01 6.821164639934254037e-01 6.906369532992991944e-01
7.787375774006378704e-01 7.568258710336839279e-01 7.663225220427275497e-01
6.986032944708306935e-01 7.071192325297336323e-01 7.230659566512903647e-01
6.424933543845754436e-01 5.520493174207024012e-01 5.567723762071329352e-01
6.921452764053401818e-01 6.059124158089836953e-01 5.931995818502602269e-01
3.671301199940235627e-01 3.677208215205834962e-01 3.982348501628334980e-01
8.992189355664460537e-01 9.343159685648884105e-01 9.880675049298025536e-01
7.988088505050645605e-01 7.386429482272230951e-01 7.941826210936209218e-01
