7.279572164998653339e-01 6.447263186667504531e-01
5.175488658006095477e-01 5.338357291164921303e-01
5.273241665636053677e-01 6.183188089162828804e-01
7.038453703495565206e-01 7.011534834280149786e-01
4.709748519981324932e-01 4.845830015050026640e-01
4.739783649766299289e-01 5.044322107600551774e-01
4.325896499504889858e-01 3.687298241304683977e-01
4.376385699462100876e-01 4.492885246570323954e-01
5.039536633314039005e-01 5.142779907501986436e-01
7.042748774215481511e-01 6.633851014645595345e-01
6.589654398695582449e-01 6.694535451639586077e-01
6.358832292647681461e-01 6.066023570763973138e-01
6.895495611674041792e-01 7.418587801064019382e-01
7.556571278976121908e-01 7.036859112887746681e-01
7.395903075961215434e-01 7.044849144141157593e-01
5.547527798210577510e-01 6.984081940208898276e-01
5.663660981201227296e-01 4.958936554358753801e-01
7.087744881192332702e-01 7.238538600912651777e-01
4.426246813167030170e-01 3.788871613827125562e-01
6.282591842510998337e-01 7.018356767953564113e-01
7.319824633165383787e-01 7.268889045706139473e-01
6.166122583220455811e-01 6.891553741442556502e-01
4.978216107093572651e-01 3.895752117069899434e-01
7.260630090969585337e-01 8.109369901828177296e-01
5.032960791782713494e-01 4.714302673954174905e-01
5.667169830308581568e-01 3.987705289203561376e-01
7.015819763127131292e-01 7.351460791595458844e-01
6.114054235227417422e-01 6.675551284706611188e-01
5.897091897027123553e-01 5.416942064411615076e-01
6.611172925259503064e-01 6.873248302089620676e-01
5.553902785504474249e-01 3.823049431575621382e-01
3.518925736414732497e-01 4.716667982439927687e-01
5.801772681029240264e-01 6.397882597623687495e-01
3.402437825024650642e-01 2.694884551427743635e-01
6.342257827029580408e-01 6.354287176028505790e-01
6.570944832674286973e-01 5.891983674302955221e-01
5.960017650708845371e-01 6.106986381162783362e-01
3.419314477590935097e-01 3.796308693526438405e-01
4.231273973188252047e-01 3.335573909131280823e-01
4.189878530549694391e-01 5.037510999362654340e-01
7.310530155721186585e-01 7.878911125200032117e-01
6.928349984650087334e-01 6.808657050389704812e-01
4.952549996225735218e-01 4.877654728063967604e-01
8.983541653322645315e-01 9.198249744911054515e-01
5.894675830932279981e-01 5.552381670441227657e-01
5.057146480965222235e-01 5.841545686626152811e-01
7.113289961607052181e-01 5.880027193640242622e-01
3.982318848450651649e-01 4.594089429807204916e-01
6.692217254759845746e-01 6.021951942495845644e-01
4.518969109064067124e-01 4.865440939833500789e-01
3.107532958438002368e-01 3.938601840782333663e-01
5.252585419441392345e-01 4.215096589962455953e-01
6.391965985718157661e-01 6.944416086681475253e-01
4.880038104196333104e-01 4.286330267866313437e-01
5.217007994510525215e-01 5.833956483976128204e-01
6.061224032801475481e-01 5.526020106893876349e-01
8.042423162383328661e-01 8.301201646587438310e-01
6.841000746008459865e-01 6.316221181443170130e-01
7.716403184811566618e-01 7.532990196568325469e-01
4.389217737323977131e-01 4.677742264337658717e-01
6.298939786420187925e-01 6.501569497572903256e-01
5.349532344193244082e-01 5.618065905106957025e-01
4.144106927958444153e-01 3.713595988336186871e-01
5.545858307870930037e-01 5.114573514550284639e-01
5.052107619147764295e-01 6.226923182033604620e-01
7.367628070102149040e-01 6.817008032162682474e-01
6.982389952947000156e-01 6.801700306002326224e-01
5.422204140679351969e-01 4.340717180355110894e-01
6.930437569217986482e-01 6.869855186983904183e-01
7.647192294115443545e-01 6.987087564323448685e-01
6.989040491249906561e-02 1.873494755204661855e-01
7.198035559354755142e-01 7.482153913262988842e-01
6.310041431308002213e-01 7.723594397742818973e-01
4.742710815442886529e-01 5.439763817567272453e-01
5.116001956795191985e-01 5.172326836647586079e-01
5.976224476737346247e-01 4.933485777454600374e-01
8.239465136180235127e-01 8.079059906862764429e-01
5.107055452962643294e-01 5.500805378229483011e-01
5.845508944822491726e-01 4.395901684816297950e-01
8.508657441758920026e-01 7.109721347549486925e-01
5.473990295231889736e-01 4.985956841287529362e-01
6.009858735259672180e-01 7.215224768191983440e-01
6.407038670590889939e-01 6.038337837009688513e-01
6.321198964561487443e-01 6.386426403732079482e-01
4.430437655021468024e-01 4.891183716557508387e-01
7.095919017541892915e-01 7.160186793306334563e-01
4.205625440587176245e-01 3.234634557075448669e-01
6.988297971692066790e-01 6.857170118795724578e-01
6.795834943705197917e-01 6.643197808390043368e-01
6.511629509944721894e-01 6.925211677417174583e-01
4.976692092384265020e-01 5.323930909726295457e-01
1.012891098562856529e+00 9.588818402156474852e-01
5.096014463859126487e-01 4.083198594483210542e-01
6.463614040682584827e-01 5.705738087602755249e-01
5.708633752039502518e-01 5.457780642844609620e-01
6.972787822467880758e-01 7.121730503947507618e-01
4.204725497717733407e-01 4.059047747948965612e-01
7.661082279723204769e-01 7.691978041031951596e-01
6.422529558397511718e-01 6.157608504777158931e-01
4.295764372181850588e-01 4.418972664635032466e-01
4.535463143171404865e-01 4.453270117496569980e-01
5.075884471317009261e-01 4.813629294252235180e-01
6.256062719429866803e-01 8.116646745111364414e-01
5.396103202615163408e-01 5.093412882274916953e-01
6.045769250331962663e-01 5.593627112602848062e-01
5.434865914173699908e-01 5.537826725486806323e-01
8.101097838749593549e-01 7.688316720210246480e-01
4.155841632880926673e-01 5.333460392755452473e-01
4.373555739748019033e-01 4.812238147537082900e-01
7.268086867622304270e-01 7.339029544762881718e-01
6.528126063112079658e-01 6.951060555723843626e-01
6.559302048958932652e-01 6.211391831078632020e-01
4.061780242587729184e-01 4.612849457421602795e-01
7.032265171696445716e-01 5.861408124787279572e-01
4.554746965036428064e-01 5.101156335910708162e-01
4.571008323913972604e-01 5.619084857314166070e-01
4.322822304592295328e-01 4.544470654565151424e-01
5.841552924688420134e-01 6.360320728757047348e-01
5.624983455572108992e-01 5.484829323258427758e-01
7.413025143814583329e-01 6.616381665994980343e-01
4.849872588863989309e-01 4.862792699499909332e-01
5.780192156703797268e-01 4.976182584739564096e-01
3.552782604152716628e-01 3.615409137969288755e-01
4.889143034005717925e-01 5.310276468359869106e-01
6.362025352906435227e-01 6.483817941723426514e-01
9.029039786507503385e-01 9.127922823277404563e-01
5.658482209761996895e-01 6.297160348155113052e-01
3.040415137582349603e-01 3.402402940377066143e-01
3.555886268839263398e-01 4.355348585107707837e-01
4.430153167147480864e-01 4.329449391713326434e-01
5.995948110847630907e-01 6.646925720326886111e-01
5.959612113437396941e-01 6.244409842298189739e-01
6.971281530597165377e-01 6.287455859950218384e-01
7.689869005512562916e-01 6.694221170657973508e-01
7.323518685695384889e-01 7.264001628690359702e-01
4.852086895519009402e-01 5.294279229803948716e-01
4.122072875677824655e-01 3.543579713548817844e-01
7.326464338375537899e-01 6.558866429432215206e-01
4.800501375389617520e-01 4.833684548251606650e-01
6.477441575719067313e-01 6.946516606103210201e-01
4.486058357020209497e-01 5.297366344893681411e-01
9.850107030480423909e-01 8.017273835993969922e-01
7.287054663006654609e-01 6.419278865890737373e-01
6.145384183022781777e-01 6.828919951566638780e-01
7.814770501662799962e-01 7.679067365477356688e-01
4.531842840373797587e-01 3.315600880054236921e-01
4.838728590679732267e-01 4.531525865754675864e-01
8.021383602104098509e-01 8.107024748954251292e-01
7.439666301539847870e-01 7.481199279387592549e-01
3.619655208709943728e-01 4.102481569189349586e-01
7.174290937419248726e-01 5.938800284163993082e-01
7.736933305631180646e-01 7.473310665410434206e-01
7.549115504836009238e-01 7.961786094145911763e-01
6.036017523531749251e-01 6.991873452490584562e-01
3.216061183069900964e-01 3.649521431431633212e-01
6.699940229981995454e-01 6.201528016064810078e-01
3.477790656026596428e-01 3.792969173046571441e-01
5.383185052089436429e-01 5.898008068764701850e-01
5.236720525785506508e-01 6.717312939938474559e-01
8.996162840764615476e-01 8.632528638308337721e-01
7.711764445894061515e-01 8.281449582219365668e-01
3.784758624379848113e-01 4.439977659233608209e-01
5.770371286357975915e-01 5.000375068858775585e-01
6.946884153001190443e-01 6.500406180042933579e-01
5.334982319845880117e-01 4.556529065646486854e-01
6.131565170585956404e-01 6.422020788384682488e-01
6.384770566770198164e-01 6.223482145010271749e-01
5.759747108832605766e-01 6.310198126311367117e-01
5.618779493987868801e-01 6.260345657303516553e-01
6.933161079112738490e-01 7.161703644215312581e-01
3.920222725916389095e-01 3.814129908853461925e-01
3.928052627582652723e-01 3.451754977667180202e-01
5.614165765083023452e-01 5.492375593910903131e-01
5.428016528029473431e-01 5.756824788035013185e-01
8.491518960087467427e-01 7.738011637438544366e-01
4.448221550326528217e-01 4.135978237311720984e-01
7.508662834121986318e-01 7.951075917551693184e-01
4.947774184436338762e-01 5.597257188259811000e-01
5.375447805963810000e-01 5.659125901278513338e-01
6.853397207059661600e-01 6.045241541856114509e-01
3.413050646270276989e-01 2.877562024122103379e-01
6.459902263973679171e-01 6.049192889538409501e-01
5.843922417147128234e-01 6.971408526300605368e-01
4.986685590159753989e-01 5.809622307156465659e-01
5.412272851785231431e-01 4.288206203792567783e-01
5.928268650172169307e-01 5.624101874936487944e-01
7.606408089533774897e-01 8.217920857130379675e-01
4.497501143914404698e-01 4.591764537352486797e-01
4.463001963934585259e-01 5.051811105118181322e-01
7.085934640221447367e-01 7.281397164111029774e-01
6.053800230169529284e-01 6.135202028989529266e-01
8.500063565435592716e-01 8.717562710583096619e-01
6.482853755847283184e-01 6.689481588549005542e-01
9.494841642844014107e-01 1.001407725234502388e+00
6.417872374949802339e-01 7.879965319653690070e-01
5.144958823613362542e-01 6.797591209201035989e-01
4.368131148395003605e-01 5.156182930884681825e-01
8.213071827320866936e-01 8.049751922105677915e-01
8.496718642446920988e-01 8.446287764282247590e-01
5.104859014705227516e-01 5.320658330058036789e-01
2.516480952686014905e-01 2.124043672186637921e-01
6.587197443116408202e-01 9.056143739280757554e-01
8.858018852433336976e-01 7.054049791700806038e-01
6.240002740519782209e-01 7.988313173553810431e-01
9.007508817735333517e-01 9.123716838198484558e-01
4.832700184074924521e-01 5.242254553816884100e-01
4.335745124392351157e-01 4.758731391469144811e-01
7.961853002151261238e-01 8.205298753509503440e-01
7.795784191307861821e-01 7.910191259922934037e-01
6.116605491809280482e-01 6.219343602851666875e-01
7.956039840638283733e-01 9.064251923005489653e-01
6.376526767975425614e-01 6.946945369345625121e-01
6.624839293569073639e-01 7.027963341468028702e-01
4.922603798487735216e-01 4.848573800943016265e-01
4.866562486170419866e-01 5.238331811209420152e-01
6.036251863352937175e-01 5.390395176067783733e-01
8.819797445846607742e-01 8.643889015607238990e-01
5.702462798324905435e-01 6.134959201996192935e-01
7.493827985965677563e-01 7.810070555023715944e-01
5.966978063413452826e-01 5.344423928746129260e-01
5.055679888020488955e-01 5.080147709802859124e-01
6.934821288905026471e-01 6.523886661982534196e-01
7.194585693212792732e-01 6.022389865363958483e-01
5.604238984431212378e-01 5.027107554841235837e-01
5.224523748163982795e-01 4.980993891760395198e-01
5.906011187938591256e-01 5.184871771485883851e-01
4.620516933569492335e-01 5.482992183208361681e-01
2.889119743922835548e-01 4.760939480535084645e-01
6.692314250810544873e-01 6.841586669797630194e-01
5.290585496717225000e-01 4.935056773614102665e-01
5.077686955896910659e-01 5.717637913086878187e-01
3.985758933774534718e-01 4.909349050695432926e-01
7.755271008767881113e-01 8.191373728446196267e-01
4.998740260732633112e-01 5.578452913573955785e-01
5.856352448642536679e-01 5.580291681434319528e-01
6.560803284445109185e-01 6.829412014524531838e-01
6.551959187810663110e-01 5.667921834512490431e-01
5.211719251414512755e-01 5.739521773943245808e-01
5.445009330499390732e-01 5.513375263603141896e-01
5.745150255526537686e-01 5.829799964402725410e-01
6.031840367015206539e-01 6.026429290116093185e-01
6.593794829384485023e-01 5.296736740229199825e-01
4.428157592093056039e-01 5.112874186476903393e-01
7.537144435796963027e-01 7.688741420566482798e-01
7.319985995424668213e-01 7.718924033661976880e-01
7.171056421923069912e-01 8.121890872908494874e-01
5.796959598367393829e-01 4.650778338597250650e-01
6.241984514564887787e-01 5.489914878974370138e-01
6.927737837979393021e-01 6.654989588116919652e-01
6.650348142831798981e-01 6.473013856179699044e-01
6.704952929704233178e-01 6.768133377437297593e-01
6.322061640865367371e-01 6.189675610121164739e-01
6.620236798326750716e-01 6.405460275487599997e-01
9.031165056889617349e-01 9.853628788933271876e-01
6.336907150760725527e-01 5.597235216477346453e-01
7.666476938551980425e-01 7.802913047164377058e-01
4.819271967760753728e-01 5.154910113817938733e-01
5.430999176182677024e-01 6.266086601421464453e-01
7.331872948002975399e-01 8.021859521300664930e-01
3.935700089278925118e-01 3.295251399227316913e-01
6.136772021215242123e-01 6.274387389842155383e-01
5.566832220349557936e-01 4.444144118550341638e-01
5.348721222815847609e-01 6.112804283408107553e-01
5.208697857052022595e-01 5.863325086468824665e-01
4.541470195762303819e-01 3.983524835134683029e-01
5.613917244460444600e-01 5.356526287794010077e-01
8.384988240822149885e-01 7.670547347268287242e-01
4.738418192123949324e-01 5.383880234658785513e-01
7.348911981680126271e-01 6.549238377248729481e-01
5.115735169341142363e-01 6.260535969529206213e-01
6.617645661210228569e-01 6.834696625620856336e-01
6.081501818214608557e-01 5.502205025832102026e-01
4.908388709077711187e-01 4.849511878976853207e-01
6.011466028108072290e-01 7.456153814452781692e-01
7.122185938292526775e-01 7.987947900251424205e-01
6.109711330324847367e-01 6.491990954639974554e-01
3.960938644531870612e-01 5.046067916588600211e-01
4.647233251524571784e-01 4.773305689771342175e-01
5.304569120030334650e-01 5.192689461852527666e-01
4.561302331758937956e-01 4.834491508715740848e-01
9.359833594203007534e-01 7.998224519612106009e-01
7.274003426624801039e-01 7.527220736675434010e-01
8.874722404917678720e-01 8.744676007825789021e-01
8.444532712888926929e-01 8.830351610935290863e-01
4.547695400605007432e-01 4.419841424221419013e-01
7.443247472559805233e-01 5.257691616141780822e-01
7.461246626860013054e-01 7.499048630473724719e-01
7.041544401605482895e-01 7.368362654686063662e-01
5.213672315961849213e-01 4.939876720301426549e-01
6.884291864660216920e-01 5.488741625742519226e-01
4.580978962010525124e-01 6.127929108122591728e-01
7.522331741906694846e-01 7.098471738006461029e-01
8.646667231111002661e-01 7.647128874169921708e-01
4.196128648701063502e-01 4.982772800017565840e-01
6.360047566452797785e-01 6.446095896343433385e-01
6.286321029899989421e-01 6.093021509620005771e-01
6.829213258655787433e-01 8.184975562577622155e-01
4.240366149745238289e-01 3.487584160772189135e-01
4.759003143817829296e-01 5.571506575537369388e-01
5.287910764012543341e-01 5.386858311966190582e-01
7.556661378513591654e-01 7.515423270752321638e-01
4.779566951405657682e-01 5.183428672347382138e-01
6.585324666210580213e-01 5.513870907356185347e-01
5.501139655814495377e-01 4.516550943217133018e-01
4.931536229115295322e-01 5.048372228725935829e-01
5.993979591053357758e-01 5.265963242009394918e-01
4.416089064498917027e-01 5.667967482379639987e-01
7.013444313230102756e-01 7.707967218598356096e-01
7.565720108452044235e-01 6.538598952816615517e-01
6.395927303808314202e-01 5.129074868901349893e-01
9.161906678223037392e-01 8.632814286039440788e-01
6.481004215424639447e-01 7.220075927544393757e-01
4.469197611586119279e-01 4.708171630082844117e-01
6.324190326211276414e-01 6.163856660863857861e-01
6.136217364145792885e-01 5.298931520757887981e-01
7.621962642297068768e-01 7.359717053184242630e-01
8.514024666649584461e-01 8.315084556500667023e-01
1.093557335132353259e-01 2.703820624384817989e-02
4.570797212429850154e-01 4.807318675427409982e-01
6.229640751289808875e-01 7.293439203480931443e-01
6.505460726895938572e-01 4.719288421633349162e-01
3.606860835076249328e-01 4.045849280766747325e-01
3.845162888246109190e-01 4.380584343673017966e-01
7.256880324001071525e-01 6.869977505826827535e-01
8.014273274458083574e-01 7.603304032638695809e-01
5.411265274351829691e-01 4.538385380058155283e-01
4.824622083957396113e-01 4.398487693172815627e-01
4.086832179811103472e-01 3.567582957847107994e-01
4.428237306477210145e-01 4.272459251232531563e-01
6.824582173488091819e-01 7.403008654933525001e-01
7.857964426554404636e-01 7.560307067680736015e-01
6.532716543107368601e-01 5.820118739508568506e-01
8.710144846882051928e-01 7.707644841155457671e-01
4.318334544079399651e-01 4.074913088392868588e-01
5.052731434488256790e-01 6.454210516136263953e-01
8.976173778428133687e-01 7.965759913236016843e-01
4.532780252958480416e-01 5.343529385372334239e-01
4.993259134337257876e-01 5.703160525415038595e-01
5.471268270979353643e-01 5.238664481080760327e-01
4.990405341319142374e-01 4.631005533721061496e-01
8.596336614597432924e-01 8.706262171186243126e-01
6.881609361934503122e-01 8.039141116732652081e-01
3.080955131620523035e-01 3.319039657516672515e-01
7.502594894459740926e-01 6.661335526216071168e-01
6.719360911429261840e-01 6.067521130100299587e-01
4.108333596878214755e-01 4.433923286448028800e-01
6.069199325349184937e-01 6.761830316790214956e-01
7.539668439181418380e-01 7.510669084734539203e-01
6.157465608874058693e-01 6.284458603171209079e-01
5.835960328849337797e-01 5.434022184427719226e-01
8.155536471109322560e-01 7.552491256496752792e-01
7.814308758304046032e-01 7.690166609805139109e-01
5.495692641131473266e-01 5.968472849946317993e-01
7.699884494145277092e-01 7.346412997866289540e-01
7.883899222411394625e-01 8.543240615979668107e-01
2.506755437962573940e-01 3.438134468435952162e-01
4.420872745781563862e-01 3.985611475591107067e-01
5.250922861040159262e-01 4.687488380031631929e-01
3.075512940375695337e-01 2.603786062803479240e-01
6.775745004360684831e-01 6.145710532139896376e-01
4.735910243128561570e-01 4.722794427119374472e-01
4.075749694491794806e-01 5.647840850510686961e-01
5.103823924056705152e-01 5.076481263970176183e-01
3.805110193078058423e-01 3.225411490586629348e-01
4.542458630826801125e-01 4.276746838814166063e-01
6.876590775384260334e-01 5.700586140944400304e-01
5.521389576686009937e-01 5.512125119459402312e-01
6.832115077731770736e-01 7.224029215659486525e-01
6.313203214584062195e-01 5.450872506406114759e-01
6.355493030234751206e-01 5.004413297867476018e-01
6.627251279218701052e-01 6.072152852656879096e-01
4.631760426559284882e-01 5.695979222826096366e-01
5.124692833350689147e-01 5.428436921489706579e-01
3.779840371872379423e-01 4.347729838423752824e-01
6.233826979875362051e-01 6.636744967159627917e-01
6.153670942114243259e-01 6.575343658665001589e-01
6.612423258460283781e-01 5.366796188645729382e-01
4.428422037490349905e-01 3.753177562019697766e-01
7.649677831902339520e-01 6.007508495181694830e-01
2.570715506436161979e-01 2.053278700051901218e-01
4.066047215966624995e-01 5.248246108419623024e-01
7.254376742713350978e-01 5.631684697681320628e-01
8.374739258670621522e-01 6.987075738902767119e-01
3.288738048921673318e-01 3.238446735731299597e-01
7.655529006967504158e-01 7.390100398851614516e-01
6.351101368030029892e-01 7.125499222568467683e-01
5.272396566241568383e-01 5.509249458044178649e-01
5.009598883719831308e-01 4.888832720115314778e-01
6.789951383970173060e-01 7.240608298217455774e-01
5.971295992380777351e-01 5.688794196365333233e-01
5.678441521698835981e-01 5.980611220479845613e-01
6.859668040825321889e-01 7.357841707992351932e-01
3.894712420301852385e-01 4.583476190970908748e-01
5.574208425563980107e-01 6.644119023817529612e-01
5.709781040822138332e-01 6.964056956025027612e-01
6.182545040934377401e-01 7.244143910034004374e-01
5.342627262768985252e-01 5.983602200988887843e-01
4.697033458066155465e-01 4.100443403965631228e-01
5.535715959311550138e-01 5.651776772188333853e-01
7.241836394916593145e-01 7.979186456197401300e-01
3.414340759079129151e-01 2.798802244956874463e-01
9.200164216257930017e-01 8.778516987621532985e-01
6.082414518711023455e-01 7.582605061416378689e-01
5.847742681235131856e-01 6.027415489575592700e-01
4.259118771367733647e-01 3.482744209446136940e-01
6.707775605556791643e-01 7.445369669558923320e-01
4.117974214198561467e-01 3.797947101337248443e-01
6.478973644691091716e-01 6.526328079113253855e-01
6.925646744937806742e-01 7.593950463370132686e-01
6.839595425804817497e-01 7.765908060671736779e-01
5.531184743949573157e-01 4.330481958307875745e-01
2.940041225266414870e-01 2.946106884604753895e-01
7.161750677399176812e-01 7.533493183337174326e-01
5.681703400226020273e-01 5.559853377418934040e-01
4.455199231341011590e-01 5.073365695592692015e-01
6.665329366415054801e-01 7.247380558282193741e-01
5.457315926157413344e-01 5.995908075852538488e-01
4.537771594651757168e-01 5.275334346223268245e-01
4.714021675712017911e-01 4.497360512559425150e-01
5.608456879193117750e-01 6.270910384492316414e-01
7.695647989235722131e-01 8.513543016203871661e-01
8.519121040793240507e-01 8.742753711821824592e-01
7.165062637762233955e-01 5.930710288823821674e-01
7.989180979941364891e-01 7.576090552331024019e-01
7.343258138340065244e-01 6.835198788437406581e-01
6.326275218574173298e-01 4.923120986048175052e-01
5.389428811917759132e-01 5.235421905328722092e-01
4.116418944878210695e-01 3.762752108496040249e-01
3.631935514441507751e-01 2.956119337480217490e-01
4.959844081119759163e-01 5.507342868379208056e-01
6.932852219144368666e-01 5.488643607023574456e-01
5.502857251815931328e-01 5.083496450434481506e-01
5.252262593385809142e-01 5.884028493258502968e-01
3.623861285309528668e-01 4.555259954813257739e-01
6.820836963897238814e-01 6.598147559985365618e-01
6.450805879394364561e-01 5.613656404516133014e-01
4.545566493705708311e-01 4.768434033239961067e-01
4.016525406472662429e-01 4.268821536262635274e-01
5.423628989573036074e-01 4.436281013633298631e-01
5.731329074463661355e-01 5.034672068951638879e-01
5.148801612618616463e-01 4.624991071561840861e-01
5.886755093134978800e-01 5.620232377666856127e-01
5.038446145859653003e-01 4.847165969634764648e-01
3.878390090700389314e-01 4.527808064717259717e-01
7.018209980654053215e-01 6.330398345860133169e-01
5.350476714246158449e-01 4.834014989350349789e-01
2.612856446715141057e-01 2.804563922862529091e-01
7.070531750915201030e-01 8.068232974069464714e-01
6.977268318621636656e-01 7.416807527067508232e-01
6.165198944036711648e-01 7.314343640886351583e-01
4.170492362974310141e-01 4.912844609189522260e-01
5.730270656091458470e-01 5.294074464381770539e-01
8.023552955076345139e-01 8.352833142253823784e-01
3.394751660972169516e-01 2.515090494329861315e-01
6.776484453891874482e-01 5.357980276888288929e-01
6.577439089302855590e-01 5.770579193829393772e-01
6.638783920711522901e-01 6.552324963948746861e-01
5.907553754580873173e-01 6.228610029805906612e-01
6.142013649512491069e-01 6.859692212768987440e-01
5.045022987713959628e-01 5.138014653843326895e-01
7.570479022214142706e-01 7.497934986248504519e-01
5.390186924260594870e-01 5.845308497621596322e-01
8.627249364798783571e-01 8.392612757801287682e-01
6.711081850143595373e-01 5.373593911285104996e-01
3.953326849773740603e-01 4.736300713890155833e-01
3.277728545197752807e-01 3.497714670993177788e-01
5.054757915867164053e-01 4.827780535228649028e-01
3.899134918353167056e-01 2.494051755429545492e-01
7.450727863302066822e-01 8.387111497164889684e-01
6.975365901698792337e-01 6.242499899226120474e-01
3.321877597607983956e-01 4.162549571913607416e-01
7.285625774908611740e-01 6.232271778075687552e-01
4.630683484991654497e-01 4.437678538799476602e-01
6.972936360518507959e-01 7.022190269855560496e-01
3.966459822084285047e-01 3.893519879407633111e-01
6.636699636646128386e-01 7.084974821482643570e-01
7.632119883716009801e-01 7.047374546120276362e-01
7.124368688827956708e-01 5.940213962369796930e-01
8.004068498392999942e-01 8.800867795433477969e-01
5.930812317269767986e-01 6.659651187905869518e-01
7.348680030442790168e-01 8.154105230255402903e-01
5.767479948342691953e-01 4.228172260074125610e-01
6.221322635960698788e-01 5.930881154931147980e-01
5.201348490615393949e-01 6.203709103298180594e-01
4.583132478031075041e-01 4.608254387021890053e-01
4.148746962391186011e-01 5.669339489390199383e-01
6.401435214675293972e-01 6.587484706097687104e-01
6.001203188857828774e-01 5.925961798464585151e-01
6.551199494944991431e-01 6.753659928742189456e-01
6.730085476376778120e-01 6.372399273693080124e-01
7.747188421241306688e-01 8.204635945583720336e-01
4.825603068551135855e-01 4.198135762181671171e-01
4.747148852544701425e-01 5.035222849392820832e-01
6.332294999880943021e-01 6.578760864304942224e-01
3.486676198311833286e-01 3.658208702682643754e-01
7.360900011487966355e-01 7.480659805088877290e-01
4.180252588300252814e-01 3.191203764177091839e-01
5.875967492273018733e-01 6.697030579520238947e-01
6.267098309244452103e-01 7.603253831689447129e-01
5.406541747546045329e-01 4.506868586006020916e-01
5.170184348607828051e-01 5.147897188378710576e-01
7.637960963527975489e-01 6.222300391760745564e-01
8.914877742063205268e-01 7.228245940545146020e-01
5.530222523675044632e-01 6.556730851587418973e-01
4.722657454990802361e-01 6.177058397574730630e-01
5.874596915919749751e-01 5.813195646265814087e-01
7.599703645555508924e-01 7.256064278124481071e-01
8.924539107427266194e-01 8.957650936517985718e-01
2.366868409176973165e-01 3.735875879724557258e-01
3.125136659441437592e-01 4.286590156920745409e-01
6.552066013657654731e-01 6.920248315632676617e-01
3.563667459196794840e-01 2.445453836977786177e-01
7.562758797538829958e-01 6.749960598109786547e-01
3.622995190774667695e-01 3.625588477539214982e-01
3.457542660636058751e-01 3.900312640431494171e-01
6.329435392926158199e-01 6.133919062977709613e-01
4.931554053728151588e-01 5.436584670180901746e-01
5.351932732879463028e-01 6.454388480719519539e-01
6.511444652147543311e-01 6.972450124578303265e-01
6.089755995897012664e-01 6.561339399355508029e-01
4.243778999997395718e-01 4.709313847201936354e-01
6.808030805750470149e-01 6.526699974187880615e-01
6.859547956429603577e-01 6.830654322175260251e-01
4.332498918149285116e-01 4.744793841427557557e-01
9.370683021839083526e-01 8.352920894725495149e-01
3.220267632029665816e-01 4.335821885029754186e-01
6.569199539464424253e-01 6.543187964955937685e-01
3.164513195277542934e-01 2.551592537775205782e-01
1.482133837293584944e-01 2.660367224820286425e-01
9.620918763511203675e-01 8.485836815010927570e-01
6.556904126378871878e-01 7.516477177932646692e-01
8.537303351932684636e-01 8.772204353283336031e-01
5.984607482969166448e-01 6.382665237790625667e-01
5.414346374102342319e-01 6.217285775382203061e-01
4.781012715890219922e-01 5.281354859135333202e-01
7.095583681142418886e-01 6.748390191528377269e-01
5.777899228975121870e-01 5.007510783641454521e-01
4.157850328351868074e-01 2.501735332855605232e-01
8.167222900448600775e-01 8.042563829116602392e-01
5.557810659997337588e-01 6.401127174225438310e-01
4.989082525206776086e-01 3.307044387145642306e-01
4.626575844147328698e-01 4.625346413109427401e-01
6.290385523033318327e-01 6.968225597419882567e-01
8.457638438651267077e-01 8.255964626054139721e-01
6.238314411814179783e-01 6.631918716887478249e-01
4.470720148717413078e-01 4.089681033944398969e-01
5.581852681154491069e-01 5.883238603216660589e-01
5.132484203587341920e-01 4.826666149403783246e-01
6.045165063363049374e-01 5.296481118586278125e-01
7.425778068205430849e-01 7.198669191976965198e-01
7.150525510558993769e-01 5.970921156419790599e-01
6.564848550677147010e-01 6.085486422170716114e-01
6.777399307384804894e-01 7.827275477756531208e-01
5.780003606309818132e-01 5.725721397188618944e-01
5.566754502520269154e-01 5.171902338329786852e-01
6.043151809645179728e-01 3.654128029950353129e-01
3.312852693326425180e-01 3.489149379514041027e-01
6.377132405142480476e-01 5.566927122917357806e-01
3.720231545000210471e-01 3.933277181308684756e-01
7.985886335378274969e-01 7.687487654811883120e-01
4.282481021479903616e-01 5.538329412452498435e-01
5.472018878514857132e-01 4.567865500433845316e-01
4.047857192485896372e-01 3.738990149001805152e-01
4.917484479883220683e-01 4.657401683479690524e-01
8.733687153934972525e-01 9.903465000701214827e-01
6.072634989294002361e-01 6.189241591819875099e-01
6.398891586909929430e-01 6.586836395436581615e-01
7.212731260824493118e-01 5.514342122628413945e-01
5.747905436479535668e-01 6.461395391241856467e-01
5.214382684788343436e-01 5.960821192793539502e-01
7.642511477177886814e-01 5.858567515675259241e-01
6.571738098138484307e-01 5.845249934626743915e-01
8.182931345610209295e-01 8.229602785216780791e-01
4.286549096828428107e-01 4.854372456231570432e-01
8.673443753894138908e-01 8.422930531359824613e-01
3.165220649834652455e-01 3.042883077448150786e-01
5.474709895476403965e-01 6.302654017394222485e-01
5.157903609630670738e-01 5.607399467916268643e-01
7.799067251421508695e-01 6.265155161965622055e-01
6.427899656150749541e-01 5.605347258495169127e-01
5.874861961194277615e-01 5.578712138326451520e-01
4.502769429792545242e-01 4.230775606836544855e-01
5.243976346106777875e-01 6.419162561359512686e-01
4.203968710471787662e-01 4.592052273114267114e-01
7.488006639960946842e-01 7.231143168772529162e-01
6.148252746419154979e-01 4.792381760156859682e-01
4.513954606395379487e-01 5.728970344608704801e-01
4.954730301882933063e-01 4.558688668126927301e-01
4.746272301923539216e-01 4.165623279625613740e-01
9.292063369711537346e-01 9.379387288448667315e-01
6.141071786295505541e-01 5.252694892538082305e-01
5.255274100621719624e-01 5.522075289205939930e-01
5.890361798616258193e-01 6.499910104684497592e-01
5.821414044543936628e-01 6.843226505194081044e-01
6.474765762600535046e-01 6.597275776198040509e-01
3.678414382113048275e-01 4.345354360908502689e-01
4.540840143471785995e-01 4.504552838231739020e-01
7.723743499446097394e-01 8.447898663234479910e-01
3.745362315165522427e-01 4.779823633019062434e-01
5.649311835354156042e-01 5.705587166799164223e-01
3.558985520895820431e-01 4.189878347392443358e-01
4.689657390419419425e-01 5.787851498168197217e-01
8.840381094350366897e-01 9.113430097651946671e-01
6.866856849491518311e-01 6.012572514065859242e-01
6.105671957252284399e-01 5.395925107651983188e-01
6.850594173566970646e-01 7.045263127522316537e-01
6.634936852183153100e-01 7.283923536952541244e-01
6.228281171470880784e-01 6.260121267623167673e-01
6.738461383958922468e-01 6.909947259726438862e-01
4.258793454318188787e-01 4.715575132182190932e-01
6.100908357207965871e-01 5.398632537956280508e-01
6.286570731643620347e-01 6.561239551548289084e-01
6.149828810123700862e-01 4.574759393983128253e-01
7.031056412523410959e-01 5.112253409932159265e-01
6.159789877796917335e-01 5.646115816105710117e-01
5.773625286004504531e-01 5.726376429126791567e-01
7.136883252655394916e-01 6.605149389210396293e-01
7.157680909286687765e-01 6.834715526657604290e-01
5.816508827447344210e-01 6.168728377038121824e-01
5.429771758460689712e-01 5.048817011301242053e-01
5.761659794556375225e-01 6.239135393227697168e-01
6.322265752298907859e-01 5.568545044954229528e-01
4.913674552130172235e-01 5.021155915143632464e-01
7.568910457572458617e-01 6.964580317753680250e-01
6.745879394879825686e-01 6.906619177546386990e-01
5.378593508055139472e-01 5.450594105078098162e-01
5.489496859706297638e-01 5.352666178833771493e-01
7.673699102690878515e-01 8.027907339612265769e-01
8.954448847359759434e-01 8.988947893025021063e-01
6.049014355638017149e-01 6.736802998815382137e-01
8.567986269075080763e-01 8.140079151832519955e-01
4.226349754326322872e-01 4.963386343032550885e-01
7.184648685427925674e-01 5.630163645701524722e-01
4.058446821641084057e-01 3.706179751175113779e-01
7.289283652089254550e-01 5.951194799448819017e-01
3.822234532502619686e-01 5.313570803932419206e-01
7.872107609705430997e-01 6.899803953190951633e-01
4.501075198190641613e-01 3.210401464303154206e-01
5.127048288297356704e-01 4.980104836368161036e-01
6.049324116911293236e-01 6.933079956043975978e-01
7.928294169306971950e-01 7.333681525167380366e-01
5.973929345740510710e-01 6.376913706175452168e-01
6.559379799776835496e-01 6.642961781500692497e-01
4.860093059424965833e-01 4.440486990497403141e-01
6.424450553453858737e-01 6.356005788082935704e-01
8.285567402554859795e-01 8.091131591623156316e-01
3.870913917464319232e-01 4.781235055400120393e-01
7.496771070374984580e-01 6.524912141306272728e-01
6.267604312284575929e-01 6.271754400577553845e-01
7.505434009801665862e-01 7.024687275678724863e-01
6.470562005444873144e-01 6.903996038687414405e-01
4.077786481965203769e-01 4.806538164726281148e-01
7.196612152379271432e-01 6.668718671350664096e-01
3.252670294314661814e-01 3.072222256518811201e-01
5.866929271316191352e-01 5.457866638770701995e-01
3.854203301493645539e-01 4.311934650809315372e-01
8.027016885502780141e-01 9.235409109041390341e-01
6.738289555655814222e-01 5.897535153898070259e-01
8.469396914931300868e-01 8.219198728363291684e-01
5.349265406038610227e-01 5.703520469877723098e-01
7.004530570682959700e-01 7.765120495788656596e-01
6.290209062068377044e-01 6.291592408864730146e-01
7.586627747872211058e-01 7.533949014597097760e-01
6.883486399908147479e-01 6.393603290447251730e-01
7.145251711021656238e-01 7.020142978215164753e-01
6.592383374864619894e-01 5.745349266148603862e-01
5.220349399026391612e-01 5.571144511813148625e-01
7.094028477629217289e-01 8.313731552418190951e-01
8.710175876571499831e-01 7.046991112851126449e-01
5.664314098797268437e-01 5.577376474227645486e-01
7.221840139197832631e-01 8.319990216785169146e-01
6.648661748475501732e-01 6.099088046088676496e-01
5.832233495053146255e-01 6.744286108167681926e-01
8.271687088277723809e-01 7.232245463524233919e-01
7.366483583501864940e-01 7.549845396454856195e-01
7.846475904891263564e-01 8.573560054500701799e-01
5.769669662505183538e-01 6.606445907044704580e-01
6.396496983697768091e-01 6.767941228886427130e-01
8.517593977761525048e-01 7.790149370114368699e-01
8.219358050456555542e-01 8.269184678287848644e-01
4.857042674990410536e-01 5.219304633042931574e-01
4.874669376352307459e-01 5.742111018839533010e-01
5.133387486867079241e-01 5.907348103744295420e-01
7.439185505827967670e-01 7.938800552149400946e-01
4.634545095137549975e-01 4.576776382809876198e-01
5.333104968977313565e-01 5.181716551548427585e-01
8.861594001088773931e-01 7.724476004893970904e-01
5.115029956100344277e-01 4.889360348800631528e-01
6.115681256518938902e-01 4.878734214349614295e-01
6.103034460440304176e-01 5.877916728539780422e-01
9.130810963522855150e-01 8.653528335923619252e-01
5.286493359386056357e-01 5.299993927122638171e-01
3.304886316463260809e-01 2.760414728024730979e-01
5.890300677385671424e-01 5.977472545090596334e-01
5.488168698372862808e-01 6.432701269602499883e-01
5.181683896916531307e-01 6.085311718400092662e-01
7.105092147723600648e-01 6.924135874824087766e-01
4.510440143528008372e-01 4.303665039013334637e-01
9.316505845454431389e-01 8.883276088020387595e-01
4.689565586080527426e-01 4.564400398881564014e-01
5.363197165435624747e-01 3.537039766811644892e-01
3.868362981739764672e-01 3.465864108008438471e-01
9.632032809816504226e-01 9.360718269288428317e-01
7.357267349674352364e-01 8.076314961822856908e-01
5.873914432199024427e-01 7.673040350652237107e-01
4.815603305970279080e-01 4.893924179650756545e-01
8.286024386057642133e-01 8.726461026484884087e-01
5.111416641544671569e-01 6.769679492120749265e-01
7.809546159258272668e-01 7.283358869200081687e-01
5.494671195048391743e-01 5.639029582852131961e-01
6.489185408913323849e-01 7.155940981592684436e-01
6.962600580492241953e-01 5.391288221972034833e-01
7.507936107880855969e-01 8.072613075087072820e-01
6.801398629452261035e-01 6.932436206443989279e-01
5.920906010017844556e-01 5.247853093685629355e-01
7.603275397990303386e-01 5.368425701726886601e-01
5.957152803776631922e-01 6.534051395391110573e-01
6.789914434067284565e-01 6.812984394367086471e-01
8.240572201527471830e-01 9.181168950528697525e-01
5.177614171682471955e-01 4.985133071024843154e-01
7.023885653533592510e-01 7.053440324954762808e-01
5.683069614129399039e-01 6.641449834284667286e-01
5.653910580326443336e-01 5.246827113723048219e-01
7.504569498552936535e-01 7.226160313671688984e-01
5.252825287111865249e-01 4.995005979267534424e-01
4.630178807812393993e-01 5.324027479808586261e-01
5.863994562727234960e-01 6.648798164369931207e-01
9.026366411827695391e-01 9.343109041295147854e-01
4.335583420820065537e-01 4.993549807355878722e-01
4.971880646302057616e-01 4.670561212112750993e-01
7.295249987258666247e-01 6.408048824318689496e-01
6.439411294087369342e-01 4.931535004714706627e-01
6.095930357552471479e-01 6.243345758703858772e-01
5.898862938482228868e-01 5.721984496444812995e-01
3.455688487815868903e-01 3.708758607998715595e-01
4.345274685185788743e-01 4.464834920922702843e-01
5.875927219679577540e-01 6.270334197239291196e-01
6.008671843455050121e-01 6.322542646521923659e-01
7.085028747469140908e-01 6.083988753342356448e-01
5.904798007010351180e-01 6.280903309056619088e-01
3.072170384107282270e-01 3.302825722582181101e-01
5.412150666963032597e-01 4.040963291862899043e-01
5.103108032467411626e-01 5.222040018056697264e-01
6.274980637455898069e-01 6.943354325346577927e-01
7.616749588344620125e-01 7.605507097374906156e-01
6.494730483842873214e-01 5.776693524826247428e-01
7.512986275907100886e-01 7.999159419245824854e-01
5.808837595078704119e-01 4.619035800620526211e-01
3.037951224849620435e-01 2.533172287641478060e-01
5.943244664105256092e-01 6.861459423201523578e-01
7.443904393987158530e-01 7.587931472927612608e-01
6.310180144506223332e-01 7.033296425300912258e-01
7.413078154115431140e-01 8.200812345653900604e-01
9.408876242619081953e-01 8.701155357794825296e-01
6.477211426086911805e-01 6.686984606968254807e-01
6.992812494796345479e-01 7.068240056981296426e-01
5.046821320372788522e-01 4.904064831970434968e-01
2.595937255897435847e-01 3.049790637851913511e-01
4.574097017316813840e-01 5.090920142229571344e-01
5.842820026971906611e-01 5.550571919711086988e-01
6.490767575044419369e-01 6.444678263838502508e-01
5.233904163158448197e-01 5.641258363134223908e-01
5.556036698673707530e-01 4.972953940333919021e-01
4.975003244683369186e-01 4.833071795349210831e-01
7.873532133315196413e-01 7.285598266217584440e-01
6.423841681962797479e-01 6.404096659575214678e-01
6.956804252828198143e-01 7.298180185463628566e-01
7.910271351984775601e-01 7.657974024623094289e-01
3.320135020212268695e-01 4.756756375471646314e-01
4.613728856373839338e-01 5.660665157240526435e-01
5.595932542815915678e-01 6.807619979656374110e-01
7.117983765494485526e-01 6.301115632768380381e-01
6.637536551359608517e-01 6.816228359172551432e-01
5.629792434972373805e-01 5.213288042195078908e-01
3.817657421069072243e-01 4.806766126664369643e-01
7.730771531381313011e-01 8.271806978952542799e-01
4.493140502057916819e-01 4.910492361816248263e-01
6.206542254058800001e-01 5.087065768360441442e-01
6.738933755151863547e-01 6.285863695169462417e-01
7.101779895841514589e-01 6.535389587188663585e-01
6.544360188077458229e-01 6.396373813705531486e-01
3.926396601162400746e-01 5.562804808065827666e-01
8.068455222349172340e-01 8.769673013978697140e-01
6.517679934351153781e-01 6.201101439107717939e-01
6.086647668633355934e-01 5.937484169366551434e-01
4.569460806211894099e-01 3.544001974915727549e-01
5.708727900350509810e-01 5.267691150381708098e-01
7.329277493070103233e-01 6.377660989902689259e-01
7.522627886089410243e-01 6.445913379329806236e-01
9.917858312126329734e-01 9.998881241700604550e-01
5.539401991336077025e-01 5.653311264533689151e-01
8.681524805050582216e-01 8.304733577829457314e-01
3.015066720576231596e-01 2.690253238985055306e-01
4.648596491737171932e-01 4.989293164828338401e-01
4.749817894169369725e-01 5.967500663015108398e-01
5.151535799038414742e-01 5.778451702347969787e-01
5.995295507872294705e-01 6.196244526412423292e-01
5.166078404802718627e-01 3.549446572287219825e-01
3.284156082301628032e-01 3.337610140247218027e-01
5.740290240743362027e-01 6.168276301733848221e-01
7.078159600931610562e-01 7.693550171030569818e-01
5.446993563902946534e-01 5.038962711313341725e-01
4.516568203181194896e-01 4.300871666332269916e-01
5.277752523258626427e-01 4.587002569246941275e-01
5.716613394942288151e-01 6.651711579464479884e-01
5.987160328504541607e-01 4.966289576924385329e-01
7.759319990771733622e-01 8.111346315312486510e-01
5.683311722917874231e-01 5.884674130494613742e-01
4.606471879620459009e-01 4.036444680286913056e-01
4.516295299655972428e-01 6.026071781698572050e-01
6.760508366937824087e-01 5.500234474374944282e-01
6.598103891089400763e-01 5.675285650610669697e-01
6.365917830017036039e-01 6.314889558838638894e-01
6.263260247925127588e-01 7.064037026693349430e-01
5.057019971157137306e-01 5.300720486266954357e-01
6.995196101233166486e-01 7.409090155706975489e-01
9.147002203328002956e-01 8.277256771958854120e-01
5.839208579699152191e-01 6.403085234075936993e-01
9.792979277269541205e-01 9.429946848666589387e-01
5.920662023491778392e-01 6.609004278351489070e-01
6.251482939262725802e-01 5.850332095157756429e-01
1.371849167217266685e-01 2.282270690538870106e-01
6.721485037462953116e-01 7.269521329271857457e-01
9.270134441374557888e-01 1.011322526584274017e+00
5.195182237484425869e-01 6.175538373992253138e-01
6.013507222644612904e-01 5.941727030797380182e-01
6.602123956671296368e-01 5.756555663582975102e-01
3.444348354491792441e-01 3.660907556577320254e-01
7.514843600188022554e-01 7.579735398009365133e-01
6.967259729522957690e-01 7.219525761107591366e-01
5.463754182489031219e-01 6.069394384163260270e-01
8.788978704044725365e-01 8.290997901569006068e-01
7.043441079731457277e-01 6.992217860834356591e-01
5.145390695168519102e-01 6.125568072909199913e-01
6.981588152438160666e-01 7.142849367676908923e-01
5.318677438167488392e-01 5.274088538365541146e-01
3.453403048814652765e-01 3.863073052867739277e-01
7.763408666376407918e-01 7.787076676792490382e-01
9.261383592076971594e-01 8.326266220110535299e-01
6.738068515858092189e-01 6.765908078278820570e-01
4.264329179860098518e-01 3.742042526381494372e-01
4.810769189302664395e-01 4.763475363976775179e-01
7.309377400550649551e-01 7.688461250198603825e-01
3.946862616671947266e-01 5.379591071472198394e-01
6.221204589195836743e-01 6.253186742708176649e-01
3.018789745759456467e-01 3.295103477540051728e-01
7.000031922882496982e-01 5.436863825953472951e-01
7.278674441470929235e-01 8.075425538984506435e-01
5.646507035738519420e-01 6.578248835360296365e-01
7.441492062989325529e-01 6.990637497927119082e-01
6.709962580653376918e-01 6.933938697196360135e-01
5.945992951530997273e-01 7.320679604853269629e-01
4.298062615901483419e-01 4.670635961575633210e-01
5.905168222542495071e-01 4.948802770073589263e-01
7.179876241546849780e-01 7.119139214805572102e-01
5.158136916666066218e-01 5.134953611128157958e-01
4.496551265382842666e-01 4.337705363803137648e-01
5.399204615284524111e-01 4.716727625481099140e-01
3.954631737186599660e-01 4.462235379022229664e-01
6.155361453946028849e-01 5.253226991798896073e-01
6.936571859132454332e-01 7.409598904343295267e-01
7.240908363560951688e-01 6.922362147120844078e-01
6.122463630406156376e-01 6.303294174138123207e-01
5.198240678593479824e-01 6.261893422691371391e-01
6.065681530738323834e-01 5.912408083763572852e-01
6.372279204535563624e-01 7.141884625911135709e-01
7.540289766295662499e-01 7.360657859839521144e-01
6.850115408625795377e-01 5.909111211977057243e-01
5.335415553351738893e-01 6.186083748652935199e-01
4.817433010508644919e-01 5.999141434003600892e-01
4.932612047998838900e-01 5.178251235525486162e-01
6.742253638792110593e-01 5.665152539394295861e-01
6.831715290858008105e-01 6.269752760247465639e-01
6.118246333597053832e-01 6.864552651921868032e-01
6.148910791074638782e-01 5.081478610882871338e-01
5.919531225547230990e-01 5.207057777981479729e-01
6.513510191275279082e-01 5.601261634744666429e-01
5.140398857931455234e-01 7.548137853920721119e-01
6.378082576943344684e-01 6.121923143445029414e-01
5.026109636766487032e-01 5.491317465357834493e-01
7.105796570150263447e-01 7.432186752350985470e-01
6.454059463769473703e-01 6.311286270071388982e-01
5.897515854846472338e-01 4.840431384769920409e-01
4.564733946319670110e-01 4.990293136728572998e-01
5.880318611378101412e-01 5.408530197858489874e-01
6.577778614622018516e-01 5.520511559687548697e-01
4.771082749520358934e-01 5.958891147403848620e-01
5.472702728055046650e-01 5.392344295617242933e-01
6.291617335336069372e-01 7.234241231575594400e-01
6.418294659872394448e-01 6.055083455857763752e-01
6.303497357521671285e-01 7.232056256838234054e-01
8.605318206260889058e-01 9.368633078199363196e-01
4.852193881424405331e-01 4.898558376203380749e-01
3.189544794662679816e-01 3.230198100101869807e-01
6.985763139411532707e-01 6.589030120676117042e-01
4.810055892024013291e-01 4.862490110011650213e-01
5.110522056133320890e-01 4.611703775535948568e-01
7.064040842405319154e-01 6.397976945841845620e-01
4.662850964158625211e-01 5.102922489141816786e-01
6.182809835427063305e-01 6.375345989494594079e-01
6.929575722169922791e-01 8.109137804901094260e-01
4.977875972661828796e-01 4.906308541466846695e-01
5.932258061033826024e-01 5.169882028108740979e-01
7.997454847277121193e-01 7.740510479481970130e-01
4.301660449119527052e-01 5.172738329809870583e-01
5.304146692858981993e-01 5.366681208814216841e-01
2.220157301848520726e-01 2.804366758612764077e-01
9.798100717915694258e-01 1.028735528668282440e+00
4.985257435309261020e-01 4.601060543886829612e-01
5.543418947600832203e-01 7.008105053170144982e-01
2.012257417897601042e-01 3.071158675199833765e-01
6.971147373692052618e-01 7.024705172026193267e-01
5.185414164550035121e-01 6.232221504119044297e-01
6.402572461912403590e-01 8.538952296333797154e-01
7.858606621812268545e-01 7.412329602961790220e-01
7.532663380802229192e-01 6.854321148359618920e-01
5.148392830057284542e-01 4.298387495653661627e-01
4.326367349305667021e-01 4.744470343877051355e-01
6.983453518766242762e-01 5.895642807191818768e-01
6.988181811344502670e-01 6.270813460338746648e-01
7.407162163501113117e-01 7.199532624963669303e-01
6.875512774632750457e-01 6.320209897580018055e-01
5.282725555503743342e-01 6.037302011073061303e-01
5.094032115304767405e-01 4.422154185256773617e-01
7.295933808048106206e-01 7.635118684085590024e-01
3.545607225527569462e-01 3.622972499307548500e-01
6.162786434243667788e-01 6.954102265567283503e-01
7.029753991078923070e-01 5.810941622453057454e-01
5.819596234673546364e-01 6.435109139195497319e-01
5.326944403969096076e-01 4.500321507841088531e-01
6.071345191489727622e-01 5.770257720449831762e-01
4.866625655788427429e-01 6.021536463119160354e-01
5.476663050563397306e-01 5.332908209546294298e-01
5.568363307153344488e-01 5.859946656411360033e-01
4.096679495245146851e-01 3.463262730184492044e-01
4.110415487635937781e-01 3.795968236852075295e-01
3.824548397508802933e-01 3.924072800924940929e-01
2.975352723740994909e-01 4.014119423771708162e-01
3.161867508925164660e-01 3.051335982662959356e-01
4.970675591861670184e-01 5.799549495636564522e-01
3.895187042988139670e-01 2.228444936664758791e-01
8.517725826505559983e-01 7.456197495879968162e-01
5.945535330679223573e-01 5.698292120989969511e-01
6.012462614542145589e-01 5.250959670136657875e-01
7.345047574752416875e-01 7.048743633833907118e-01
4.980005550217802002e-01 6.062624181924799460e-01
4.735703454073875718e-01 4.509466466002848839e-01
2.948158564645775304e-01 3.893572349895816354e-01
5.571161395592688637e-01 6.232693787299329324e-01
5.263054943147661424e-01 4.256952186599558541e-01
3.361410706135653514e-01 2.860874802110061621e-01
5.918838340089311867e-01 5.420796526425624151e-01
4.333577092337492775e-01 3.778484012345076914e-01
5.002482873672632335e-01 4.643170342976994380e-01
8.538075156287898704e-01 1.002411889130742750e+00
4.906143590798088261e-01 4.645306528882346409e-01
5.721878768401637005e-01 5.737040943351322531e-01
4.731719217783611486e-01 3.854269493209211972e-01
5.237335892784771296e-01 5.263263240240136920e-01
6.006435577779862811e-01 5.470125925122513166e-01
7.480689222701205621e-01 6.812622034655607672e-01
6.568375994252053651e-01 6.282111211081187196e-01
4.775145087937043842e-01 5.586489758874891853e-01
5.294638001783050774e-01 5.295114580728338405e-01
6.170701815707633209e-01 6.376702202567374744e-01
6.961698963590290390e-01 7.110376896937324886e-01
5.456001577352532772e-01 4.205926401500703626e-01
7.675678474779451532e-01 8.156192163778260840e-01
3.156857781119487560e-01 2.693999170214833594e-01
7.163793162106975032e-01 5.920577583380688402e-01
7.235804011902072785e-01 6.866759012265614137e-01
5.621178076154017544e-01 5.149362230774733318e-01
6.951311374317336034e-01 6.919280816988949701e-01
6.873360786568898373e-01 6.963985597413784312e-01
3.589715548685470381e-01 3.374945076226879559e-01
7.828799966072496064e-01 8.488311227099848422e-01
6.744444278792162129e-01 7.015225707759694673e-01
6.558476471227702165e-01 6.642592428735908383e-01
7.335829244561866691e-01 8.674494388309814674e-01
3.103454658051170156e-01 2.065255517778987748e-01
4.529109895310982625e-01 5.126421391134503569e-01
7.803839629697286728e-01 8.286619265872183782e-01
6.321749177383322316e-01 5.094097840020632706e-01
2.999750653190528804e-01 2.217672248559252046e-01
5.526870725223481662e-01 5.699055917552461326e-01
6.832749376619864368e-01 6.526342618227054526e-01
7.769544763244903285e-01 7.916092125081807263e-01
5.495809750006711569e-01 6.054493220030608969e-01
3.543727939544182859e-01 4.865091444963471345e-01
5.290236795650781199e-01 4.940369111746116260e-01
6.168979270413795790e-01 7.850247746335635712e-01
6.833501001433908151e-01 5.507697717439712370e-01
3.733622634446623345e-01 3.110461463973242524e-01
2.701365839278498382e-01 2.729382690306893511e-01
2.488929249165305335e-01 3.861300309809048703e-01
4.156982703235331256e-01 4.656907957890418226e-01
4.487394914395059220e-01 4.597984802176542929e-01
7.511479609781626099e-01 7.457506255616885849e-01
5.865600178409533516e-01 6.816224587350672159e-01
7.727573346619641681e-01 7.664657648600045059e-01
