5.019841659182802118e-01 5.319010755122143275e-01 5.047863284132501072e-01
5.722520853627163229e-01 5.847301183050926943e-01 6.380870612632310035e-01
4.023651481289133858e-01 3.819670639788873556e-01 3.720843357586828271e-01
3.848860326041615432e-01 4.154114017337687814e-01 4.703837229312339829e-01
4.947967704647382448e-01 4.880688253852368819e-01 4.609795657944487091e-01
4.930368084195483336e-01 5.967707614431905228e-01 5.519725154407733037e-01
5.279011261891599638e-01 5.468826120831734583e-01 4.799587156127052556e-01
4.971144905234723410e-01 4.820744454592584272e-01 5.325298838807900337e-01
3.711282084657237523e-01 4.630366394498576788e-01 4.765386181540135491e-01
6.005089477847976864e-01 6.360880259248807844e-01 5.821307070523181748e-01
4.972902553047400254e-01 4.741011498533794777e-01 4.995537410369157438e-01
4.862834827977614016e-01 5.228533803872593699e-01 4.701333645342527512e-01
4.549915026219268355e-01 4.252057483969737817e-01 4.076863786593968308e-01
8.214145497506109006e-01 8.158679947337647009e-01 7.074719413843947313e-01
4.692295127701761048e-01 4.753619835650444436e-01 5.023439808145434560e-01
5.846414951949137073e-01 5.831412347067771451e-01 5.672749897815055897e-01
6.650111140718633074e-01 6.208160095596479966e-01 6.460952991326128769e-01
6.486076719222223508e-01 6.739283945826189948e-01 6.331238363598682417e-01
5.592567638484480241e-01 5.471431551171381802e-01 5.228935353609920345e-01
5.250793076121381686e-01 4.918884104965504100e-01 4.623572599873090327e-01
6.830722264798029242e-01 6.438850117031756914e-01 6.954211917164355716e-01
6.785204649715586012e-01 6.333050300699396562e-01 6.465012535068993538e-01
4.706854324516894228e-01 4.658474692900554381e-01 4.731959867545664777e-01
8.164543055409265726e-01 9.292767150835040679e-01 8.435275455916123599e-01
6.685587187931479880e-01 6.961884692872791769e-01 7.049708314050250335e-01
6.346790335533588623e-01 6.387766052514458615e-01 6.809178740699721732e-01
6.407350749323830197e-01 6.887294626378540618e-01 6.665976835906406439e-01
7.311606497231472046e-01 6.560656231411411410e-01 7.388495002824773117e-01
6.236095345142212976e-01 6.593679327932859824e-01 5.978671309463668981e-01
6.472121752115601589e-01 6.150006586780523143e-01 6.385992488647546095e-01
4.598077570992839536e-01 3.916782946286687661e-01 4.507946136095588585e-01
5.284623193834576682e-01 5.671629366282693319e-01 5.382160365620669573e-01
6.148319521971864487e-01 5.698008681783149898e-01 5.328644828194571970e-01
5.309038710796187832e-01 6.155593833483247179e-01 5.288306887058925598e-01
4.754675834951566094e-01 5.207278353275843763e-01 5.262247701911021425e-01
4.041398004603098393e-01 4.108403049900409276e-01 3.856390318926375960e-01
5.997424641878549290e-01 5.964425205537661201e-01 6.254483381839105460e-01
7.241823955136434954e-01 7.233590339704326633e-01 6.850262429037644596e-01
8.450840570612893066e-01 8.957224265653067619e-01 8.699233247323413520e-01
4.840847672300935267e-01 4.713554381231060408e-01 5.516887829984667979e-01
5.936838924229769221e-01 5.904573604617172622e-01 6.118617099304913820e-01
5.640524421321261306e-01 5.292682707452300850e-01 5.759730961891764700e-01
5.043690520213026662e-01 5.272124442069705541e-01 4.818580061616824506e-01
6.288278428315194901e-01 7.022757736669492656e-01 6.769739774669290000e-01
7.145615970753322888e-01 6.993668598746602960e-01 7.277229731296712689e-01
7.125021109707171396e-01 7.106149671273830348e-01 7.688399495354041324e-01
6.050021249624495390e-01 5.781185246017941370e-01 5.514570402629642709e-01
4.937742886114319663e-01 4.622395774105508837e-01 4.923135438555238386e-01
5.067316058830321213e-01 5.149454233827585048e-01 5.373126302648381092e-01
8.237419484786768775e-01 7.665208674686272428e-01 8.140748843851690619e-01
6.503270722706138152e-01 6.767162536228439329e-01 5.929408483241304095e-01
5.794524615934603107e-01 5.367869263347928577e-01 5.525780693313547820e-01
7.696787440126424684e-01 7.437491848185404653e-01 7.529068685320162713e-01
6.007753281298029435e-01 5.737406334663813778e-01 6.086262317781578890e-01
6.113543671267119839e-01 6.388324090420767210e-01 5.227474774586970963e-01
5.084539890819597119e-01 5.270584811093258493e-01 5.130691477926934141e-01
4.825506525373907674e-01 5.720110167910692489e-01 5.678069610335589879e-01
6.755646339763711206e-01 6.160339315358627221e-01 7.148421715959015765e-01
8.078750458724212047e-01 7.424842445781950628e-01 7.966899103368828561e-01
9.067423479104386175e-01 8.372128733894407260e-01 8.270855348181939126e-01
6.861757958531294888e-01 6.832369628967304154e-01 6.590395632390461111e-01
5.806532877217149835e-01 5.996650776623316803e-01 5.313983781059735678e-01
3.320575295748267597e-01 3.317701060684045689e-01 2.668389974403342912e-01
6.640414454176917225e-01 7.089066411079473218e-01 6.751114732623607617e-01
6.748186015168259333e-01 6.491301975559345960e-01 5.937221052989275494e-01
4.754775347136611097e-01 4.441956026139199931e-01 5.598816812175626545e-01
6.464792766188943718e-01 6.727614924995382051e-01 6.759800217280946821e-01
5.373704022844610906e-01 4.980269203751185314e-01 5.147242518593698746e-01
7.358358375315965372e-01 7.431883024518222136e-01 8.064306951460100681e-01
6.288836901048717731e-01 6.283493832637377929e-01 6.565791347800719047e-01
6.790822732715600107e-01 7.010125266786001452e-01 6.754874460759644483e-01
6.212063252452726392e-01 5.978736188348968694e-01 5.628892246502578134e-01
6.590363971549298983e-01 6.734217729809924835e-01 7.077134480066779032e-01
5.366688852312693214e-01 5.716619791558404939e-01 5.161017933680325243e-01
5.425754070369941395e-01 5.278679586507455390e-01 5.027635502646468080e-01
7.559566358031900579e-01 8.118841227729762799e-01 8.033058418123986133e-01
7.748486187529075586e-01 8.091587070557972883e-01 7.897133081126844756e-01
6.089971651711916234e-01 6.471908793741435462e-01 5.950676021471718036e-01
5.022202356268093970e-01 5.084091943899990973e-01 5.494882978877186908e-01
7.517252021053369981e-01 7.851984457592469102e-01 8.673055429263599736e-01
5.629470657929527277e-01 6.266122100033929554e-01 6.253624234859472830e-01
6.582356499585049203e-01 6.305735485722495648e-01 6.599139327785793485e-01
3.554829135508214000e-01 5.119698108567851680e-01 4.219674215893147728e-01
4.664895494170690493e-01 4.532686291508503662e-01 4.972200718346915793e-01
5.791675836649268216e-01 6.263120793389315155e-01 5.514196894471975474e-01
6.110761756921109233e-01 5.357678802642622529e-01 6.365759689824350698e-01
5.893624030986078788e-01 6.102672960538629843e-01 5.531432822975576036e-01
6.010552556459829443e-01 5.638285507686986442e-01 5.865890237309095978e-01
4.149363943951903666e-01 4.636416118503899342e-01 4.329798723370807956e-01
6.079766119089107246e-01 5.908734967901823065e-01 5.917505465729797631e-01
6.897198647895153023e-01 7.199933245768652679e-01 6.553364784323025827e-01
5.295508385555079967e-01 4.437209750841808464e-01 4.475840389439483258e-01
4.046150199272910974e-01 3.927772817255294480e-01 3.729785060626238935e-01
6.074281665870210345e-01 6.145294365039111195e-01 6.599191746023927996e-01
3.570131223941271914e-01 4.461099885432117107e-01 4.628851778794565441e-01
6.462247707288544252e-01 6.141558475047950161e-01 6.853158367639328175e-01
6.072839064058171976e-01 5.569428870318872127e-01 6.402991086803409004e-01
5.256689913950345350e-01 6.279418737648330140e-01 5.448565836848651145e-01
8.377550136139171322e-01 7.837272970512209058e-01 7.961935404665839711e-01
7.932020435445167328e-01 8.009558953663256098e-01 8.158870264958570928e-01
7.229225117694298985e-01 7.209056649975998932e-01 7.178102348735602156e-01
6.089668907961222066e-01 6.141306431316398973e-01 6.677042060848095151e-01
7.121642391516507242e-01 6.374902957214279020e-01 6.115052089676882296e-01
5.304614074867896045e-01 5.715854095454137029e-01 4.988466093255932710e-01
7.905660902380313715e-01 8.113191562813577562e-01 7.760764002674669371e-01
8.533674457036065641e-01 7.852662024444226896e-01 8.140250483152373651e-01
6.760192598054858282e-01 7.069695320109353753e-01 6.667311546418541734e-01
6.644273684347540287e-01 6.454112725706337983e-01 6.986538152593813056e-01
6.177167981681281894e-01 6.052558661170126530e-01 5.994021859197599111e-01
4.999084734997418789e-01 5.421229896029907680e-01 5.288819932285957481e-01
7.187267554660958790e-01 6.292042289446269088e-01 6.581027637806512454e-01
5.171723275897448513e-01 5.607128564475697408e-01 5.357666737992058392e-01
5.765064986804862013e-01 5.792398086867550644e-01 6.527900453808950232e-01
5.208338905649014805e-01 5.079463830729739060e-01 4.793316443684955130e-01
7.380395687483404243e-01 7.711682696667524484e-01 7.310055534312352998e-01
6.220273216002450978e-01 6.916189351670950503e-01 6.309387077052606152e-01
7.413439352889147349e-01 7.613157167358390875e-01 6.707470558348334055e-01
6.066584874404153949e-01 6.198817336645401355e-01 6.332839683144252385e-01
6.144725113744353706e-01 6.120791960833926737e-01 6.237512305632463283e-01
6.017771047643928339e-01 5.864912782488432841e-01 5.979216658687307451e-01
8.122359202834658065e-01 7.588752241576054436e-01 7.155240975297563200e-01
5.997006085789606811e-01 6.259854377546731907e-01 5.573736802434308135e-01
6.098405737324960052e-01 6.322304029107206347e-01 6.162207470903254825e-01
5.761696400655758055e-01 6.205021891692252822e-01 5.738501360278095431e-01
7.034548162902577451e-01 7.359538488726586891e-01 7.292590340432030249e-01
5.831834981966147469e-01 5.957236168912064533e-01 5.658579150676997793e-01
6.282704956339655311e-01 6.220321122916792067e-01 6.272440869426287868e-01
8.202429361441437861e-01 7.046730666869386317e-01 7.705599178154971529e-01
6.221596882389042182e-01 6.282212772739781403e-01 6.069239606747397486e-01
6.020582032320602739e-01 5.990170193519921416e-01 6.229978953484649473e-01
6.057470857798645802e-01 6.660774928521285831e-01 6.198793079191876609e-01
6.950880184074433865e-01 6.473933225430194005e-01 6.715355272463778835e-01
7.224351978565948240e-01 6.720745235299161457e-01 6.709922906452465696e-01
4.162293720066361780e-01 4.714610512237478734e-01 4.737194040142174711e-01
5.920693397506531230e-01 6.016261468768077103e-01 6.069889124969060079e-01
6.816880143957926297e-01 6.862181721963424019e-01 6.360831697140731933e-01
7.663374981071680025e-01 7.499896387736277870e-01 7.422113612635338198e-01
6.556655846825677481e-01 6.944152719815549490e-01 7.040603702748735593e-01
6.745273340431122699e-01 6.229969259807408566e-01 6.171421246981331210e-01
4.950093561363744787e-01 4.945505377377850120e-01 5.256860579948771095e-01
6.051651719169368615e-01 7.117700583351339594e-01 6.587348334495101154e-01
7.616175079366663825e-01 7.677708960376148362e-01 6.868980022804421770e-01
5.404788354495067004e-01 6.357629677370492116e-01 5.050769556145959793e-01
8.836652136331705210e-01 9.398635991483763608e-01 9.183530851379332338e-01
6.697090937068728156e-01 5.710701028075979568e-01 5.753676755022878453e-01
3.974323443500696329e-01 4.133979086863698860e-01 4.454052605179170121e-01
6.850402450034395185e-01 6.669370385510839938e-01 6.526645924147957967e-01
3.529802085094634334e-01 3.793538531706074357e-01 3.150070022600456321e-01
6.714104125986073424e-01 7.314680337248693487e-01 6.675961086600403771e-01
6.994204613187152697e-01 6.603181525257320050e-01 6.744318693115840535e-01
5.063415056327890129e-01 4.819091044314635086e-01 4.603270277595062354e-01
6.661741026842157298e-01 6.413472048162595085e-01 6.277268350996967339e-01
4.967355242507054403e-01 5.500942778975311809e-01 4.826376214596882486e-01
6.420193321209080040e-01 6.408020456171132917e-01 5.743843913097512743e-01
2.629713178203291202e-01 2.286882578770948193e-01 2.311374247074363397e-01
7.965343086159674124e-01 8.000364398450906522e-01 7.631868469919147469e-01
6.317895577138418206e-01 6.379825013454775151e-01 6.206915623410694804e-01
8.252548704107833810e-01 8.598054020924942309e-01 8.160551421701145447e-01
7.168285806103827928e-01 7.068997008888081579e-01 7.242382560599827102e-01
5.386599023781057927e-01 5.322485361397458759e-01 5.720469712476065061e-01
5.212964446718852951e-01 5.170434524496346773e-01 5.097135237340740810e-01
6.370578985255151983e-01 5.973189372321164869e-01 5.758219111317757211e-01
5.156855555731528762e-01 5.863071521104702422e-01 5.450234666558702035e-01
7.260381663535825369e-01 7.680870856185403328e-01 6.752128417774009295e-01
5.731123545845281386e-01 5.134479972050832730e-01 5.277306003505608523e-01
5.205329164139745890e-01 4.887900641461849216e-01 5.681988913327680191e-01
7.271126112175688716e-01 7.570173140089431207e-01 6.812700010912057236e-01
8.161936937323628349e-01 8.827304010865345552e-01 8.703472476448774753e-01
5.360149128007161146e-01 6.329751000690304608e-01 5.503098909168001596e-01
8.071090662460221887e-01 7.589488594457483028e-01 7.478821477199767420e-01
5.305587995217585506e-01 5.374286652509289164e-01 5.730300376623210790e-01
4.510873856301911289e-01 4.594601852181252610e-01 5.214211716267982410e-01
5.148139569385199454e-01 6.004951959173021603e-01 6.620216698729642912e-01
6.387050114215355734e-01 6.143681654017941751e-01 6.112984572824453622e-01
6.997982276417792358e-01 7.221017894503439782e-01 7.141561156082515405e-01
7.357243727912939901e-01 7.201902603006135051e-01 7.678685002409498805e-01
2.700898420658441323e-01 2.693679187720025014e-01 3.499924114794237262e-01
6.097734023968288675e-01 6.205095488560455896e-01 6.319844380352223068e-01
7.944297217404896472e-01 7.420472764468029059e-01 7.424484739068616390e-01
4.809635742797671032e-01 4.083917109637467679e-01 5.165089802002368335e-01
5.524601691135295756e-01 6.101631849046400546e-01 6.085418332120201557e-01
6.853122266058422341e-01 7.420255992076701945e-01 6.939896887823039373e-01
6.552374525762432178e-01 6.673880021142589714e-01 7.024851443674630103e-01
4.987081744470530098e-01 5.120501055838393434e-01 6.074410197302193559e-01
6.426241523764419927e-01 6.105922383906362549e-01 6.411208694828636201e-01
5.960600873445357495e-01 5.878871694939967751e-01 5.549835251642823986e-01
7.134861936488600120e-01 7.220608504383889681e-01 7.011063622689793773e-01
6.453218759989921560e-01 7.120893231138490931e-01 6.548912477906129181e-01
5.334040716021872797e-01 4.823750000990063014e-01 4.796601223317885632e-01
6.079346656556502415e-01 6.294834286269899160e-01 6.334689967756813589e-01
4.850274619786261177e-01 4.197486596538986259e-01 4.315903266817355810e-01
5.760903047115597531e-01 5.033807850436095022e-01 4.837564317221481058e-01
4.075990319023796715e-01 3.234712548592874048e-01 3.223071647427648845e-01
6.576847188016193835e-01 6.881434219478163028e-01 6.319001178634108262e-01
5.851616738743262713e-01 5.228530911209504639e-01 5.193152450245122065e-01
4.402407831680703043e-01 5.052830356200960216e-01 5.528840232540777055e-01
7.870179046800457323e-01 7.973409472038713863e-01 7.561708859833243812e-01
4.920944416563653445e-01 5.346486590066956701e-01 5.385186443632218323e-01
7.740930954801578112e-01 7.798344560721901519e-01 7.863802535718196207e-01
5.230638736546454615e-01 5.305026763468592144e-01 5.263216130564022377e-01
5.962220502093559249e-01 5.339199347713273758e-01 5.287008516527146318e-01
7.569525562126938611e-01 7.618279063924596750e-01 7.662971106535388932e-01
6.695696159409192383e-01 6.325594739199505989e-01 6.835941172052835135e-01
5.571788435698431519e-01 5.497587958672693897e-01 6.047976065185387551e-01
5.170084234485611274e-01 5.803701355031748443e-01 4.681218454810885943e-01
5.051616877656204263e-01 5.084396778420512408e-01 4.851555503208467290e-01
8.291264890121697873e-01 8.378045713056552213e-01 8.621100100278402678e-01
7.215329977053068777e-01 7.221488731268678185e-01 6.993104578246601699e-01
5.162439680083338311e-01 5.362526040545070316e-01 4.999162619579179401e-01
5.894207941944137330e-01 5.457043159920794695e-01 5.511314709263420708e-01
5.896908053545083517e-01 5.395456145232870870e-01 5.021996874925744869e-01
6.590454214097088981e-01 6.804523204424891558e-01 5.965001098927001921e-01
4.384753342589550185e-01 4.541798368904074179e-01 5.305773939167378606e-01
5.868287015436289833e-01 5.890456370874872505e-01 6.158546464593988023e-01
8.245736544606107055e-01 8.392014093169312128e-01 7.839494676331502099e-01
7.701367006333440512e-01 7.248875921933192190e-01 6.956832703180172439e-01
6.348374086432269081e-01 5.984269627888565424e-01 6.553622864062538245e-01
5.436919318195432282e-01 4.963896516890718980e-01 5.215926038411031751e-01
5.056383068214260756e-01 4.725687863986867132e-01 4.481585191039477722e-01
7.484390292826963442e-01 7.910017683876913175e-01 7.589467018442169755e-01
7.093114819790203862e-01 6.128350909751582032e-01 6.948559845568290649e-01
7.077861342451130522e-01 6.510056221219925332e-01 6.212528224465225790e-01
6.890840754609394159e-01 7.123339783473724429e-01 7.444331322225317127e-01
7.285171374937805533e-01 7.533375881425866671e-01 7.260182660808022215e-01
5.150124141528737987e-01 5.639631230172819087e-01 4.971430780491531420e-01
6.029239064544082982e-01 6.054120681010936034e-01 5.852886210766209407e-01
6.137594135082112823e-01 6.112537810389300219e-01 6.193449682716096749e-01
5.943359002674966085e-01 6.268186416344303513e-01 6.650683886665218481e-01
5.717272387198290007e-01 5.084545744867624562e-01 6.137970487841130085e-01
5.057370003945830250e-01 4.846738642816154630e-01 5.457459790334270311e-01
7.347420443193974915e-01 7.011279350645270858e-01 7.059997939360591612e-01
7.879709551940423662e-01 7.852977952946056384e-01 8.041629864751129730e-01
7.477078761829668574e-01 7.524067000964587137e-01 7.019717210190710155e-01
4.022159114092577203e-01 4.349739621065637496e-01 4.323907184564762529e-01
3.623866290764168885e-01 3.255431140094876552e-01 3.349726202969963706e-01
7.527197792375340812e-01 8.249081012406608293e-01 7.334203244370288699e-01
9.013721704055829287e-01 8.458838609835321876e-01 8.672000107240204203e-01
7.274894220041037141e-01 7.280810662744628958e-01 7.546908942577779111e-01
4.713675754492534509e-01 5.343386137899308608e-01 4.462025769459022628e-01
6.136573440767293386e-01 6.812149449676084823e-01 6.089121234839121044e-01
6.935092034888143964e-01 6.836037583082383851e-01 6.710981385711415337e-01
3.390336765384331374e-01 2.864928926551282840e-01 2.859136335797433093e-01
7.653189367679897881e-01 7.898069868080187517e-01 7.646760764313403902e-01
4.094824709440921806e-01 3.503066975674503647e-01 3.522036586254572721e-01
6.419232931009591914e-01 6.312641004310667325e-01 7.351831921274595283e-01
7.001720368682857742e-01 6.923762102573071120e-01 6.710209028111068230e-01
4.979895957872350065e-01 4.181214314499742124e-01 5.211254139600886015e-01
4.925679762638310311e-01 4.903203237429006323e-01 5.473968275317949717e-01
8.100178328600337041e-01 8.211883226946476988e-01 8.117243973358349018e-01
4.878699385159540047e-01 4.819971252863793909e-01 4.768154008869551208e-01
5.036627396378141608e-01 5.513834206067770305e-01 5.570222998158145256e-01
6.597559464553688358e-01 6.904966627495375819e-01 6.781707166323465152e-01
6.251071240273974317e-01 6.523944894578170839e-01 6.687845961507097314e-01
7.839644824425130443e-01 7.153853009850187350e-01 7.153721137777023786e-01
4.909429821430804641e-01 4.320744976403576576e-01 4.388721915305533461e-01
6.612974954795481919e-01 7.087401789884624215e-01 6.809708661405809993e-01
5.780769085060462054e-01 6.057152182507015148e-01 5.377301204374754784e-01
7.095074421975653411e-01 6.760230297134699473e-01 6.277980142109427231e-01
6.497390854820337402e-01 6.095181332621943948e-01 6.468167626744887322e-01
7.048198360151153308e-01 7.625735304823973992e-01 7.088162125224393151e-01
6.744760602981296760e-01 6.398378993190909636e-01 6.434854828778812097e-01
4.347332279047993464e-01 4.845228335949086640e-01 5.089588814594729893e-01
7.124731036346660940e-01 7.290303446220213202e-01 7.689421782327593435e-01
6.374740540290119162e-01 6.827713129995007790e-01 5.661254031652143137e-01
5.587802398998175102e-01 5.723668257806667770e-01 6.215104525446547568e-01
5.672401286035797519e-01 5.528959559436273929e-01 5.308631660749060233e-01
6.146762068208061480e-01 5.910939161569053191e-01 5.663206862289209553e-01
7.184076473802114560e-01 6.846801068150182301e-01 7.485435126089153846e-01
6.950159830547602002e-01 7.793255582005024218e-01 6.876678816822936469e-01
5.638939835162245506e-01 5.711383788412415230e-01 5.132673463600714303e-01
6.164487444646283842e-01 6.321340273951397970e-01 6.445561639206417448e-01
6.423079191623277673e-01 6.857961952164531860e-01 6.529164354138965454e-01
7.193554910530082225e-01 7.536907316670927726e-01 6.764690295381142748e-01
6.194716193802857207e-01 6.559451338091600858e-01 5.890998433444372129e-01
4.725234829670915127e-01 4.551833236299658858e-01 4.543262288348515199e-01
7.134255762949950341e-01 7.476181726462706179e-01 7.935388915860482895e-01
4.656802190814366971e-01 4.846759528835478670e-01 4.383543364174332102e-01
6.167721575948346135e-01 5.690490813607731457e-01 5.280827257825172483e-01
6.273750195148661835e-01 6.589585634977451756e-01 6.084307470502896553e-01
5.837153678339579432e-01 5.516937994847299631e-01 5.106998376683378194e-01
8.204580950509346993e-01 8.155482738669450615e-01 8.288410876277334527e-01
6.169219553509782683e-01 5.604968767317020095e-01 5.725207896707495969e-01
7.754436537491212755e-01 7.999531430842928836e-01 8.112879396046442926e-01
6.551433660710865858e-01 6.959725822188069788e-01 7.511954342673634599e-01
7.259164262739543627e-01 6.812890531026702945e-01 6.950489159564054997e-01
8.137529180088577396e-01 7.875973208440409934e-01 7.801591777964437258e-01
6.978860387931619114e-01 6.527301083839174289e-01 6.925525903539125894e-01
7.096688709482524837e-01 7.252341485006611466e-01 7.010014499786823006e-01
6.813303717912311264e-01 6.809728333603571881e-01 6.390965433896548253e-01
4.988508917709393864e-01 5.788265194141527514e-01 4.744460160091303336e-01
5.920050802300506065e-01 6.275142927066286180e-01 6.068395174594137798e-01
6.504397049508532369e-01 5.162409251322463977e-01 6.348098191477680174e-01
6.341328892785051963e-01 6.224222937775594211e-01 6.061567520311339496e-01
4.606028897484807927e-01 4.548977656690044169e-01 3.982322595352592587e-01
9.999960356817139129e-01 9.853022373431236103e-01 9.368666896686410617e-01
5.325524364021008150e-01 5.324433770949920097e-01 5.526025402239317375e-01
5.166573102679142826e-01 5.579655887364061151e-01 5.791756911743981551e-01
6.411197491786511105e-01 7.370122439627582178e-01 7.037912093123791513e-01
4.523435768531727241e-01 4.045387775976717060e-01 4.174376191649095125e-01
6.862327861282607744e-01 6.215308708721573039e-01 6.204043241736630909e-01
6.000175226766288894e-01 6.431932613706726753e-01 6.216508240786822181e-01
5.846852461440787962e-01 5.619820168856897169e-01 6.102474521203041791e-01
5.649060365831534147e-01 6.576882628103059014e-01 6.697933293021059997e-01
5.974718482102145956e-01 5.061759678057529133e-01 5.452102931157830623e-01
6.777059259752800102e-01 6.791897507538746659e-01 6.586154217613092721e-01
7.133106785757195034e-01 7.055750535231851694e-01 6.888190596238740193e-01
6.197282908810136659e-01 5.153548776100576045e-01 5.728763991576403258e-01
5.415014235663290210e-01 5.345811759734132584e-01 5.841143723737558524e-01
6.337182937300572805e-01 6.279224728993194615e-01 6.483109492444110167e-01
4.772286533833707822e-01 4.727664603050207304e-01 5.314920906658687771e-01
5.356967544977820905e-01 5.357638653212969393e-01 4.994897278486920000e-01
2.894488618361746313e-01 2.946398216424450656e-01 2.415241221201776534e-01
6.397991489976899704e-01 6.404146749243512238e-01 6.291620278611412820e-01
5.893275383537874834e-01 5.695165620748429136e-01 6.251182914093623699e-01
5.474188259123127231e-01 5.935113129963424106e-01 6.169032708598181092e-01
6.760319265586358650e-01 6.625284656234755598e-01 6.883034129536426127e-01
6.116867903176304022e-01 5.577643518602330985e-01 6.129237526493720445e-01
6.682996206577126452e-01 6.063803769523500309e-01 6.395421447193894160e-01
6.635852488951580197e-01 6.596060122604634479e-01 6.541852125993230516e-01
5.760641770583130317e-01 5.416142570923944133e-01 5.121498176489659437e-01
6.148756718214370975e-01 6.351703016200836993e-01 7.267134745772995119e-01
4.580608102962470674e-01 5.649668080405693127e-01 4.541921552101678694e-01
7.693347736589776220e-01 7.721798928473134760e-01 8.047309787477769927e-01
5.913205934961862642e-01 5.067050404945481201e-01 5.101982031958425257e-01
6.913740743326851623e-01 7.194176348645013874e-01 7.303076152846842417e-01
6.751720975764062826e-01 6.625239995022762507e-01 6.633062715561834910e-01
4.298509204421732677e-01 4.205340651281734288e-01 3.784646877061649262e-01
6.550567282701047489e-01 6.210783309772119898e-01 6.726578862876587683e-01
5.185072096621292648e-01 5.851625669880790026e-01 5.416723578506843495e-01
4.438376512224961878e-01 4.405242278836064562e-01 4.253298117366506315e-01
6.549353646065591006e-01 6.814570147513916432e-01 7.086266292252301202e-01
6.100281257208696184e-01 6.232630649394088618e-01 6.243585964776725561e-01
7.635871620170915364e-01 7.744251326202575836e-01 8.462320826478806346e-01
5.267125981548043123e-01 4.542012288885744486e-01 4.981195446018684136e-01
8.472129674858693837e-01 8.955745600551709984e-01 8.981518289266944288e-01
2.798041133618008880e-01 2.929425760880465801e-01 3.165555829778002317e-01
4.713214824529941005e-01 5.061145314633196390e-01 5.578947195103348689e-01
7.844619272050799008e-01 7.817445329294370193e-01 8.081551371396020755e-01
4.997017157112874641e-01 5.402709842876974866e-01 5.091032422127652612e-01
5.510711824708749429e-01 6.657551246239313825e-01 6.258653826710119938e-01
3.680726781337160802e-01 4.132174521549374369e-01 4.128167835319444534e-01
7.453766835566131288e-01 6.858775480965657589e-01 7.287506908454277621e-01
6.620962809384346448e-01 6.696699576556085498e-01 6.501038192835965068e-01
6.093300272152031294e-01 7.045858192876298665e-01 6.760109727190053430e-01
6.441037534936608910e-01 6.871778955588085935e-01 6.103963714122826456e-01
5.911923846417368456e-01 5.787532889808310044e-01 5.788462491820456357e-01
4.850835828978511954e-01 5.332474502651886050e-01 5.292310407818867635e-01
6.922838229494991946e-01 6.874502835355740249e-01 6.959056262975896745e-01
6.268455802093685358e-01 6.571124394651035594e-01 5.796273112042037434e-01
5.864141201784470736e-01 6.082562325412037563e-01 6.533122811281747433e-01
4.290025093999446093e-01 4.294441203910634997e-01 4.431144640177022698e-01
6.455139683716628607e-01 6.474938158512179021e-01 5.836672329521829239e-01
5.753240586514632993e-01 5.474621687454946928e-01 5.524245672782296390e-01
6.849243551140952180e-01 6.977864748972167908e-01 6.399050578456429994e-01
6.195178353434073193e-01 5.927852089166307792e-01 6.133697971909505275e-01
5.489600704582516810e-01 5.140193149519466376e-01 5.303656105168499391e-01
7.132036152949349228e-01 7.257530311579694082e-01 7.738456499718650017e-01
6.002114172714165807e-01 5.956491405193766742e-01 6.313716741888538708e-01
5.483451544952221424e-01 5.421488964463883065e-01 5.493698189878646332e-01
6.753235923900716697e-01 6.954264138201793344e-01 6.862888606940762415e-01
4.548509469889119861e-01 4.123775301471068189e-01 4.887638374749610493e-01
5.058497801515331460e-01 5.228564742745090976e-01 5.158235507013089194e-01
5.537221053374393742e-01 5.048803331344927647e-01 5.112073587414220910e-01
7.351737187360755099e-01 7.510610993788721101e-01 7.455220823995913904e-01
4.279892855759341308e-01 3.687404374200753399e-01 4.216183932087724240e-01
5.887343914064717687e-01 4.945501486247755318e-01 5.628602150834404183e-01
4.915163705706622754e-01 4.766216565275137595e-01 4.152316688142507206e-01
6.612687427237792237e-01 6.531307809004717191e-01 6.179347949610136670e-01
5.921725695695001512e-01 6.049895235348490274e-01 5.802818490598089518e-01
6.505140177697825710e-01 6.917967810022027653e-01 6.182885233369022071e-01
7.920577212366574082e-01 7.682399519307346880e-01 7.712742614233084604e-01
7.917387948534311271e-01 7.805009497720084566e-01 7.141665037170452646e-01
5.636684288495453776e-01 6.330957587981146384e-01 5.576015490291955645e-01
6.425645603724402521e-01 6.600016274923092841e-01 6.921265864937331536e-01
6.430540985522377184e-01 6.496188088381791292e-01 6.205255691498852144e-01
5.497096117388970971e-01 5.438208117192193658e-01 5.500467870234843071e-01
5.078135600883258993e-01 4.495747522160796761e-01 5.399218566467552938e-01
5.452950869388031307e-01 5.345083380890831570e-01 5.367659497018651971e-01
3.065611587782838821e-01 4.162070422808549219e-01 3.914401812307277684e-01
6.859830489187805913e-01 6.922517447211810060e-01 7.470131505290064089e-01
7.916111032900822186e-01 8.409022251690200234e-01 8.080763033690285813e-01
6.021702560078751043e-01 5.690982769938220942e-01 6.572950870195832795e-01
5.821154862320911949e-01 5.574068469840983697e-01 5.678380771403228611e-01
4.074952672353112093e-01 3.859395334160768409e-01 4.512438177278985107e-01
5.927860985948436578e-01 6.018117195998603508e-01 5.534390247518133910e-01
3.624889025191989078e-01 3.537028363658765162e-01 3.945346599989630332e-01
7.002060809707465472e-01 7.719267662650884931e-01 7.583725022084649714e-01
6.225746685135766789e-01 5.437360685279080119e-01 6.021658501674324038e-01
6.796810478690840096e-01 6.883887511179589414e-01 7.137012927670560725e-01
5.012756573851864239e-01 4.961620451045197777e-01 5.053862469545186142e-01
6.624129150759183737e-01 6.268769077266704848e-01 6.247414278412399824e-01
6.075668167680889908e-01 6.641699641372769136e-01 5.995339316129071339e-01
5.080415256800595580e-01 5.771733766440207969e-01 4.881262779695973442e-01
5.197794231495663775e-01 5.405388141696872983e-01 4.914775242825148993e-01
4.687807732742901301e-01 4.318423109980316088e-01 4.853861742542101565e-01
4.116561627889115949e-01 4.432969656666738700e-01 4.118433274814509715e-01
6.650289426861639708e-01 7.127135382138883868e-01 6.573107061536213047e-01
5.410380621395851630e-01 5.491712819935796741e-01 6.192651081701864291e-01
5.807881220218992224e-01 5.532363103495530066e-01 5.998726135111132063e-01
3.505643806191021117e-01 3.516654817026546587e-01 3.781699869171872286e-01
6.442392795785513160e-01 5.523674713823097937e-01 5.296555498343945567e-01
6.940077368880399611e-01 7.522909608695413919e-01 6.544792185116485861e-01
6.006150311913333040e-01 6.292682395072544121e-01 6.020182403863344467e-01
4.945616065488840363e-01 4.687374870511165081e-01 5.559434281762638541e-01
4.756087197527503752e-01 5.925927150067913374e-01 4.270249909042040382e-01
6.113687440311912358e-01 6.267850202710193441e-01 6.025587986125914286e-01
5.495319117051965518e-01 5.094324601154964771e-01 4.697408903555297388e-01
5.473556316459927684e-01 5.640076654974753856e-01 5.986614040214758292e-01
6.702369515729313942e-01 5.444317608800665065e-01 5.613598064627287609e-01
7.285688987300532604e-01 7.313986229953144402e-01 6.804134061218560792e-01
6.302959764391999897e-01 6.634486228497812332e-01 6.843902712581035885e-01
4.696039883341801002e-01 4.940540406918859095e-01 4.429343219796080811e-01
7.110785169820353913e-01 7.344742050177983650e-01 7.800070988855400955e-01
6.526035193537259582e-01 6.878904136198239483e-01 6.866123922908380361e-01
5.341547583950021494e-01 5.101935401380349733e-01 5.323737286817002978e-01
6.682690838762368468e-01 6.689706364773443381e-01 6.941443527376909284e-01
6.433105588691889754e-01 5.538272207640928535e-01 6.471712165306330311e-01
4.459938871601332733e-01 4.327476280876679238e-01 4.355939037074713083e-01
5.916805166161696050e-01 6.975750487654877041e-01 6.227461621864207597e-01
7.221495239903834573e-01 7.479565690744162110e-01 7.156796551527220274e-01
6.677743092629511157e-01 6.628111721904237363e-01 6.341355935703716362e-01
4.483662260818715994e-01 5.053990915987113253e-01 4.909479399643822961e-01
4.847839442410086797e-01 5.163824298576024097e-01 5.250961725988825268e-01
5.944009275884569732e-01 6.195011339447661358e-01 5.701056654123124456e-01
6.068898191072890080e-01 5.722532236571025166e-01 6.076997486951235539e-01
5.608867606629469593e-01 5.692466312460842115e-01 6.049516032921503639e-01
5.517559891348592371e-01 5.810252388972972915e-01 5.625730281616403428e-01
5.591269494798123407e-01 5.102432709788743415e-01 5.567707778543345976e-01
4.097419842147075886e-01 4.319178997441434631e-01 4.246821644240407201e-01
4.325305200067404710e-01 5.080057754936951886e-01 5.537323973418413203e-01
5.050539780579740290e-01 5.459110829336428772e-01 4.857218842692480609e-01
4.825162999316993662e-01 4.441713828265785868e-01 5.365182912003648719e-01
6.544778158131687729e-01 7.023368159765603913e-01 6.428183045034612242e-01
6.603895625070408393e-01 6.542389577818833457e-01 7.085331493155312410e-01
6.557517229215451549e-01 6.042669432895971804e-01 5.964290387180317676e-01
8.825883808327555924e-01 9.080875836653943267e-01 9.309098884661938245e-01
4.646046153089625208e-01 5.325902833287022853e-01 5.182495198291845462e-01
6.125111291944371761e-01 6.423901388973537463e-01 6.039188377150829234e-01
7.708804536158025966e-01 8.522429339741365295e-01 7.659320333173001982e-01
3.015260146392118590e-01 3.692286802432491744e-01 3.652827038799664194e-01
5.821536393531403508e-01 6.395102775283530994e-01 6.092548563559395669e-01
7.657426681049859241e-01 7.170381318904480716e-01 7.255714746423352901e-01
6.384314804164510360e-01 5.807855882460994934e-01 6.790811679485649899e-01
4.344917854085171283e-01 4.016585342279824777e-01 4.108647319407360832e-01
6.368010546293312313e-01 7.172080877047515290e-01 5.933926350878776512e-01
6.035927007568302471e-01 6.178443332580501046e-01 6.981653648348580266e-01
6.230380689573673525e-01 6.961233985955522785e-01 7.605203892578530356e-01
6.413908668985516259e-01 6.395248105007373951e-01 6.394400514075139208e-01
6.637145054070260342e-01 6.748222132254346750e-01 6.100514516590438419e-01
7.803935257943985793e-01 7.275298642604163257e-01 7.480593143132590050e-01
8.245762287869534690e-01 9.105433777694581510e-01 8.466117635774056405e-01
6.908033772035307996e-01 7.621721079420744616e-01 7.866266310307366005e-01
6.689687628984739565e-01 6.676362989412844007e-01 6.586212094218036883e-01
6.643982265013841371e-01 8.244791633415430310e-01 7.175839761602552658e-01
4.912336149258026419e-01 4.715246304300292346e-01 4.635561980180761821e-01
4.403170460446693135e-01 4.457356828049467978e-01 4.491728400273953259e-01
7.208339611830107962e-01 7.283488064693639519e-01 7.645284061653179197e-01
6.537633013871092524e-01 5.882325450357382968e-01 6.385164453947447250e-01
8.125025918733900232e-01 8.090685365504919346e-01 9.021897951135908755e-01
7.043140625389384679e-01 6.844221830704997345e-01 6.298264283324404023e-01
4.978824866097867896e-01 4.527196121330816503e-01 5.237935191169271754e-01
4.754404218439600704e-01 5.598927281969588998e-01 5.334393929100083032e-01
5.289459425048826935e-01 5.773756225349410132e-01 4.943448228164547542e-01
6.840964279604446752e-01 7.005562588857776607e-01 6.885471100328167671e-01
5.338540040443657819e-01 5.337329062415905323e-01 4.739008056839124627e-01
7.430829378140021424e-01 7.067823726674926643e-01 7.688090351906611275e-01
4.808490003624505404e-01 4.204086223434133074e-01 4.418042167104205276e-01
6.393073428694476812e-01 6.868152196746393212e-01 5.909427586782343145e-01
6.414106586174566083e-01 5.847290995444271999e-01 6.073935111974317902e-01
7.665112065110049056e-01 7.698621081010205147e-01 8.326902894420682433e-01
4.988535046996016020e-01 5.014901918899532518e-01 4.872006316788327629e-01
6.999638658642378664e-01 6.825362157320318257e-01 7.018614637530447009e-01
6.395387700916597140e-01 6.369209290307078497e-01 6.915186553639878220e-01
4.791238951985762884e-01 4.605196263663856038e-01 4.666987945673742866e-01
4.193235697291539665e-01 5.267470078307324721e-01 4.777872674160830169e-01
7.349675969030761147e-01 7.558177697555742425e-01 7.708364291370597421e-01
5.171763491395692247e-01 6.239368535979463726e-01 5.998903047711657832e-01
5.340396516703503904e-01 5.233819622248432335e-01 5.790787335268356983e-01
5.774401505131890877e-01 5.815600111900322000e-01 5.409225133299739863e-01
5.957346013535319562e-01 5.849537718386833562e-01 6.682194686943376816e-01
7.254629654797530858e-01 7.108535417830257330e-01 6.636164455236140958e-01
4.510352555812633391e-01 5.002338435550303108e-01 5.017918036127011483e-01
7.158987082976630001e-01 7.165798939271561530e-01 7.166992383506204378e-01
7.966261733539296008e-01 7.454747809667184866e-01 8.197073934885765745e-01
5.587989421825890757e-01 5.013994655839186798e-01 5.207977119138782474e-01
6.236465022148809378e-01 6.191799820357811734e-01 6.333242003653712926e-01
7.700413465209471342e-01 7.564225937653302756e-01 7.093288389770495694e-01
6.141169512235241656e-01 6.249772163718577689e-01 5.947999747589048924e-01
7.535176093160127486e-01 7.354135442799698552e-01 7.908106408346223803e-01
6.099719320425766034e-01 6.465838885186172558e-01 6.345196390281641063e-01
4.743826852196790234e-01 5.304934753576316941e-01 5.041365189301663108e-01
7.917802663258970419e-01 7.081603704166152813e-01 7.789326156299836157e-01
8.312153557666642767e-01 8.245556903293371764e-01 7.871934931040178718e-01
5.237337610717078817e-01 5.209538316545766490e-01 5.216097227226825783e-01
4.188626844037920960e-01 3.412314177408057314e-01 4.425839752996287846e-01
8.942544883623599894e-01 8.010056764849783351e-01 8.707164509907856509e-01
4.973760177561227236e-01 5.456875809020275137e-01 4.671761809248847763e-01
7.740283005694073015e-01 7.433335272340614308e-01 8.363311232535468598e-01
6.860143768230343442e-01 6.564702727017512895e-01 7.269550281302440409e-01
5.148915481059915811e-01 4.337249957909734555e-01 4.479729364385489632e-01
6.402007268756917391e-01 5.990232465273513940e-01 6.327230671555876818e-01
6.577545319233267795e-01 6.821255050308291379e-01 6.167859732281303353e-01
7.097931060556468275e-01 7.014904842396112450e-01 7.521153079534080854e-01
6.047594170147110315e-01 5.731107920186674365e-01 6.105950664246897475e-01
6.209455360411016978e-01 6.248228605729019280e-01 6.272506467621451476e-01
7.744909602125804593e-01 7.624342823324107288e-01 7.969771926659315886e-01
4.284157210962730167e-01 4.104997327414959263e-01 4.589619964075880576e-01
5.242413905238650917e-01 5.383842093666497686e-01 5.493556280936781056e-01
6.869347997026968855e-01 8.035044406849943810e-01 7.597171461323247721e-01
6.567705740351490462e-01 6.183458978286440200e-01 6.796156898504753796e-01
5.489640910706444776e-01 5.608319752021581062e-01 5.641169914505435035e-01
7.833315869630154138e-01 7.824878556607095526e-01 7.604098101517678954e-01
6.546160510988499048e-01 5.505653168093239680e-01 5.754688356743997701e-01
4.885793164442343572e-01 4.752157590791908359e-01 5.120598253276886780e-01
6.331430355433871338e-01 6.220077240487434933e-01 6.075108368592168073e-01
9.120435762057861329e-01 8.465735695747891310e-01 8.967902324000845971e-01
5.204784199427988645e-01 5.507247776206500856e-01 5.865733279337050909e-01
5.618012552337290355e-01 5.288676637589106999e-01 5.055221324128824634e-01
3.044592854399806314e-01 3.045551878726013295e-01 3.769882519637096085e-01
4.885539516947566274e-01 5.197336210770786558e-01 5.867291215847796337e-01
7.015085093457232857e-01 6.708085091136861688e-01 6.796456183343685398e-01
6.850598398425631341e-01 7.172708213610797801e-01 6.069383238295288363e-01
7.127662586655417742e-01 7.330692726074792276e-01 7.461900696413306111e-01
6.796839514411272543e-01 6.205087958389128300e-01 5.859268775957910957e-01
8.030386248996413956e-01 8.660912965537524988e-01 8.049875802696248028e-01
6.265262796103423515e-01 6.389521242877496121e-01 7.244452315860628877e-01
6.093682307673253806e-01 6.081590643828970189e-01 5.497080458796868019e-01
7.173920803235391830e-01 6.903803570379795085e-01 6.149372294282722251e-01
6.371488980102222310e-01 6.150436136536244769e-01 7.186175463471647928e-01
6.057719478377288080e-01 5.094199477424835587e-01 5.422505518362636945e-01
5.541087812636438237e-01 5.261608771245026572e-01 5.351982468327388665e-01
5.027122016325830112e-01 5.495867589087093386e-01 5.479098010075669212e-01
6.750251592208437179e-01 6.847759459911519908e-01 7.100064958271408155e-01
4.139782283654272477e-01 3.810160276883702291e-01 3.577465297588339199e-01
6.464203720527407215e-01 5.783129558806732184e-01 6.160433710360925241e-01
5.280814991873234998e-01 4.634488090334785149e-01 4.597898836902157838e-01
6.641486275534398409e-01 6.724204307915212508e-01 5.720436098282004611e-01
8.290742032936072592e-01 8.011923871332700120e-01 8.206159017228171759e-01
6.243001679301166673e-01 6.105608692399606685e-01 6.527608119680945453e-01
7.164393787700086280e-01 6.515320520622460698e-01 6.254982163853466393e-01
5.108193059573973294e-01 6.258825810093147091e-01 5.454570564120637677e-01
7.237325868949310292e-01 7.049363685522861411e-01 7.420996785123153971e-01
6.088414612433696860e-01 5.262877983701073070e-01 6.619047889547526875e-01
5.764552643500673312e-01 6.445869742980199213e-01 6.415020386342822345e-01
7.474151343016257609e-01 6.935398619289271371e-01 7.155960404871889446e-01
6.798745701326117663e-01 6.660540864601882660e-01 6.953998039387501162e-01
6.691593674410117876e-01 6.524909209547510303e-01 6.594857826547383395e-01
6.594973388389081537e-01 6.950506106175100562e-01 7.074092123446432678e-01
5.722630694939538909e-01 6.059660585531165822e-01 5.882115371300270512e-01
4.723982381516731999e-01 4.165460777376567836e-01 4.689298654708962122e-01
5.780031900603961326e-01 6.232424660401888472e-01 5.936263171445531617e-01
6.539605181032224213e-01 5.811472417868577267e-01 6.609404603148837376e-01
7.496514372344034172e-01 7.680302160246555987e-01 7.693013093218279419e-01
4.870487971656354276e-01 5.180865169984338880e-01 4.756228228326753737e-01
6.460805508328044677e-01 6.650161630653246281e-01 6.305015815601073825e-01
5.960775432282710007e-01 5.516965444377452954e-01 5.992675305672834352e-01
5.527551985895320374e-01 4.877218098686575964e-01 4.997397550796866539e-01
7.689325834976197260e-01 8.548758193062697686e-01 7.735433711200503382e-01
3.654987566555667478e-01 3.032627182220468676e-01 3.412513229623629907e-01
6.717654741218791470e-01 6.428194486507196048e-01 6.994573588476350468e-01
5.722023323632579039e-01 5.346050979080864130e-01 5.859052602472494264e-01
6.195924018757618112e-01 6.104880643907955040e-01 5.776774473394048481e-01
4.505529832093619902e-01 4.870420355670723178e-01 4.738213372795529454e-01
5.198291651832658289e-01 5.271953726405976814e-01 4.495447689728774288e-01
4.417464330435620923e-01 4.838119064804257685e-01 4.138608710752681996e-01
7.595812600609705978e-01 6.727379260058937716e-01 7.333519012690589145e-01
4.045647416583610934e-01 4.778474222987888487e-01 3.555952369471214181e-01
6.370722305003390096e-01 6.637029708354243995e-01 6.709363109485725341e-01
5.389546444791641910e-01 5.010570819491425576e-01 5.481877865990563148e-01
6.351604053376057601e-01 6.599269002300885978e-01 5.871511479389152077e-01
4.612612287899394703e-01 4.038596457620537428e-01 4.923466840454895910e-01
6.643998294565082174e-01 6.493415259604572443e-01 6.251423152449656628e-01
3.373736410257424656e-01 3.547054024093732050e-01 3.667933489750116460e-01
4.724624522592332787e-01 4.192596138823842522e-01 4.575093387704389780e-01
7.285687221477834541e-01 7.286616641110419401e-01 6.395809136602595979e-01
6.019189042002502932e-01 6.439244345199245378e-01 5.673540583494546263e-01
6.248088967835477847e-01 6.424104523437583758e-01 6.637410023134896475e-01
7.598042468196976040e-01 8.052856408181757741e-01 8.223836749801459733e-01
5.581106926584251671e-01 5.347597707833072755e-01 5.438639654936916479e-01
4.779467335851862453e-01 4.513537441014360829e-01 4.930751215312967894e-01
5.671837304243705358e-01 5.834864878412540090e-01 5.997956611234119828e-01
7.720083064474067003e-01 6.898167575285497621e-01 7.101109399739952144e-01
6.680406679771736522e-01 7.365963759729315941e-01 7.008293895085183633e-01
4.802182283321763112e-01 4.689814431734569133e-01 5.016473017300084880e-01
6.646216964995135257e-01 7.572142261434212651e-01 7.084643245081857499e-01
6.547018338199389609e-01 6.465073507506555739e-01 6.325388688936119941e-01
7.376752306145447635e-01 6.232408377033676894e-01 6.119246961267149620e-01
6.251670706159313529e-01 6.121510407977303059e-01 5.959212572364684934e-01
4.371022765344125816e-01 4.648470812951299713e-01 3.808552810156217716e-01
4.163440955328708282e-01 4.005531414006294755e-01 3.578430253603604450e-01
7.986587032542075137e-01 8.474077298021087667e-01 8.038495514962129551e-01
7.561321397269059608e-01 7.872820836141575240e-01 7.323482314640765711e-01
6.919941695002637116e-01 7.370733545267984521e-01 6.233053075027769063e-01
7.391424146056970734e-01 7.492840903555274545e-01 7.062953752735128266e-01
4.866404943605215361e-01 4.749097593935103778e-01 4.777976493829187432e-01
3.592804840821220425e-01 3.990356886986537455e-01 3.621255547562100552e-01
6.805643140044510542e-01 6.195497282937264538e-01 6.132800574023370421e-01
4.849147916958301274e-01 3.997640971267119592e-01 5.429452900353470834e-01
6.074511242758192653e-01 5.660700396440888627e-01 5.384570619402678782e-01
6.843613497402845081e-01 7.027680421315796178e-01 6.232382162489423783e-01
4.591078158217243299e-01 4.329185795745850163e-01 4.813848885614780415e-01
8.103929853628052404e-01 7.683813624478531557e-01 8.133639857750093460e-01
6.125003331139897700e-01 6.076971421646630844e-01 6.894334307502285597e-01
6.361504732164796616e-01 6.458968438845972271e-01 6.679088664525365537e-01
8.261729842590281869e-01 7.653041836307634682e-01 8.293112265386927140e-01
6.170725027149268627e-01 6.075552375396201521e-01 5.909290675956088146e-01
4.540349523300225565e-01 4.601903158210315370e-01 4.863098421403390659e-01
5.992364198329519498e-01 6.494782887903346458e-01 6.113148088429095628e-01
5.927906065470487373e-01 5.791325384110439511e-01 6.015311136176438866e-01
5.441039190193912578e-01 5.023442350620181962e-01 4.508764566267651763e-01
6.087804676876390486e-01 6.188887364161942406e-01 5.918672583425749201e-01
6.105885158925092870e-01 5.530712015829981620e-01 5.879120695502496607e-01
7.517603211763587145e-01 8.071862729452173868e-01 7.901971553316904373e-01
7.014955714323811709e-01 7.179921039106057501e-01 7.691625513389327429e-01
5.584501006767297326e-01 6.276673066615442442e-01 6.380657086008402201e-01
5.631579802310774374e-01 5.790734530995390594e-01 5.978645716412188671e-01
6.516826670353519368e-01 6.358348905509434434e-01 6.599387691531847233e-01
3.708624928917043095e-01 2.978013482142539692e-01 3.864431410434120973e-01
5.063361356817457359e-01 5.251448524494634063e-01 5.500447967051951270e-01
6.105994401274917882e-01 5.919223462222866772e-01 6.613274576292652585e-01
4.214612623062592434e-01 3.540513533129751034e-01 4.278584302986654375e-01
5.921062779950141408e-01 4.141341548153497087e-01 4.270611756475353182e-01
6.599095312588999507e-01 6.101610487986514064e-01 6.225548143328324402e-01
5.705707246965247004e-01 5.784498344111583812e-01 5.986638209876595784e-01
5.703349748239613382e-01 6.150176907765111389e-01 5.397778352037139182e-01
6.244183511681502541e-01 6.108603759746632500e-01 6.649370731342597596e-01
5.802513838544791636e-01 5.739665976161308913e-01 5.764149332251686797e-01
6.523403420174709311e-01 6.404371520277859497e-01 6.917973530861157849e-01
5.998741731468957283e-01 6.178878820301555441e-01 6.590271027251499714e-01
5.017831703067174853e-01 4.620265218816492214e-01 5.651375595004280994e-01
6.091329294133792649e-01 6.116028710299353799e-01 5.894537874423532164e-01
5.175425256422013787e-01 4.965363591743712779e-01 5.637592093756523814e-01
7.106518039762027561e-01 6.964673014937483586e-01 7.470563247023911391e-01
7.690470039507040223e-01 7.503083243626745835e-01 7.536126468797148537e-01
4.568194906496179097e-01 4.018276440729943166e-01 4.128880804880240007e-01
6.735285194346339877e-01 6.207861582403959577e-01 6.738804211948185019e-01
6.085629120875144515e-01 5.777053097351412259e-01 6.292083360911090439e-01
5.068080807210479932e-01 5.131964348617961136e-01 4.631765910747694948e-01
5.816529669509025169e-01 5.866330760357028051e-01 6.865267719225119913e-01
5.004579066457363057e-01 4.474918671396692083e-01 4.285636259726368635e-01
4.177344871931209513e-01 4.779042952620592422e-01 4.706971022817691419e-01
6.410491623680950601e-01 6.357892452203786071e-01 6.259089798437511565e-01
5.657577558426174491e-01 5.735076820789350993e-01 5.832576768788970689e-01
5.604470573294748625e-01 5.371020602240526021e-01 4.554055796290950586e-01
7.338985770486788907e-01 6.909863704098643256e-01 7.036904626184924405e-01
7.205484816232905487e-01 7.076806831789262953e-01 6.605345605482388915e-01
5.832554574020727411e-01 6.172710149080269382e-01 6.440531215696769785e-01
5.990343724389476376e-01 5.596447517226973423e-01 6.198397324442037615e-01
6.589393461071919589e-01 6.743718870570434287e-01 5.951070189107727781e-01
7.087943975378581118e-01 7.265837621258309786e-01 7.193199134510187553e-01
5.161310372199190422e-01 5.001820598673990537e-01 5.744778560883677665e-01
6.521712249032453057e-01 5.582785677078573316e-01 6.682555446995445125e-01
7.075432609735528011e-01 7.968738866394338149e-01 7.516885221671522066e-01
4.019799517795122901e-01 4.417111559927993092e-01 4.836280451429967320e-01
6.613330067566145498e-01 7.062304885206351912e-01 6.744314614267682417e-01
4.991582635949020075e-01 4.744768055980628230e-01 5.645500766468241061e-01
7.237128078020800270e-01 7.558008672167993991e-01 7.161102316398396672e-01
4.545306684112094264e-01 4.553591494514691584e-01 4.061891647826831875e-01
5.610866119030084587e-01 5.227420046360999883e-01 4.943336228062524262e-01
5.822225482151963671e-01 5.909518270594573686e-01 6.639711744350914602e-01
5.049433509556578992e-01 5.866249333622983730e-01 5.499951914909283479e-01
4.624309283633915024e-01 4.611354649249883586e-01 3.981732020682989814e-01
4.636252809713949374e-01 4.451629929904638572e-01 4.320114442509493946e-01
6.388159575993288541e-01 6.910948272163036643e-01 6.392190951433361912e-01
4.301239598614968740e-01 4.529141370922892262e-01 4.873154529303482252e-01
5.185353506872590890e-01 5.081049599530779171e-01 5.699709310378032745e-01
6.528748291462709297e-01 6.627093087704588603e-01 5.999422121045702161e-01
7.240636290348909654e-01 6.878717013931971991e-01 6.902144004628705254e-01
5.959436099736068471e-01 6.094051098717413462e-01 6.549910465358498302e-01
8.012165487249802709e-01 7.639319452252893994e-01 7.583556976527242588e-01
5.736770724527867626e-01 5.890197987499824483e-01 5.563609593299291278e-01
7.463298901409438635e-01 7.321520901008135018e-01 7.376640590937426634e-01
4.237446918181866362e-01 4.105273345088334969e-01 4.213701092705291473e-01
6.469250016637018152e-01 7.078474707050766979e-01 7.452830760854006753e-01
4.112324519458901428e-01 5.137240501255374570e-01 4.767189691824370024e-01
5.424813586129932919e-01 5.469330670592265076e-01 4.979128194135278851e-01
6.139867602975842553e-01 6.606104708947628801e-01 7.011344477577974299e-01
6.680815563375683830e-01 6.853163593822143573e-01 7.018431385215987417e-01
7.537972113633343296e-01 7.762358567900186079e-01 7.628397521310551488e-01
7.171666431396630514e-01 7.595946193525051626e-01 7.418633525042662713e-01
5.641259183644251607e-01 5.897603469772007001e-01 6.430874204925924875e-01
5.922965297800172335e-01 6.135113876203918126e-01 5.849400394748257570e-01
6.048244851020734281e-01 6.071445628439006148e-01 6.067986656332798878e-01
6.206401546828451687e-01 6.605935439338929127e-01 6.643909508197595182e-01
5.718544806780632150e-01 6.216208237600761022e-01 5.898539300623876214e-01
6.786954624784992118e-01 6.716123703523698696e-01 6.495468389936712716e-01
6.403414285806200423e-01 6.997321216124050558e-01 6.583734334755292350e-01
5.689820170957768930e-01 5.849370358040132389e-01 6.465840822263447807e-01
5.609318314740127098e-01 5.272664330382561548e-01 4.788441559691158922e-01
7.045882581703801772e-01 6.282000326776153720e-01 6.326461080781516921e-01
4.904942839747968297e-01 6.023312576966436405e-01 5.876782468349115440e-01
6.553740565326989786e-01 6.205469683740767461e-01 6.511120591826117243e-01
5.414462302101746838e-01 4.988825933841310456e-01 5.337492447661705830e-01
6.446640938810777044e-01 6.152556600804813813e-01 6.370554612252966598e-01
4.743226656893949622e-01 5.130173432354891982e-01 5.018697780886758331e-01
5.614284708576753324e-01 6.009829604940580827e-01 6.228968529088695361e-01
5.819454929414904498e-01 6.385661060064229400e-01 6.309239117126528296e-01
7.595170595375922984e-01 6.736268321454721431e-01 7.189799868166241170e-01
5.626596532456537014e-01 5.748957175735067704e-01 5.967787467433868231e-01
6.015573034871546376e-01 6.353151090891754338e-01 6.681204138539532655e-01
5.548794095673503790e-01 5.499930499884067014e-01 5.697394203642734967e-01
5.882365455499793949e-01 5.558982423644629467e-01 6.008707738069203330e-01
8.109047162560840682e-01 7.802710839891563444e-01 7.163328202756785723e-01
5.457776920321251168e-01 5.286518412941512146e-01 5.117018923391304375e-01
5.118720581503127809e-01 5.139472557872541980e-01 5.231467738853863292e-01
7.535681253119008716e-01 8.016001965144449182e-01 7.262349603484344884e-01
6.318775242224523581e-01 6.368248645353505877e-01 6.030951830991754248e-01
5.180206282085039193e-01 5.100310256461193514e-01 5.212644008132049089e-01
6.856798998702356984e-01 7.183952647550176929e-01 7.879142645268277789e-01
7.437366498933584147e-01 7.212548197613282142e-01 6.730415955367592407e-01
6.539958012734613524e-01 6.530580266021075442e-01 6.526382201212551637e-01
5.481821535473725415e-01 5.877517098416180641e-01 6.189642321156958449e-01
6.246645395714021110e-01 6.473515976352476331e-01 6.006440842509849221e-01
5.433839517760654658e-01 6.121337919608209610e-01 5.246466130854546828e-01
4.553306205773291482e-01 4.582591341924840966e-01 4.395230393798693624e-01
4.359245955640129178e-01 4.129815617588010745e-01 3.539665779020781944e-01
5.884337808366499889e-01 5.775665604020797650e-01 5.763239790437207910e-01
6.309985148999606164e-01 6.604601775710821077e-01 6.132311199674724822e-01
8.075710756723947226e-01 7.657227531051857827e-01 8.081863693462654208e-01
8.419048936557802509e-01 8.384620559417345076e-01 7.726334583434076864e-01
4.377360996043674346e-01 4.811375863664130170e-01 4.381199919055323577e-01
7.262207354359402345e-01 7.126269632827437750e-01 7.448595773846661272e-01
5.749406732116646435e-01 5.612460430266221767e-01 5.877407527183727831e-01
5.533721985579509450e-01 5.736591863267685998e-01 5.048789069138249763e-01
5.206045877294989133e-01 4.872213396929513385e-01 5.105492595370881848e-01
6.445068188480755911e-01 6.337925057598742251e-01 5.903561519878216535e-01
6.309881991532318990e-01 6.351188444676092448e-01 7.032806343733754018e-01
4.098967574496150679e-01 4.871670831904497123e-01 4.388165549554007283e-01
7.000707748171584033e-01 6.843943573584597706e-01 7.027322360625322117e-01
5.880557362340215199e-01 5.116504110536529426e-01 5.561390650050969109e-01
7.871880844540970479e-01 6.948855427497785398e-01 7.749250700278035309e-01
7.891410777678952160e-01 7.761588786540885021e-01 7.814636184679912834e-01
2.858841375157584741e-01 2.024037859754792279e-01 2.413097638863155037e-01
5.506656788359428623e-01 5.097340575814618413e-01 5.509616428710424341e-01
6.531097402516211625e-01 6.965212092584204262e-01 7.167335630569214855e-01
4.052967300217562019e-01 4.455118072238130056e-01 4.333862044219223275e-01
6.336450817455882012e-01 6.547491206210175330e-01 6.226928842490460081e-01
4.698034404050286383e-01 4.219459854662697129e-01 4.258801347331879761e-01
5.083621823450512611e-01 4.596292589888121283e-01 4.663192758012918437e-01
5.784254403066547701e-01 6.190940100191681950e-01 6.548695156393939953e-01
5.408963971962349460e-01 5.439851032722582413e-01 6.562603048303266018e-01
5.062677749442251462e-01 5.616376232334741037e-01 4.822308083002462831e-01
7.670403688213879301e-01 7.915056715405053289e-01 8.291086054263127059e-01
5.813624035957307701e-01 6.035404522156949669e-01 6.251949848883801009e-01
5.847426527376528016e-01 5.679136817760397360e-01 6.037267583849563746e-01
6.106746984943020040e-01 6.023890349075293749e-01 6.163504465548189648e-01
7.182134705697491572e-01 7.382757589879825888e-01 7.276999467502546226e-01
6.507643485159503305e-01 7.403430691206860370e-01 7.373718310015674460e-01
7.171324091841746462e-01 7.172869787980244993e-01 7.339212998346393846e-01
7.245184120281945583e-01 7.442746516540108548e-01 8.114828222050077811e-01
4.366948532280402473e-01 3.672276964840533453e-01 4.755847134297818135e-01
5.174678790256849181e-01 5.868431254548659437e-01 6.124038421137305566e-01
4.303702953179949220e-01 4.726163763225899039e-01 4.052982764979450869e-01
5.169939485836202442e-01 5.051913748136158677e-01 5.477550739897564247e-01
4.155158484300415234e-01 4.231330571547501362e-01 3.700953645710073903e-01
3.753940207121105321e-01 4.650273787572272721e-01 4.715485185999658824e-01
7.053060027727386938e-01 5.959392105889865787e-01 6.620699135755593323e-01
5.791755749209201998e-01 6.820681078043241419e-01 5.970329692204796590e-01
6.213093056807974524e-01 6.022212884626824136e-01 6.516178639440354248e-01
7.392647513030389250e-01 7.777069999182890658e-01 7.142457539371787067e-01
6.775129893756460797e-01 6.266851503496860820e-01 6.987072155114469885e-01
4.215513637547860792e-01 4.839171189261604056e-01 5.330748162906805421e-01
7.823990751103895303e-01 7.750108309708602095e-01 7.596968658954421638e-01
6.174302691908606366e-01 7.536990987328793246e-01 7.001139237000694182e-01
6.718012706708410553e-01 6.468908274094017363e-01 5.662982751111352853e-01
7.178344285629344457e-01 6.792405909526860741e-01 6.913914311982747307e-01
5.269329206190919157e-01 4.805254782012114978e-01 4.765242348511184445e-01
7.359795205813781660e-01 5.953949071307754748e-01 6.994495296237760451e-01
4.646174584989599121e-01 5.062847248409574341e-01 4.361675427785385306e-01
6.541342554216466043e-01 7.414627055685208967e-01 6.253003389454340200e-01
5.412062516217096553e-01 4.678455793298543219e-01 4.415416962957371405e-01
5.886963782217469188e-01 5.740280854375913178e-01 6.686424513459063856e-01
6.146463388982696952e-01 5.776921569398362211e-01 6.026840484101867457e-01
4.416694517569913492e-01 3.799610685759296502e-01 4.659797665978359094e-01
7.719776141791153679e-01 8.012784461038580108e-01 8.175068308619539703e-01
4.214239478999970423e-01 4.295328485083170778e-01 4.189227977513593215e-01
4.150303009423872980e-01 4.297387275773166815e-01 4.146428096388350970e-01
6.835695884471245654e-01 7.352569648678771719e-01 7.204643149099981825e-01
7.865808750212387457e-01 7.501068855057843043e-01 7.316874801523095551e-01
6.734320755630711641e-01 6.302649727907759791e-01 5.858522907299444915e-01
6.665777047849656967e-01 7.222556881099572168e-01 7.662858709039451766e-01
5.544416857563315704e-01 5.596304859807768040e-01 5.645290558853199858e-01
4.178842223572735715e-01 4.191574813388408427e-01 4.896696531027531218e-01
8.229353549182780725e-01 8.122435467978095236e-01 8.239551012646153527e-01
7.883406068286286095e-01 7.800858540329672630e-01 8.631887957153272506e-01
7.568178342402870351e-01 7.489160217491933613e-01 7.543409136779197777e-01
4.807147463860441672e-01 5.185419068755794392e-01 5.792068114782419341e-01
5.293008108430713454e-01 6.006348263834869750e-01 5.671793164032109535e-01
5.704246562978511070e-01 5.426018973764149544e-01 5.477641214899096056e-01
8.378554766116399488e-01 8.537096940593276173e-01 8.616898187411483612e-01
5.439643805148518529e-01 5.686369001951563362e-01 4.908972583163105363e-01
6.251205732431017736e-01 6.257394686969288689e-01 5.969762721582408949e-01
5.084881959727282075e-01 5.147323301537737317e-01 4.638353210491741319e-01
5.166507992833510032e-01 4.837606885663879308e-01 4.532770907829187790e-01
5.356030686607408109e-01 5.676250560514504162e-01 6.119544136736876361e-01
6.466148698757502311e-01 6.827347098414290327e-01 5.605723407516917112e-01
5.618204447614656427e-01 6.216277313618744360e-01 5.885991562771172303e-01
7.429932837628111519e-01 7.440667846623960635e-01 7.211416982541192233e-01
5.102611643458080382e-01 4.955304223133324970e-01 5.101101732607487005e-01
5.742477199372463259e-01 6.642022371711127082e-01 6.512006582585031511e-01
4.230764906065530018e-01 4.084216914809157828e-01 4.239756145546710875e-01
6.333400901171902797e-01 6.572999848871232675e-01 6.397916141738525520e-01
3.822570540713590703e-01 4.490233879339574075e-01 4.656785202190928952e-01
7.708538416800970738e-01 7.802708407524899803e-01 7.760348670259644699e-01
5.947655874954259625e-01 6.195606925616551353e-01 6.357172059659060848e-01
5.151592408835447001e-01 4.869032434718683078e-01 5.136859631236716517e-01
5.558227081738422726e-01 5.217456286737923721e-01 5.628117191536817776e-01
6.227216050037988060e-01 6.447073325748864381e-01 6.289445895192197211e-01
5.206307053976241273e-01 5.659866934920697590e-01 5.261752831799778596e-01
7.472769201171273190e-01 6.579583652307530173e-01 7.076965630270308782e-01
5.478930992056745275e-01 5.137188112248581850e-01 5.639528052027225069e-01
6.571454399935695578e-01 6.575876976531589424e-01 6.203136188876388069e-01
4.695301570356157916e-01 4.981676861708543291e-01 5.218284855020188795e-01
8.503919266706313485e-01 7.896405206405300303e-01 8.555383710237709494e-01
7.427052606235793331e-01 7.457330548532020709e-01 6.965555445013023039e-01
6.883873819517619674e-01 7.408733293558701360e-01 7.040238005365230256e-01
7.534562473765495927e-01 7.150226858547013009e-01 7.038420665457995051e-01
7.008285982150314064e-01 6.839761077458863525e-01 6.582606058867425114e-01
7.317012423897109041e-01 6.141537636015208523e-01 6.165032814055171340e-01
6.896416236131628352e-01 6.860338429977391739e-01 6.904159799192599589e-01
5.511392759229477578e-01 5.530487980561669126e-01 5.482304911097706235e-01
5.511009370145575348e-01 5.786377428859854621e-01 5.183028699687729501e-01
6.050216587612980979e-01 6.293916692173672223e-01 6.505320748353153881e-01
6.519389580160718234e-01 5.315308203331059467e-01 5.596387281292242166e-01
5.075848326142988753e-01 4.692609293430141104e-01 4.565062196019371576e-01
6.725281702011651763e-01 6.884507535573669568e-01 6.939217336038498996e-01
7.167220670820282358e-01 6.339839583811409662e-01 5.884380954557334453e-01
6.144491112955910994e-01 6.014721670084693939e-01 5.838988917525743672e-01
6.787210943605788138e-01 6.799526201749440668e-01 7.017787297930766499e-01
6.199327117571069579e-01 6.527515936205813274e-01 6.091848761727607364e-01
6.276201919477274460e-01 6.589544404759885010e-01 6.494263890826197372e-01
5.691176111731590659e-01 4.883693857929973792e-01 5.189606506515827000e-01
6.239780403688582888e-01 6.296531907059295108e-01 6.486401319632123519e-01
4.902882765456596514e-01 5.595779604147904651e-01 5.330852045076518442e-01
5.751403952192343239e-01 6.572127665591850354e-01 6.399249735887310164e-01
2.857060948437727399e-01 3.184609037517714958e-01 3.287113299869965366e-01
5.423050336296534324e-01 5.827998924629850253e-01 5.398637652211965010e-01
5.766618968156905778e-01 6.116656152323252105e-01 6.647595661469163364e-01
5.938474198709710050e-01 5.709536180782339709e-01 6.161665488056434770e-01
6.454446639513551354e-01 6.867559453276920189e-01 7.098027044313744982e-01
6.186983598951260044e-01 5.595605520009167000e-01 5.507754226128271924e-01
4.423375258392430176e-01 4.497439731326685619e-01 4.298638253574049717e-01
4.112838448202359443e-01 3.763403973392962509e-01 3.821203062271316120e-01
4.761721781930502440e-01 5.441437097800988498e-01 5.165114701839070843e-01
4.677793704680507925e-01 5.292487376398484766e-01 5.186250345551839391e-01
5.838713545161203777e-01 5.967761465264973531e-01 6.275007190849839489e-01
3.174271148951735566e-01 3.731177560542666694e-01 2.840595162501532989e-01
5.921898190748153823e-01 5.632254662483695551e-01 5.314297038949979957e-01
5.686811314511416304e-01 5.304761624590581537e-01 5.020572686036830490e-01
7.422212386714932553e-01 7.163955034818632051e-01 7.450051938828977649e-01
8.229446933413515630e-01 7.719079064372067478e-01 7.782013096604362135e-01
4.891025747085608888e-01 4.406698745615402757e-01 4.292028276256535380e-01
4.846473671855512366e-01 4.577502556686410262e-01 4.899301057473937626e-01
3.957920502825621467e-01 3.888039582879389000e-01 4.178949449624396739e-01
4.440472458219623109e-01 4.270962085273288245e-01 3.626417365440917084e-01
7.977712520008288788e-01 7.386662656390626802e-01 7.345059537352992551e-01
3.976543685953463081e-01 3.739132734783199852e-01 3.016811087773099143e-01
6.636660326651849795e-01 7.050115616096624960e-01 7.720339695947711078e-01
7.252818562689125059e-01 7.199423627717996821e-01 6.625274707725892220e-01
6.796261284022133697e-01 5.775035728998443307e-01 5.939679800335313509e-01
7.776072335875048314e-01 7.576677027717251267e-01 7.441479029488048402e-01
7.010552042584368149e-01 7.408088556732310703e-01 7.206786375793741151e-01
4.789992082224915904e-01 5.295201473113917423e-01 5.271439822897924232e-01
7.250433327980547737e-01 6.687598304784224679e-01 6.367320427337485045e-01
7.148125975604675553e-01 7.449452599448469492e-01 8.216825254401010081e-01
6.018448027091831687e-01 6.902148776069948477e-01 5.829391395751742921e-01
6.054456362881412979e-01 6.344768388631480960e-01 6.901421836359500350e-01
7.288668517851395467e-01 7.026859998825204512e-01 7.796664944429789745e-01
7.698200765901137554e-01 7.625010334910404808e-01 7.497026177625258914e-01
5.279319475015131768e-01 5.680607912425706951e-01 5.216083287916146727e-01
7.050548089703414512e-01 6.344684630876585851e-01 7.924687303358216584e-01
6.576156557936786440e-01 6.314308155272400080e-01 6.856260786291736853e-01
6.091798655607738588e-01 5.785702766672220498e-01 5.861347915857648694e-01
7.321055924006149018e-01 7.731415794810427844e-01 7.815067751205057034e-01
6.360909573556157159e-01 6.166406230743157746e-01 6.602077610538572561e-01
6.952290907783817975e-01 6.103306570781673601e-01 6.390795610803735594e-01
4.410216470536549305e-01 4.785297147052462452e-01 4.593800932935975245e-01
5.363564993931219105e-01 5.227727132336554838e-01 5.151020035405649011e-01
6.365991857945876298e-01 6.784458102369729238e-01 6.571805924942836219e-01
8.024607147932668605e-01 8.059658566646143996e-01 8.407877843332237644e-01
6.953308057732949798e-01 7.469030876760742732e-01 7.152093815866868987e-01
8.461197411930043710e-01 7.863099319136445109e-01 7.845074351936118795e-01
5.347480010959316798e-01 5.793274852632863681e-01 5.861031786717113556e-01
6.082036917598051540e-01 6.767558790607723918e-01 6.581936674794128805e-01
4.411585074164801057e-01 5.079976038583194908e-01 5.046285105747189137e-01
7.050274739353693532e-01 7.288345356021184163e-01 6.454832624326476420e-01
6.895455199211359965e-01 6.899677803705686063e-01 6.516868054365243523e-01
6.756358593925969602e-01 7.662848869192154799e-01 6.993638985665153740e-01
7.196984213906364447e-01 6.785386721187717241e-01 7.283179030173301260e-01
3.614701883654241055e-01 3.653899286302941807e-01 4.116793300416046186e-01
7.274211414485320937e-01 7.679973089102850592e-01 7.087055295286145418e-01
6.344542594333449914e-01 6.376437272282420299e-01 6.563297606590158262e-01
5.200476711976391719e-01 6.827792169258232180e-01 6.712930285444348444e-01
5.281742456403170083e-01 5.266010069341274802e-01 5.524861847415806215e-01
3.925614575617729640e-01 4.101170682813372048e-01 3.994556354324076963e-01
6.487447424878041158e-01 6.897807779916746984e-01 6.375930313630496782e-01
5.344528558135960283e-01 5.689969808939924212e-01 5.198125408093956512e-01
5.744496786077806227e-01 5.449756058963077798e-01 5.886352950880765489e-01
7.095213773274606783e-01 7.774826278175582805e-01 7.558289351798657130e-01
5.729862095761595331e-01 5.209607032724266062e-01 5.153477137946408382e-01
7.092104005881594286e-01 6.470909619635373256e-01 6.929947393228883534e-01
5.191520685501489485e-01 5.287623024015077888e-01 6.257627123001990865e-01
5.581138957891422780e-01 5.825576562738354891e-01 5.497882619229459422e-01
4.903362385416078495e-01 5.507239100682354005e-01 5.340564133518420631e-01
6.826370016511669192e-01 6.883450319889646840e-01 7.077199035048953313e-01
3.592318137000722889e-01 3.444593167388055321e-01 3.516363090325362872e-01
6.354606097700149503e-01 6.050355080535825270e-01 6.675547735053951603e-01
4.629447395600227444e-01 4.500669022491071147e-01 4.101598257456675611e-01
6.684344665278306730e-01 7.019446295331266406e-01 6.962025240837141915e-01
5.506488800176617682e-01 5.552972030908122081e-01 5.401886708710164076e-01
8.514022225795959686e-01 8.303377206490554219e-01 8.233831478511505209e-01
7.960619518801745897e-01 8.032913837907178500e-01 7.928889268811319946e-01
8.334486927966342495e-01 7.722296992108610425e-01 8.084600303219670048e-01
6.004834721587614110e-01 6.762860064713688280e-01 6.409397761206809818e-01
6.843703764140599555e-01 7.696171410216884334e-01 7.351264767548948420e-01
5.960220230229331673e-01 5.478024324535157863e-01 5.971368159522967289e-01
7.553951712850349720e-01 7.660794560471549941e-01 7.479364394830785301e-01
5.109649639855582404e-01 4.396719139177210911e-01 4.575567874480612196e-01
6.745373658505995351e-01 6.787723400361520554e-01 6.589171638214363913e-01
8.475878025560176221e-01 7.725737890048348655e-01 8.065075387875684232e-01
6.121586926652511362e-01 5.757845370245177063e-01 5.800205903403765628e-01
6.546518376801099270e-01 6.941084430059183408e-01 6.666466275734067581e-01
5.368969292206841049e-01 5.082929414613327479e-01 5.392679850348811588e-01
5.552972522082401108e-01 5.524244998351514058e-01 5.430109464998924551e-01
5.412658520896040937e-01 5.579527230602076004e-01 5.979428553709292826e-01
6.070724349109543061e-01 6.402090698922157097e-01 6.015210764949806554e-01
4.359433676928462509e-01 4.820095258873550725e-01 4.768431661760361151e-01
5.657384255632902370e-01 5.615154082525481982e-01 6.241454883457119296e-01
8.782345891825903417e-01 8.084870574925615561e-01 8.148049195485553842e-01
4.939645805457982819e-01 4.963851046444489046e-01 5.700919483027362400e-01
5.176770660396281531e-01 6.080209976844580533e-01 6.096102556335694089e-01
5.790978007235768610e-01 6.275358707740295028e-01 6.386671373671228835e-01
5.258696157891026290e-01 5.303353113472161207e-01 6.063723092413995097e-01
6.894620317055494274e-01 7.193293190425557038e-01 7.017890697943041101e-01
6.153397092535773938e-01 6.024381186182061754e-01 6.527551688485846437e-01
4.286706420430979048e-01 4.383411174828664714e-01 4.429721180099221445e-01
6.127364629722519274e-01 5.607313680636777375e-01 6.282848799559083153e-01
4.401561924791377312e-01 4.691892782594183631e-01 4.135364536660082191e-01
7.720527419226566046e-01 7.415910835171110049e-01 8.081248621663568166e-01
3.566576046892364626e-01 3.624796212221528813e-01 4.237571827028699389e-01
4.539708714193333994e-01 5.164915547981481225e-01 4.585739097660731511e-01
5.132234177719978696e-01 4.408513175146328011e-01 4.794603204900874660e-01
5.805983287855671637e-01 5.782189938517650063e-01 6.425838364181358786e-01
5.888543147678754197e-01 6.243391729984494321e-01 6.374139168131832678e-01
4.677796934252174132e-01 4.739274767012187639e-01 5.696381867037368929e-01
4.405755302143928853e-01 4.751765084510478632e-01 4.669144610759409231e-01
9.265753261070627245e-01 8.810907995644134960e-01 8.737845352827173784e-01
7.358449984606724170e-01 6.918111041885144363e-01 7.038247254830423127e-01
3.431962073740973951e-01 2.594443205251633633e-01 3.795339805535775657e-01
7.145887762557453504e-01 7.159009087587541176e-01 7.002191010434062335e-01
7.200506634199844713e-01 7.329225883851147039e-01 7.215594904446455127e-01
6.698702245682481848e-01 6.271054039231362953e-01 6.119439557917031314e-01
6.045711394591360976e-01 6.217628600843493336e-01 6.822503665647297044e-01
3.934217618969308994e-01 4.960146146548835011e-01 4.440325259961679372e-01
3.139784214686978658e-01 3.317011639787253996e-01 3.365202016338628144e-01
6.196411085942675756e-01 7.008796189629290518e-01 6.635482948676822978e-01
7.006173664541702761e-01 7.304334170286091998e-01 7.836961553125164626e-01
5.272360143371790375e-01 5.168428845204180444e-01 5.110696296271900474e-01
5.602451967649026976e-01 6.530445701894388444e-01 5.155792484673026310e-01
6.566118307790959063e-01 5.995703735000134094e-01 5.435229332403728186e-01
4.164290104908107137e-01 4.444110998603180707e-01 4.128002832084979867e-01
5.116465320057503874e-01 4.659535207701959170e-01 4.206310603005956605e-01
7.061960316260659232e-01 8.149192733522814258e-01 7.863905333571015177e-01
7.401760430201124175e-01 6.920981544451916267e-01 7.039959543326498315e-01
5.749728311249284740e-01 4.503323000721365932e-01 6.160651781969170848e-01
4.549494540231026618e-01 4.955354493831808926e-01 5.106579212466928475e-01
4.168014673902469269e-01 3.774765746207133787e-01 3.800450749189475674e-01
5.255812783325638504e-01 5.389631701331429880e-01 5.274291585199083476e-01
6.827642236425918165e-01 6.766212677969756228e-01 6.653947370414952101e-01
4.040181822839714609e-01 4.456745094895926407e-01 5.117796072811693353e-01
5.060441221491666086e-01 6.301187402630102907e-01 5.560979858631240891e-01
6.773042328794635081e-01 6.860802320024959045e-01 6.738175001372773698e-01
7.585015587551527938e-01 6.948173924543973312e-01 7.191179344391084305e-01
6.674694718725288078e-01 6.693425043510013994e-01 6.318095246523077746e-01
5.337386950447747802e-01 5.539002474466699910e-01 5.044434704589790819e-01
7.817164256835381630e-01 7.770615603066135524e-01 7.724374398617924742e-01
6.244585595492012642e-01 6.668287378714419233e-01 6.491968139562925844e-01
6.043357181412057910e-01 5.130524741746973483e-01 5.032203563169527216e-01
4.877384804241121086e-01 5.282097176874979150e-01 5.179530018641164135e-01
7.672729949858579923e-01 7.349993231026873408e-01 7.092749625303628180e-01
7.140672770602476405e-01 7.329347456171118047e-01 6.737879839213211097e-01
3.428480563737771880e-01 4.359981794516381570e-01 3.986654730639181965e-01
8.739791056272275815e-01 8.921364237912802198e-01 9.076038634125864757e-01
6.174989688095546825e-01 6.639071434553903694e-01 6.394145496942332807e-01
4.249205854118570103e-01 4.785326115491342347e-01 5.324656675792869276e-01
3.752804865394909761e-01 3.049048715228337980e-01 3.974939261035633775e-01
5.330291172168988290e-01 6.105096602146818929e-01 5.493256666908182817e-01
7.634142305617562796e-01 7.753796082440448378e-01 7.434903272831266952e-01
5.785752913553254828e-01 5.430325528005225388e-01 5.067849745136803197e-01
7.773233422053672514e-01 7.421400161522663241e-01 8.033237313402220581e-01
6.590246655753941862e-01 6.172180512317062551e-01 6.358833145576086032e-01
6.343314418928934773e-01 6.366668381111317832e-01 6.517239246664389141e-01
4.995054989830183811e-01 4.313966761802858207e-01 4.169733353992032820e-01
7.753878627009874736e-01 7.627423086086265736e-01 7.594250050933571972e-01
5.623892266519596728e-01 4.439585005907789039e-01 5.208045577326390063e-01
5.000167798993016000e-01 4.982375036928129997e-01 5.000088368072014289e-01
6.198247105479276486e-01 6.114243463907143017e-01 6.469232940170058788e-01
6.171498311791392410e-01 6.365944978047682890e-01 6.428976688227364678e-01
6.095059153574233779e-01 5.010190891993623330e-01 5.345732686426846181e-01
5.832509488820376564e-01 6.517347906680536207e-01 6.375119384263510103e-01
