7.005766706664692256e-01 6.403712050717500492e-01 6.621701944080798929e-01
6.373815611961617389e-01 6.569954924901997284e-01 6.699929778065738528e-01
4.192883379706553448e-01 5.071977987678617517e-01 4.894817355790788693e-01
6.151838429001217357e-01 6.583150964024008234e-01 6.610244107519448464e-01
7.234881282004228531e-01 7.745332980652662735e-01 7.103750119540341856e-01
6.000528966228766414e-01 6.230903497006702318e-01 6.279282432895677557e-01
4.306729905244078838e-01 3.749795089470502329e-01 4.177806440727342974e-01
5.565752940700653406e-01 6.108281231452917792e-01 5.553494092149481309e-01
4.447190946775692599e-01 3.697308218004660141e-01 3.749828897859050492e-01
6.789399561947474515e-01 6.549112873169051774e-01 6.588745715341483011e-01
5.256726087679189918e-01 5.712663560216164615e-01 5.787834484969017756e-01
5.253260421334877694e-01 5.731364828663227939e-01 5.584448428277341003e-01
7.555255197431643976e-01 7.907801518352046699e-01 7.998389462074512180e-01
3.940876989985240830e-01 3.663094092791265854e-01 3.303359723902730694e-01
5.469109201673816312e-01 5.066167470503701864e-01 5.916295193457425938e-01
5.952431634540740202e-01 6.490654734421663630e-01 5.877150552835571640e-01
5.937275400933720304e-01 5.556405009134007811e-01 5.541682390688142945e-01
7.395501660234522490e-01 7.276663757771543173e-01 7.670948988158703408e-01
4.669756781808587776e-01 3.886223011576440123e-01 4.133534625689678776e-01
5.279043088952174445e-01 4.844004182150660753e-01 5.169116385668746094e-01
5.876420072434749287e-01 6.446054439905855027e-01 5.764160306582586379e-01
5.157778747080439263e-01 4.268272910009260346e-01 4.874842061959282491e-01
5.310390408547195351e-01 4.708896135273605843e-01 4.555062532717293888e-01
7.944682674693135382e-01 7.019957866876606056e-01 7.528166067758914615e-01
4.781201641587132789e-01 4.979957555565635019e-01 4.771491628752774217e-01
6.069327720400158332e-01 5.738453124916799153e-01 6.033728004547985746e-01
7.009570823734467826e-01 6.153898516719311651e-01 6.340728167732521126e-01
5.025412635254008498e-01 4.571545149133295349e-01 5.276482082043946198e-01
8.164405142942040561e-01 8.085382212104986754e-01 8.855801511445792196e-01
6.381389150951227718e-01 6.117062774959336480e-01 6.070755415281517964e-01
7.657384901229808971e-01 7.992317768365948538e-01 8.195405335736797303e-01
6.796578625802004447e-01 7.359932865482275988e-01 6.930177421381490399e-01
4.084752335084742558e-01 4.392205835326629670e-01 3.588659812277795735e-01
3.784589697539309516e-01 4.001305726052823974e-01 4.727442771344928518e-01
6.809661837147826802e-01 6.971737671279352178e-01 6.611539250939604262e-01
5.563083139630817797e-01 5.193231272757485861e-01 5.701366994248593389e-01
5.524845241623290715e-01 4.895647250714185161e-01 5.256650276087737605e-01
6.757209236707393263e-01 6.878397628746310000e-01 6.780035469886558364e-01
5.685651435616346783e-01 6.027652665710548918e-01 6.033981116268800626e-01
5.070528372610115797e-01 4.899719081929154729e-01 4.921697588703098925e-01
5.471956669574471466e-01 6.456990892464222753e-01 5.595457156776538765e-01
3.107609446808175524e-01 3.307049196558420889e-01 3.332938033435428049e-01
7.854648857311548049e-01 7.904150994284843135e-01 7.864458402392748848e-01
6.915554041130440588e-01 7.203282680243709990e-01 7.212851583012187540e-01
3.440892454047553839e-01 4.101794474217638764e-01 4.531003429915955172e-01
5.606058365380625075e-01 6.386909932109257060e-01 6.270139053591421430e-01
7.075443858975912770e-01 7.217942523946040412e-01 6.374358896492449134e-01
6.973292550084714270e-01 6.855518023260790406e-01 7.774137732585745253e-01
5.669786142301754817e-01 6.475893091831693704e-01 6.128078778546665051e-01
5.750590942497592062e-01 5.047528104752152522e-01 6.145994927474074387e-01
5.571053940534008708e-01 5.566601981242363939e-01 5.372547034323883475e-01
4.431579127736228196e-01 4.738717038730925202e-01 4.159603834072179152e-01
5.314722875386987955e-01 5.413840663737963244e-01 5.740691725905102683e-01
5.368739435237308566e-01 5.798932761187202134e-01 5.683918749063321396e-01
6.567148530643130977e-01 6.306628483636429472e-01 6.038583929013296991e-01
7.470474545878053041e-01 7.639134123929417486e-01 7.463656244046871224e-01
6.916739835002180259e-01 6.333373993491252518e-01 6.795378543383412406e-01
5.894769020505082890e-01 5.938869121759509095e-01 5.141230802923455467e-01
5.663679463553400462e-01 5.703223542237437771e-01 5.625291641456592329e-01
5.927614784187567043e-01 6.048083227602721879e-01 6.153706645967625954e-01
4.917088972678888004e-01 5.781068603697743225e-01 5.873920914200077004e-01
6.579136324363564770e-01 5.404316247801453921e-01 6.200772532307116114e-01
4.471622593763865394e-01 4.154092203259031613e-01 4.435639093791725607e-01
5.123436274372282773e-01 5.506593503747683194e-01 4.936162001617759865e-01
6.851195799694506094e-01 6.316881640442970625e-01 6.606190051418293629e-01
3.620651151034828263e-01 3.696696275134175869e-01 3.211580454238969762e-01
5.377859468577079749e-01 5.525107100733308574e-01 4.893497604985494465e-01
4.780145487986048325e-01 5.008154648522475938e-01 4.524906156845507899e-01
5.752040246686459524e-01 6.400982506528116733e-01 5.834762481213173757e-01
6.786850501695915749e-01 7.291127678800839451e-01 6.791013290469934960e-01
6.367913025853122466e-01 5.961166924902283615e-01 5.779273765855803546e-01
6.950658715323838610e-01 6.764465001835427982e-01 6.712975773833264048e-01
3.790282750144992607e-01 4.341963961516293047e-01 3.517961011010866668e-01
7.285473915039112347e-01 7.496628429428571216e-01 6.609983254190094915e-01
7.405551804527430448e-01 7.530553272934782383e-01 6.958041159424320776e-01
5.669373806083219947e-01 6.391940869791051805e-01 5.971747158351703444e-01
6.219882773545346577e-01 6.359259617117037910e-01 6.450445500791407438e-01
6.198611538536354937e-01 6.475850455367844205e-01 6.669767441802535446e-01
4.577607289277295100e-01 5.398693778542059674e-01 5.217814055221695613e-01
4.915791321959367410e-01 4.717770428665823967e-01 3.878808251485229563e-01
3.782428244509328796e-01 3.537952667976776433e-01 3.792360140948403124e-01
4.732625361999885372e-01 5.064537883995207102e-01 5.209933610158827832e-01
6.868832386180012683e-01 7.015822734549458373e-01 6.187426569576921498e-01
8.103053134944023794e-01 8.162677541619554056e-01 7.517991462512201295e-01
5.913833614403155581e-01 5.445955089294606255e-01 6.099325781537322522e-01
5.678683189760861394e-01 5.599834597221118315e-01 6.009864366569926952e-01
7.414045568444305179e-01 7.382678178634458632e-01 7.052428562128164602e-01
6.080749072899389596e-01 6.614709429993906875e-01 6.629720487937004192e-01
5.153179086756126681e-01 4.642486828133527976e-01 5.493213053993689643e-01
4.854504894655918834e-01 5.451436494678582045e-01 5.684585467289539062e-01
7.458784634164254967e-01 7.672958160900787972e-01 7.898001066205120324e-01
7.322147966202846581e-01 7.338752859251451710e-01 7.465399424434853159e-01
4.444192274506482132e-01 4.854258982830129132e-01 4.343144352976918143e-01
8.694867570339883667e-01 8.016236274502301917e-01 8.419689708031002917e-01
8.355689911969647055e-01 7.680612204131398446e-01 7.588182004886665499e-01
5.615380585063072250e-01 5.862060507437448775e-01 5.826450069026382073e-01
5.936159788644340685e-01 6.397395421554511463e-01 5.850658236082325603e-01
6.551281657009430104e-01 6.392990507750134777e-01 6.003933597709514292e-01
6.399895973991361897e-01 6.489447642549818207e-01 6.562703949701966799e-01
6.314245498607746754e-01 6.680134122412719755e-01 5.589584163528348304e-01
5.975241769500762024e-01 5.717817023872979743e-01 6.064555139766860670e-01
6.629078461325909055e-01 7.274560449933235029e-01 6.142644217118922167e-01
4.705983013736346199e-01 4.721388731623160639e-01 3.525564066924970485e-01
6.949713312590249936e-01 7.063913771823020493e-01 7.451358827788949757e-01
4.627483079381689568e-01 4.514459351426680089e-01 3.775923222062612106e-01
6.375048463855333969e-01 5.793950434907383373e-01 6.033783095488663983e-01
6.755546488683797923e-01 7.324420475004722597e-01 7.371049076067126560e-01
6.506421777171648158e-01 6.098982468663420864e-01 6.734411176517532960e-01
7.119207339889163100e-01 7.407494233791706018e-01 7.532096030968843392e-01
5.819116583868729764e-01 5.776732842617718910e-01 5.519083960481715456e-01
4.804948095901901417e-01 4.495416838321339981e-01 4.500118064633203407e-01
6.944477332551255433e-01 7.596449069972091017e-01 7.233012830901006662e-01
5.364439573584819376e-01 4.375214947585925884e-01 4.890581891637598155e-01
8.884207614541285158e-01 8.020517491799012966e-01 7.444774302447334513e-01
5.995039696531311302e-01 6.459555206962873664e-01 6.756516582335613252e-01
4.560116382800843970e-01 4.621991092021993652e-01 4.325018112970537287e-01
6.564483863827692556e-01 6.886821848178390493e-01 6.336636206669622462e-01
6.383049253770647358e-01 7.017863356008219311e-01 7.069463465358382104e-01
7.618850558376624171e-01 7.052685970833251217e-01 6.698618339052438975e-01
6.902755690716316783e-01 6.897999867926758455e-01 6.661456613239751245e-01
6.709125213984803437e-01 6.487868541012579149e-01 6.050264530518745243e-01
6.893643461290778207e-01 6.630743581358425898e-01 7.044753415158128140e-01
4.718553338689439047e-01 4.765057424895859928e-01 4.859331023787684112e-01
6.090885038705921017e-01 5.289235290492034780e-01 5.813730151421547809e-01
7.195881514893250896e-01 7.033896309266622904e-01 7.475395039078444048e-01
6.955979185834045841e-01 6.352807585752445751e-01 6.052610787840915219e-01
3.233621090870009707e-01 3.437543450560440195e-01 3.791488945128017596e-01
4.740514218304655025e-01 4.865206633416532256e-01 4.919212267505447267e-01
5.793039482397986939e-01 5.665709758258286044e-01 5.293205946608606771e-01
7.381071794523678120e-01 7.764739048883031458e-01 7.605758507529011281e-01
6.051039478360042967e-01 6.339746774388276274e-01 6.517436522620753125e-01
5.865018858981571048e-01 6.227064879755176419e-01 5.903509619299980304e-01
4.394647722931824263e-01 4.848231341792362814e-01 4.698653780457485718e-01
6.699740994318930110e-01 5.905702478795664678e-01 6.244643882888002429e-01
5.294830609821546963e-01 5.195340988167171936e-01 4.705423423189069587e-01
3.959245967184519821e-01 3.731376613394626340e-01 3.966323166680775780e-01
6.649545310716791224e-01 6.462912751855403037e-01 5.887843123680160939e-01
7.881152878573475240e-01 7.283022559933521878e-01 7.647909182024258401e-01
8.703500787448608111e-01 8.150578784130371179e-01 8.588573169685921327e-01
4.696079745809138561e-01 3.441436607851419138e-01 4.215783007563048690e-01
7.155748358396354369e-01 6.561054187297524765e-01 6.465905837458962857e-01
4.140577302933076131e-01 3.986217504569942727e-01 4.038389565586825158e-01
6.710448456747872825e-01 6.832165911430861938e-01 6.446395826812725272e-01
6.244163650331137072e-01 5.813768924174731456e-01 6.064429586094657321e-01
6.868270240628153722e-01 7.037011144559347509e-01 7.411848061848294034e-01
6.056223050260940433e-01 5.992642977592098630e-01 5.861190580240049908e-01
5.690561152120408028e-01 5.795753250141745250e-01 5.358327458793172848e-01
5.161805842103620590e-01 5.059935716020149687e-01 5.295122437869359544e-01
5.413014375410912793e-01 5.398364161792901239e-01 5.651462561517873739e-01
7.164207734237759695e-01 7.159985468247611617e-01 6.613605108171571878e-01
5.515176625273394695e-01 6.060711049744506029e-01 5.422861800357072770e-01
6.101521442372799253e-01 6.027992845762455421e-01 6.603617156791781184e-01
5.115864819927066209e-01 5.632072630280940961e-01 5.138791866704758293e-01
6.308262826459760664e-01 6.072802918407196326e-01 6.042228833244990271e-01
6.196380048948837427e-01 6.763335520548665603e-01 6.562510313620595337e-01
4.849796720408164341e-01 5.986938707100076806e-01 4.986981191830811011e-01
6.204820813711460215e-01 6.473074372975885504e-01 6.576536218966284597e-01
7.286274573872377758e-01 8.015240167092212431e-01 8.120136989628750079e-01
4.549619961170520699e-01 4.896656769712761648e-01 5.065748975430972578e-01
5.313110236654530194e-01 5.828786399155472253e-01 6.009057749287567418e-01
3.059818821230906871e-01 3.674806813693888841e-01 3.576085602427220844e-01
6.135308903505266587e-01 5.185969237420406941e-01 5.691148272440780254e-01
7.714567284010848125e-01 6.749945865957026614e-01 6.818795935647170570e-01
6.539006043768404997e-01 6.294216818342627251e-01 6.498179596237411149e-01
5.958896284290619016e-01 6.442781621811010107e-01 5.537922844221724317e-01
5.120606619623561118e-01 5.278772879946628249e-01 4.863853295608947525e-01
4.879839248600341683e-01 5.010519391532285427e-01 6.090742862548418346e-01
5.471099370564305175e-01 5.285699257516497385e-01 5.389225153814047875e-01
3.987123426457120923e-01 4.657073815051950283e-01 4.271956780252457730e-01
6.119932043049569614e-01 6.392864470692154466e-01 6.199995310437065310e-01
5.694310339454042857e-01 6.318535994792215948e-01 5.922623147185049897e-01
5.726067224279298706e-01 5.855439771115812375e-01 5.491917972336013420e-01
5.189425954397048901e-01 5.224688697553812045e-01 4.676972522035367508e-01
2.692947333506538476e-01 3.007915606403736564e-01 2.839563330930873764e-01
6.132157748199967839e-01 4.990745911550544811e-01 5.736317728258636395e-01
5.239366642463817447e-01 5.580705397092943221e-01 4.476962228457885828e-01
6.466414742071129318e-01 5.559653234886974271e-01 5.574158962047989219e-01
9.511592641219438482e-01 9.657790986560251811e-01 9.616412260532022360e-01
4.997897833092183051e-01 5.158327276138681139e-01 4.825460553978079270e-01
6.648816195967216514e-01 6.198156034799094938e-01 6.278089786252157856e-01
6.954663164309834444e-01 7.076461406133065513e-01 6.659812059555784147e-01
5.530192587988658204e-01 5.784922702420501883e-01 5.380645365615538411e-01
6.451203597609990181e-01 7.030212791238846792e-01 7.214300028543398913e-01
6.177216165813211868e-01 6.536179153831500610e-01 6.696532891799520382e-01
6.475922490052027358e-01 6.031696041511712680e-01 6.404796376239373368e-01
5.550827058462585173e-01 5.120202743394676181e-01 5.571375405892596833e-01
4.980602492773686385e-01 5.630549464153304928e-01 5.062624544199867405e-01
4.732410478870459625e-01 4.505405868885991594e-01 4.474459466530706364e-01
5.566392868634537638e-01 5.428555546960223133e-01 5.041651767708801302e-01
6.721623112000296718e-01 7.076694659281241861e-01 6.759078536803772019e-01
4.416552648025423022e-01 5.453545158459324194e-01 4.691872456551260395e-01
6.698383128903191430e-01 6.896496361375138440e-01 7.060206256238160671e-01
5.779630687854007132e-01 5.199956785109716151e-01 5.546542029310245203e-01
5.511527828779165805e-01 5.440724756766898151e-01 4.520308139607994713e-01
5.417910329763077071e-01 5.757283802824421093e-01 5.915767337474223675e-01
3.911717521808398823e-01 4.109556691248900662e-01 4.306119259551643985e-01
4.752221493580228162e-01 4.862022225730582292e-01 4.585879148261409743e-01
6.589087337260656208e-01 7.132855381408526041e-01 6.573222293458886867e-01
5.678927587141404665e-01 5.641144934594017890e-01 5.701998186788993506e-01
5.323255817219606501e-01 5.130501697182594523e-01 5.017821307914863693e-01
5.952061222574003274e-01 5.870851677158150927e-01 5.404811750600463371e-01
4.296935636875299225e-01 4.908333604066681399e-01 4.957128477846649561e-01
5.043348683469518479e-01 5.502433759504212762e-01 5.347678438843452842e-01
5.300463016769940694e-01 5.417260550485921700e-01 5.579918357124746819e-01
6.137262796408143872e-01 5.714252617241638577e-01 5.822856524061481576e-01
6.772252408536520996e-01 6.912950811461191503e-01 6.477698972615308914e-01
5.625870354155902975e-01 6.052596838435589932e-01 5.597972412571258216e-01
9.168744299780264839e-01 9.059192951228389745e-01 8.844007704168662665e-01
3.685735720402930071e-01 4.465297047954654985e-01 3.836241793917311571e-01
4.309005227804020843e-01 4.098462599426329622e-01 3.915564124492511011e-01
6.269054128560127559e-01 6.430764417021080925e-01 6.007237948359700486e-01
6.283543414177998887e-01 5.829780733384610780e-01 5.897757570244016589e-01
6.644377095526605714e-01 5.791245292865119243e-01 6.603176040008569281e-01
5.521790315276875472e-01 5.709698032119689959e-01 5.267361561871789499e-01
7.252505598759714234e-01 7.263621718061638033e-01 7.502312717304792100e-01
6.037886544141565226e-01 6.565211484667049513e-01 6.100517912760942130e-01
8.202825099287955890e-01 8.237570388399738652e-01 7.394161140931188037e-01
6.945695616314072618e-01 7.276978328467652579e-01 6.671554185037197326e-01
5.705345301409338044e-01 5.526936924405909668e-01 5.978656515559171991e-01
4.158535760829549788e-01 4.225125095307427636e-01 4.036788611773343138e-01
8.180459636974843907e-01 7.886103846694878516e-01 8.296767335890048445e-01
6.113700062368793153e-01 7.172132300283412532e-01 6.916188115895905986e-01
8.161484304203843188e-01 8.041697756655221685e-01 7.690589112576839970e-01
6.225072269423536087e-01 6.330614745284021128e-01 6.673700008257373861e-01
6.846722729884301417e-01 6.152448013080256128e-01 5.658215695218054009e-01
7.934374567064691464e-01 7.616000461436587265e-01 7.444793507378618669e-01
5.133412512237766068e-01 4.489414231958145929e-01 4.015429438538402618e-01
6.764340330343902030e-01 6.736670107801210339e-01 6.732785684387376790e-01
4.170734030672678117e-01 4.105196252128645584e-01 4.297012509377906575e-01
7.034123754165679809e-01 7.505539286543565503e-01 6.708736923329713386e-01
5.150848627830751925e-01 5.944695383794419419e-01 5.294142288199999991e-01
7.232297736608358507e-01 7.146238047001540750e-01 6.283938331880241090e-01
6.770505843250507194e-01 6.897681616575067620e-01 6.514879841050369436e-01
4.835415518533100476e-01 5.024421264228228212e-01 4.822467679371994498e-01
6.428207909644098050e-01 5.826682808542567038e-01 6.271935214842458972e-01
5.220922221638238936e-01 5.449093895743647442e-01 5.932702863162788720e-01
4.768339914178945649e-01 4.523410573236747445e-01 5.558618405267703455e-01
6.568757519900159103e-01 7.282737124547303820e-01 6.537154687529677100e-01
4.256065725404452604e-01 3.848690680274549081e-01 3.976046258211858309e-01
7.139553382866358211e-01 7.013853980901412211e-01 6.263951837834546010e-01
5.796955434008408403e-01 5.519871620665434131e-01 5.104728135517180299e-01
7.983037343416442555e-01 7.946687112854070589e-01 7.659537589119460588e-01
5.356973762080452506e-01 5.485683744679163976e-01 5.331116088540246434e-01
5.080407621651588101e-01 6.224937016205458473e-01 5.689454559663503774e-01
5.275471054798350767e-01 5.545117667716727983e-01 5.420909762974835955e-01
5.286347284458557949e-01 4.556803765538501860e-01 4.614596887207266240e-01
5.717504318502475424e-01 5.856959348057273473e-01 5.945725365071229396e-01
5.672438524971068485e-01 6.146184227456767957e-01 6.173237994367983816e-01
7.592731259168750135e-01 7.698543370685979603e-01 7.209923854438183843e-01
5.199827100199289065e-01 5.937573649467052794e-01 5.072207636630049477e-01
7.038072049841659350e-01 6.639526829355058002e-01 6.976668661982429187e-01
4.219742545591010918e-01 4.419104547876453459e-01 4.706550855082602403e-01
7.901182691015105064e-01 7.895054763304527601e-01 7.998133401749835114e-01
4.784940536202796912e-01 5.407880151109678568e-01 5.074961110392506303e-01
4.668370625267339591e-01 4.793348867415645476e-01 5.395553943185286139e-01
5.463295652199741115e-01 5.031130535354754185e-01 4.987825081008944172e-01
6.015455038028144630e-01 5.450025099238274828e-01 5.077387427033693834e-01
6.487529462093716282e-01 6.540964451061360707e-01 6.953331376161071553e-01
5.441528474971842888e-01 6.485490186498444887e-01 6.222882037367165609e-01
7.804864114933389718e-01 7.959363906268921429e-01 7.535112246609784181e-01
5.659537163858089359e-01 5.807467454876964474e-01 5.759336308392255521e-01
7.024238799205180239e-01 8.181136422636716699e-01 7.029967433297156232e-01
3.322484870029057680e-01 3.466767755030542020e-01 3.625070435089606802e-01
7.572108017219211229e-01 7.151614885285656475e-01 6.673283800731454329e-01
8.000179883769955591e-01 8.352938466720213340e-01 8.329344318397213787e-01
5.569004790808952388e-01 5.483629568539722943e-01 5.488366518033743757e-01
4.819859018928226435e-01 5.363790577941617288e-01 5.063247758676499011e-01
4.795777757352366888e-01 4.696414006390526308e-01 4.732873763319551119e-01
8.268381928543566683e-01 8.510538412811806674e-01 8.230810290121506334e-01
6.634741951859284281e-01 5.832635249537291289e-01 6.741923836391041647e-01
4.831330843506162487e-01 4.342079797341908964e-01 4.866214975604228332e-01
4.785029437235567840e-01 5.422904296818973346e-01 5.363582672798800077e-01
6.015833922993477634e-01 5.427081650653732270e-01 5.367568236651069080e-01
6.153101278460199053e-01 5.735095174514944771e-01 4.896743865669759277e-01
6.863637878311653617e-01 6.301220242856410136e-01 5.576099390098122610e-01
4.835645708374814444e-01 3.959591877148023187e-01 4.727117131111154280e-01
3.724481574975237463e-01 4.535757630888180292e-01 3.676800011679620117e-01
7.090506831699000534e-01 6.999579995845686131e-01 7.140423156738354704e-01
5.937024053396483536e-01 5.122738557785778690e-01 5.191440381691789785e-01
4.681642385856030764e-01 5.199226173313979960e-01 4.589928341155508074e-01
7.297621623201120400e-01 7.769878849640690088e-01 7.642288270222480362e-01
5.922611235503304483e-01 5.116436220070452734e-01 4.974775940302680888e-01
5.402000362339468564e-01 6.033331753213545534e-01 6.177452063157437001e-01
5.296859869599976900e-01 5.424394631959754687e-01 5.368533168874349837e-01
4.668511160947445005e-01 4.680298613413164666e-01 4.501126123546517199e-01
7.323111798982590015e-01 6.821638446484312723e-01 7.236244582913681223e-01
4.192988941025474481e-01 4.833170562442761220e-01 4.289554449646150180e-01
6.358810183828239593e-01 5.315105220358961047e-01 5.616169383060862774e-01
4.281872070191622415e-01 4.647779420678790907e-01 4.438255666566632285e-01
6.977678434424903209e-01 7.064482815077903766e-01 6.628215911008924488e-01
4.827653218195691598e-01 5.822269912384439028e-01 6.367708597962037365e-01
5.784764309250686187e-01 6.213176648400178248e-01 6.586720726494501577e-01
6.582509069894596498e-01 6.419137549659833519e-01 6.552328009968404476e-01
6.810803990819328524e-01 7.260105013455105949e-01 7.571164434475887717e-01
3.840728303479885586e-01 3.863997779536644250e-01 4.027750031690510713e-01
7.648965113319150522e-01 7.727930891135035285e-01 7.509684528074944687e-01
5.338430889510584754e-01 5.230103207418671518e-01 4.900977754435312250e-01
4.210257786531412250e-01 4.113560929184138515e-01 4.665289688071533880e-01
5.504672100683215552e-01 5.337224127086022119e-01 5.008821234498872510e-01
7.615145118304309513e-01 7.454375042248574390e-01 7.229278565629108089e-01
5.664011974211542455e-01 6.220223174699829327e-01 5.296898197762660576e-01
5.928978671141164059e-01 5.440681913470507558e-01 5.430148339987839190e-01
6.824566379585036424e-01 6.179383590120249847e-01 6.982179639163224039e-01
5.469833455001670286e-01 5.196048188002154733e-01 5.779867004529096741e-01
6.281196541921338916e-01 6.500892432804099563e-01 6.832251358283545351e-01
4.583898104537333373e-01 4.466709813907966953e-01 4.639200027333370557e-01
5.843522718533097349e-01 5.188311558942673152e-01 5.382416744156636179e-01
4.466875904103237982e-01 4.876679644963463622e-01 4.228632558488620297e-01
7.203097776139235631e-01 6.950596369756653070e-01 6.828678305658215653e-01
5.656671648734687974e-01 5.968940775995770220e-01 5.760086258519562241e-01
6.527027456929686000e-01 7.096485628221035347e-01 6.422976258909494085e-01
4.247271035368607728e-01 4.188744103415872888e-01 4.648174234453181786e-01
6.483072663527567059e-01 6.522312611195261178e-01 6.034365438926201364e-01
8.331808886220821719e-01 7.691290394366007144e-01 7.244035501692198675e-01
5.465415831139602831e-01 5.133055659865660703e-01 5.525057158115200817e-01
6.716487482424950972e-01 6.158705869091845031e-01 6.398663098321779596e-01
6.368413254392909506e-01 6.731049939238710200e-01 7.354718446551947730e-01
5.934028499624054431e-01 6.440198726062767998e-01 5.613716020116877869e-01
5.046483618821130390e-01 4.871553823702852171e-01 5.246811792558211396e-01
5.789354827253491154e-01 5.864958342919402989e-01 5.639814794239312867e-01
4.470730503387748134e-01 5.282081976530079714e-01 4.348996055668651328e-01
6.260223928023466167e-01 6.040950869903054521e-01 6.580468743126848263e-01
6.879355220035884289e-01 6.458804404333792215e-01 7.025264189336996035e-01
4.469664874141979216e-01 4.652870152445441332e-01 4.625729096397151463e-01
5.213689499946677630e-01 5.049387990434526241e-01 5.328264547560120912e-01
2.848694523566168146e-01 3.172333357908769802e-01 2.515319779290313140e-01
7.121543006928060526e-01 6.401993289413727695e-01 7.334530689402722903e-01
6.182363784348047231e-01 6.197955174068480177e-01 5.923548914719564129e-01
7.328609625861038923e-01 7.262899526320290011e-01 6.636522162605298369e-01
6.797767861798100775e-01 6.268274482790567870e-01 6.081740525566865507e-01
6.957160277596079467e-01 6.848394776801622896e-01 6.941919901446862440e-01
5.755690644806363832e-01 5.786172918765120077e-01 5.590414095987547016e-01
5.500529700014472612e-01 6.176242203774677808e-01 6.402118898365715127e-01
5.066555962853069861e-01 4.901947408546565854e-01 5.251227878090973800e-01
3.393393825089407456e-01 3.523594914531423261e-01 3.607823019093229222e-01
7.263945412282435399e-01 5.684900188458476000e-01 6.706439055268934579e-01
5.648637196744635824e-01 6.710301228746953228e-01 5.773837511718887816e-01
6.597762047688801035e-01 6.928217996055472394e-01 6.640133075218130898e-01
4.172571208732843151e-01 4.374544770956297901e-01 4.580899243162242507e-01
4.765842165680471698e-01 5.022011798753612810e-01 4.570256685575751487e-01
6.083540240368100482e-01 6.152461128923605305e-01 6.284732430521158264e-01
6.295269380447400254e-01 6.463467023924744925e-01 5.117690571514045272e-01
8.538261966997880981e-01 8.239901775400567674e-01 7.854112883283654867e-01
5.399337237946018053e-01 5.403540833220686901e-01 5.334760924307913044e-01
7.131440376198017184e-01 7.132863819327737165e-01 8.034811779724684300e-01
7.952401579746406490e-01 7.936161828233154747e-01 8.634876091216692195e-01
7.798428288368234318e-01 6.765950002903216021e-01 7.800202928947215231e-01
3.673289547083459228e-01 3.931351647447699493e-01 3.915590978393246879e-01
4.465699776698535128e-01 5.304388056292578257e-01 4.959406215939196616e-01
4.383962714103943892e-01 4.633860552819785150e-01 4.498917829697029469e-01
5.758613985785107081e-01 5.903264699656582959e-01 5.377252616209025060e-01
6.587097304836646572e-01 7.033543610437952287e-01 7.266546833901817992e-01
3.903066686050695178e-01 4.400771961909561991e-01 4.510239603029046473e-01
8.681591819164612422e-01 8.478508211433881669e-01 8.962760103854348070e-01
5.298790899652843223e-01 5.607539652523483298e-01 5.754091739766384883e-01
7.698606765137196994e-01 7.619120249191697614e-01 7.362699184069275704e-01
4.164140979008242316e-01 4.706552179616479425e-01 4.721239907621172516e-01
5.423673446134702480e-01 4.842399515227937545e-01 5.382623916602045089e-01
4.380739789017720764e-01 4.247183624687225767e-01 4.285572350407527709e-01
6.598881851654661013e-01 6.491374590131757660e-01 5.980847419300617807e-01
4.971020857008716654e-01 4.778649728980090550e-01 5.427725416352716659e-01
7.084216141446988413e-01 6.213310610466332706e-01 7.080827888810203863e-01
4.671455870166644764e-01 4.794453186399080802e-01 4.720727091136829867e-01
6.288281590798165954e-01 6.080207557411675401e-01 6.069887594471665704e-01
7.063957865199402830e-01 7.133540071629755897e-01 7.136359746669674875e-01
8.018580170975384558e-01 8.087698539014145371e-01 8.358551080480486339e-01
4.688655594666152893e-01 4.839458051559953899e-01 5.503544840177728714e-01
6.509635217534297524e-01 5.743343416255392020e-01 5.551691266192532170e-01
8.691654474897646532e-01 8.030836082858566760e-01 8.810067521961959525e-01
4.645909918219767176e-01 4.568834558362089293e-01 5.031761582905944774e-01
6.657931897809626909e-01 6.300979071634055240e-01 7.499775570834872340e-01
4.730652862446397822e-01 5.227803498379878233e-01 5.505416801882163647e-01
7.710175692940648418e-01 7.024495626376995316e-01 7.573898039880190280e-01
6.246135773933809698e-01 5.269962961297347537e-01 6.158341339532565906e-01
5.316185021194630433e-01 4.953001501798282025e-01 4.922551847438222938e-01
5.680995276516284109e-01 5.534122965595271726e-01 4.459828726263612153e-01
7.209404030358319559e-01 6.187407706054171008e-01 5.824655940250316188e-01
8.815183044902614728e-01 8.712436926792382907e-01 8.832731599997685201e-01
5.793163502040674651e-01 5.371055460411869875e-01 5.618000559889189116e-01
6.116523368789787973e-01 6.198432285865843605e-01 5.781157897870652373e-01
5.567441214436186225e-01 5.530844858762127281e-01 5.636640566265790353e-01
5.691033394109886734e-01 5.867936508148238195e-01 6.187497870676786915e-01
5.335257527949400780e-01 5.510888184934911171e-01 4.759299635950987040e-01
7.574433069915759154e-01 6.875554358459097237e-01 6.711005269911866078e-01
4.392233534066068423e-01 4.925538936336991136e-01 4.878227908811133551e-01
4.522943009476530496e-01 4.600892655475847803e-01 5.308190161754701153e-01
7.148614203340917239e-01 7.179480537031992515e-01 6.757794490722285330e-01
7.303232163313001513e-01 7.522300274688733523e-01 7.459476081338412001e-01
6.335466511508488496e-01 6.304196731376938700e-01 6.525625461624346979e-01
8.526598665817272105e-01 8.192881273978097623e-01 8.485077149788227135e-01
5.035001840976779386e-01 5.486932436637544930e-01 5.561873320681284261e-01
5.145542913012591812e-01 5.981078650913310701e-01 5.884719999300637161e-01
4.608864643499877012e-01 3.632511382320082749e-01 4.695131153299867965e-01
6.229232093558216832e-01 6.943665969885977063e-01 6.632605120537035104e-01
5.286003715114722112e-01 4.987787790048665570e-01 4.684739205539959483e-01
7.228900289775040955e-01 7.040580154959682480e-01 6.815844669237554054e-01
6.448568955478214404e-01 6.771682811224092324e-01 6.109037642299391946e-01
4.774191728712214311e-01 5.406405306367844110e-01 4.645707575607919138e-01
4.662355083885076357e-01 4.391474580495348667e-01 4.330480393860154376e-01
6.235953003170372488e-01 6.295339772555380575e-01 5.589360804368219693e-01
4.319022211722278182e-01 4.182847710494635995e-01 4.481396893828099581e-01
5.551941020459704168e-01 5.893925751430452165e-01 5.961628755491357179e-01
4.992704306111527268e-01 5.021104457310907598e-01 5.166852914363864180e-01
5.362939642405600837e-01 5.652380721534440156e-01 5.142656478532943165e-01
4.752616104008115516e-01 5.470412652522543828e-01 4.960618176794383549e-01
7.787077856631382522e-01 7.702263869497321114e-01 7.278765692709056045e-01
4.092513026318475577e-01 5.047608725012340258e-01 4.141846035482990573e-01
9.510858842004216163e-01 8.475669488293920972e-01 8.612385415013084078e-01
6.582967142253945969e-01 5.750042756975675129e-01 6.064631279769112648e-01
4.855545926471083740e-01 4.493143826177695144e-01 4.335195446736724856e-01
5.253225640059075996e-01 5.068748059752918866e-01 4.474483340969447887e-01
7.350939966192586716e-01 7.610981392185260930e-01 7.533616814837420517e-01
6.262541030650512486e-01 6.501614791310971198e-01 6.833645116389495122e-01
5.836055506897582790e-01 5.500477323890855530e-01 5.704243156912687240e-01
4.905979063678697072e-01 4.346811646752519742e-01 4.588743250392337547e-01
5.447505679065819395e-01 4.818943987995846223e-01 5.193734987346920740e-01
5.162805010070573575e-01 4.613185380439958627e-01 5.575919386681084111e-01
6.814615703208839470e-01 6.591719747168148791e-01 7.416773068396910196e-01
5.609720410242363675e-01 6.075029750127628470e-01 6.306585556580409646e-01
6.241171227631935325e-01 6.908425326910567765e-01 6.405794999886444963e-01
5.336157907688987567e-01 5.725149703151841685e-01 5.909566929362920495e-01
6.206905818568547728e-01 5.657753913520122691e-01 6.376302696941011927e-01
7.076300459243441976e-01 7.117493038797921834e-01 6.975020156227069723e-01
5.726924527132171150e-01 6.803859456675614981e-01 6.015141541055617491e-01
4.445791259458915512e-01 4.935780233655734928e-01 4.826721089508671514e-01
6.886794786656149636e-01 6.410449842895253880e-01 5.739967034037223303e-01
5.806375510280418206e-01 5.916615411298512539e-01 5.642281206143597849e-01
5.061801219405680508e-01 5.076025775534775963e-01 4.740808896030520025e-01
7.490821072027290528e-01 7.691770086539426732e-01 7.492034051847814569e-01
4.557905382958080676e-01 4.680029037306858153e-01 4.655695729743864475e-01
5.262280965836438895e-01 5.901978168029011762e-01 5.033132494543494095e-01
6.159792834921833382e-01 5.727235537393349230e-01 6.150099716018818663e-01
7.496255292195758146e-01 7.970280461808308958e-01 7.344914530003251452e-01
6.663587541728110963e-01 6.887105401353037504e-01 7.077323775809348794e-01
6.442728302331189871e-01 6.346849423095272114e-01 6.928631114518207790e-01
6.214217965593590298e-01 6.319418206628774071e-01 6.451260736597185241e-01
5.622051276664362662e-01 5.010218571369084994e-01 5.468214432625430055e-01
6.953852531422041183e-01 6.260279542092266336e-01 6.707958581394867226e-01
6.247703074266328649e-01 6.362292938066496095e-01 6.766562989342755907e-01
5.903315932907259311e-01 6.202897388466563910e-01 6.423329392232481894e-01
6.445064188030130703e-01 7.334792757106849415e-01 6.631964561350539578e-01
5.689179859340340872e-01 5.067477552970071075e-01 5.541335539231272422e-01
6.598004679811152462e-01 6.521945484577656993e-01 7.361613237120221420e-01
4.904442832686984333e-01 4.680208163205212823e-01 4.977214588097553238e-01
6.627438167479097197e-01 6.653692042831558240e-01 6.832193314070916790e-01
6.344176413984954355e-01 6.074135874157972070e-01 5.471689361812352992e-01
7.139502004275984914e-01 6.968250960259523286e-01 7.339266234842400927e-01
6.211817777554574649e-01 6.167748970794879604e-01 5.638599111226023641e-01
6.097416331644782694e-01 6.648004723734125543e-01 6.114751666379206752e-01
6.053789935071073325e-01 6.428914145270910874e-01 6.515154731773511454e-01
5.847265463135484787e-01 5.634363464087985829e-01 5.885349104561973244e-01
5.053009107053209048e-01 5.005284816795535496e-01 5.008896254479525689e-01
7.279225469273561400e-01 6.901901295340165943e-01 7.310187208064501396e-01
5.415880287913179547e-01 5.947508881136152059e-01 6.011356803790526282e-01
6.113545177759489579e-01 6.561595514505328408e-01 5.967140715831651399e-01
5.445208033197103115e-01 5.120511556659017582e-01 5.595496798621925061e-01
6.215994955572421432e-01 6.812774882222027983e-01 6.689897216750918529e-01
6.535617862599306660e-01 5.867091996334380388e-01 6.654031347542631591e-01
5.974267559084858181e-01 5.694365139830825928e-01 6.106768413526592054e-01
5.961043092417299682e-01 6.195949468959454087e-01 5.554479244407866112e-01
6.062404788718694926e-01 5.547129292597261507e-01 5.840052512317606137e-01
4.050129166509208178e-01 4.334369261998715639e-01 4.329636489259374166e-01
5.778569529507628921e-01 4.845455491642481349e-01 5.644992909145646331e-01
4.571240929558874622e-01 4.101720839391822526e-01 4.737758428222020313e-01
5.060397520778578961e-01 5.586042378601233649e-01 6.033308062338105238e-01
5.159405753721614252e-01 5.240075561610825217e-01 5.675160526734412958e-01
5.867327134513137255e-01 5.908555188996094110e-01 5.734393896347348418e-01
6.647843940119373407e-01 6.088505433368487374e-01 5.742893185148637558e-01
4.475772094629734132e-01 4.876770728004414246e-01 5.080829235970572011e-01
7.647794876612024062e-01 7.259477932036014769e-01 7.147968627992554724e-01
5.854418929780333958e-01 6.327370596352712706e-01 5.977863495072051059e-01
6.763741692731566335e-01 7.017610023156852783e-01 7.097756590609097804e-01
5.173226889381795646e-01 5.853915391702211313e-01 5.644098827895233095e-01
6.702756001461439572e-01 7.533877759374499883e-01 6.825943748783659393e-01
5.821789136361660288e-01 5.544957877480638508e-01 6.124282417874049589e-01
5.132830585649451605e-01 4.876843957434663923e-01 4.789939207825592571e-01
7.320192578454101096e-01 7.588309771320598252e-01 7.331670794685646309e-01
7.158054275188151516e-01 6.799845872609201480e-01 6.175742548302166623e-01
7.081106572291239187e-01 7.364413738630262163e-01 7.022281783852942771e-01
6.260909080383241232e-01 5.761510301566408199e-01 5.756433059124287377e-01
4.681035430425837807e-01 5.041858437260465786e-01 5.086757429318203849e-01
5.313764838726005024e-01 5.581566906277943829e-01 5.215549326260514595e-01
6.309211266051070188e-01 5.837404875296781093e-01 6.163420510258438290e-01
7.106691248770965474e-01 8.251300946291600935e-01 7.719650896562413322e-01
4.380520678392796907e-01 4.549963385375114244e-01 4.901482345783860772e-01
7.972845954483469555e-01 8.133662717036633794e-01 8.390922364799752176e-01
5.464440428202035349e-01 5.857567776272480931e-01 5.565531915393991946e-01
4.788489579037761845e-01 4.069326502116052402e-01 4.769369697545067788e-01
7.517091477679503919e-01 6.873134480292723003e-01 7.021835186697245046e-01
6.006451705912689842e-01 5.396727050082147370e-01 5.064863497632130507e-01
7.123396814382159103e-01 6.820606166458780262e-01 6.110595123552586827e-01
3.112781528318866453e-01 3.363659972166462842e-01 2.542453054261168410e-01
7.168320087740733815e-01 7.679644585736230544e-01 7.205638574982126121e-01
6.640168695506369900e-01 6.672449140195241268e-01 5.834447680219891907e-01
4.958892945932846796e-01 5.280428973828423800e-01 5.686873865189603361e-01
4.826757952905353366e-01 4.833135383496517945e-01 4.346494643004774061e-01
5.406039415589621866e-01 5.923420661287742695e-01 5.662711735855356920e-01
5.869511563243765551e-01 5.455739511074131354e-01 5.064464179573400227e-01
3.131538944719650663e-01 2.394491802641891265e-01 3.371112529229116639e-01
4.592961329278444360e-01 3.947353354907994216e-01 4.876341972534016245e-01
4.425707077953527357e-01 4.626742854843465258e-01 4.927304003518386266e-01
7.186567667373524593e-01 7.043832703138986906e-01 7.217769897385269973e-01
3.824409692794156768e-01 2.699482122483249924e-01 3.496306033892094267e-01
7.966203511510797641e-01 8.856825333309856774e-01 8.183457816554623454e-01
6.007493893742609226e-01 6.217452096469898715e-01 5.781824103362205314e-01
6.617502610572745247e-01 6.172030283276219720e-01 6.494379966757185541e-01
6.939476734520106938e-01 7.514433010350461961e-01 6.356570391278886234e-01
4.989578376258444470e-01 4.928197285080945789e-01 4.111080321301276430e-01
6.728889320924867912e-01 6.285039089292649983e-01 6.912899103705137938e-01
7.936030536204996544e-01 8.054475391003649287e-01 8.633214721234939715e-01
6.374023033275547645e-01 6.111104432790183116e-01 5.906340806156831214e-01
6.468872965074237147e-01 6.692084140504198642e-01 6.815809904701749522e-01
5.916341249970957783e-01 5.685004767385084534e-01 6.135932034240433319e-01
5.373594170021994687e-01 4.948101990779674164e-01 5.171297221953834455e-01
6.257973082181811364e-01 5.731347363409183826e-01 5.617645189053487309e-01
3.542101049539980173e-01 3.912315474046666464e-01 3.723125973474895045e-01
7.460862014243919704e-01 7.607244716468611889e-01 8.208559416213596638e-01
8.426463340859633444e-01 8.437936647336899965e-01 8.407248255514835344e-01
4.215357742797556928e-01 5.095329205571983433e-01 4.533054340874166366e-01
6.019966049937611752e-01 6.194035984133289263e-01 6.966331101890180788e-01
6.101288368446899923e-01 5.508008716113411696e-01 6.189964941044381330e-01
7.519464454185422753e-01 6.960789080852793909e-01 7.468510277808103615e-01
5.362104714993549681e-01 5.087945960444412163e-01 5.417305910775034317e-01
5.582267229018662569e-01 5.593329698897999691e-01 5.897531100694639594e-01
6.267439567096000363e-01 6.673463320139210175e-01 6.802310486821671054e-01
6.308518988256806015e-01 6.369754042540772820e-01 5.908418150440810646e-01
6.384804411342769326e-01 6.446309196187101076e-01 6.240105786531454646e-01
6.562434267376305863e-01 5.795439123136736370e-01 6.533351191945684366e-01
5.562223276725912768e-01 5.673452389548266916e-01 5.814086772627273803e-01
6.354813436757691392e-01 6.076158943065438356e-01 5.953175434194091231e-01
7.925202644028067622e-01 7.763747834091554445e-01 7.028210244808386076e-01
6.407905033992989940e-01 7.429382498974939075e-01 7.006048119278349695e-01
6.352112362178647942e-01 5.834112201690733190e-01 6.497827386771570790e-01
5.672303464966728104e-01 5.203459082694731341e-01 5.403422464420287730e-01
6.360081075121348793e-01 5.791672881349054780e-01 7.014893778746336128e-01
7.396544579186290491e-01 6.865150189090186705e-01 6.537152980103533295e-01
4.165583871433636842e-01 3.607897544699572578e-01 3.681738556502870963e-01
7.783373165856993792e-01 8.462241209324452562e-01 8.424978112479102332e-01
4.105261661990192712e-01 3.841239947566639223e-01 5.052571263140739344e-01
5.260495973003860293e-01 4.755858334997540293e-01 5.370350880752344791e-01
7.648855995512485739e-01 7.776202019899679518e-01 6.833052899923323098e-01
6.573101015831591676e-01 5.809295991293457195e-01 5.853929096292300738e-01
5.478410230740891063e-01 5.814591831920880027e-01 6.008904015308746960e-01
5.752371842755863440e-01 6.186668345470718311e-01 6.587339703719549133e-01
6.945417730617846619e-01 6.198809790932168218e-01 6.719862512555434542e-01
5.466666535602263677e-01 5.033581593102625096e-01 5.609175833686055324e-01
3.904434905659832089e-01 4.340136739343183336e-01 3.956517664688060099e-01
4.357861402910982451e-01 4.144153039557789131e-01 3.869686299249007755e-01
6.210493506455537771e-01 5.516098267575110237e-01 5.606702085679611258e-01
7.605182830640064839e-01 7.236761838434168093e-01 7.442587555618463968e-01
5.389121465040380698e-01 5.303915575512548886e-01 5.621641800687848800e-01
5.550777361636056728e-01 5.452635822003550903e-01 5.376237551145229832e-01
5.134351713907503445e-01 5.196504626475458855e-01 5.874156436427706574e-01
8.371440891334954726e-01 7.796253049385462042e-01 8.096383805178418713e-01
5.297005311579003894e-01 5.773131426466405758e-01 5.693699556194969924e-01
3.999923447763616968e-01 3.768186972733404416e-01 3.886659066665327233e-01
5.386950807968076127e-01 5.556266898541039057e-01 5.047905912017893737e-01
5.621635722080106090e-01 5.442387045866924344e-01 6.175837216441990574e-01
5.324788552577827128e-01 5.476077791119391414e-01 5.957631398862943684e-01
7.252842805819486038e-01 6.753710111497361890e-01 6.738369918888388321e-01
9.923355948401729743e-01 9.068734135072028524e-01 9.401205319942748106e-01
5.350589185780406654e-01 5.662899565526193779e-01 5.203306123418515172e-01
4.295013126241087886e-01 4.914007257935641970e-01 4.682938974174902791e-01
6.941821974485136160e-01 6.708209047840503203e-01 6.950279251454942742e-01
4.672867590211254307e-01 4.538622857072006633e-01 4.849894587953622049e-01
7.276855395797722226e-01 6.698611597469487089e-01 6.754386201861640737e-01
4.106598333470184437e-01 5.159651157637044072e-01 4.577560347346486536e-01
5.101204667587294628e-01 5.320102888014526243e-01 5.329418916100012726e-01
6.301356198502113815e-01 5.888752928670524245e-01 6.444576186938699713e-01
5.452431146901250969e-01 5.490718697978642648e-01 5.343414581680427933e-01
5.108474373580245143e-01 5.499041228493355415e-01 5.266261805113378047e-01
4.764422198128642760e-01 5.021948614962823410e-01 5.266211874467749965e-01
7.396796366294945413e-01 7.119973754436492719e-01 7.279412694424476360e-01
4.543758378831910805e-01 4.834434950284038912e-01 4.455101508441754454e-01
4.823978976334392654e-01 5.330709644173697859e-01 5.915275062463759559e-01
5.279682645792702633e-01 6.208620081721845096e-01 6.447011755570664082e-01
4.018878463614631302e-01 4.922848983682643342e-01 4.545836166011822943e-01
5.818596533485651534e-01 5.610767377103418330e-01 5.509899517378823441e-01
4.403957274772963837e-01 4.872926831571038897e-01 4.651688498042303443e-01
5.860230478210952665e-01 6.393467610468812623e-01 6.053132108179066773e-01
3.491970169828211290e-01 3.910125369386647232e-01 4.147029717580796304e-01
3.724253312367706847e-01 3.927803959330214423e-01 4.602287464568309838e-01
5.274510932209358627e-01 4.926858525909648678e-01 4.631530198235762619e-01
6.407893850667055746e-01 6.321419594826686028e-01 5.601388672821906445e-01
6.474092272271859683e-01 5.265602187950902957e-01 5.956919829514918385e-01
5.125686159269104980e-01 4.978921383796142686e-01 5.174634377647249206e-01
6.091745901696621335e-01 6.020882886730672956e-01 5.296591241331771727e-01
4.754080917538763829e-01 4.684318233888444261e-01 3.684771037852546671e-01
8.260212318153722366e-01 8.401324463068282622e-01 7.928761750425432631e-01
6.024635261626920535e-01 6.078504864801496099e-01 5.599856707060376637e-01
5.019131698574036404e-01 4.585613089337547410e-01 4.309615742996185106e-01
6.571368354117498312e-01 6.593317130756347622e-01 7.239922580197004631e-01
5.199703945555269602e-01 5.310157103442532112e-01 5.662547055238724703e-01
4.038325255069628583e-01 4.427752826120825436e-01 4.397031842271292290e-01
5.259603465054685234e-01 5.088863117914554923e-01 5.171197296053560155e-01
5.140144111165618757e-01 5.127956547846043156e-01 4.875270114365816143e-01
6.192747376384181157e-01 6.235894342018722947e-01 6.091434399153655699e-01
7.165179027483313812e-01 8.090030072624508906e-01 7.267444447333736290e-01
7.583804788449776124e-01 7.683096637792242722e-01 7.815329701071046520e-01
7.419790586687809997e-01 7.428060623057177736e-01 7.451977418972817180e-01
6.311692505363022399e-01 5.440034087751273173e-01 5.382125511549296082e-01
6.850143138628462802e-01 6.371191413035538487e-01 6.556580725614740146e-01
5.978730687442561642e-01 6.130904081589753085e-01 6.309064997112225903e-01
4.226361653700024812e-01 4.436401400199015965e-01 4.773675137738198071e-01
7.372760755152719669e-01 7.604093500957930241e-01 7.793507574668563365e-01
7.103718254839067603e-01 6.669750613825019547e-01 7.471747063811878808e-01
5.084463821113487381e-01 5.016485032435334945e-01 5.274212557461724904e-01
7.461765644474723791e-01 7.577753675532279409e-01 7.579357591613444800e-01
8.812758013050624450e-01 8.737007596543878707e-01 8.899499204196070767e-01
6.952725943651737461e-01 7.086548157507961410e-01 7.250775598906217256e-01
5.870988060497774885e-01 5.896227385046127756e-01 5.958774516381056818e-01
7.308901794871164315e-01 6.888400779888421699e-01 7.231397576168472341e-01
5.855469232982607464e-01 5.678770809613283843e-01 6.601988733197174941e-01
6.881914049034564274e-01 6.609787891864719045e-01 7.179741032149737912e-01
6.818518244635488612e-01 5.961202894155007703e-01 6.515918977632596532e-01
7.335585360973267965e-01 7.740453760008263462e-01 7.635053156800709617e-01
6.373045188393009486e-01 6.681739917578686239e-01 6.994407995752740526e-01
5.466497495192782496e-01 5.487786199411084365e-01 5.344382827836903216e-01
6.434607000581449299e-01 7.248554901296905273e-01 6.871779829984032695e-01
6.139347762604060454e-01 5.672211643446295470e-01 5.797869493844113320e-01
5.223258654740968732e-01 4.745697930494553463e-01 4.788710952028681356e-01
7.176378515682985126e-01 7.293244586152746178e-01 6.539285718552860782e-01
5.750032830097919767e-01 6.057533112247894813e-01 5.825384534596939057e-01
7.811780304832778299e-01 7.319604888663249209e-01 6.863370847649165052e-01
6.320667733327309801e-01 5.973035661086875114e-01 5.488919939079749399e-01
7.855794968008776857e-01 7.506836299742780660e-01 7.587719127079077808e-01
6.535331363465876064e-01 6.748510091979987857e-01 7.332434651216683807e-01
7.199302029169293293e-01 7.560453167657349427e-01 7.767080431202595392e-01
6.180498317463578584e-01 6.258145405715382914e-01 6.096448162889579470e-01
4.216586644260582051e-01 3.964875710729051650e-01 2.637245052026997438e-01
4.917727273651367748e-01 5.492060080350078533e-01 4.917421727735382664e-01
6.500503780002323539e-01 6.404839446779472256e-01 6.446012190846337475e-01
7.690534490086303743e-01 7.118412604420393253e-01 7.837444821011414486e-01
6.355183018347552171e-01 5.020402156491892143e-01 5.010494413854197360e-01
4.964450330692303237e-01 5.098789810705652847e-01 4.852077003608215033e-01
5.861557631268254909e-01 5.765817801490182859e-01 6.116491640588884726e-01
6.954093289190036442e-01 6.866394727091859052e-01 6.654145926335020000e-01
4.654413680918838003e-01 4.351721109327545411e-01 4.566341137112580051e-01
7.087611794720246605e-01 7.009777191987388578e-01 6.975376225330077729e-01
6.820687429370958510e-01 6.332411632217108677e-01 6.252285858708391819e-01
6.031741132748043022e-01 5.450433446091557110e-01 6.135699920257071671e-01
5.426244130934916310e-01 5.394297628473260220e-01 5.712915099489885851e-01
6.311868207557080890e-01 5.952978139059098561e-01 6.086051700516001972e-01
7.210553960685786024e-01 7.109695102530755317e-01 8.050341486231917809e-01
7.889174166410647393e-01 8.212115777206298040e-01 8.375519434033144028e-01
5.746982250849888008e-01 5.958051333350575796e-01 5.728262249365058123e-01
5.262320744217228174e-01 5.938394436297164125e-01 6.142786826058463934e-01
5.382716898979926778e-01 5.293021374227573350e-01 4.940581423337579436e-01
4.614387999931215956e-01 5.513357509024811032e-01 5.350495743869265741e-01
4.630541734069813509e-01 4.789070940634373996e-01 4.403316479759740720e-01
4.792770377787231584e-01 4.109423187930221211e-01 4.344965674804214251e-01
4.994882586095911181e-01 4.533506812719659274e-01 5.220366835819058027e-01
6.184055453539256675e-01 6.587972219781885741e-01 5.983230479848999916e-01
5.536260822201433118e-01 5.823207383120524439e-01 5.836567163461504615e-01
6.692165351032783871e-01 6.512671911318994589e-01 6.368594272167238390e-01
4.372227503629220191e-01 4.576580124112633041e-01 4.659255868085983021e-01
7.103469682774837812e-01 6.696772073910673972e-01 7.115945849989725458e-01
6.544889159561136927e-01 5.978274853818094092e-01 5.693051523148561222e-01
4.347820662322271490e-01 4.769532269854211970e-01 4.368189852752071278e-01
5.130193856049293233e-01 4.409195496351303034e-01 5.212912608020003891e-01
6.299140227669604020e-01 5.844094317304823205e-01 5.816857924885938669e-01
5.223985277023769358e-01 5.144397231208414079e-01 5.285832926242173269e-01
6.145670647550339760e-01 5.525369144675307265e-01 5.431971917919663495e-01
8.929748743915799647e-01 8.679985570317567678e-01 8.715359313977087963e-01
6.821388941138335493e-01 6.453557326451165865e-01 6.439026742418776372e-01
5.600328246036292423e-01 5.161850443994048243e-01 5.430203038501465462e-01
6.907422419406546998e-01 6.085863627131951059e-01 6.529193876907302130e-01
5.848964998672186999e-01 4.916650726361141421e-01 4.993454181616930332e-01
5.155712127938075762e-01 5.516154797989943903e-01 5.639427059347531523e-01
6.580322812838947932e-01 6.981096021535807550e-01 6.780417159386579184e-01
4.448284167278026002e-01 4.349563149398515405e-01 3.910702837647707653e-01
4.689942898457765130e-01 5.281037300321568262e-01 5.685931767196324982e-01
5.085981451891324889e-01 4.929423080011776648e-01 5.032512213946602753e-01
4.972184593422890875e-01 5.615556512605608397e-01 5.348154478922508837e-01
5.984167483845074242e-01 5.601620584280654347e-01 5.901730893446115456e-01
5.040442039011540087e-01 4.419410545541033741e-01 5.155181700547926127e-01
5.457879666464494628e-01 4.678422641433527818e-01 5.095542147615030881e-01
5.028150105215797305e-01 5.603876075668674517e-01 5.291608518177834952e-01
7.337948155566038633e-01 6.653955965330339284e-01 7.615380947894979657e-01
8.280996760123042755e-01 8.119580616326004252e-01 8.394542753145827207e-01
4.356741242202916697e-01 4.476868356390867887e-01 3.953456480798933637e-01
7.059402598140219753e-01 7.403667606247386068e-01 8.032075824228278593e-01
6.277595616771488585e-01 5.461466641459266080e-01 6.061412408794406570e-01
5.622597738027432790e-01 5.297752181837726004e-01 5.301942851306248317e-01
4.908902610922676879e-01 5.097319963272807231e-01 4.744341472851161812e-01
6.033111196718959901e-01 4.870993881622249222e-01 5.577208546795595634e-01
5.589408838078983033e-01 5.309146048099236959e-01 5.284001661728989774e-01
3.888470042955128325e-01 4.752553692887753201e-01 4.354614755678239968e-01
3.949591455934407525e-01 4.700328214528570747e-01 4.290094261161168654e-01
6.663995614923164945e-01 6.276245235218540497e-01 5.781792674633393636e-01
5.062576746176054021e-01 5.623414106461820383e-01 5.992598019568102785e-01
5.731839019197528806e-01 5.324269532518787207e-01 4.285685175050581996e-01
6.474343211660457120e-01 6.727601694279682354e-01 6.415515842935113344e-01
4.954585020913586657e-01 4.743368174487955780e-01 4.746970014034957996e-01
7.261127802289483180e-01 7.321689167914396945e-01 7.663692908396686487e-01
7.806160326112772108e-01 7.198378111283590952e-01 7.113574820084975769e-01
5.088429224523077776e-01 5.782939391681557462e-01 5.034745348646253449e-01
5.973812455843465763e-01 5.774655476660613962e-01 6.351910639988551655e-01
8.647055648337211853e-01 8.421247723633548121e-01 8.706654784061202967e-01
5.165111972824925068e-01 5.672929786435669808e-01 6.368954343632802217e-01
5.721077821108541128e-01 5.287290476107028292e-01 5.740134699354221270e-01
2.985882532141384549e-01 2.688629641141841442e-01 3.013361463174846766e-01
4.070292998101515680e-01 4.006697605462799516e-01 4.005804734314142856e-01
6.955000353957587755e-01 7.806607359665980184e-01 6.525627070691056852e-01
5.428566330506033877e-01 4.906161778534267048e-01 5.182797909467788955e-01
5.143709634430163602e-01 4.027147684470491762e-01 4.431172123483005931e-01
6.383669667467820608e-01 6.322560023848764477e-01 7.315384108792344353e-01
6.056427170145274319e-01 5.915840807246544042e-01 5.963707500574262355e-01
5.186643023943506847e-01 5.335456504461871807e-01 4.978092137605168443e-01
6.341015551276224516e-01 6.605739444565517093e-01 6.661185065480572653e-01
6.724662600914268484e-01 6.756581479267981249e-01 6.743557794629363444e-01
6.606202525739395259e-01 6.990676566599256514e-01 6.503349099212306639e-01
8.182638699598031584e-01 7.777446709417159543e-01 8.477445023438714422e-01
8.129820710088545566e-01 7.371527364951141470e-01 7.636821555076553913e-01
4.281242071440168329e-01 4.636824564896637746e-01 4.096156303874932125e-01
6.105782047293614179e-01 6.448477748864241965e-01 6.596795765294605207e-01
4.524138446401482216e-01 5.419674004916351651e-01 4.891343105895752941e-01
6.823305045074353758e-01 6.720432460561729382e-01 7.108325618349456976e-01
5.228146242415322442e-01 5.339451252017377580e-01 5.852963699423910926e-01
5.449511203193366793e-01 4.408549676066991219e-01 5.283835276421197102e-01
4.887102520990448395e-01 4.904490645447419084e-01 4.853954785939874061e-01
4.888707529062587542e-01 4.848992288689553676e-01 4.892952549980658095e-01
5.859562869914050065e-01 5.371032030375088029e-01 5.380616821482326895e-01
5.610408457981633790e-01 5.252280344741415696e-01 5.611665313781328823e-01
5.840980148706004238e-01 5.632806918111484817e-01 5.517265066470118384e-01
6.201082807043870604e-01 6.273136566430967953e-01 6.669550705398636925e-01
7.120032729690434214e-01 7.489114397249343469e-01 7.458590139082947879e-01
7.093887885970332485e-01 7.293127215998012058e-01 7.239836229135243606e-01
4.892453495226953830e-01 5.482812813192818879e-01 4.933995005380447663e-01
5.316779260375785743e-01 5.451018573054509098e-01 5.953778158777978113e-01
5.666343279706368419e-01 4.693252903149331967e-01 5.073699184969051590e-01
4.699936273251415497e-01 5.435534048958328146e-01 4.848335600583443261e-01
4.689399978775185551e-01 4.907361060166575140e-01 4.784601097293343375e-01
7.421460702257262065e-01 7.213280458853507104e-01 7.654253302239181211e-01
6.857400683600096691e-01 7.542253059940526860e-01 6.359636038936447022e-01
6.172050330075917746e-01 6.010968676933852173e-01 6.653606219017840218e-01
7.164751327276569492e-01 7.136944829890452535e-01 7.161367011524186754e-01
4.343255802739053872e-01 5.074696592340467438e-01 4.249118498091550844e-01
6.464467857190631106e-01 6.640455535877124449e-01 6.307910298037069374e-01
4.929889781446353814e-01 5.267620651862335857e-01 5.104142722625027995e-01
7.842590575938415132e-01 7.107677553789681912e-01 6.783356660354364909e-01
4.448121726603956327e-01 4.996103399780441046e-01 4.764499150291380825e-01
8.956992244673206427e-01 9.208485196407311113e-01 9.100734368900017524e-01
6.339655459520990854e-01 6.727247752679098580e-01 7.157603619632005865e-01
9.128737643808737534e-01 8.640707950084690614e-01 8.142189775373310789e-01
6.692814574041970888e-01 6.590508836403505821e-01 6.589673558873997417e-01
5.701526942056682756e-01 5.334011936144107402e-01 6.505587368201772858e-01
4.468451179152368447e-01 4.093007272960055842e-01 4.403473575061583323e-01
7.206619252180466173e-01 6.969563202465079987e-01 7.008399192147086731e-01
6.166060008185710872e-01 5.857307745602209348e-01 6.415107142673218688e-01
5.135508874943678359e-01 5.461082110111999954e-01 4.987158255883493707e-01
6.152923137208488047e-01 6.046889502654534398e-01 6.093287425102148491e-01
6.229443166411544608e-01 6.564089430028436922e-01 5.997465389814050640e-01
6.011696973378914954e-01 5.631849247687447102e-01 5.085826195659211013e-01
6.147666049284855605e-01 6.909961658560135334e-01 6.539640299666437118e-01
8.201877730677367140e-01 8.272321318610063035e-01 8.505181226128810668e-01
3.465756328639884032e-01 3.828363753402713732e-01 3.578062282730147259e-01
5.911373151051683150e-01 5.736692892804808874e-01 6.597536119431348656e-01
7.575335906160014510e-01 7.896407115500178042e-01 8.176592975905875305e-01
2.888425379388480096e-01 3.793154033306567197e-01 3.449075570197597251e-01
7.958400561390429617e-01 7.577158066284052085e-01 7.196715383723766291e-01
4.271014219068401951e-01 5.193448903816426654e-01 4.831094829830014925e-01
4.967121112727048704e-01 4.910367057364923293e-01 5.228291376470628471e-01
5.649632008379114056e-01 5.411012936836595566e-01 6.436584845329317295e-01
7.227822348213954751e-01 7.019141315558017347e-01 7.308342262411179346e-01
4.546152663031287067e-01 4.852824646792255336e-01 4.859396108218391186e-01
6.827812143754290464e-01 6.605840953123139903e-01 6.315169261970728920e-01
4.653230548910225473e-01 4.684619645290330481e-01 4.798734102420793013e-01
5.466050479236329585e-01 5.398103792115973576e-01 4.909556682491790780e-01
6.618666144665594775e-01 6.988255282063173812e-01 6.287961595495095146e-01
6.578986562946721461e-01 6.570381732496323179e-01 7.279432990501554235e-01
5.927617463213257221e-01 5.304046450224613185e-01 5.112154798408207190e-01
6.673494390497325401e-01 6.387112956250767803e-01 7.530691077102772413e-01
4.639928396537692512e-01 4.273843164715817045e-01 4.827131610699957887e-01
6.435926489746465196e-01 6.727591746969953101e-01 6.486768267608639116e-01
4.964053948285655493e-01 5.826613681725215654e-01 5.216620362166047853e-01
7.782873099154266061e-01 7.995388723360503658e-01 7.991923311979288735e-01
5.206769567056296344e-01 4.740513797461835543e-01 5.566100631253910747e-01
4.405495890467465703e-01 4.731861647493894596e-01 4.293632625176707074e-01
4.814682128837759478e-01 4.943205988267356799e-01 4.910178957642423181e-01
5.591913663139786994e-01 5.743804893156654323e-01 6.442536029707441880e-01
5.672309409188716067e-01 6.043772910283787825e-01 5.837821922916748285e-01
6.314785079525164768e-01 6.715700360154019943e-01 6.894570715442368547e-01
6.281034126729616585e-01 5.788994162391755127e-01 6.145824919153570765e-01
7.014747520375258505e-01 6.698620799807060155e-01 7.381281173221361236e-01
5.956995384713518193e-01 6.578327065663726048e-01 5.921886784520674629e-01
4.869388829885383796e-01 4.462481636684224595e-01 4.757097144268442324e-01
5.879548543450519027e-01 6.089717456643020110e-01 5.139048952703824114e-01
6.163449053633119901e-01 6.751688158662788597e-01 6.380299016969117609e-01
5.088645368905068134e-01 4.607872247974502677e-01 5.383618446432253402e-01
5.152060560970782577e-01 5.614987024503765856e-01 5.030070273071413078e-01
4.646895947710917296e-01 4.019419652036429480e-01 4.380121432982057583e-01
5.070371165468883223e-01 5.798164360170936504e-01 5.566454367442665863e-01
6.832970803889675260e-01 6.428996600742987733e-01 5.979858948716342271e-01
4.523145380951699157e-01 4.733879201863028796e-01 4.850078615702653750e-01
6.769150443161914277e-01 6.636665727400082870e-01 7.516679746055231481e-01
6.104833948460846038e-01 5.645264858675210773e-01 5.673503820050238566e-01
8.301166769789444233e-01 8.497886992133704132e-01 7.549396498262633814e-01
4.005347054761409509e-01 4.151716910978785480e-01 4.258148164497149724e-01
5.192022633105652929e-01 5.031334305647684468e-01 5.123161561304127032e-01
7.679133956698351859e-01 7.248810247694549291e-01 7.438733964575667823e-01
6.441314988442112810e-01 5.691619696063289213e-01 6.074379940684119239e-01
8.193093533962595432e-01 8.401165770489934514e-01 8.929080266974546154e-01
5.029243299605137274e-01 4.753553805006580091e-01 5.619402008945781901e-01
6.280217345884553382e-01 5.425771024276125898e-01 6.435008060675270203e-01
6.659519451192484896e-01 6.455012017977310723e-01 6.692482040583584979e-01
6.076325190896944006e-01 5.623060702180703307e-01 5.842638881070121304e-01
4.941706732863258011e-01 4.510631540291876740e-01 4.083532080427983435e-01
5.039746266801061747e-01 4.696547316369651948e-01 4.375196348552444769e-01
6.600818419003825488e-01 6.899345058055105229e-01 7.281569947265550402e-01
4.707915848641296419e-01 5.007233174597999215e-01 4.610388905431293538e-01
6.044570667309537848e-01 6.077083339136839513e-01 6.007355153149963600e-01
5.979431955630105655e-01 5.343617658840520424e-01 5.859741621728020711e-01
5.970174844218685273e-01 6.213014325281784878e-01 6.742298334787304448e-01
4.048935951114187026e-01 4.126729821884192462e-01 3.844910117762396218e-01
5.121066525501950517e-01 4.650754639553979497e-01 5.283954301743829518e-01
5.796751726592311860e-01 5.871414192020721901e-01 6.588201704901461842e-01
6.284800853004137711e-01 6.279753062774914296e-01 6.280441141706768482e-01
6.128635199451235582e-01 6.372691707386975990e-01 6.284313335987476989e-01
5.731348612222699757e-01 5.942794448445037903e-01 6.761311186656558947e-01
7.188770756585544097e-01 6.655938986657743417e-01 6.822153557218236797e-01
5.088304095839171204e-01 4.846536529776708235e-01 5.026087683786830684e-01
5.753045055343629643e-01 6.258156724158704387e-01 6.036931717281950327e-01
5.573070498444765430e-01 5.357500083864217277e-01 5.394420839485652985e-01
5.176092494304594949e-01 4.047224969852969978e-01 4.577988166269443826e-01
5.880596288862116605e-01 5.984505660555461404e-01 6.505134087393720232e-01
5.816922631088611295e-01 6.541222943032506398e-01 5.265717277348368475e-01
4.689427340097297447e-01 5.227918796785044897e-01 5.315718138713331209e-01
7.366646957692936093e-01 7.791419461817713499e-01 7.418794186821469072e-01
7.406166984146734800e-01 7.207220000553384853e-01 7.217016960846697193e-01
7.068843606424347614e-01 6.756509927683069794e-01 6.501052393831919796e-01
5.837592857686784154e-01 5.121421138427095787e-01 5.093285052104802313e-01
7.001094039765688448e-01 6.438244775722496982e-01 7.366267717366005163e-01
5.479994744915459570e-01 5.249249565471196810e-01 5.480098053762212373e-01
4.339019914915019371e-01 4.405675202770526488e-01 4.206923146869564478e-01
3.828725379182998378e-01 3.704022343839805664e-01 4.226526908090837975e-01
4.641637447413292095e-01 4.619490640632563649e-01 4.614432156552469855e-01
5.414015931313557184e-01 5.834085513955575841e-01 6.092428920680205140e-01
6.418055145060928002e-01 6.109516203787930255e-01 6.127416299436431180e-01
5.684704557711799389e-01 6.368855590290345425e-01 6.041512103254363941e-01
4.270318201322604312e-01 4.375619065275022090e-01 4.464944695009276932e-01
4.588520645864950231e-01 5.290308931940951309e-01 5.854428553911699140e-01
8.210014218711113587e-01 8.071659722667164916e-01 7.783102532565558951e-01
6.271125634353662548e-01 6.465281021534079464e-01 6.232011161723439718e-01
6.886170889800824479e-01 6.867553045982470739e-01 6.662780596922383003e-01
6.313066037440432376e-01 6.403183618152443746e-01 6.223403287086166635e-01
5.755014983284918451e-01 5.675976791237710151e-01 5.894102899852431410e-01
4.104680386986436780e-01 4.564907924756285706e-01 5.307203070666927092e-01
5.409921891217446266e-01 4.760197537296041448e-01 4.762210128585357416e-01
6.098991475184610822e-01 5.476158630052898602e-01 5.110370098061378652e-01
5.790190369857919350e-01 5.200975869545455543e-01 5.663273455393186273e-01
4.108212673572828044e-01 4.493955396198058838e-01 3.750168856086012470e-01
5.403542721929477377e-01 4.331933818356252797e-01 4.710106906940058069e-01
8.099675885016286436e-01 7.374015043308820294e-01 8.022186234550430228e-01
6.893463612533859974e-01 6.995387944543706160e-01 7.015374172739207159e-01
6.179479270695124038e-01 5.541571571013068631e-01 5.461446809879745290e-01
4.670360539355019602e-01 5.074716273850308212e-01 4.635145748488239681e-01
5.749696612845031085e-01 6.234554209687929172e-01 5.802984443632482892e-01
7.835174372368126638e-01 7.680804872979934972e-01 7.874973290468650911e-01
5.967336079793073012e-01 6.269935988919322911e-01 6.046106630170330343e-01
9.381964274342196042e-01 8.324449350252315361e-01 8.352864240225597037e-01
7.574088595696205628e-01 7.020229626206951901e-01 7.024692789447032348e-01
4.764578188480639298e-01 5.003335968838935610e-01 5.526164415935853613e-01
5.692078063191270410e-01 6.391265017697634887e-01 6.265963328788932696e-01
3.868028793940491150e-01 4.832766256765993473e-01 3.989630892416057284e-01
5.777742219360000320e-01 5.813353953517760297e-01 5.890074425015430215e-01
6.641812709626493394e-01 6.564001213633602339e-01 6.465192707035348763e-01
8.122258045104225888e-01 8.453138346232902389e-01 7.325706007679037013e-01
5.636790330507538416e-01 5.435549456023086590e-01 4.781627062795880123e-01
7.656655181434861568e-01 6.619165798126963596e-01 7.567639603232882983e-01
7.182058590140018017e-01 6.785927493185072157e-01 7.733797063488171419e-01
7.221691590819192541e-01 7.450932302220492076e-01 7.578555859376362447e-01
3.791914916818808767e-01 4.017433090137679796e-01 3.791944573935831508e-01
6.105024726485129838e-01 6.020599855139014966e-01 5.354489936951302154e-01
6.164214555296726461e-01 6.027786601833284852e-01 6.042155754674244372e-01
4.992445130037825307e-01 4.746279053987856877e-01 5.304430775303801138e-01
3.923417165588016231e-01 3.362250506190302413e-01 3.375987591515375863e-01
6.932876614547983651e-01 7.253997183605682686e-01 7.148033358093099920e-01
5.107052387669417381e-01 5.105404973391237666e-01 4.393491660845298963e-01
6.583344153654504538e-01 6.280283538690996092e-01 6.199529257969847995e-01
8.646953982713931897e-01 8.531957390812564546e-01 9.477422406206758021e-01
7.049769511149311940e-01 6.597527607634217084e-01 6.797343592935169987e-01
9.077333102948863530e-01 9.314378866272640112e-01 9.516463806353335775e-01
5.181286169149933452e-01 5.920632225957777051e-01 5.781053829745864681e-01
5.771976087129815358e-01 5.863087075572772644e-01 5.273779125527234823e-01
6.784471505485547560e-01 6.250214397163583735e-01 6.171374707709987861e-01
6.993662941311624692e-01 7.514214989263684474e-01 6.985956239279781377e-01
6.067823597527942647e-01 5.482660109851320573e-01 5.308315491600154035e-01
6.245604221342750950e-01 5.446809035332830229e-01 5.027108336612038375e-01
9.211840914048451401e-01 8.460835717850878623e-01 8.953129791043904495e-01
5.695929472671411586e-01 6.054423667351140903e-01 6.238600425939878624e-01
6.350102820461036579e-01 6.142450165370118009e-01 6.386004087564589593e-01
3.398903723778129993e-01 3.198464882557399136e-01 3.699698092674121308e-01
2.742450692921514221e-01 3.913500301069595677e-01 3.824723681823941623e-01
5.842774218165744937e-01 5.829017279014181430e-01 5.417690427112747953e-01
5.314435346914271330e-01 4.632061252090016734e-01 4.666147151458951980e-01
5.817751210132287021e-01 6.115486359083525114e-01 6.243882997353561448e-01
6.934361508932666007e-01 7.043591116958632936e-01 7.057838220788532624e-01
7.848896541045116138e-01 7.406480658640185455e-01 8.099606790878812745e-01
7.886532680183081512e-01 8.130830649474757310e-01 8.109313599284091456e-01
7.674048619979948471e-01 8.070589263359072563e-01 8.409750093911868563e-01
5.535774221237159676e-01 5.342418813569044245e-01 5.792888790547439104e-01
4.029601748621354784e-01 3.644228670368261369e-01 3.017551365708814326e-01
4.805946849558477840e-01 5.165028838501339870e-01 4.784099819700310396e-01
3.776358350176949319e-01 3.654705487412719944e-01 4.617222287850282214e-01
7.233891588948032636e-01 6.907994240673817066e-01 6.898461291299350373e-01
6.621617390746397103e-01 6.333955628249869907e-01 6.161688456879079734e-01
4.727045541114037186e-01 4.186893813491184280e-01 5.779947025245374403e-01
4.586973838119101088e-01 4.969320377325385785e-01 5.508722390008324865e-01
7.605181160531151452e-01 7.185003312829619793e-01 7.392040649930818885e-01
6.985526547414673271e-01 6.440432628765220269e-01 7.132776770277262646e-01
5.185922866035449497e-01 4.758823059477678141e-01 4.779115109102824444e-01
5.837170449173417763e-01 5.643388180129221832e-01 6.312857767908049977e-01
6.945364007904715198e-01 7.076469702858776412e-01 7.013496427992143012e-01
5.949963028575925295e-01 5.345430245805536940e-01 5.342963292500705341e-01
5.191147576614038028e-01 4.521231146369623088e-01 4.782928044328166872e-01
5.676233291792380786e-01 5.541697222941417422e-01 5.107872421454214829e-01
6.454521487021390724e-01 6.534350793473437946e-01 6.681187169310039975e-01
6.009520124866251090e-01 6.543997385380462273e-01 6.302729540290723520e-01
5.009901035149143533e-01 4.479094063796150715e-01 4.657902520997104223e-01
6.619465660379777461e-01 6.121290141392660145e-01 6.033239984021409041e-01
5.152418580137395621e-01 4.399818936488153476e-01 4.214982720808556071e-01
7.089999692896415961e-01 6.974817714317809170e-01 7.188924934636269359e-01
7.882025977091129398e-01 7.486904041237594232e-01 7.489650705077163240e-01
5.083721752104427560e-01 5.128990981140773009e-01 5.160438795098242215e-01
5.515933011066249669e-01 5.489623300028462216e-01 4.937377629824929448e-01
7.972533544328124222e-01 8.573410119405002749e-01 8.760685141050483793e-01
5.794769120866143375e-01 5.256408914554374645e-01 5.464580890757331222e-01
6.026261491403663850e-01 4.893611104641195086e-01 5.224481266083674802e-01
5.372249831427965416e-01 6.221360004793837772e-01 6.057986854265080545e-01
7.282002759125417723e-01 7.556492428540637629e-01 7.369536638742100187e-01
4.592947130573066805e-01 4.787237252856444414e-01 4.486070983905154907e-01
6.617408795957936407e-01 6.786168199996654993e-01 6.992647776373687174e-01
3.960610582823367309e-01 4.587445052534073753e-01 5.147017268510832855e-01
5.667221649632186997e-01 6.642910160355693927e-01 6.232877480023512051e-01
7.548326855569466032e-01 6.410820056449314519e-01 7.097327263913341122e-01
6.441148794771400787e-01 6.230461912855409512e-01 6.238490796823763507e-01
5.359034078192499440e-01 5.652077123628479471e-01 4.832290171029048897e-01
4.432796105200300651e-01 4.556185881471014887e-01 4.580337593607778368e-01
6.465700203833817383e-01 6.646793701577464741e-01 6.582150465981837506e-01
7.327560428371815426e-01 6.915256569808256870e-01 6.705862638080091198e-01
6.370119793469747327e-01 5.875439636323797066e-01 6.001343706369803854e-01
6.470712112924579262e-01 5.861973336808752322e-01 6.928718248454350803e-01
5.163074688340294482e-01 5.511614487437618282e-01 5.972575008449134693e-01
6.257834505397522618e-01 6.590039445628550485e-01 5.675629128065871054e-01
6.943925004620836727e-01 7.222361086321447132e-01 6.793408406658121290e-01
7.500173454217616831e-01 7.374615721949852043e-01 6.899613894741420950e-01
7.110989587729215078e-01 7.684739584689979086e-01 7.079571648975443443e-01
5.634962660419614577e-01 5.126191318501848171e-01 5.332561192378464376e-01
5.409555669801205946e-01 6.332902183013392472e-01 6.155030464125030853e-01
3.712331305301829754e-01 3.304687938060099639e-01 3.576865965963461069e-01
5.914597670891466041e-01 5.987396516082708064e-01 5.914352850411570550e-01
2.848704331340279894e-01 2.007024555425683254e-01 3.372745788985166970e-01
3.662426480593679590e-01 2.248579326987665827e-01 3.292748396768508390e-01
6.541905662542730759e-01 6.455420450660557252e-01 6.949004800386330283e-01
4.041770689014036466e-01 4.410084363173383815e-01 3.569737061443216120e-01
6.530711418663140977e-01 6.539497768264529443e-01 6.551276497801921117e-01
6.284391767015254926e-01 6.078224377232291920e-01 5.814533959583403355e-01
6.169118755131439702e-01 6.096072284878084613e-01 6.836596153800081899e-01
4.936878892696617838e-01 5.042027100453215782e-01 4.761915284095489809e-01
4.850033467843913315e-01 4.651483095989428218e-01 4.899469089814973422e-01
6.516974886741675466e-01 6.719481994652022339e-01 6.821053149519377135e-01
7.891176000711445093e-01 7.656817144908977246e-01 7.718240275536956130e-01
5.845492800968590252e-01 5.689075449199162415e-01 5.775672813188712507e-01
6.708644186132730614e-01 6.910260479833771896e-01 7.348359923189540233e-01
5.342004284620430754e-01 4.870436102164321657e-01 4.958213484978329921e-01
5.818675034089103582e-01 5.355089440827508485e-01 5.623705904536371314e-01
5.437392623370563838e-01 5.646594182210772361e-01 6.200668749959670212e-01
7.055301586288014182e-01 8.014411903273460647e-01 7.478471267240457410e-01
3.361998251126581128e-01 3.911602206298182005e-01 4.193711745815624781e-01
6.870219044250974738e-01 6.911415592486753745e-01 6.707448492579138888e-01
4.398791192281017448e-01 4.174905421813597806e-01 4.098822423414056337e-01
7.904112895003155836e-01 7.291157504318852567e-01 7.766097780022500618e-01
4.572713363635647066e-01 5.224412084116866195e-01 5.173562601722099252e-01
5.491506590951507061e-01 6.262746142810968752e-01 5.294393770887200201e-01
6.729643514775605073e-01 6.563549848213069415e-01 6.178694329145530961e-01
4.327727655458888378e-01 4.320393971573742165e-01 4.149097355034885859e-01
3.743839079535767889e-01 3.728292064779564763e-01 2.954071767863197806e-01
4.628987797878326149e-01 4.942436559579763133e-01 4.979041288124434472e-01
5.270987463749461366e-01 4.750526193414906229e-01 5.384250133574367547e-01
6.521661997459672344e-01 6.642242894615552062e-01 6.354302695559318481e-01
7.382574871795097859e-01 7.219286147919462548e-01 6.272975969570875332e-01
7.155955693682637397e-01 7.284536958770516657e-01 8.048489050140835710e-01
5.696978398344307859e-01 6.258732990885842451e-01 5.612440817217065891e-01
6.150569317929298618e-01 6.640921774705371705e-01 6.668724562659316124e-01
5.966162778393374611e-01 6.223836166361981226e-01 5.031521479741586367e-01
4.677002035329377305e-01 4.059537723377248941e-01 4.826419508008696901e-01
5.814296414551848313e-01 5.726299521025266515e-01 6.034660135689799976e-01
5.018753334996258753e-01 5.159114322171285405e-01 5.082224537073816162e-01
8.187191477235575832e-01 8.184135853179613784e-01 8.364105238469784487e-01
5.557801467979571752e-01 4.970956766391025350e-01 5.258002858399604129e-01
7.006343105514480918e-01 7.293364373818043145e-01 7.216998914719833236e-01
7.042073712652192619e-01 7.909128435527532641e-01 7.715988811161134109e-01
7.408877300670614341e-01 7.077946009996542998e-01 6.925443816222557336e-01
5.672662269506532073e-01 5.590995436105905547e-01 4.966641452708291937e-01
5.450001520799122590e-01 4.821107215406453261e-01 5.107725696204763466e-01
4.870862362840715498e-01 5.019780848251801375e-01 4.923362377286726876e-01
6.373756794117132474e-01 5.999352962063357886e-01 6.654627029712388842e-01
5.658528358822947357e-01 5.275838865254193211e-01 5.779158349391591010e-01
4.528283370693980125e-01 3.716985975007714993e-01 5.588078285658165667e-01
