2.880008882016986127e-01 3.284945742821824277e-01 2.647462761600408720e-01
5.687794216070487519e-01 5.096788469044891690e-01 5.533503830469352902e-01
5.252571225114702758e-01 5.135162592666275838e-01 5.204674026879438919e-01
5.243746561227955461e-01 5.321252430863709915e-01 5.108276653569749914e-01
5.686313219867215052e-01 5.643074254799997913e-01 5.833199894775831229e-01
3.391072051602221915e-01 4.092549513319541643e-01 3.599786931189876693e-01
6.699461037129617047e-01 6.569203595636834425e-01 7.090420385664787384e-01
5.528736983411978168e-01 5.211055024018121928e-01 5.447326047258600479e-01
5.836469321039881031e-01 5.608636478725199659e-01 6.274721981121895720e-01
4.591407993824127010e-01 5.562738143783345635e-01 4.946915407877887638e-01
8.248671635971522864e-01 8.885411224978961853e-01 8.373615199970578793e-01
5.662285486582445682e-01 6.017931638182687504e-01 5.787956638612798965e-01
6.880988593992446445e-01 6.209338675931905804e-01 6.825309489616702141e-01
7.731761264805039335e-01 7.957624302320172038e-01 7.668740159297500192e-01
6.665450293180911201e-01 7.084396864800360794e-01 7.859991631893153974e-01
6.345095690913675757e-01 6.538499795866327124e-01 6.255451478790550190e-01
5.701622337999575629e-01 4.970907467079263564e-01 4.837946061716206225e-01
7.624677306152918277e-01 8.070198734584961286e-01 7.245113557459342823e-01
8.404271002118619549e-01 7.829995510336801301e-01 8.841515147729781532e-01
9.051785421186506753e-01 8.458212329824594811e-01 8.782293063176354053e-01
3.214446163426211700e-01 4.540017367933207870e-01 3.566075809563687971e-01
5.455110461274452760e-01 5.380882962950953585e-01 5.553177996547568052e-01
6.068408995723520993e-01 6.376381776469598472e-01 5.706710270052477441e-01
6.133645436296396580e-01 6.610647598373667888e-01 6.958110449646249807e-01
4.743843317387617109e-01 4.232004265857766678e-01 4.083326017065517233e-01
5.154312004328808205e-01 4.075081308937353319e-01 4.058311562291840313e-01
5.738961611055026779e-01 5.900924894426814449e-01 5.934620979213682812e-01
6.621884527806556342e-01 6.642172678994340274e-01 6.707393266452392755e-01
6.178419793998922716e-01 5.666346970181664888e-01 5.844731828018342457e-01
7.085722565560651498e-01 6.889355103020746718e-01 7.004506219286762425e-01
5.850683124085699349e-01 5.628115030824825116e-01 6.026621449551171628e-01
7.206970009861979332e-01 7.508695185711469211e-01 7.599250512223528764e-01
7.045714009614749695e-01 6.738202764135484690e-01 7.025399471957844977e-01
5.234367587874833028e-01 4.745581434650897323e-01 4.972150648287690378e-01
4.958834681833064195e-01 5.180425147783566109e-01 4.512199957798012639e-01
6.980050297491862121e-01 7.006360733128925711e-01 7.159160338493787412e-01
5.431171161225125665e-01 6.117238098033825899e-01 5.552763459323134532e-01
5.647495052800206583e-01 5.391138452136972070e-01 4.552336828155147952e-01
6.006005837764853972e-01 6.715725851098985899e-01 6.498589324080628060e-01
6.589723273462686493e-01 6.930407565625991140e-01 6.795184912008356282e-01
6.628271185534218013e-01 6.554618833244865161e-01 6.298455253935210107e-01
6.039682219177483491e-01 5.806230547388868679e-01 6.710232681360699392e-01
6.680294168445242153e-01 5.996936966484713860e-01 5.794568426502277880e-01
6.498823986309593126e-01 6.934904213120502980e-01 6.657769204701825538e-01
5.121315356581400691e-01 5.191311832884772937e-01 5.362056933972386696e-01
5.967438843469201615e-01 5.969155238126298002e-01 6.133651256413206188e-01
7.227050396176507574e-01 6.839384230438387835e-01 6.608323486431915139e-01
4.410194633337488068e-01 4.717159581159180437e-01 4.484250659607647571e-01
4.966896168860139849e-01 5.328312639289354280e-01 4.666084590639392182e-01
5.702096396522098321e-01 5.417110527520513363e-01 6.048533074479456317e-01
3.665537093169746741e-01 3.745942736105414284e-01 3.481826017777779336e-01
6.532939403796121924e-01 6.986609374311972820e-01 7.185858507199196499e-01
5.743871170801041481e-01 6.402795405690109298e-01 6.641276347383606726e-01
6.709622736563176648e-01 6.028007932376961975e-01 5.955504305045382640e-01
4.657752194084926467e-01 4.787645630616415016e-01 5.285557941528117309e-01
4.005500298706878293e-01 4.728261950726891372e-01 4.119420764933215406e-01
6.102729993014520682e-01 6.269659703553014385e-01 6.159478031873639736e-01
4.740032111741206977e-01 3.848443730734601442e-01 4.212732110634997418e-01
5.030602266606890582e-01 4.069214594560786047e-01 4.870713250391849880e-01
7.918992370856945406e-01 7.046619023733077247e-01 6.625603532271864271e-01
7.331721212990757186e-01 6.589512690749979029e-01 6.834957240114684085e-01
7.274745137312800258e-01 7.620309458941016967e-01 7.565414298158835704e-01
5.742702031068114277e-01 5.937528740266936333e-01 5.664759044251269637e-01
4.381341558613953135e-01 4.924124282604594449e-01 4.752116629851791396e-01
7.249722062842841597e-01 7.563348348056226911e-01 7.508323038758439871e-01
3.286778552064346659e-01 2.641053442425440601e-01 2.819173920035690784e-01
7.542060225206996815e-01 8.344752842604755694e-01 8.249999096863512849e-01
7.542218014199122411e-01 7.090002323999026190e-01 7.086454695844439655e-01
5.409384770670627729e-01 5.371234722557189922e-01 5.896200986590270920e-01
5.363782322869222741e-01 5.453287153971144718e-01 5.063578895400785429e-01
4.875871971442858333e-01 5.163629369851737705e-01 4.571674218408652846e-01
6.047064919960412066e-01 6.012596303306910750e-01 5.975063420879821452e-01
4.306522681033949640e-01 4.604746258827071004e-01 4.633162635252003891e-01
5.263485598482716687e-01 5.354206498594137331e-01 5.024080073010119829e-01
4.796576760520591121e-01 4.427814514801192147e-01 3.824534661754933618e-01
3.658437833741275957e-01 4.004777009133099752e-01 3.941593700747307860e-01
5.999270111844636766e-01 5.982837891639161132e-01 5.776195073348552311e-01
5.851673880672273453e-01 5.443036746605071086e-01 5.642990558631815201e-01
7.631623543524016506e-01 8.028372899657237882e-01 7.958794601975077709e-01
5.542455540440316408e-01 5.292384644998902044e-01 6.417893824547316051e-01
5.254650372739771980e-01 6.035144898391030521e-01 5.311787433176399231e-01
7.889497148047700525e-01 7.812989341175470281e-01 7.642355372911886491e-01
2.528154174067487880e-01 2.144273218448722040e-01 3.143015140206108504e-01
5.808727972209226653e-01 5.915320781248241122e-01 5.515033540575617899e-01
5.582582969812387441e-01 5.245761271229253397e-01 5.994716467840204288e-01
5.280645554206964132e-01 5.418072358560104274e-01 5.358088522289460309e-01
6.505155152945247821e-01 6.138912719665284845e-01 5.761285679898836554e-01
6.109390779312926512e-01 6.451917185485176454e-01 6.971231796590948715e-01
6.360431807328553733e-01 6.471531082182581107e-01 5.992158731370986757e-01
7.189109800010792251e-01 7.645626187423799625e-01 7.933413995227199811e-01
5.140819932668102554e-01 5.216344882166930041e-01 5.188242790705813734e-01
4.744041822379692075e-01 4.088227892803477093e-01 3.931459350683536025e-01
6.368359888526552437e-01 6.516873519933661374e-01 6.296937853988413547e-01
6.290445452904480650e-01 6.195531197671246826e-01 5.776518098727486672e-01
6.021031910345336913e-01 5.915079579843580682e-01 5.831535843383894857e-01
6.291838864631852379e-01 6.584602110839599121e-01 5.898893096754828091e-01
5.783778793419641628e-01 5.459264920719584246e-01 5.494101838192013698e-01
6.478364664150109142e-01 7.478303518412143802e-01 7.133176223449088083e-01
4.801167511619788275e-01 4.704111971420846805e-01 5.168134146330236600e-01
6.052504850901169187e-01 6.599192788068847237e-01 5.875894286868112992e-01
7.491278796888939384e-01 7.142690200823853530e-01 7.336774231791539647e-01
5.334193897130404816e-01 5.540127252300371952e-01 5.352237464514438825e-01
7.032018203818778401e-01 7.115729179175128705e-01 6.959580391278852307e-01
5.508730958231699004e-01 5.728195491595278188e-01 5.704217366922466059e-01
8.257197838864281936e-01 7.665943595639903574e-01 7.434791093136389195e-01
5.929748272638851736e-01 6.001112184522405801e-01 6.673559676995196588e-01
5.635981191844897653e-01 6.421625207989707373e-01 5.834716667592989570e-01
7.164403170111143249e-01 7.313602123635506436e-01 7.027406705497027950e-01
4.828656395424534287e-01 4.267634325299091147e-01 4.830281095553568549e-01
6.248323518388885223e-01 6.532970235299923045e-01 6.067764750718196431e-01
6.697067382713235428e-01 6.764746760425647265e-01 6.892107473977733267e-01
8.099513941014132579e-01 7.986500339940941773e-01 7.649510346431958041e-01
6.423863552662117948e-01 7.116385362202485299e-01 6.458376996240939860e-01
6.180197437040600983e-01 6.090428948298147738e-01 6.055131057621705448e-01
6.093717126824526042e-01 6.742223626617828147e-01 6.689344208385029633e-01
8.326469276404205866e-01 8.351936049083309443e-01 8.426765750636109331e-01
6.654979670302682004e-01 6.198392846059573857e-01 5.906667573119488424e-01
5.972499188687268035e-01 6.144596458059177202e-01 5.780387995887397157e-01
6.017786506330540242e-01 6.560159390581954408e-01 5.862774280666835924e-01
4.949173541594195092e-01 4.484014551065545473e-01 4.706266233451337766e-01
3.310843140158062359e-01 3.309560831858950891e-01 3.519387362193553970e-01
9.043613075584454597e-01 9.310138655994816270e-01 9.180649914159142444e-01
4.041889393181836709e-01 4.008256444279330033e-01 4.557529637975658576e-01
4.392864025973863273e-01 4.993382964903689269e-01 5.108903634723233056e-01
5.974173751780860186e-01 5.921476058710390955e-01 5.728353558662505618e-01
7.343914550368584315e-01 7.828354456077145640e-01 7.572523873475215384e-01
3.467578293020426305e-01 3.750905397497019678e-01 3.750980112734311755e-01
6.615022108193546746e-01 6.419921954503807759e-01 6.695163600555400496e-01
7.883299455507273290e-01 8.068508094870162628e-01 7.539755700736157085e-01
4.444571250476066493e-01 5.429747392353329039e-01 5.697920449024734824e-01
4.448907583895346796e-01 4.386171627025233222e-01 4.283389178928633245e-01
7.722030731609521581e-01 7.587660912722586914e-01 8.263084758378095307e-01
4.757130319160536858e-01 4.703632854955046572e-01 5.859754560333729767e-01
5.297671156049517105e-01 5.291702910465267973e-01 5.365350616814121842e-01
5.155011510876483793e-01 4.654646119426525952e-01 4.601032396698827576e-01
5.236107006770532868e-01 5.235239599376660946e-01 5.693587645730854296e-01
5.579954879061853612e-01 5.308136946303810833e-01 4.724299705670345073e-01
7.623160653762863781e-01 7.811689251909285092e-01 7.605526015999684031e-01
6.301914152197893859e-01 6.310499653734986669e-01 6.092300066353869559e-01
9.131930625674583579e-01 8.761985286848663623e-01 9.231906545179878743e-01
7.339193052623416147e-01 7.132956070017796302e-01 7.486608341041794956e-01
6.790306997502363329e-01 6.065234779555445099e-01 6.134671893757833727e-01
5.658092361932460790e-01 6.095512487024142834e-01 5.764446368458590042e-01
5.763498370169570784e-01 5.857332953208332915e-01 5.677967498310381167e-01
5.740874652503958897e-01 5.591572235728090590e-01 6.220693512285031535e-01
4.179364425820075724e-01 4.139944367151602300e-01 4.384474901227745081e-01
7.025447791755360383e-01 6.960867736626836777e-01 6.386387749530361146e-01
4.476253624388113472e-01 4.546846510020751686e-01 5.245911801252238771e-01
4.228411358990671887e-01 4.648398552750491186e-01 4.631503195801318640e-01
7.374916469335220937e-01 7.163116950306546160e-01 7.501257553524692812e-01
5.267247846087251828e-01 5.228919474889694996e-01 6.079562072334535605e-01
5.236294783891040083e-01 5.025856301050780628e-01 5.277275753115718837e-01
3.352206310888868890e-01 3.050591365140107314e-01 3.624217524703345350e-01
6.482100508170089981e-01 6.813978443035400012e-01 6.677721488044487952e-01
5.753346294081876922e-01 5.072410335616567290e-01 5.521206664831994626e-01
5.181651420443481593e-01 5.094156773174248753e-01 5.372622694075067651e-01
6.933080012725700847e-01 7.057396339308629196e-01 7.118206089704759432e-01
6.981788126042165477e-01 6.907380001738590014e-01 6.212600116705566666e-01
5.348215120625023911e-01 4.728934574854244399e-01 5.213925661415539370e-01
6.152418263799448450e-01 7.014510214432674307e-01 6.650384844604076973e-01
7.382680859620345259e-01 6.933239389190457569e-01 6.959413399904806896e-01
5.758076119298035644e-01 6.639042538164084961e-01 6.434280385075999975e-01
5.681379811492672793e-01 6.144474249015577927e-01 6.421790113248919685e-01
5.871489041681909882e-01 5.463352811440371770e-01 5.599502196320159664e-01
6.243360796335144514e-01 5.618648856408225978e-01 6.818031674262037267e-01
6.568909245087046767e-01 6.269543325534356892e-01 6.137447991949201986e-01
6.979125996490409545e-01 5.889840886716983803e-01 5.958232036094750494e-01
4.386419178789958684e-01 4.586671106102701567e-01 4.744762700863949245e-01
6.385521765079218426e-01 6.770323869847681975e-01 6.360598003312664117e-01
3.579625555926734815e-01 3.596658325977147852e-01 3.234967586580939636e-01
5.473160884710338570e-01 5.817657733504337791e-01 5.310257768192417904e-01
6.318843034877807963e-01 5.829266067743844593e-01 6.338703017551582386e-01
5.038464668796918122e-01 4.830268666403813582e-01 4.739474721821458902e-01
3.871414704007948848e-01 3.641398523535999687e-01 3.904344089515313088e-01
5.651536739067604120e-01 5.842607655990434967e-01 5.804079040707081916e-01
7.190937082637707256e-01 7.307245348503128568e-01 6.533384076265353890e-01
6.663427421571285203e-01 6.390189422960703691e-01 5.996150776440296593e-01
3.998414857899032504e-01 3.739892616979739737e-01 3.762471577335094186e-01
4.692184518858736331e-01 4.411474086367637715e-01 4.281856705911757377e-01
7.257186343352444169e-01 6.776597601390257353e-01 6.230530122494787326e-01
5.025878110328998449e-01 5.440288160374977533e-01 5.885327513249938303e-01
7.198203615688429924e-01 7.851860173220402972e-01 7.646416411630935217e-01
7.293202053935649021e-01 7.547646119436067780e-01 7.768135295960805209e-01
4.444195039987216544e-01 4.997997826299968582e-01 4.588620973047843332e-01
6.795614558391573912e-01 7.111510468212675073e-01 7.894402276641329097e-01
6.364082385333846847e-01 5.910830513167979472e-01 5.816599542417648649e-01
6.779804682832867302e-01 6.892890518925685051e-01 7.073135732484497895e-01
5.501906857353023872e-01 5.559713037834648208e-01 5.575538497657023251e-01
7.876181565112498895e-01 7.024906206061569680e-01 7.485094269850025572e-01
4.679695733864826512e-01 5.276697373806513713e-01 5.359993370451268113e-01
6.574896942684925749e-01 6.630288307382750101e-01 6.430227756613170476e-01
5.907838822642486054e-01 5.274511219819302266e-01 5.810964801059550489e-01
5.900774971640571076e-01 5.390835479981357370e-01 5.449941095641368527e-01
6.506671843831226543e-01 5.629728197035185344e-01 6.038023834738510676e-01
4.763184401274456747e-01 4.857670415992840773e-01 4.366194514925437753e-01
5.518670715917731728e-01 4.908357541493500453e-01 4.803421535028782885e-01
4.183292452229380176e-01 4.336785156857104750e-01 4.086613069272557741e-01
3.204411978254430582e-01 3.255679710720479902e-01 3.258863096499889367e-01
5.602688206938881699e-01 6.123683001956490290e-01 5.911529483950357378e-01
7.817287897547573472e-01 8.074229578429438225e-01 8.183772770258294083e-01
5.264076647741718906e-01 5.347081647391502823e-01 5.872978771912314988e-01
4.869765102115201638e-01 4.360254867244982013e-01 3.937658306983350953e-01
8.396053432673252770e-01 8.203566417365524277e-01 8.594770192686101984e-01
7.246496887329639813e-01 6.462576415217708981e-01 6.975794858619057681e-01
4.916027284828689559e-01 5.487236995658023586e-01 4.919126493675531897e-01
5.509216796439123653e-01 5.387098180451048712e-01 5.701197546919342107e-01
4.751075194448919903e-01 4.775796959169890665e-01 4.445143822628301322e-01
4.978269693258929318e-01 4.284449528126497708e-01 4.559953856078302614e-01
4.119808288804283070e-01 4.120102262855863673e-01 3.906513943387194265e-01
3.967481689297024938e-01 3.596573804915974004e-01 4.063744583211486572e-01
5.907955449298614159e-01 6.175872195159469724e-01 5.464458010604226201e-01
6.367526897683578602e-01 6.629050112240907344e-01 5.872190953524225598e-01
4.809318494334978156e-01 5.501617955602691179e-01 4.790462324521994608e-01
5.545119749904980910e-01 5.202516136541942560e-01 5.623535994500162838e-01
6.123078443468545906e-01 6.210624658525807362e-01 6.010616565378349430e-01
5.662683808366067995e-01 5.048659457440374254e-01 6.080635856300173891e-01
7.238765426742285181e-01 7.415295248436208908e-01 7.135536090870162607e-01
7.648487509451299404e-01 7.742135098035898277e-01 7.345092768074197309e-01
4.896217035822658659e-01 4.910702161047593162e-01 4.586074581132250638e-01
5.175268322281492139e-01 6.034588819810241533e-01 5.929823140826371297e-01
6.902308903920454375e-01 6.546186337632369234e-01 7.310124223523876141e-01
5.694591188579470886e-01 5.926968156673719790e-01 6.267772832953573126e-01
5.503122130446019833e-01 5.508519820180356463e-01 6.052069689053664048e-01
5.896656606555041868e-01 5.658034233590926165e-01 5.371578519891848646e-01
5.562444567036990417e-01 5.474914254586814577e-01 5.002672380988343326e-01
4.118212214410518768e-01 4.327816156779258905e-01 3.277058355456980987e-01
6.630934828128819403e-01 6.647044142495239782e-01 5.787879436363674301e-01
6.098120796359247642e-01 5.990025863463114275e-01 7.144815794441731205e-01
5.294991343048781607e-01 5.535194822690512328e-01 5.756380343681521961e-01
5.989959244232666569e-01 6.262896839160129181e-01 5.980548686559468141e-01
6.545563953497093301e-01 6.538831212079937449e-01 6.556125178053828773e-01
4.776624473073500243e-01 5.289133860237921203e-01 5.045370452206664469e-01
6.214794249926631764e-01 6.252007314956610218e-01 6.886173046734839209e-01
5.153698525814648379e-01 5.293444340669866133e-01 5.869919110584657096e-01
7.009717008060735166e-01 6.951183746575626543e-01 6.663701838705041736e-01
2.820031589919121950e-01 3.402360057707061736e-01 3.881854211807818644e-01
5.027383228192551234e-01 4.430140145246788674e-01 4.222557706611447248e-01
5.038997718327286046e-01 6.049295140327897169e-01 5.123198774193965521e-01
5.778130622292226848e-01 5.642644939403241855e-01 6.060759508554189878e-01
7.148431845281969510e-01 6.499377115214453049e-01 6.994803990518059233e-01
5.252149772229837144e-01 5.081196512929042619e-01 5.111278915201981077e-01
5.310836734619772681e-01 5.750424713606672178e-01 6.191338423107251021e-01
5.538832446330089754e-01 5.311757496937146161e-01 5.329493528017611448e-01
6.486290530069814819e-01 5.911353300445283399e-01 6.224990341475352684e-01
6.255692221873007108e-01 7.125715946779895837e-01 5.784446597712431526e-01
7.171345509096888060e-01 7.044272398587961836e-01 6.867337014092671499e-01
3.779380290488519312e-01 3.740656760434311612e-01 3.656285704603027265e-01
7.448218492740695806e-01 7.435524948265496148e-01 7.305054969598273606e-01
6.340174425952402881e-01 5.998732957475060301e-01 6.081377355424372189e-01
5.495749861616426868e-01 5.641159076552112461e-01 5.691036231766345432e-01
5.595762095538814318e-01 6.339247674375636521e-01 5.305436152273721451e-01
5.166955942055040385e-01 5.388937524401135049e-01 4.789277475212765367e-01
6.343622173904820416e-01 6.318909964122196854e-01 6.837697307751351428e-01
6.312520821443246000e-01 7.036716128471587339e-01 6.687983988219511344e-01
7.405854716654858283e-01 7.397303459658808311e-01 6.888148255136881115e-01
5.400570887589974944e-01 5.690555081402347559e-01 5.606007027690353972e-01
5.766165593086551855e-01 6.235781346339044351e-01 6.054836011559187048e-01
4.512784560090621344e-01 4.460382148133633096e-01 4.734800972606649228e-01
7.651537133782725375e-01 7.446307069638840037e-01 7.757196211616510517e-01
5.900260312126589524e-01 5.869168097704314802e-01 5.430421104165138457e-01
5.492433382398155262e-01 5.606010936514703724e-01 5.454450337582614772e-01
6.184751898628163547e-01 6.897092788484827652e-01 5.376297692701909048e-01
6.425330532074612355e-01 6.476170931929715602e-01 6.823578653061108668e-01
6.211767926497112624e-01 5.892862276852298686e-01 5.989660017996315533e-01
7.320701433274674486e-01 7.519544133225639637e-01 6.861250166684033092e-01
6.281572684335809953e-01 6.984237898610301531e-01 6.768644262235778974e-01
4.507333395262764775e-01 5.619691316201030906e-01 4.631880609779028268e-01
7.945266544229492300e-01 8.000451110535290455e-01 7.644765745118069500e-01
6.851220334697445402e-01 7.238454321300488159e-01 7.103633944992742144e-01
4.025508043445260031e-01 4.209737094928854284e-01 3.864458056712790635e-01
4.448338072915271058e-01 5.207667885264760654e-01 5.023000309453010681e-01
7.738552038171733205e-01 8.080802723446370850e-01 7.308435023955672794e-01
5.017971068858178008e-01 4.479616349783815399e-01 4.804319140715552217e-01
5.118775374187769511e-01 5.577116552024802276e-01 4.762206557664458439e-01
6.640326650674746034e-01 6.857053910983001987e-01 6.815850830164995600e-01
5.292884627210818760e-01 5.463832434440648589e-01 5.424682610112739889e-01
5.980045381269625260e-01 5.925390489708354247e-01 6.720229193147012614e-01
8.098456124558361946e-01 7.368408758307871675e-01 7.472816907009326437e-01
6.649183450895853609e-01 6.629669531383329817e-01 6.185097073985103000e-01
5.580635399877368341e-01 5.561231968137533288e-01 5.443384622479845447e-01
6.763145603114077975e-01 5.713504714724881861e-01 5.971577292257674863e-01
7.737378626516920876e-01 7.581090865596654682e-01 7.887735296789075701e-01
5.675694675287087376e-01 5.972718253314255321e-01 5.437416624725356362e-01
5.547724796758254362e-01 5.651818680885216661e-01 4.919459590432282425e-01
5.801755394816365818e-01 5.342049745426341589e-01 5.575857277635729581e-01
5.708441668883406095e-01 5.359053722423438026e-01 5.652102295322389836e-01
6.490126886470216627e-01 5.755537929855591983e-01 6.449209534995808957e-01
6.516700589236258390e-01 6.487633989395481526e-01 6.733982220602523494e-01
3.746245621263439851e-01 3.472758613953931817e-01 3.321626474146949226e-01
7.990343952623829571e-01 7.404846030063031437e-01 7.450740119712935261e-01
4.272604254526917722e-01 4.630833160980630248e-01 4.685186416346814875e-01
5.919148737456816356e-01 6.345860031061461015e-01 6.953401938972286755e-01
6.278586712330501696e-01 6.430195390353871110e-01 6.082370451712967308e-01
5.141626286233466070e-01 5.383820141892113886e-01 4.954551548494086077e-01
6.034070430454195888e-01 6.740528932991850519e-01 6.267078888454602481e-01
7.985000566363549268e-01 7.813282034852725433e-01 7.954419309078101241e-01
5.023782581209063069e-01 4.784097170897504969e-01 4.303880130747076427e-01
5.902482495829927123e-01 6.462676663991511194e-01 5.911698723999821992e-01
7.318942602041283996e-01 6.608650951970387322e-01 7.747482985150659918e-01
4.552595318815897962e-01 4.592799481862969713e-01 4.423632214915290128e-01
4.541007631620151419e-01 4.905848395881476920e-01 4.278442162336426602e-01
6.943961155362559090e-01 6.379529448522388568e-01 5.856877126429170799e-01
5.453266381848990152e-01 5.991787796766495644e-01 5.954112400341056155e-01
6.184752991406822220e-01 5.909684405685268205e-01 6.104137818524137948e-01
6.334157333381998933e-01 6.491253823078863006e-01 6.420319579967147527e-01
6.279390879246516954e-01 6.122183749718196344e-01 5.925248884256051340e-01
8.071127019930416369e-01 7.956091950582411254e-01 7.685483584429166903e-01
7.699158946437092421e-01 7.528695000401530724e-01 7.067454570733073815e-01
5.808602678730705460e-01 5.060304697093522819e-01 5.744301822415318615e-01
6.832658937312182656e-01 7.899823791207399859e-01 6.780804454589245411e-01
4.585488875331504288e-01 5.038314200512556962e-01 5.505720537273867121e-01
5.443431838415567769e-01 5.613273817321787762e-01 5.099089299587561408e-01
6.680928520747919652e-01 6.917254213101886595e-01 6.260261761168379735e-01
6.129333425252418976e-01 6.236466127141644389e-01 6.590371082488439836e-01
7.069233077748761085e-01 6.762744793562651680e-01 6.328329900244532569e-01
6.567645425263307635e-01 7.221603329576317121e-01 6.912732939676954347e-01
6.776398521363071747e-01 6.663914416929637152e-01 6.598030168132583695e-01
6.621157299004530872e-01 6.093722716548167773e-01 6.146610372540827205e-01
6.905548838970509973e-01 6.901563385547373475e-01 6.462329768745102010e-01
5.893150238554525355e-01 6.459534081074534972e-01 6.047458450469928026e-01
4.282883939993998301e-01 4.783542769742001322e-01 4.966300376215234680e-01
6.943788774216111959e-01 6.780439944303867650e-01 6.738783448619848349e-01
6.617447745159700245e-01 7.011461159069699578e-01 6.927272129998487404e-01
6.569554123739401730e-01 6.222493185218366252e-01 7.136447973896963282e-01
8.522928828556971537e-01 8.338482931081038219e-01 8.309811495091968814e-01
5.774458217305536989e-01 5.961440552551684480e-01 6.063439837019940493e-01
7.422669052785365595e-01 7.464597538713806379e-01 7.204584625446123214e-01
4.554299679842812032e-01 4.649034253090011393e-01 4.751222566641655209e-01
5.536925871560072210e-01 5.647520236056824405e-01 5.108641699553653215e-01
5.426107699910148741e-01 5.067809044018446452e-01 5.606902651143783611e-01
6.235317893691705304e-01 6.703933767421812462e-01 6.583882193456866982e-01
5.167616012819109539e-01 5.080138995013512293e-01 4.542987542582497262e-01
4.921879365810505891e-01 4.937028641638256388e-01 5.399131392323563983e-01
4.959263862719345828e-01 4.900342262051286535e-01 4.995391392521060236e-01
6.246724683676566636e-01 6.197240492363964570e-01 5.547306665537763415e-01
5.802154951354818735e-01 5.741029679747666759e-01 4.961118052454493443e-01
4.107121147884493784e-01 4.354567935859893213e-01 3.629289988172372805e-01
4.736715823756972865e-01 4.834627082819213939e-01 4.888951608048177633e-01
6.846687156497465176e-01 6.909237177552783882e-01 7.541135417527536910e-01
6.379807131857395675e-01 5.836647207342152699e-01 5.996185501838628973e-01
4.709038347305987138e-01 4.770195383021152424e-01 4.340840950824542688e-01
4.338066724783590233e-01 4.632751378609691328e-01 4.546964767787630701e-01
7.981649146429133923e-01 7.822963744295864386e-01 8.069468324727727682e-01
7.479362158153878282e-01 7.633000520842578851e-01 7.547655592810161851e-01
6.583602391575336110e-01 6.363067564528582798e-01 6.136788530712856682e-01
6.359722197598419724e-01 6.642847298910222742e-01 7.215168695080134142e-01
5.159124658697563648e-01 4.988306891705727164e-01 3.750097865724317803e-01
6.207606432353356407e-01 6.397244760577720513e-01 6.171506028854637504e-01
3.285944742928194606e-01 3.083603985473908349e-01 3.386055080582650589e-01
6.095791421772935870e-01 7.052120420677118195e-01 6.510069191031525593e-01
8.413607602305979150e-01 7.429303724540322618e-01 7.560398466308726473e-01
4.611043022443387374e-01 4.084986814706363378e-01 4.607943244733626043e-01
5.756201638524852671e-01 5.650787857327665975e-01 5.469711734144818704e-01
6.012412886269332679e-01 5.787026234279595283e-01 4.790003917297854241e-01
5.028610615369699666e-01 4.144602323122017484e-01 4.864100416084029543e-01
5.011552663211632508e-01 5.448324611158634756e-01 4.814382693245936595e-01
4.479541772123382115e-01 4.922385752070661535e-01 4.443829522960057177e-01
6.554329812523495002e-01 6.203299496940031243e-01 7.225036481931739196e-01
4.199990563255556753e-01 5.087261992288348855e-01 4.291650435943947239e-01
5.937647725635400997e-01 6.328940685973111213e-01 5.910750809807742145e-01
6.049136961952106262e-01 5.568454081975311443e-01 5.043413314725924135e-01
4.555267347294170710e-01 4.556385206090117213e-01 4.078635924316898476e-01
5.483640083797056697e-01 5.318561888639782298e-01 5.829882192791659978e-01
6.886861305513982678e-01 6.771526578136000118e-01 6.582344144003778874e-01
6.400651361228526515e-01 6.470797826172194345e-01 6.599311300430859006e-01
4.353257505082449574e-01 4.075256734602064612e-01 4.367445661666976564e-01
5.607994742477023786e-01 5.526698979307987925e-01 5.960310821534314796e-01
3.940660572789163596e-01 4.126573937811943149e-01 4.790189565954688367e-01
5.707579474650917861e-01 5.570351341773845943e-01 5.321694066139180945e-01
6.724776946296878721e-01 6.029596133633855493e-01 6.685704430184497005e-01
6.805098230503093815e-01 7.071064896855370208e-01 6.357880137514532182e-01
5.362762400635122662e-01 4.940200978864248693e-01 4.737777685814308914e-01
8.122303874497655007e-01 7.989953264164513236e-01 8.189154818218928877e-01
5.765386870077933157e-01 5.519143690355030607e-01 5.345107530556335584e-01
5.804614742884622869e-01 5.695031309157331245e-01 5.989282146721094380e-01
7.263018163869666699e-01 7.401914569377872066e-01 7.624466849633344534e-01
7.270385685931224362e-01 6.938285571002569263e-01 7.741390183096561461e-01
6.611430732218860351e-01 6.820976269124028324e-01 6.926097686416305965e-01
4.878505024760649844e-01 5.261978734028553983e-01 4.945908652074005873e-01
6.153079294499063101e-01 6.000791631664771364e-01 5.881686037480545748e-01
6.709703610004513763e-01 6.288458546753683542e-01 6.789539860110580527e-01
7.195965793884576689e-01 6.607214112504787851e-01 7.273435863522309530e-01
5.332329933297194069e-01 5.225734680602207582e-01 5.412807246974404851e-01
6.581196183696783608e-01 6.794011714974771410e-01 5.978966984928028028e-01
5.464438276873649913e-01 5.985482728602762315e-01 5.454248750510592991e-01
7.210653869772268854e-01 7.121766571290991665e-01 6.715299011019191244e-01
6.573076064034604205e-01 6.485619910495431517e-01 6.127354287617859940e-01
6.445594546034379979e-01 5.610889893884507540e-01 5.813864569019748796e-01
5.392072587375008608e-01 4.983679965918537125e-01 4.713241024884244901e-01
7.589313782115770790e-01 7.151176601989766013e-01 6.833686094727728921e-01
7.410521967938320520e-01 6.823929719860235554e-01 7.008608280226726883e-01
5.966262308700309713e-01 5.682376164770222005e-01 6.007157278566697123e-01
3.800684813553519281e-01 4.692526622083059151e-01 4.567534530108434687e-01
4.289281464702348612e-01 4.183640733293947922e-01 4.963166096573605746e-01
4.417728772007293303e-01 4.825193169190108988e-01 4.169077812200852606e-01
6.423866797657958871e-01 5.935345245616669985e-01 6.091625597976978446e-01
4.706004811412712874e-01 3.903991319088767620e-01 4.591380999751461522e-01
4.332680989261596949e-01 3.897653020357810805e-01 4.260287550527521172e-01
6.736014068806769339e-01 6.538458794676735852e-01 6.666192092227039012e-01
7.980049627581816685e-01 7.507241366322973120e-01 7.907635793963928572e-01
5.409682049351027811e-01 5.422490060651576904e-01 5.895014607508572979e-01
7.267170035392225280e-01 6.983580803916896729e-01 8.036613217657070374e-01
7.981135187443639811e-01 7.676032868450121116e-01 7.697516851229229129e-01
7.620955828635462836e-01 7.871830292274831775e-01 7.634169411649790460e-01
5.764828097490084513e-01 6.391769849834069150e-01 5.986081416382181830e-01
5.487246731308009773e-01 4.537515695135527771e-01 4.965982662151905980e-01
7.979066547871804804e-01 8.004210909703296517e-01 7.625211940058581606e-01
5.345368173815272517e-01 6.556027228143198604e-01 6.042962273503761361e-01
5.906656328146909773e-01 6.039770214906937662e-01 5.936962263216291058e-01
7.704649346136128729e-01 7.111124599291547277e-01 7.593384984119395664e-01
5.567312065807211718e-01 5.005394098754086807e-01 5.362870686177747537e-01
2.960253450021724242e-01 2.972250188501904811e-01 2.672397709396088228e-01
7.768396187271026099e-01 8.326036705043302621e-01 7.796373008077985833e-01
7.011880739779435823e-01 6.870236778200986549e-01 6.954497081378859802e-01
3.480172534262681028e-01 3.730961774687040489e-01 3.215481047218471389e-01
7.779843966051653847e-01 7.275042542102804211e-01 7.579019003388042242e-01
5.770281959544272254e-01 5.439356700509411224e-01 5.358064043979060553e-01
6.351215698465032533e-01 6.039882035064337851e-01 6.118794516653975890e-01
7.183934663892156403e-01 7.048888690037163895e-01 6.932443902625415877e-01
6.302492922843778711e-01 5.874695359843377096e-01 6.623044052997789644e-01
5.860341070142868203e-01 5.032506003948327145e-01 5.075011457512353941e-01
7.828934784041668982e-01 7.878185425983333934e-01 7.394221232495115093e-01
6.986292165465031179e-01 7.274852789725790858e-01 6.728178752291121834e-01
6.068288430928209243e-01 5.743958506525398411e-01 6.260327933056486494e-01
5.874441684259650298e-01 5.698937537437452905e-01 5.779484912828142251e-01
6.406107679754513562e-01 7.086253563839621794e-01 6.555322437000768998e-01
4.837703845794544266e-01 4.388914876390156428e-01 4.726585775419407942e-01
5.385163223581593828e-01 5.745091757777013308e-01 6.236112533899352828e-01
6.976002905946178112e-01 6.774447713866196263e-01 6.730877536140194017e-01
5.221388523777582558e-01 5.537280599662895986e-01 5.851317492765579775e-01
5.070614800886300566e-01 5.060819818861074237e-01 5.218091954869522597e-01
7.086450566687105823e-01 7.291934551769516659e-01 6.845515307785293713e-01
7.220852246943263442e-01 6.990420611227818881e-01 6.981793727952642081e-01
7.352038451034259570e-01 6.998631601755380682e-01 7.479773781148045808e-01
4.024054928652442964e-01 3.828900403122351692e-01 3.810584430354542196e-01
5.740496475122357500e-01 5.217740911691830519e-01 5.096322464140743413e-01
5.596333432111101347e-01 5.243380487089782660e-01 5.442432640176760872e-01
4.247384449411343299e-01 4.001000642581754030e-01 4.936614143381473085e-01
6.017182790217379118e-01 6.937939137693762692e-01 6.483630981954049410e-01
7.114079165710078811e-01 8.023432038399056498e-01 7.263398303984530680e-01
6.450220831533720611e-01 6.125254174018005537e-01 6.210837435602962753e-01
6.128883724071694239e-01 6.468616746298235798e-01 6.509423982184309176e-01
6.054099832158400529e-01 5.885238283000489012e-01 5.916010328780643146e-01
7.029430378987058248e-01 6.356561450220027387e-01 6.808707441473094146e-01
7.175295251901502303e-01 7.981462201731112094e-01 7.500092495975656526e-01
6.448139282189865318e-01 6.369178804277698669e-01 6.979818435591498282e-01
4.677097072980739845e-01 3.742818384145329969e-01 4.276424139237733901e-01
5.882326457730372438e-01 5.571419025882252685e-01 5.841920545471296355e-01
4.542221463331950759e-01 4.785881391509783089e-01 4.665085079094501985e-01
4.949617099497735095e-01 5.073046460665910917e-01 5.133767056586203692e-01
7.356585092161812556e-01 7.691506179262541654e-01 7.892414561595122446e-01
3.801566879875727389e-01 4.121554880421372524e-01 4.829993488121152034e-01
6.216049042684713699e-01 6.197081740855362453e-01 6.155379739640352010e-01
5.933704052555665021e-01 6.697977908966978866e-01 5.890202840538701912e-01
5.988436038263766914e-01 5.945476452405865642e-01 6.038895948629906529e-01
4.768037443643527995e-01 4.530113953688985062e-01 4.423988635869232078e-01
5.758269222524365905e-01 5.733488544584248725e-01 6.043040996115764951e-01
8.400602957798664061e-01 8.039873575105184189e-01 8.134693644540662572e-01
6.419968252879799664e-01 6.438699131313083690e-01 5.819701661112276492e-01
6.352418157404187138e-01 6.405076791802938319e-01 6.444318243319694384e-01
4.362862076279974688e-01 4.544435971374399252e-01 4.260947431725009005e-01
4.724695982456881271e-01 5.510431194451704817e-01 5.503252776658403844e-01
6.039497579962251894e-01 5.727107783314706602e-01 5.429901153913063716e-01
4.951271345884248332e-01 5.391997949696838432e-01 5.326505483241145145e-01
4.775964155672028366e-01 5.151114169152340994e-01 4.597038972314925753e-01
6.371579293290839940e-01 6.497537509766525554e-01 5.820268101622119161e-01
5.445564204010291398e-01 5.488774409224572715e-01 5.431925247307802795e-01
5.993315286687020960e-01 5.696489876762088622e-01 5.104518840586590445e-01
6.410356490491492254e-01 6.351037061525136584e-01 6.517267618760869130e-01
5.633772002329603401e-01 5.489156023867293177e-01 5.728142469932443470e-01
7.108857949202753712e-01 6.454171390740701675e-01 7.011437962249890132e-01
4.533590692415377932e-01 4.481204353057181011e-01 4.480006077893438077e-01
6.597644060994559689e-01 6.997178065849450901e-01 6.316860102216582673e-01
7.331670520713902128e-01 7.393558846594773248e-01 6.196627386383475322e-01
5.218122168641002867e-01 5.924409496252245333e-01 5.348469969299354254e-01
5.213123460023580957e-01 5.847122439377698822e-01 5.141628178654605863e-01
6.086493920642185307e-01 6.398306121777549427e-01 5.933914439260713491e-01
6.162311105767072084e-01 6.524754739794502711e-01 6.225287941166379735e-01
5.247920925482533194e-01 5.368961717032800784e-01 4.901176053438219826e-01
6.316313599338946316e-01 5.160940138539424904e-01 5.655484674870251416e-01
5.229018354658987455e-01 4.897065833813245006e-01 5.631479155017925509e-01
6.733169817892041831e-01 6.862058067330274458e-01 6.693930112203118066e-01
6.574669115529687691e-01 6.459467864910130031e-01 6.864087707854695797e-01
7.341953030682227821e-01 7.296892956570486533e-01 7.162584813609289558e-01
7.099476691387262006e-01 7.042743315605930476e-01 6.662685345667458403e-01
7.195043335657800299e-01 6.880777584808528413e-01 6.811571191788396984e-01
8.981309417282918872e-01 8.865134622573039858e-01 7.654222101295281577e-01
6.745989806301172509e-01 6.783845667904752075e-01 6.923665114192097958e-01
7.041142520375034408e-01 7.340595874395638987e-01 7.440142563209998228e-01
5.290898682541256282e-01 5.828981710295578766e-01 5.210456310754799647e-01
4.405671666336626324e-01 4.761862469032256406e-01 4.826984483662671299e-01
5.265426644761348474e-01 5.557015896684827094e-01 5.343791012821086372e-01
7.072492009410045188e-01 6.648922944185096107e-01 6.572481480477183613e-01
8.834149446364825131e-01 8.476432215577444085e-01 8.048067033859267472e-01
3.695233636257533316e-01 4.162175587449438163e-01 4.048544212347893745e-01
4.505145322824427589e-01 4.872799659761133939e-01 5.250662571087080233e-01
7.411919422131368895e-01 6.527560801799575652e-01 7.443505896661124499e-01
7.372541154979411759e-01 7.832471915260716955e-01 7.022678192968438982e-01
5.432168410458516616e-01 6.055779441008078967e-01 5.858600481786151448e-01
6.029771832153408839e-01 6.197476527365957111e-01 6.005118860744691478e-01
6.585121376781922775e-01 6.426827600263297358e-01 6.316589285410992849e-01
7.127990499650178613e-01 6.870327066957470086e-01 6.814943716667862805e-01
5.913266340345632033e-01 5.788130598818108652e-01 6.426313324963763840e-01
5.672087170571827874e-01 6.045423501271863786e-01 6.213237163624006909e-01
4.280570855568039956e-01 5.013539156154245280e-01 4.550994765476144011e-01
5.682756155875090531e-01 5.443240003547349382e-01 6.298570117123779566e-01
4.595633184353540290e-01 5.323468141324443348e-01 4.340063518627674255e-01
4.940548088195462761e-01 4.876905311689646583e-01 4.948347974414993855e-01
5.954749920624080595e-01 6.051746165631890495e-01 5.862376701419049763e-01
4.387574618969304896e-01 4.306243394188441487e-01 4.492083230935513538e-01
6.661402012618090618e-01 6.342906493732501927e-01 5.660039044793160334e-01
6.581740571698697639e-01 6.118155698403696663e-01 6.244914008662989513e-01
6.595171498390873799e-01 5.672572861221620855e-01 6.320840477966611637e-01
4.893765600868241195e-01 5.422856664813504590e-01 4.773002402162566105e-01
7.654947133535170423e-01 7.180715844032531381e-01 7.473451684324048383e-01
7.850931279527469941e-01 8.117658275285635217e-01 7.329937865648379347e-01
8.424238616253825196e-01 8.639866598473427972e-01 8.301253543355129327e-01
7.186013165741790276e-01 7.010087728179917876e-01 7.341152929006734551e-01
5.613314469699829390e-01 4.612600465553673423e-01 4.414276799637195658e-01
5.010139376383199172e-01 5.014937603456200987e-01 4.787179373186898901e-01
5.344347883771282115e-01 5.407973187514294455e-01 4.927449880202162680e-01
6.279938979102711594e-01 5.844288561307168228e-01 6.469476695442009095e-01
5.807411778087473442e-01 5.674867491968329514e-01 5.358262634829044080e-01
6.955263332007678434e-01 6.779989719229605472e-01 7.386852194395691074e-01
6.090765065736950534e-01 6.145473922496015318e-01 6.075972167359194875e-01
6.753422513700971797e-01 6.573350642734478999e-01 6.760336649219931271e-01
5.213368663701678507e-01 5.693352103443596324e-01 5.766012718670243675e-01
4.157969824715015972e-01 4.691119952235371371e-01 4.277174863694160889e-01
4.914164284983625897e-01 4.757199204555822569e-01 4.501365845329706183e-01
5.046986672240295624e-01 5.255482472852861520e-01 5.227068720143929204e-01
6.526202258226598829e-01 7.637111623398971094e-01 7.564770616915219570e-01
6.993491105278601960e-01 7.387465756697203512e-01 6.873149179894854077e-01
6.187440261895343907e-01 6.382054157967738117e-01 6.271720486221643576e-01
4.330713570644242894e-01 3.845827146042826161e-01 3.974179424671893113e-01
6.784632399230325905e-01 6.956825759841888113e-01 6.940636812254875609e-01
4.254044356627695866e-01 4.984281386624305754e-01 5.112361779883501933e-01
5.276458676898851952e-01 4.953264140804812810e-01 5.134879090773952770e-01
8.644935333328285232e-01 8.382210365358163662e-01 8.816801837237883133e-01
4.935094907221548310e-01 4.437309306359289440e-01 4.895101254390802903e-01
6.959710263412701714e-01 7.339862374303538495e-01 6.820966085561424030e-01
7.412073980820998997e-01 7.815005656872663353e-01 7.492463650758507399e-01
6.453346303892113500e-01 6.882016749652304366e-01 5.832527729854470877e-01
5.904465264814170444e-01 6.317029118132969634e-01 6.516309990189563806e-01
6.295987713315398526e-01 6.408204413218410167e-01 6.254026410677777648e-01
5.632641381668497260e-01 5.733049397831478933e-01 5.253312370429501499e-01
4.449752137067011781e-01 4.116195918915014906e-01 4.001425997497054521e-01
6.848228964296613208e-01 7.202877125733313513e-01 7.134387388015880349e-01
5.210134860408928148e-01 5.039767594779975823e-01 5.083508890884704812e-01
5.918722106674045857e-01 5.744987509533161507e-01 5.829062479333289026e-01
5.544394835626549334e-01 6.018434416116975605e-01 5.345487177265075829e-01
6.540771659876359889e-01 6.704443078715255355e-01 6.633738104130625368e-01
8.522478657495415888e-01 8.752630565560209908e-01 8.843936127396918589e-01
7.593363409976956468e-01 8.408198651999325701e-01 7.895463313179696963e-01
5.268740159680727064e-01 4.733234224280746805e-01 5.480802144694564282e-01
7.416589315131175697e-01 6.594179105784631068e-01 6.709609736789449164e-01
6.320865342928271291e-01 5.614086678951432097e-01 6.021070326537939499e-01
7.507647080860412325e-01 7.156513615899412484e-01 6.776573445108452498e-01
5.162819434866185997e-01 4.655547364517820808e-01 5.122323215580817379e-01
3.262456552374172758e-01 3.277049780235177234e-01 4.022161493748098726e-01
6.138937794666026182e-01 5.512602074884102032e-01 5.609668056921116586e-01
5.388628923314088270e-01 4.696315666589868654e-01 5.510721622363384808e-01
4.677074393310727274e-01 4.753433736119384578e-01 4.365421303980922541e-01
5.839929513843974407e-01 5.689406074961915749e-01 5.666441908958804730e-01
4.980934931128477849e-01 5.951280413318245088e-01 4.368839797600402308e-01
5.845046928285423382e-01 6.531365062328846616e-01 6.469850767816801573e-01
6.870902536900506119e-01 6.558528413197538542e-01 6.517229973678033694e-01
6.416962328221909040e-01 6.660584173011248055e-01 6.906937933572854238e-01
6.678943074000485147e-01 5.980366219353601132e-01 6.271327957233248096e-01
5.799982578275586498e-01 5.223143770084863746e-01 5.282974020069068910e-01
5.672215226043674230e-01 6.123570852978791335e-01 5.921219232460239734e-01
4.949067028900347998e-01 4.965377667751278423e-01 4.802179823840030393e-01
7.221288015768553281e-01 8.371906269264073330e-01 7.662275697739148184e-01
4.613446154702484092e-01 4.245239767331002168e-01 4.829889091322083217e-01
6.221001784089207343e-01 6.086361268528407420e-01 6.215986278059485448e-01
6.739103832290060936e-01 5.877601718171634460e-01 5.387061998645016336e-01
5.772561274517209462e-01 5.435175978216471027e-01 5.314314068140609804e-01
4.624245495344975754e-01 5.160928647931866120e-01 5.798436408256331109e-01
5.109630401858294979e-01 5.799769339005713675e-01 5.674699034087051785e-01
7.712258946175416519e-01 8.318015997350528545e-01 7.304688365586462506e-01
7.035669541566114127e-01 7.120231712997812101e-01 6.986559235571018212e-01
6.449731409663245207e-01 6.652943968324467328e-01 6.700851818956464756e-01
5.385836243356114661e-01 5.663534547657068652e-01 6.456454207182642513e-01
7.173873550166847135e-01 7.990091055238328632e-01 7.007800553590789461e-01
4.568813599027785055e-01 5.034159246159563006e-01 5.156426406177410104e-01
7.976249831972971327e-01 7.576709668662549024e-01 7.593341607391587145e-01
4.337239161754071759e-01 4.502264556893761371e-01 4.879157152728614277e-01
6.128687037205065025e-01 6.786192996429447621e-01 6.403515697080326419e-01
6.101094294473886626e-01 6.343226568383457664e-01 6.052957403803387315e-01
5.206015324850407078e-01 5.423355759746937288e-01 4.770935896178798985e-01
8.675984799297240535e-01 7.591471655737093149e-01 7.723142859439817709e-01
5.477296117040836299e-01 5.642955360153302236e-01 5.313805043617279011e-01
4.626726548699247044e-01 4.312684295080504437e-01 4.899015535446855085e-01
2.812691135442349499e-01 3.089862306237582956e-01 3.329456365438000498e-01
5.572374465825368217e-01 5.864926292207800484e-01 5.378294073313996115e-01
5.098642227129532856e-01 5.602843649719714270e-01 5.637671707019425993e-01
5.548931662372257323e-01 6.097446498397333103e-01 5.184264942682279553e-01
5.076859722489839299e-01 5.106707826030985053e-01 4.600648579258846960e-01
7.170507367848981684e-01 7.450557824935104545e-01 7.332169230127635329e-01
3.381807091771155682e-01 3.610673361814969451e-01 3.024698206446548299e-01
9.488302141993265604e-01 9.196642556620941988e-01 9.281025226626071767e-01
6.056443792293730866e-01 5.937722374732815611e-01 6.005672392265856141e-01
5.062274018694408184e-01 5.238139253505560422e-01 4.831833883518086292e-01
7.535903821058050900e-01 7.675200882592924101e-01 8.101166449917831525e-01
3.987262829200369785e-01 4.530072332022697101e-01 4.910661710406836189e-01
5.295802847632899990e-01 5.770028931133881489e-01 5.423776031877660664e-01
4.553979669101647088e-01 4.001648288656624031e-01 4.479114535361400917e-01
5.385754912376647940e-01 4.500528182663539045e-01 5.416866315972083123e-01
5.008127704549205639e-01 5.373903997750171246e-01 5.628007265756985733e-01
9.164407372495984028e-01 8.789509403792257203e-01 9.167001778847599924e-01
6.599877253649423237e-01 5.896287584934268855e-01 6.424985634214007701e-01
6.420697098037010386e-01 6.084051425191822071e-01 5.406653908114141815e-01
5.347881506053298040e-01 5.075788873881927898e-01 5.118109935166451629e-01
5.670091702428800007e-01 4.831132294674150840e-01 5.821484737245886665e-01
7.086949096585091201e-01 6.645852193081853709e-01 6.034013108188904795e-01
7.028635025904267364e-01 7.566676497292423864e-01 7.074480253625479165e-01
6.132943849644426626e-01 5.677545332435448566e-01 6.217938650939404122e-01
5.513440783860728001e-01 5.267902922737370819e-01 5.686458355708828849e-01
5.055311374242851263e-01 6.001370960552064870e-01 6.021782816456795473e-01
7.047516221205706310e-01 6.946872234913671340e-01 6.057299638262367836e-01
4.886455576600649553e-01 5.671880268652708112e-01 5.435188403442599014e-01
6.745561818308181135e-01 5.960390578766026071e-01 6.844762611054313606e-01
6.477391569037348473e-01 6.272913696960690233e-01 6.793103953526292704e-01
7.012615920643506806e-01 7.189061867682049467e-01 6.641056916483111250e-01
7.484435081069593654e-01 7.953137538526491301e-01 6.809253453475759832e-01
4.033988727169186550e-01 4.754446234545128269e-01 4.712611488673494331e-01
5.196622855851849021e-01 4.409544768577951523e-01 5.011753135329350961e-01
3.705295427508306094e-01 4.124349466431866396e-01 4.209574643628615775e-01
5.638223676768960857e-01 5.673483860711079352e-01 5.664167816482543749e-01
6.201229056191454037e-01 6.666273214768313471e-01 6.296538155584806562e-01
8.222015515185101542e-01 7.769174163018618406e-01 8.266295813741068033e-01
6.317918986615560506e-01 6.280601706692152675e-01 6.523854663331029036e-01
4.110998554757307466e-01 4.717941408426975514e-01 4.851081411835225232e-01
8.443577817110241579e-01 8.547768797671928542e-01 8.203422617330048405e-01
5.931766910294148376e-01 6.373436364654685438e-01 6.874365039856907833e-01
7.103559777364415462e-01 7.549133780086622059e-01 7.239400513774899570e-01
5.868035297439153641e-01 6.524297811143072723e-01 6.636889347380492410e-01
6.084235669242978872e-01 6.144140365627920319e-01 5.175596144451884983e-01
6.659339899373902805e-01 6.777040881253050264e-01 6.710350370006367138e-01
8.816367048467269596e-01 8.107408519903791522e-01 8.541574914278061703e-01
5.463876418437106919e-01 5.922037541921741921e-01 6.108083010509911537e-01
4.467874096156143615e-01 4.595280467057119567e-01 4.138207871256717185e-01
6.321648307041989323e-01 6.385407210755077445e-01 5.992076135180501861e-01
6.230840253825086217e-01 6.140237359249536286e-01 6.123602851584883933e-01
5.779446122351613591e-01 5.887489635885285733e-01 5.119897473367491791e-01
6.323936673979276835e-01 6.247323017569271775e-01 6.525089282248599520e-01
6.211284812910403685e-01 6.298907712952418469e-01 6.966463009362449110e-01
7.998509979909832479e-01 7.670300164596671744e-01 7.965380173755700621e-01
6.578978002485591503e-01 6.689874289454438294e-01 7.024663411758949039e-01
5.057479351874968332e-01 5.033387415030056156e-01 4.990128262913212098e-01
5.599774859744826028e-01 5.624029639597019070e-01 6.783059962735682458e-01
5.882105129259634912e-01 5.907582181059567450e-01 5.939269470791598282e-01
7.044134629189378050e-01 6.789821882137104803e-01 6.877615155899652333e-01
6.665680163562527349e-01 6.036290849203332920e-01 6.948547768119196499e-01
6.926518435759221326e-01 6.852153942359928696e-01 6.433154199823359898e-01
5.292317994257298430e-01 4.230716585861631351e-01 4.466800763845090172e-01
6.653601869111313016e-01 7.358167465916759520e-01 6.260765356041846363e-01
6.320648453055187632e-01 5.609945280705139758e-01 5.953038778453695334e-01
4.056201608917485157e-01 4.447678368625368472e-01 4.544579151441937581e-01
6.038172013297556928e-01 6.168769845633129689e-01 6.001422951048848153e-01
5.960943033951867642e-01 5.779393651058681858e-01 6.168958064003963182e-01
6.044094881255148710e-01 5.962159036923901922e-01 5.850015503743268841e-01
7.622341470038597189e-01 7.649748674844419893e-01 6.859351659480799057e-01
8.903708076459395659e-01 9.143055907744298549e-01 8.632992141976353340e-01
5.643911199570239567e-01 4.981304531224799437e-01 5.596169552058334329e-01
5.186664254694330900e-01 4.932757499508268473e-01 4.921720482976735811e-01
4.488027499263559927e-01 4.551771549112864079e-01 4.476730794550761727e-01
6.609601734804236850e-01 6.540409249784427947e-01 6.556126185909789683e-01
5.861405317506125368e-01 6.382272865711837717e-01 5.612796322140759520e-01
4.708850371450309935e-01 5.482515331362667332e-01 5.257007625325105238e-01
4.912291586787553843e-01 5.064750139840473731e-01 5.502086811671205169e-01
6.393101110569081591e-01 6.167335686882852164e-01 6.205150685693534562e-01
5.516040301797680012e-01 5.569615284703646196e-01 6.101150773721473186e-01
4.169647745901048919e-01 4.064544226888223144e-01 4.066739996241223176e-01
8.568691825974230625e-01 9.016762277181532559e-01 8.828649583176170212e-01
5.782196134972107382e-01 6.892789428774523941e-01 6.077691241231820696e-01
8.084380874821990304e-01 7.409199508738114615e-01 7.558860679319546749e-01
6.240108961144682498e-01 6.293764973506386085e-01 6.400113769311924772e-01
4.924676549832000538e-01 5.150760590127383409e-01 4.224941179639297162e-01
4.287297818566618290e-01 4.204459308751842261e-01 3.791115171729870226e-01
4.648201382442427310e-01 4.509322366807462235e-01 5.331882234022473632e-01
7.325025582390042311e-01 6.903918937968367420e-01 7.356210455482836696e-01
6.283062570568602734e-01 6.195495846696130737e-01 5.652828686257558299e-01
7.953346375537458934e-01 8.157712831338209680e-01 8.234642047244807861e-01
5.674555991862921811e-01 6.113440836572854309e-01 5.134664518062380667e-01
3.571117943305024967e-01 3.507463224619485342e-01 3.564273393869336615e-01
6.257748014582353857e-01 6.209667832427684386e-01 6.720114976360015424e-01
4.810360479911048315e-01 5.427715001330355449e-01 4.907848529714831654e-01
4.870524820826732659e-01 5.486788305994136916e-01 5.083634275475427122e-01
6.371062316361228994e-01 6.033773521148954044e-01 6.654807389376612425e-01
3.756462539979960602e-01 3.915713637856766405e-01 3.969746528883526526e-01
5.126124394972580989e-01 5.830654794811362951e-01 6.018623232165352110e-01
7.614998967916881689e-01 8.304811521771773286e-01 7.975497329941271252e-01
5.312284379375471488e-01 5.904290643347149814e-01 5.546423937320192898e-01
7.553762012070499576e-01 7.302360381920027788e-01 7.330443964082289376e-01
6.072972562140276365e-01 6.163684581889057323e-01 5.848015294891576454e-01
6.428704017548393379e-01 6.280210336425691153e-01 6.305495969056803540e-01
5.576481625790089547e-01 6.316419865350967333e-01 5.664673103178358149e-01
5.948872703483342184e-01 6.160707181294097223e-01 5.983775281402294866e-01
5.371192360153377310e-01 5.366179688977783524e-01 5.219725382178950213e-01
7.014089321108957220e-01 6.555311849133704794e-01 7.059438518397270768e-01
6.428416408650183822e-01 6.512837618742388646e-01 6.265115866497976693e-01
6.650315621017136580e-01 6.601518675378342804e-01 7.386704187449310011e-01
6.580165699125561929e-01 6.501968471892796142e-01 6.062369905208561116e-01
5.030956644398533184e-01 4.830038154343437307e-01 4.737433200364078445e-01
6.425211819684074621e-01 6.032635075643352218e-01 6.327363435018585891e-01
5.886855350872868264e-01 5.438458642749610661e-01 5.376411200911961341e-01
6.179558675167909909e-01 6.701840569230265166e-01 6.395702308430536442e-01
7.173962370334616701e-01 7.486066867826091098e-01 6.912381051401673693e-01
5.199226603240548750e-01 5.741849346069413107e-01 6.118474340081142548e-01
4.668834202745527628e-01 4.008526559676195422e-01 4.168156974131131953e-01
2.979884752310626439e-01 3.419068119347031809e-01 3.409425488903980450e-01
6.791023054267814052e-01 7.154135205487894833e-01 7.389995181135966540e-01
6.280516349039273472e-01 6.117952018850413287e-01 5.930865662965328911e-01
6.200637381945660609e-01 6.170198382562972483e-01 6.176465116698096613e-01
6.433448573205484688e-01 7.508208069899912074e-01 6.338129337266847907e-01
7.246854451249319373e-01 7.767553103640246759e-01 7.359623744206245100e-01
4.386797532267197597e-01 3.472819856681352846e-01 3.130151838271650333e-01
6.518018158195898470e-01 6.841853092905125777e-01 7.261031955279144690e-01
6.429524520738015836e-01 7.031092751269679697e-01 6.793770692648511966e-01
5.866401484164246449e-01 6.977928509942401547e-01 6.578725742662180354e-01
7.794296903517881070e-01 6.999458739410422403e-01 7.463612470210679861e-01
8.603238711019501883e-01 8.188952224938954583e-01 7.968332511226149384e-01
5.595456093912601903e-01 4.907240752772729087e-01 4.828250067606193463e-01
5.699490976309453671e-01 5.992885606648664654e-01 5.596769483162932213e-01
7.736879917303276510e-01 7.499901283514088801e-01 7.754173170625745515e-01
4.629390580698867219e-01 4.080830601903269739e-01 3.680629792500683672e-01
6.450819203585455019e-01 6.105444101400911983e-01 6.524218360211964107e-01
2.905468264554601499e-01 3.957196916939550446e-01 3.656468062181196799e-01
5.850165442715116182e-01 6.509337955043761337e-01 5.980187456452673578e-01
4.332859558704526548e-01 4.688048577161905706e-01 3.870326057382675322e-01
5.961136852608645009e-01 6.297937985789302529e-01 6.039047976077654978e-01
6.403390429009608864e-01 6.232450928940478363e-01 5.710093352164286040e-01
4.399282319602533797e-01 4.688657300818764861e-01 4.755552710472810696e-01
5.480476848651084643e-01 6.135730912043364516e-01 5.456654177984896492e-01
7.602752770514320524e-01 8.405493241654197201e-01 7.890899541623757063e-01
4.295701949068728709e-01 4.147439682421975027e-01 5.114735146478220917e-01
6.176608001147640969e-01 5.484668424823488930e-01 5.949406474240124254e-01
5.406084341334296273e-01 5.065442658937707732e-01 5.420612862634557327e-01
6.026558304932514432e-01 5.830426855517530926e-01 5.973413807459623248e-01
6.198485952625043538e-01 6.131193585044470984e-01 5.943956754928061414e-01
6.171047765645941707e-01 6.305887646854012596e-01 5.513355261958033937e-01
4.575313958648554169e-01 4.799054911918411714e-01 4.710614085574983401e-01
4.787729244496918279e-01 5.093821687306520074e-01 4.757850798490310673e-01
6.812099684132107980e-01 6.142160131545790769e-01 6.871930820767028214e-01
8.310693103477162502e-01 8.531680742866070144e-01 8.633631671952084474e-01
7.060196843054543647e-01 5.685785465828109286e-01 6.551792567544413304e-01
8.027448577904299221e-01 7.179527858725722744e-01 8.178235013828987210e-01
5.913354030039065234e-01 6.047753590935175394e-01 6.439963436375641948e-01
5.787775159252828150e-01 5.967800419698370273e-01 5.616912243479864619e-01
6.610627802453143964e-01 6.711982968821462725e-01 6.578658237894778882e-01
7.050517085645953141e-01 7.165654059307178247e-01 7.260347846905046421e-01
5.444201565809276833e-01 5.759727973725775607e-01 6.059089707136450231e-01
5.420827790938139712e-01 5.391931561801937001e-01 5.046587413059614446e-01
5.405098190597225072e-01 6.007666756473546421e-01 5.325202326677171971e-01
4.178018292452354565e-01 3.302286495692002277e-01 4.099995967708069400e-01
6.389091688161101512e-01 6.031408752280442709e-01 6.371341502823991698e-01
6.252674527233619273e-01 6.300738252611760570e-01 6.859294856316161537e-01
4.733743016257028757e-01 4.932693996954295446e-01 5.321759322629205924e-01
5.713777952322703912e-01 5.833432882199366398e-01 6.187933230115107985e-01
6.719276859397077528e-01 6.963931128893549038e-01 6.724045243375479375e-01
4.508829455657101803e-01 4.571500510159755004e-01 4.836529771640957209e-01
7.707257092167143497e-01 7.855658572327764988e-01 7.143370999440384894e-01
6.953071888901077857e-01 6.903466292807641791e-01 7.138400638898194650e-01
6.384658137358703023e-01 7.425191873941561216e-01 6.833938449078711397e-01
5.028845726448992748e-01 5.156610480890198023e-01 4.704937981079607701e-01
6.557591797792569066e-01 6.392110154075224537e-01 6.224286175411273270e-01
6.789473016296359020e-01 6.597914427303267493e-01 7.193264875409539627e-01
8.172535600642480969e-01 7.779066087859867196e-01 7.824127929808601944e-01
5.294514128809436615e-01 5.312665247426882065e-01 5.209722222923197643e-01
6.686235792547201573e-01 6.277480314986758625e-01 6.252859234380585551e-01
5.200465380156500395e-01 5.121136459638299110e-01 5.229932762502557120e-01
6.097988538784002710e-01 6.474524842992930296e-01 6.302347317978329588e-01
5.158752394202603675e-01 4.492900591302774194e-01 4.979984829458303786e-01
4.597895863287252416e-01 4.862651574859877535e-01 4.613726148656753234e-01
4.114437186965149706e-01 4.174871117360479666e-01 4.182493432539839406e-01
7.168321169529078274e-01 7.252634885093129924e-01 6.731952841677262267e-01
6.481363854545211245e-01 6.748024127037335340e-01 6.812191281552270050e-01
4.981339407409250408e-01 5.833043164070769171e-01 4.882326814220155353e-01
5.312658969401451436e-01 5.606258543468258804e-01 4.866500595047202338e-01
7.096850420910472135e-01 6.603879279399127444e-01 6.793249160735818082e-01
8.169876510333659025e-01 7.617176696014560378e-01 7.594929157977883261e-01
7.254151369272967553e-01 8.132359763798211461e-01 7.313090618574263901e-01
6.833313041574603508e-01 7.511975719422111508e-01 6.267751261141382146e-01
8.022062284546146449e-01 7.331822911483987237e-01 7.748567474168099878e-01
7.577547487657456671e-01 7.556574511197703403e-01 7.912306579606890322e-01
6.242052096350799717e-01 6.898356096441233820e-01 6.945111112250915708e-01
5.937892428281639212e-01 6.597760149261089335e-01 6.182745215459598542e-01
5.325543262797368671e-01 5.208163603022766264e-01 5.318570245048921397e-01
5.731281757088348972e-01 5.615403396803969605e-01 5.853043089882085104e-01
6.949198407150182222e-01 6.899145019221888386e-01 6.892012793334780785e-01
7.898663175711969631e-01 7.382850180600166734e-01 7.236031957715697294e-01
4.877274471767478192e-01 4.665067102873290961e-01 5.417761977112423022e-01
7.836845801212966034e-01 8.260438421284013177e-01 8.288312281865418685e-01
4.526440199409791920e-01 4.507979829321016041e-01 4.413990970093209509e-01
6.187233164870242774e-01 6.017661072052378213e-01 6.679679453085429763e-01
5.799367934188529583e-01 5.959192212307372616e-01 5.643129726261806312e-01
6.780374122245422797e-01 6.796315012169226177e-01 7.254799586272594469e-01
5.386338774572528854e-01 4.905560069423878233e-01 5.353853382951943018e-01
5.997617788537439321e-01 6.140152146567335878e-01 6.304037034674451201e-01
6.839869181127974374e-01 7.247397125340582225e-01 6.600833314454309653e-01
6.989171198051338241e-01 6.593553364726233434e-01 6.885798340500632886e-01
6.139214304119569032e-01 6.977067495252969875e-01 6.543581589962972345e-01
3.390823257510982014e-01 4.162831928957664851e-01 4.283258234891768046e-01
5.606366950645440550e-01 5.828394262378057133e-01 5.865629921564575744e-01
6.099044364531067686e-01 6.143980850920759407e-01 6.507667728427638520e-01
5.367451640132891999e-01 5.307382634091785123e-01 5.366495888596892749e-01
7.285089140926426232e-01 6.760508654329802081e-01 7.417022256389631529e-01
6.505270692998519344e-01 7.018293008918083942e-01 6.744166100822565069e-01
7.638149312471116392e-01 7.732113228030451646e-01 8.155689993273681493e-01
7.112500732638115108e-01 6.517645798156797010e-01 7.652479736955495326e-01
6.832916235890588164e-01 7.148616603341594322e-01 6.923901950925246407e-01
4.486863810150060750e-01 4.569590371702921816e-01 4.626540727210646242e-01
5.123054873334135229e-01 5.856456069440681977e-01 5.329523624908542034e-01
8.140608512246286788e-01 8.081062932467302229e-01 7.618224289190628218e-01
6.265062521657036587e-01 7.468404553945644508e-01 6.524305220605214339e-01
4.150487862377003623e-01 4.619857371441648541e-01 4.984323818256173877e-01
5.412881227038751630e-01 5.544162967023729127e-01 5.918764313786968323e-01
6.136339531074954667e-01 5.777420180935358696e-01 6.323857096788535470e-01
6.613592376786521232e-01 6.132156915491405735e-01 6.566165416875171523e-01
6.079570285829679621e-01 6.201147277514563738e-01 6.377397025803510644e-01
6.466953938629381726e-01 6.573980479584797809e-01 6.406840158951288000e-01
6.193906511742702792e-01 6.602784283228886331e-01 6.042397189892956266e-01
5.732698242932582344e-01 6.094221871395526513e-01 5.145389818705294882e-01
3.592518346632401216e-01 3.208018457200056961e-01 4.212639759349056656e-01
4.162696859787656245e-01 3.847414111708891693e-01 4.281975253234505119e-01
4.846260717019150732e-01 4.466912889038016088e-01 4.701345129335604001e-01
6.578647728498578928e-01 6.506719912430750652e-01 6.791235760727323267e-01
6.485457216480732257e-01 5.744821290292325688e-01 6.115530137716242987e-01
5.101428029647684381e-01 5.165337894225410231e-01 4.851410535933577961e-01
5.476286215125012458e-01 5.784898625201241318e-01 5.847080199385574772e-01
7.230432196830930414e-01 7.183619920932581282e-01 6.840172157261498187e-01
5.457046032812625791e-01 5.246488705724293711e-01 5.084408410219133367e-01
4.137185599352032339e-01 4.293757375131469489e-01 4.454678930630591727e-01
5.685143223058886086e-01 6.118854341867165925e-01 5.892385009808616125e-01
7.366601751987090774e-01 7.367799876342852050e-01 7.106313131158802365e-01
6.680845136567680198e-01 6.474395678193481940e-01 6.221521932857685400e-01
6.888721742288622663e-01 6.862484163398749892e-01 7.427797033776413205e-01
7.468435612808221880e-01 7.312287675913697882e-01 6.842713320662522358e-01
4.491449608749413236e-01 4.691497284518848510e-01 5.210460727597557851e-01
7.761633339646936136e-01 7.904370866421489561e-01 7.418066700378249667e-01
5.146369645916146762e-01 5.626840654605540504e-01 5.619120458654227601e-01
8.148519402778874321e-01 7.869029710446593384e-01 7.993411734241933075e-01
4.473351005445956319e-01 3.464874715397308624e-01 3.327551680414219115e-01
3.998841323188467856e-01 3.985794251839671065e-01 4.161755379829251700e-01
5.600187011939674608e-01 5.643426643872170301e-01 5.363951799027705247e-01
5.107981742311054063e-01 4.008362126569187112e-01 4.088615796171825023e-01
6.505966330181625068e-01 6.577814278253483193e-01 6.364027397755274151e-01
4.707352484522382419e-01 5.154742336362001520e-01 4.957537284507691488e-01
7.300278018775577804e-01 6.175363989467815840e-01 5.820201723970579444e-01
4.006167121276434373e-01 3.952509665388149740e-01 4.188837214111502116e-01
6.275629643820349601e-01 5.322133059611457995e-01 6.013744645851203385e-01
6.846557668596389146e-01 6.346824649498518101e-01 6.202000510135807776e-01
6.644267805849660702e-01 6.673067324976780235e-01 6.298558697144125418e-01
6.968076630865948085e-01 6.979830930187191917e-01 6.673787117998063456e-01
7.184629975854375239e-01 6.977978114842071644e-01 7.128070094487174435e-01
7.935466378255862097e-01 7.718360053047825797e-01 7.023903496154585424e-01
7.536614481788788122e-01 7.617799556720052934e-01 7.887181838612402629e-01
7.403786770608116186e-01 6.906683778646979244e-01 7.515712505329441573e-01
3.518024904148260856e-01 3.501581170776808527e-01 2.878765523435551366e-01
4.147718416087816662e-01 4.447953512420415589e-01 4.262597622350846605e-01
8.595311077931357957e-01 7.768217694309049737e-01 8.289935230770140162e-01
5.801072154407176384e-01 6.443941339900671750e-01 6.590107099000963586e-01
6.682458350078448461e-01 6.191972627947943675e-01 6.781078119307176744e-01
5.940144965600838711e-01 6.217043615119909328e-01 6.389799484701146337e-01
4.277019624467435222e-01 4.828535842650789611e-01 4.776980641116233550e-01
5.174840293642093414e-01 4.769075107987916229e-01 4.824090799573109156e-01
6.058042806524657209e-01 6.947595772241655920e-01 6.773355188519919468e-01
8.533860207250130170e-01 8.879242517400589563e-01 8.375118478652864296e-01
7.405513467435170805e-01 6.780711507055181553e-01 7.403292715555915837e-01
7.594159491844866272e-01 8.356232949709272440e-01 7.333398314219714553e-01
5.793551642067795715e-01 5.652204571993899584e-01 5.944092157253788589e-01
6.344563991653755508e-01 6.972907860028888516e-01 6.624109603396852730e-01
7.840481599216386766e-01 7.877642975602662245e-01 7.838397618257756383e-01
7.342783029084993807e-01 6.932338992776556630e-01 6.945179188336009224e-01
6.454098501870247917e-01 5.762108337639340050e-01 6.023679088285432970e-01
5.536286550755901148e-01 5.047816295749586457e-01 5.509879042707864771e-01
4.841884124018634994e-01 5.769547027068736567e-01 4.854806077431751410e-01
5.801286022195062397e-01 5.514246730716989564e-01 5.034763972148095235e-01
5.082882267665606024e-01 4.920977009326127360e-01 5.367445467487640398e-01
6.682049217556782494e-01 6.228077793028972131e-01 6.359537451980354916e-01
5.653301431973953850e-01 5.388284109002956512e-01 5.617605685857005593e-01
6.579850949362472390e-01 6.857387174705595889e-01 6.660944042804974874e-01
6.441275739588795402e-01 5.912983811952604585e-01 6.277933112080741340e-01
7.702033710237380371e-01 7.049009988575130059e-01 7.281981169056050973e-01
6.920665722484220517e-01 7.025005753941863107e-01 6.927920415498930451e-01
4.702486920404916892e-01 4.968420012405007080e-01 5.280275112995979070e-01
6.688661828975065449e-01 5.998298461842269669e-01 5.985136852658958784e-01
7.564890382769827726e-01 7.431902000062957647e-01 7.476380774313824418e-01
6.474210987488970837e-01 6.006153759766911238e-01 6.962694209535091883e-01
5.046016053415511848e-01 4.804778274974496610e-01 4.455253520283398161e-01
4.788090171184357091e-01 4.318141825438999160e-01 3.449511601508866709e-01
6.341930077495500084e-01 6.658960538485545477e-01 6.209927692996837223e-01
5.955282487651845091e-01 5.678860622340363706e-01 6.045072753988522951e-01
6.014035341509863519e-01 6.180787976954468244e-01 6.175697839779219489e-01
3.124822312834448224e-01 2.740105808180692826e-01 2.966383860010780027e-01
6.866518789972212433e-01 6.101459349575877322e-01 6.318690345203887837e-01
5.124029667401963639e-01 4.555984613681006712e-01 5.084475052994493760e-01
6.014684473489826377e-01 5.823698037876603451e-01 5.983535595828149978e-01
5.568171443015875743e-01 4.915990740827718697e-01 5.063958803902091077e-01
5.011547971510511568e-01 4.481670145452543719e-01 3.980044371949572057e-01
6.834425524442366839e-01 6.727182379130373091e-01 6.690360678504072567e-01
5.089849007085340826e-01 5.004092146824756782e-01 4.497055470497617335e-01
5.810173903492756864e-01 6.028603725734592578e-01 5.409972817295255476e-01
5.129501444453512526e-01 5.735207798308471494e-01 5.637320176918255710e-01
4.283979083921641839e-01 4.108130331586817285e-01 4.346772486090492160e-01
4.509509302100312977e-01 4.392032459994776872e-01 4.474763264654898487e-01
4.202601070207984679e-01 3.842562682876823899e-01 4.139425476980180818e-01
4.445523309619788255e-01 5.478250812254049640e-01 4.851503654079483141e-01
6.842158211177785665e-01 6.660394963011389002e-01 6.568326870896393777e-01
3.347930311995072628e-01 3.292261236899925447e-01 4.056628381291647045e-01
5.544748963627272875e-01 5.215018961287271049e-01 5.405235535268273495e-01
2.974251423738615840e-01 2.976908436415566239e-01 3.051205611186329492e-01
4.646154415832436380e-01 5.145271524139005681e-01 4.945386359013330124e-01
6.831923600893977655e-01 6.859474837527733682e-01 7.921633948488374655e-01
6.412712463256833306e-01 6.628128242058946018e-01 6.365987516121665024e-01
6.020213925175175174e-01 5.976569496335953913e-01 5.359733958993474490e-01
6.730460277383445433e-01 6.609514392288819984e-01 6.485975613087452407e-01
7.366439765627419423e-01 7.013489662290878224e-01 6.427025924278636504e-01
4.941362440460177474e-01 5.139317828391400944e-01 4.885612371622979899e-01
6.936150018215083701e-01 6.722182425545401019e-01 7.083410288808430488e-01
6.223161084490494988e-01 5.783747872349962460e-01 6.303707814100013573e-01
5.987508531678350510e-01 4.809967521494009079e-01 5.715840015698411269e-01
5.260200190489958683e-01 4.769910045311830382e-01 5.723851285054070148e-01
5.307179687618592823e-01 5.457832071030490617e-01 5.410877083991747494e-01
5.383158705116199982e-01 6.266842434567104769e-01 5.879927332390221251e-01
8.377647813142732325e-01 8.834156572577948063e-01 8.507197654452577362e-01
7.574580376963715445e-01 7.573584114390260469e-01 7.529791475940406098e-01
6.308182942506924684e-01 5.730695651106748612e-01 6.827099373203326937e-01
5.069102630521622466e-01 4.899990255949577822e-01 4.983774519947203330e-01
6.370223725198385090e-01 6.850847208699609725e-01 6.364723451988330005e-01
7.477134992015667114e-01 8.089120479053708568e-01 8.832352202953133169e-01
9.193632568996594756e-01 8.507903191755997740e-01 8.743584879441613777e-01
5.094371108271493753e-01 6.309586993825947454e-01 5.918261283838343045e-01
4.398545900137924014e-01 4.485054778143715004e-01 4.950532790933178107e-01
6.375920428446273380e-01 7.026752455911302597e-01 6.792804089820133617e-01
6.404386816945403238e-01 6.786857616562536055e-01 6.648571071155493506e-01
7.600843683074279822e-01 8.093115131139282381e-01 7.436016683911400582e-01
6.124152098010170464e-01 5.666428028099560477e-01 6.772050903032930114e-01
5.988032635962484695e-01 5.580823729905570740e-01 6.187982640971461112e-01
5.779286423502336678e-01 6.365281699674990579e-01 6.371538884553705762e-01
5.071664504687917185e-01 4.824333980160074309e-01 5.210075969221662495e-01
7.990656875969583961e-01 8.008485361293463667e-01 7.824895879906003104e-01
5.155450653705179187e-01 5.696454095252508898e-01 4.908725860579936096e-01
6.763709846823093841e-01 7.458231638164284361e-01 6.586666006595618406e-01
5.609777287669982515e-01 5.158874695441414415e-01 5.469817058345007865e-01
4.956033355568926768e-01 5.607185303686184064e-01 5.633088623632487302e-01
5.997065788445432588e-01 6.355572293250139060e-01 6.323093768515961610e-01
4.760739581081919747e-01 4.581415585105605981e-01 4.963444988787074075e-01
3.708555896942241081e-01 4.447028420275807026e-01 4.196459248762448024e-01
7.008809108390180453e-01 6.123108963757877277e-01 6.470874319925524754e-01
5.134890852011003703e-01 5.644499677714091002e-01 5.608167094743461423e-01
6.441669219007482017e-01 6.342737972114546041e-01 7.451523836366230613e-01
6.395243781622167445e-01 6.505677510691544319e-01 6.471571471605821468e-01
5.519136751567845778e-01 5.070815063694597002e-01 5.469940211099252325e-01
6.791786694999236706e-01 7.195501653206777259e-01 6.953785774519641860e-01
6.118390967028706218e-01 6.160069872155697901e-01 5.626439059184579206e-01
4.064154906860478755e-01 4.226093824019394596e-01 4.236769962490217756e-01
5.865271777500310479e-01 5.769901045267000761e-01 5.716378198618826678e-01
6.478291685031979386e-01 6.433713648819732178e-01 6.212361212280967937e-01
5.151539147580281863e-01 5.318895285893756597e-01 5.918486010959463917e-01
6.085037977467134818e-01 5.886315508264478025e-01 5.589684679486098817e-01
7.080999009888950813e-01 7.199510990245250319e-01 7.653963407334970492e-01
4.009215232419860997e-01 4.410425538202004114e-01 4.044360651597092571e-01
7.058630187416419233e-01 6.755592900722938721e-01 6.619229518590890038e-01
4.564160465393184429e-01 4.406868358380179318e-01 4.052777235018045210e-01
4.175752923601175337e-01 4.429712756265473117e-01 4.729496898230016178e-01
5.106051005950487109e-01 5.699900520807785753e-01 5.459613737494104502e-01
7.116943888217519554e-01 7.403517833899436740e-01 7.540232680390537290e-01
5.554534483730562133e-01 5.336532460950415002e-01 5.251861549085998782e-01
7.547981868163289310e-01 6.860475018289480253e-01 7.430687242066671416e-01
7.189564388351218360e-01 6.629081782138739332e-01 6.719384084493594811e-01
6.186141820044406270e-01 6.587348870611403617e-01 6.336993269654588312e-01
5.250172802939444550e-01 5.146778802137588205e-01 5.790494760275285424e-01
2.785373268784315792e-01 3.022762298077045773e-01 3.202915404839210556e-01
5.616555704203256560e-01 5.976741270835927988e-01 5.557083468415808802e-01
6.836041171580055087e-01 7.027982782861881272e-01 6.823634901438143663e-01
5.669440793811976187e-01 5.532405736694914200e-01 5.314914794242534546e-01
4.257069935922636605e-01 3.780315370771430428e-01 4.328499062029534383e-01
7.037864934998157018e-01 7.291766833598846143e-01 6.912749865890005507e-01
4.281197733327464228e-01 4.502085826331603258e-01 4.017377819679302520e-01
5.131853774155491488e-01 4.769357258414834710e-01 5.244772753337622051e-01
6.295729012786417389e-01 5.826893224095649471e-01 5.763773113670990211e-01
4.594477065738006849e-01 4.791593720374670573e-01 5.048690577382430877e-01
7.317326935919151731e-01 6.343541038705108326e-01 6.667412203052678343e-01
6.202146296060774278e-01 5.782088652005870077e-01 6.047283611861562491e-01
4.211748102038535557e-01 3.971013380412008464e-01 5.188571908880448280e-01
7.049071052010826843e-01 7.595877714596362962e-01 6.565531725372063532e-01
6.358560311375784924e-01 5.890867048401249306e-01 6.729664983157194191e-01
7.673197015516219910e-01 7.850255601347018164e-01 7.903345803995710517e-01
6.163701521377304982e-01 5.803153979092336989e-01 5.657395524996983172e-01
6.122799848564659531e-01 5.826365197432304965e-01 6.007283662390900947e-01
2.898072216381381572e-01 2.948800661692604907e-01 3.774138316417571248e-01
6.546735376981067667e-01 6.809316813794588086e-01 6.524667400707703235e-01
4.117520276901550091e-01 4.365537290639266432e-01 4.267629037552276294e-01
5.017361513980880261e-01 4.690086908409645816e-01 5.371235153744691182e-01
4.668832273585475923e-01 4.247142035280895289e-01 5.548926332067498635e-01
3.563715181259154430e-01 4.028611181683731113e-01 3.378830386959028598e-01
7.241976717697734545e-01 7.023395672226515618e-01 6.622546118108532109e-01
7.180732694632004920e-01 7.209504957312652396e-01 7.101024919587151096e-01
7.209625449131007446e-01 7.584832243004192565e-01 8.167357010609490597e-01
