5.210198388801720037e-01 4.951652691411584373e-01
5.898486151671427091e-01 6.846190551977135996e-01
6.356716224890727185e-01 6.152860784284374107e-01
2.996014022805192911e-01 3.672679360493930623e-01
9.245997798998299988e-01 9.374066763228390275e-01
5.817267604973597184e-01 5.552379585537590145e-01
5.258510390550157343e-01 5.765489164030888070e-01
4.001807681789092963e-01 3.055887277441770578e-01
8.466539635699829036e-01 8.810489149571772982e-01
7.703761171698978449e-01 8.126258941721183904e-01
6.856817128282229890e-01 6.680566615550634912e-01
6.326164753019647424e-01 6.351035805464868567e-01
5.943705709332716136e-01 5.464500606034212726e-01
7.691678275588826885e-01 7.558692414864225384e-01
6.285847848275922800e-01 6.350741412582951995e-01
5.162280530262515210e-01 5.450174848585871423e-01
4.936748895193767694e-01 4.545435149734449176e-01
6.623242958616327725e-01 6.867630436201214161e-01
6.014646377097673247e-01 5.853966074941495679e-01
3.926951401306802425e-01 3.847681417612774379e-01
5.253122224010589036e-01 5.103162775698775189e-01
5.525459807151531511e-01 5.121043499143334010e-01
8.482786185159272296e-01 8.041272178807863380e-01
3.214954489205363863e-01 3.373454941025113563e-01
7.921401785173403098e-01 7.571249144849083734e-01
5.177064355131053563e-01 4.641122706603211800e-01
6.842684781345953482e-01 6.006418726149751475e-01
8.610331877903877329e-01 8.257465225271715115e-01
5.864527430264293573e-01 6.256711203815713551e-01
4.862574995645886911e-01 4.537445607868665909e-01
7.414790964028193931e-01 6.922405401036121342e-01
7.045529290151355539e-01 6.773129390175378628e-01
5.919037271225254804e-01 6.664666406391576148e-01
6.731084483554681253e-01 6.857768164529078891e-01
1.508879897757527677e-01 1.376620732928566515e-01
5.680902772580513904e-01 5.850991505717222374e-01
6.525352027333423122e-01 6.998851706361192138e-01
2.966938051244892849e-01 2.550278039993399970e-01
4.967479440024172299e-01 5.481622144869311430e-01
7.305510946089530666e-01 7.539240421490320809e-01
4.979175524846659595e-01 5.001401851903832796e-01
6.182108474124767827e-01 6.966354705945030368e-01
5.872083074439020667e-01 5.404687964607399753e-01
5.648164256142839124e-01 5.149327588800781674e-01
5.861535369126711359e-01 7.211839475933281562e-01
3.900768991221088000e-01 3.940803736407591518e-01
6.578460262070389142e-01 6.512086263752330240e-01
5.359437232345608537e-01 4.363111698024829122e-01
9.087414612383338808e-01 8.422217721265939927e-01
4.851704462349940572e-01 4.686319609553784016e-01
5.861615159220469051e-01 5.265545217982013915e-01
7.993449890431202354e-01 7.302549177824354532e-01
6.134776905041962047e-01 6.018780550156818121e-01
8.606275359738132513e-01 8.098972811471981670e-01
5.310341374596072583e-01 4.587638916482130180e-01
6.474693813187794023e-01 5.735243482951281058e-01
5.827788794504749070e-01 5.418809718710237977e-01
6.519019970217109217e-01 6.627810064754428021e-01
5.368038891845199334e-01 5.153530745369199195e-01
4.510821691328295580e-01 4.472633779107597074e-01
3.611821380326727948e-01 3.345493101574923966e-01
7.850076754958157377e-01 7.076508036962927406e-01
5.578234378113510195e-01 5.520519844950285693e-01
6.195963114710126840e-01 5.726573055901388321e-01
4.759052278627649568e-01 4.040470360743481648e-01
5.124470707271917558e-01 5.326125971543917981e-01
8.238627303537187085e-01 8.250754550261785170e-01
7.189330898636097089e-01 6.235313943490490285e-01
7.524882490815495428e-01 7.282154633356429096e-01
5.593415941687723825e-01 5.219899317940005501e-01
5.841764593074872947e-01 5.433349602397669065e-01
6.757232961410272187e-01 6.653367994482245473e-01
6.678892198647322642e-01 6.916228709336896818e-01
5.312334235086942913e-01 5.520356703880250349e-01
6.344824022912645134e-01 6.104521104998130721e-01
6.085154183568728392e-01 6.357066264960717916e-01
5.100764393339458636e-01 4.847250706134321185e-01
7.019678158446963634e-01 7.452890950062788233e-01
7.608548422225525076e-01 7.209539224233025845e-01
2.236184444867630183e-01 2.261763672546880655e-01
3.376168391988472739e-01 3.300357719598227546e-01
7.744323639302282958e-01 7.994729243294610432e-01
5.884249714801306208e-01 6.001488229495013371e-01
6.803992937001474006e-01 6.580275010905259903e-01
7.458042929870835058e-01 6.651050698244055370e-01
6.036726619008728756e-01 5.851204564315001244e-01
5.670796236933407508e-01 5.928726036161199309e-01
7.655733169496813373e-01 7.432200838498556061e-01
4.944837689538179593e-01 5.334126500699283291e-01
6.233258777343857471e-01 5.719543408715648258e-01
5.497293014799634614e-01 5.566042903371809514e-01
5.610165831154824145e-01 5.030806091180185513e-01
5.868286492671000998e-01 5.425978657190081433e-01
6.173585922495007372e-01 6.630106821656892579e-01
6.888155884252664674e-01 7.794065427232330645e-01
7.852385744811289925e-01 8.112841656433591453e-01
9.039670424061886367e-01 8.880044581689326977e-01
6.282982758680408786e-01 6.084517178264616799e-01
4.681681298097339350e-01 3.974326190144447657e-01
8.615843982468822659e-01 8.688072504232047244e-01
4.491984429124050160e-01 5.042510584177374300e-01
5.450688204409995796e-01 5.080317584292711741e-01
8.769147501560655700e-01 8.104135277508096591e-01
7.452036048069703433e-01 7.540610850097198004e-01
4.984990614401005327e-01 4.338585660608650918e-01
3.294499936313792232e-01 3.929831295477629882e-01
6.710085659754901899e-01 6.758588805085697926e-01
6.346207284073132060e-01 6.034460400371391975e-01
6.476876687026192903e-01 6.973743089680347618e-01
8.075799649664270330e-01 8.630677670256188261e-01
6.681177715319668309e-01 5.962937947356676816e-01
5.566160365461029214e-01 6.127586438609388120e-01
2.945456290209941819e-01 2.677212852587029235e-01
4.626585057672379930e-01 5.433033386328681713e-01
5.013751657678212625e-01 6.400345635145315848e-01
5.161184831591364430e-01 5.646579060264470540e-01
4.138364067638155008e-01 4.160179241429544650e-01
6.395102878280205516e-01 6.469305881601588037e-01
9.316335108047663072e-01 8.616806602382681701e-01
4.452753450841906990e-01 4.568990355692900684e-01
9.282314826250538387e-01 8.889545733314984099e-01
8.492841327250171268e-01 7.942148385938223587e-01
6.438923329496133441e-01 6.823733355762280350e-01
5.726167543523185133e-01 6.259236378147153834e-01
5.379412191093618789e-01 5.412258000553414883e-01
6.876061229799541596e-01 7.600468378672917691e-01
6.845461902855960457e-01 7.227482081245588663e-01
5.869927443373241793e-01 5.699878725544964553e-01
5.986278785907966915e-01 5.437733275978212655e-01
8.602087187609538388e-01 8.758983719344634045e-01
4.823309292763173217e-01 4.077121195933182674e-01
6.166149763043606846e-01 5.856183054914350095e-01
6.715868691213729980e-01 6.519471070910912713e-01
5.907553644956233807e-01 6.597024324794418249e-01
5.451072258095515100e-01 4.528809523570823115e-01
5.454163684560345837e-01 5.072756288117793444e-01
5.494180662985814756e-01 5.968335282184160651e-01
6.409081697909680964e-01 6.281932921123377644e-01
6.608567167934242814e-01 6.403527158399564545e-01
7.468658650712625136e-01 7.194951060684988686e-01
5.522262047557385811e-01 5.263120180541219773e-01
5.712749410560339358e-01 6.460182165057423154e-01
4.390270385437431977e-01 4.495727989410745473e-01
6.675923330642021813e-01 7.296019657637760059e-01
4.055141159925498284e-01 5.140852762058581993e-01
8.351543882285558107e-01 8.948898779010713289e-01
2.764297489023201382e-01 2.766352212572990577e-01
4.833682255707104081e-01 4.893205517500687773e-01
4.787624701180493991e-01 4.494015943225990739e-01
6.387611686797198818e-01 6.010354848605219402e-01
6.028848434466506090e-01 5.325844517490628816e-01
6.054165220989207175e-01 5.528474715867348621e-01
7.678357801226967094e-01 7.222327682969480467e-01
7.083003876534574861e-01 7.551734262972307210e-01
6.421314245546719812e-01 6.463332489730534425e-01
5.915650527966391792e-01 5.912297113929940728e-01
5.816967554087145720e-01 4.925590560797766249e-01
7.821450575157322671e-01 7.529584547157455177e-01
6.535858557479050646e-01 7.335430718601667621e-01
6.591354641662670044e-01 6.574979540180192483e-01
6.756367962979765718e-01 7.377738139325165090e-01
4.813236974725559336e-01 5.090876202451237731e-01
6.385418806185824137e-01 6.548468799838856880e-01
7.075254170208303828e-01 7.127105047101461865e-01
7.363729479866174543e-01 7.161769684891745591e-01
4.583235362358145104e-01 4.982031071602859851e-01
5.235502455538157962e-01 5.412360543859157103e-01
9.241386805464161247e-01 8.902826421254695921e-01
3.620258829640947140e-01 3.396938596617654071e-01
5.425744676829576951e-01 5.892220416197982980e-01
7.347449249663835502e-01 7.274386540313750871e-01
5.383052161080873477e-01 5.734875493092393972e-01
5.508267546412106697e-01 4.981600275321169669e-01
5.959354873982207756e-01 5.916385429029733523e-01
3.419710008613869312e-01 3.903233063044324047e-01
7.243957031766981025e-01 8.517959698566890392e-01
7.910855986139609941e-01 7.651041103973065249e-01
6.298536751808915257e-01 6.119993185229292143e-01
4.925909740363444422e-01 4.747949392958957793e-01
7.806803442864010956e-01 7.577797720719045005e-01
8.482301175394469928e-01 7.897340118803660713e-01
4.264376344547682329e-01 5.676831501723761386e-01
2.998157599991799205e-01 2.918614167282123639e-01
6.443731466200739444e-01 5.589041101496627917e-01
4.948414562229807023e-01 4.885057304098033848e-01
5.422042904192434509e-01 4.941695226418441056e-01
6.180859969054856018e-01 6.865243737407046298e-01
5.570234416564312507e-01 5.569010672107570503e-01
4.453105043143913977e-01 4.355860303627620556e-01
7.380066467176735756e-01 6.726471484366480791e-01
6.161841832378930350e-01 6.760888955341527451e-01
5.364824088849143857e-01 5.456108454731366519e-01
7.408372022375127042e-01 7.224418368278906488e-01
6.811356070810434815e-01 6.226486118366920675e-01
4.370572261434857997e-01 5.127832176952553667e-01
7.150424397254652176e-01 6.858057634908755196e-01
5.145887448779981055e-01 5.011305913223572661e-01
7.010948420898555078e-01 6.478283645626277121e-01
6.917439362327127972e-01 6.770580114190226650e-01
5.845625678231372024e-01 5.924378055951007305e-01
4.671328738859025220e-01 4.692551085896931040e-01
5.941983878990338974e-01 6.011666856950387272e-01
5.018923092447653556e-01 5.681529075263360706e-01
5.175483095933420818e-01 6.093736690528720468e-01
6.046296757701925539e-01 6.027412589018326106e-01
6.824322060831893300e-01 6.120871970387602445e-01
7.126695021943394437e-01 7.188321642225292685e-01
6.509423593989372980e-01 7.314345091403177124e-01
7.138661089519544589e-01 6.729165129951615310e-01
5.520211330383094639e-01 5.770271753146852811e-01
5.511743806485147612e-01 5.584058847496193856e-01
7.971393191512358145e-01 8.493623327506983900e-01
3.567101725455659733e-01 3.566548043163083048e-01
5.345647293944610912e-01 4.719186262524892039e-01
7.387043275976609147e-01 7.804336014883738182e-01
6.118530718004213664e-01 6.907928271578602786e-01
7.236152572217999790e-01 6.590684897718728230e-01
6.455465768552041128e-01 6.105870261944531530e-01
9.285151141605669789e-01 9.904457624969300600e-01
4.914762763754160213e-01 5.083141902867186479e-01
5.215591102447829641e-01 5.487994129844755431e-01
2.535906500480217818e-01 3.481930646671573260e-01
8.094247988389071669e-01 7.845224426474119994e-01
5.442135271150629894e-01 5.524797219006045701e-01
6.216084544455219296e-01 6.141273711620124365e-01
4.946014422435162095e-01 4.727343034597725202e-01
4.331425522515371385e-01 4.448250268703062837e-01
5.152781308481383382e-01 5.494652120163127096e-01
4.070783836784425680e-01 4.716616711300203879e-01
7.363605597041046336e-01 7.362521370167000034e-01
7.743193390103945140e-01 7.479431665679198149e-01
6.215214287857219189e-01 6.286807785881699528e-01
7.150919692541862771e-01 7.322948303595274711e-01
6.048132336198333014e-01 5.512452026772129976e-01
8.277096999692615809e-01 8.000001312189543023e-01
5.146173105955811344e-01 5.530299501079338764e-01
3.055728525942515428e-01 3.780298217550225881e-01
5.366712526606775002e-01 6.149471120591513129e-01
7.808230731897974897e-01 7.960705961798438812e-01
5.764104475585847265e-01 5.770230122229373926e-01
2.085130864976826870e-01 1.598772200901698026e-01
7.771538872912503448e-01 8.306466247046592200e-01
5.676641105393829267e-01 6.059459306083314623e-01
6.280191617151027472e-01 6.544975031367081808e-01
3.471806706539600773e-01 2.796848701841047058e-01
7.812086711973194042e-01 8.138307124774124546e-01
7.385266242781564072e-01 8.066107356538837481e-01
4.616238836611895047e-01 5.136080511573175578e-01
6.199665450699054503e-01 5.696292836854288666e-01
8.088091760339539693e-01 8.395646159724650115e-01
8.140240067818157454e-01 8.544615851655729122e-01
7.125413955962809354e-01 7.134658517552883161e-01
4.985124617751064968e-01 5.310508850841261230e-01
5.652859257049790420e-01 5.520209832357304558e-01
6.398668889771625956e-01 6.224377445172877277e-01
5.242040072285807373e-01 4.864400216115410402e-01
7.889603053522855625e-01 7.905886910319825933e-01
5.783642509201127879e-01 5.256725221712656992e-01
4.830540965331210912e-01 4.888858299058623236e-01
6.236177887073794945e-01 7.294320237436584531e-01
4.803981919183203386e-01 5.459801002825440674e-01
4.407331205527180717e-01 3.758029295080489440e-01
5.541183447811516283e-01 6.023460278312436911e-01
7.069986757399804311e-01 7.223552093782386052e-01
5.103776364819661016e-01 4.392925033953911096e-01
5.264337831822086811e-01 4.493958682717196784e-01
4.287366400797847921e-01 4.166156974773615462e-01
6.592047000805287826e-01 6.862658681723516896e-01
5.811516951843646028e-01 4.637207209133141772e-01
3.975076240320720156e-01 4.665883731335010443e-01
5.502463129886143722e-01 5.498927190703437606e-01
4.404154410123469199e-01 4.804409675270723823e-01
5.411538760633795020e-01 6.384162929319999735e-01
7.239174836074704356e-01 7.273708110566132756e-01
5.813693454622981260e-01 6.695949851752069915e-01
2.468393258402508395e-01 2.158078910949194629e-01
5.460584838379748396e-01 5.267657526359154074e-01
7.528024944715703271e-01 8.105969665832513105e-01
9.308578970235273919e-01 8.209654766406039306e-01
4.802966896745406999e-01 5.347448605850498859e-01
5.140735617626892573e-01 4.972175771092344765e-01
6.803931744458555642e-01 6.865413963273896414e-01
5.231200211785027587e-01 5.827778464084427679e-01
4.663792583826995575e-01 4.611618041743222873e-01
6.802562338200983660e-01 7.894546003754272512e-01
8.387470162309785815e-01 8.361449889660564905e-01
5.718514276022675924e-01 5.827433187495963951e-01
5.530287768598791676e-01 4.502382196821290150e-01
6.143325931396977913e-01 5.223346523878699132e-01
4.726555819883612730e-01 4.719306745382299551e-01
4.345132389269716899e-01 4.269350726529996809e-01
7.587944216087034732e-01 7.476431628714623745e-01
7.374465081314146575e-01 7.357216350525354054e-01
6.702000227167718149e-01 7.005391566405744230e-01
5.351396689140693885e-01 4.762543055395598857e-01
5.317437785937264572e-01 5.395522012790034960e-01
7.619117721063076720e-01 7.877836524440854360e-01
5.648933214925631052e-01 5.003646521903464262e-01
4.088903818479037722e-01 3.990272886073566450e-01
6.569698305508142600e-01 6.938693157136215373e-01
5.793955161299257917e-01 5.249075595310335185e-01
5.462636259649066295e-01 4.409570671942953934e-01
6.454127424559520376e-01 5.806985022912646288e-01
7.449438717101294349e-01 8.141157077508264228e-01
7.473824000744321294e-01 7.537547615377270249e-01
7.179966945822430224e-01 6.830502004025166274e-01
6.092838008229329860e-01 6.126566470275526255e-01
7.058253582813538429e-01 7.229136450617004162e-01
4.913271787611273589e-01 5.082487113342897267e-01
5.924240133781824014e-01 5.658578197769152940e-01
4.461642292964707601e-01 3.996518412657018016e-01
5.123050319453685830e-01 4.490457798585669180e-01
4.236305884738973404e-01 5.144466136479365348e-01
5.161660709657470703e-01 4.602794725845075208e-01
7.757783643466377166e-01 7.123446104889460395e-01
6.055542030224785321e-01 4.734306640291892077e-01
5.841556063311612590e-01 5.739379947803131543e-01
3.464455515349667003e-01 4.209591544769906157e-01
6.402782456739063432e-01 6.311232564519612120e-01
4.076167557357016080e-01 4.037243467757948845e-01
5.150066148606836647e-01 5.282516483620932624e-01
4.192902401902470211e-01 5.461104182541427488e-01
6.689812510970694071e-01 6.793020960805480346e-01
5.731623202892515145e-01 6.479737624178711908e-01
4.785040073971940089e-01 5.220889710760276969e-01
7.759769891142277443e-01 8.713032608922802735e-01
5.930325536204605896e-01 6.698252595038265422e-01
6.879801911503232725e-01 7.015437171193473764e-01
6.409403871766832239e-01 6.637780391963461479e-01
7.009046830640682790e-01 7.265411623359595561e-01
6.567182496281142035e-01 6.858150419229521733e-01
7.209038612076430486e-01 7.235241658499356188e-01
3.771476244687330670e-01 3.703235897059198312e-01
9.294315407230345771e-01 9.151076592918813146e-01
8.191679195013790160e-01 8.235144658223987335e-01
5.475211072835330928e-01 6.480890930322600330e-01
5.559477806725197091e-01 5.457884189178574541e-01
5.499620829152448431e-01 5.963838226955070487e-01
8.227257155497835761e-01 8.936985020488767972e-01
6.734138250075273335e-01 5.793865039071225409e-01
5.885724686512150416e-01 6.175117407897954269e-01
5.084766127792565982e-01 5.893023226134792569e-01
6.587412207442220335e-01 6.413521496623419971e-01
5.841831630867059255e-01 5.569980276550586806e-01
8.211823697036818581e-01 9.172417693097073554e-01
4.077811743010441581e-01 4.223392002688545754e-01
7.877975350804403698e-01 7.717391906716154493e-01
7.199365297097853889e-01 7.581154441672969257e-01
8.657936466536135800e-01 7.642889808047130806e-01
2.982865200790175697e-01 3.121440632225300771e-01
4.705183918716930869e-01 5.262462674944365926e-01
3.466319644011411905e-01 4.294452919863002149e-01
4.866136443362216180e-01 5.428640044564568834e-01
5.780059024055362871e-01 5.849879466351809443e-01
6.628207520712546819e-01 6.903985768468453577e-01
8.423933192269255077e-01 7.963868900669743844e-01
5.927031351137219684e-01 6.281233244502730795e-01
3.502591993339793097e-01 4.539712841545173738e-01
6.319433010110125926e-01 6.975920372402452108e-01
5.052800418398561977e-01 5.243558561028256459e-01
6.294323494163849286e-01 6.006319564120727872e-01
7.067940251217526004e-01 7.311003270763194450e-01
5.510878970037401681e-01 5.395735537433318241e-01
4.589010423976611075e-01 5.020036573435644467e-01
4.962700558544761997e-01 5.879596274528383626e-01
7.330784070947761188e-01 6.988561200063100332e-01
7.761990619707069827e-01 7.608612800984723146e-01
6.699531694121527714e-01 7.005370004041884258e-01
6.063410893699429094e-01 5.146181987437402627e-01
6.130176914132636767e-01 6.234828720713914141e-01
5.453888816767881176e-01 5.643348596595804123e-01
5.489705959412793934e-01 5.527583666682029939e-01
5.140538957185664115e-01 5.456696637563956953e-01
5.815520820863219198e-01 4.894273421241700506e-01
7.459954363002463396e-01 7.154647329659331589e-01
6.436561688473562137e-01 6.164880368087041207e-01
5.168025173424702912e-01 4.839944341264711403e-01
4.065756124900573032e-01 4.445396384968301473e-01
6.661988585256404249e-01 6.236097458256308901e-01
5.704611442690706857e-01 5.365810730974239773e-01
5.375177526899985736e-01 5.740972847192233885e-01
7.499803664830743122e-01 6.815818939007965982e-01
4.200567993144893597e-01 5.398551603656351894e-01
8.624437081600221378e-01 8.573942798520545194e-01
5.909221958759357518e-01 5.725870530651057111e-01
7.640463887445371194e-01 7.455388207410825752e-01
6.603556625042203976e-01 6.068783344994073126e-01
6.061648110715527338e-01 5.876245904060120040e-01
8.798605326885613476e-01 7.581110620060147465e-01
2.493817312559659383e-01 2.938943752314225333e-01
4.921850819718091574e-01 4.801223562110886189e-01
9.411214120635627012e-01 9.333379845441109879e-01
6.310694545985584547e-01 5.824050735331536277e-01
4.097878575193477091e-01 3.928503219406633273e-01
9.592248164321979242e-01 8.669425652508009339e-01
5.773595018086022934e-01 5.985543771273605929e-01
6.829202532438037876e-01 6.372675802093238362e-01
2.630704527879141330e-01 2.755061643631954715e-01
6.247079855597794662e-01 6.065483477687669822e-01
7.153981932729021054e-01 6.422828152951969294e-01
4.852833913059516058e-01 4.170280013206275060e-01
4.816817272497398994e-01 5.103943279008895662e-01
6.754263876078565598e-01 7.275826191239469498e-01
7.777887405129602083e-01 6.833888006240675939e-01
8.024191511823459688e-01 7.783129181155863385e-01
4.501573538616001069e-01 4.866474095909728015e-01
6.165846174812300573e-01 5.745119001192947605e-01
5.857812712359065088e-01 5.725373213991775678e-01
7.641822628676573359e-01 8.085085798985156558e-01
6.138870702894676512e-01 5.489148567293533620e-01
4.838434813705170812e-01 4.605797101596932897e-01
7.953105401414233278e-01 8.021646106779314334e-01
1.905930440886013100e-01 2.833704161063705929e-01
6.419136581590313417e-01 7.004542193447694798e-01
5.762846600174649225e-01 6.196647815408407034e-01
7.248429995104697099e-01 6.129986331066552552e-01
5.481036352047271576e-01 5.221537511615094163e-01
4.950864290604619633e-01 5.939065149185198678e-01
8.233185568150654943e-01 8.493004642097202739e-01
7.859191889881226301e-01 7.527852474238155844e-01
6.916057416777491307e-01 7.206467279530172076e-01
6.246414429332667329e-01 5.985628766713140259e-01
7.780104260039929498e-01 8.010591638781600077e-01
7.022709811927707602e-01 7.313169517676034737e-01
8.004133554489162306e-01 7.540072879542268902e-01
7.349019600465965807e-01 7.283787640255449114e-01
6.866105560032867983e-01 7.087338833635240531e-01
6.163970270729947076e-01 5.908409904664092549e-01
4.637640621945804953e-01 5.543350482305562377e-01
6.318017352767236750e-01 6.469776027479402503e-01
7.346178115181598578e-01 7.814468771642797407e-01
4.497245678809059233e-01 5.881307774771571406e-01
4.287994383004326560e-01 5.865419763678331178e-01
2.446368841794444582e-01 1.773273553452247575e-01
8.270755852084492599e-01 8.202075969626092533e-01
8.857471019617620955e-01 8.679966372776902750e-01
7.179070611870007612e-01 7.366135061066064749e-01
3.008582124672460334e-01 3.272715688475867357e-01
7.147168439073681157e-01 6.455223079749505821e-01
4.276736764143363456e-01 4.976427003048235487e-01
4.931418738225069043e-01 5.332878176110593671e-01
5.392664849525713455e-01 4.757940750752785997e-01
7.809403271394597112e-01 7.206336743791630361e-01
7.286057992035964714e-01 7.532787016037895134e-01
5.513962231175263407e-01 4.958970585464111958e-01
6.304993942333971813e-01 7.071154164963182609e-01
4.954431026460291987e-01 6.137157071173101608e-01
6.992914950935492646e-01 7.320365162989203034e-01
3.575505062367907438e-01 2.675357942095101249e-01
5.094105979146373864e-01 4.892579215875910714e-01
5.986582325139475635e-01 6.465694002614685854e-01
6.705227529845673162e-01 6.467794243495371687e-01
9.169796541290075043e-01 9.736450278680460757e-01
8.490963435453532382e-01 7.733010332921596008e-01
5.769087529638416978e-01 5.260556017616082602e-01
4.638088413064627713e-01 3.959422139653031025e-01
7.423163927667636441e-01 8.071996569170950542e-01
5.698564712299535318e-01 5.252185713064018158e-01
5.567796027953351157e-01 6.238938029717950862e-01
5.783477591981980304e-01 5.770144691053553654e-01
2.984139328826346804e-01 3.973449678715590960e-01
6.535646737102890347e-01 6.808601598430924495e-01
4.601564620975719389e-01 4.747896424784017744e-01
4.043472297537002436e-01 4.255336170678021834e-01
6.165962657781953737e-01 6.213680751391232882e-01
3.616468822233802061e-01 4.233775906046423620e-01
6.288673084426983362e-01 6.202630324897839831e-01
5.243738331377313378e-01 5.722843838388448345e-01
7.906138009470581318e-01 8.221703577382603045e-01
5.367190920264822696e-01 5.382669866011203785e-01
7.353658925947890168e-01 7.993856426643402013e-01
4.585285601300262970e-01 5.025027794508207801e-01
6.573683925236427639e-01 6.597145039746844519e-01
5.335544733653552196e-01 5.562880133196299592e-01
6.020682134545812803e-01 6.540489621229642614e-01
5.509112019618617184e-01 5.337129749674810464e-01
7.926652352985911199e-01 8.182650879523837295e-01
6.603782487575519111e-01 6.546380873656619803e-01
4.746732765283036559e-01 3.704993892557109647e-01
9.339381051723536498e-01 8.872108328446297598e-01
6.297550051610513178e-01 6.533353024953291177e-01
5.033939956618226352e-01 5.257968659649202570e-01
4.207184808308983004e-01 4.070506444702527982e-01
6.487282823986753044e-01 6.792498953136965056e-01
4.827558973327167879e-01 4.627778583413605928e-01
7.248778925230889847e-01 7.195007470375158753e-01
6.738128390897273334e-01 6.637621742854977747e-01
5.454729962722991710e-01 5.497086831228857884e-01
6.250841432536700104e-01 6.911846854683147967e-01
8.328877910953537134e-01 7.627082558120544808e-01
3.734691925281459213e-01 4.076110115542906920e-01
5.375934182720465415e-01 5.711874759957409342e-01
3.839646004310172667e-01 4.240291673077732360e-01
8.523552955192011948e-01 9.146633009399239844e-01
6.641173848445449668e-01 6.682189816456263198e-01
8.340243123166881656e-01 7.812775439682027034e-01
4.963066497554459167e-01 6.256291116718640799e-01
5.788661740074799722e-01 5.832060099351233928e-01
7.312965972562344152e-01 7.520435212103457889e-01
5.907480501661311889e-01 6.420958747890007645e-01
6.713026800495360824e-01 6.210763926424425208e-01
3.774450741471783721e-01 4.322167197805001915e-01
5.048934851161510640e-01 5.107460206897485033e-01
5.586641162239008862e-01 5.257329585466320454e-01
6.722393309877718881e-01 6.479901168843933412e-01
2.986674303073053038e-01 3.102921225145198192e-01
6.358900470920324510e-01 7.342746552734799037e-01
5.239940592008395237e-01 5.068372114774489789e-01
6.019073323926840136e-01 6.383420723096762117e-01
6.724723910043258757e-01 6.850119095600445407e-01
6.755202672152352816e-01 7.439758430291761870e-01
5.458108309422827764e-01 4.861955275749007543e-01
2.683523197347753020e-01 3.862477271799029110e-01
6.438710103528593187e-01 6.860251669652090989e-01
4.793318613240202808e-01 4.434654196945500004e-01
7.764360126984075627e-01 7.400041580396878871e-01
5.215397258776937051e-01 4.856934598154032390e-01
5.410929022301331770e-01 4.906892781854019780e-01
7.523502433031767911e-01 7.743738169943501504e-01
6.408665229986798550e-01 5.887750702964023031e-01
5.365289877082288772e-01 5.654554059627967533e-01
3.711053328568716392e-01 3.269430707863466568e-01
4.472326347086293397e-01 5.541123477121565610e-01
3.688585585973093717e-01 2.735023043474170135e-01
7.898225114066360630e-01 7.689706442869838066e-01
5.738407430228874562e-01 5.106890112208762877e-01
5.673130103482182385e-01 5.189805032380752081e-01
2.651359750597353515e-01 3.403989674588910330e-01
4.921750967190981485e-01 5.068793807694017550e-01
5.673915710555436087e-01 5.739753311363663402e-01
1.075052509749702345e+00 1.090822451600552245e+00
7.267032077871162787e-01 7.783263235080182252e-01
5.885123901533629853e-01 6.259529917942202593e-01
8.747100196033044117e-01 8.622443976928932940e-01
5.202325924589024098e-01 5.591205138247683504e-01
5.633989872612453764e-01 6.374320929749847098e-01
5.774245713130997659e-01 5.816638839586082410e-01
5.730431453390436580e-01 6.128222510399636835e-01
6.491330446006633448e-01 6.522870508167684100e-01
7.433981857938487536e-01 7.487297072258649600e-01
6.071148976175304579e-01 6.580250393793483088e-01
4.142925969643204698e-01 3.934373743363255849e-01
6.826603819267696993e-01 6.967454787491570434e-01
4.374839677573475472e-01 4.574400038175641114e-01
5.084355905524386987e-01 5.168524099226863289e-01
5.996285379978453234e-01 6.040640751824838395e-01
5.190140940070324671e-01 5.232208408260605736e-01
3.360212198355421731e-01 3.760866315237429425e-01
2.479309567573776962e-01 2.052495414050626299e-01
5.168235944105520341e-01 5.871550713947982780e-01
4.447263147699771491e-01 5.077068564502937864e-01
6.020770232046962489e-01 6.385370992177793470e-01
5.363372509184665127e-01 4.750934547658018925e-01
5.714622955439275787e-01 6.288174310430242331e-01
8.700673155039839735e-01 8.891091416532093117e-01
6.492748052183823226e-01 6.105855095861727477e-01
4.683550330356875402e-01 4.953788151422732766e-01
6.773795401333231325e-01 6.825448285752269140e-01
5.027717083102493101e-01 4.808869241164777653e-01
6.493293933307399124e-01 6.472905078748195651e-01
6.422498385232635609e-01 6.215604610391356477e-01
4.141657225574617573e-01 4.512885524775854806e-01
5.055502027638881790e-01 5.992168136772059173e-01
6.625682216816081160e-01 8.197269362800841952e-01
5.846571829129265652e-01 5.674840222328816353e-01
4.987744311980218948e-01 5.185010517332174773e-01
6.031841148781595940e-01 5.017305051641443026e-01
5.455876445478635706e-01 5.209452999513595195e-01
5.769816008132078178e-01 5.894893630983200072e-01
8.007102577509159769e-01 7.714128607467338750e-01
7.024146338837125025e-01 8.015558491915637518e-01
5.923865383191551093e-01 6.225291143547253547e-01
6.021616662572981671e-01 5.941583702974420067e-01
9.663573745478944987e-01 9.382165553368083666e-01
5.224271143793967065e-01 5.785615289616835577e-01
7.166848838951908052e-01 7.054034382313952856e-01
5.513395624754888757e-01 4.956017051077641900e-01
5.253287330805841426e-01 7.404257254562408574e-01
4.603077203248727156e-01 5.582081537570430241e-01
3.479139831861874921e-01 4.036449277801419377e-01
5.982216678409464361e-01 6.545807337359887956e-01
4.605612750449034620e-01 4.613977765695786437e-01
5.348232592984043521e-01 5.825705408561077103e-01
6.231127230950730400e-01 7.331910286134093457e-01
5.652568558342211391e-01 5.575075351543840041e-01
5.870932782653595083e-01 5.144587780068861083e-01
5.927717411385121649e-01 6.557428423196457468e-01
3.764368058463586908e-01 4.685269440966947641e-01
4.106977107166718821e-01 4.584205503852589181e-01
7.818926944608434182e-01 7.795518256190300255e-01
7.071061485764755794e-01 6.707167367045265838e-01
6.252093313817621567e-01 6.243837683939679195e-01
6.329916146186678194e-01 5.817573014339176840e-01
5.119384482751543342e-01 5.204420841111603302e-01
5.900674301186507043e-01 6.776566626005692262e-01
5.224939507749261081e-01 5.035100313910382264e-01
3.664020907434544227e-01 4.529437321713402076e-01
7.514278127429458998e-01 7.552290733681319423e-01
7.365979044999106939e-01 7.055037812088598148e-01
5.669651882678425903e-01 5.387723333465876951e-01
7.950777665442210207e-01 8.178168394720362055e-01
3.937765473819813677e-01 4.061404499768090370e-01
5.464685490405880586e-01 5.152116217111988306e-01
9.596035454379669982e-01 1.007734116361136190e+00
5.836487000527705860e-01 5.894278420083802761e-01
5.190661814271606556e-01 4.388643850630781773e-01
6.781225520751212876e-01 6.274039205469055247e-01
3.516625864161786463e-01 4.036741990934216151e-01
7.716946999543297103e-01 7.818015683361021484e-01
7.230475326341807563e-01 8.317628182197907005e-01
4.540228704826822503e-01 4.400974256197890955e-01
5.696515137543549656e-01 5.975973072652041029e-01
4.949115986594538330e-01 5.106394957545941082e-01
4.258235651425585910e-01 5.340605226371032410e-01
5.497787971993944867e-01 5.973992983099222220e-01
6.641212056488646764e-01 6.410940345000067930e-01
4.795920601681900597e-01 5.110426559119998213e-01
7.659002148784733732e-01 7.241907592618225253e-01
6.095132678770699419e-01 5.865629839517297883e-01
7.144018494396261465e-01 6.907542168182957409e-01
7.071334935516735420e-01 6.535535349197825195e-01
7.235008750357913021e-01 6.715223050831068408e-01
4.200835022043634126e-01 4.247985407115231205e-01
6.965204468809256255e-01 7.073153520197001942e-01
6.643534156795160017e-01 6.240363566402410411e-01
6.818579708735478251e-01 5.965364746047600031e-01
4.982595762815356100e-01 5.159385020794460264e-01
6.872012553474968755e-01 6.624566260879563018e-01
3.881507215640412345e-01 3.015911435633125692e-01
7.610470943945150113e-01 7.913961268592274445e-01
4.172903440707695366e-01 4.435116278153545255e-01
4.263351543438914648e-01 3.535691311084160349e-01
6.421360535225769661e-01 6.302397637706512734e-01
5.024206555214146830e-01 4.787790858566751129e-01
5.338559230915758125e-01 6.023028597074426838e-01
5.703676470264265053e-01 5.512956160241582193e-01
5.856157370092606174e-01 6.569100188969617671e-01
5.120716898486876723e-01 5.359302418513121058e-01
5.641100416185621524e-01 5.839245525688520067e-01
6.523268404431449285e-01 6.281314778182912617e-01
6.979045948455092629e-01 6.705546243288919017e-01
5.570766060148379939e-01 4.826240767149778121e-01
5.622756636418431153e-01 4.769358170538928188e-01
8.282392825295400440e-01 8.749698499678305597e-01
7.556309025366946264e-01 7.772988823383296664e-01
7.559308659530095120e-01 7.727874281847333382e-01
5.693045292884280073e-01 5.468825999033559704e-01
5.710190645964957623e-01 5.563331474954739120e-01
7.255561976936585333e-01 7.209943264477961522e-01
6.405151940514564046e-01 6.838794695995356054e-01
6.069676098764978933e-01 6.487867273699451376e-01
6.897704153803759786e-01 6.775241707171461014e-01
6.662663578373499984e-01 5.074219662246526319e-01
5.753095589904579921e-01 5.752950185661240834e-01
6.223896577926851803e-01 6.519285054484212916e-01
5.270523247440692671e-01 6.134636810611373559e-01
7.812115704849531550e-01 7.626814204784961859e-01
6.083124217832023284e-01 6.141477956771914659e-01
3.953681824926691402e-01 3.647231283344122277e-01
4.181928209645010552e-01 4.368828847935614101e-01
5.638452586551642165e-01 4.586040104473196322e-01
2.551362099868929034e-01 3.276792952729474795e-01
6.699673101517433782e-01 7.618125721484054758e-01
4.459541195352381138e-01 4.917499524529338473e-01
5.111255476703191469e-01 4.663210660837933674e-01
4.096523251587368408e-01 4.263852564087051711e-01
5.824979955870722703e-01 5.729597975463537329e-01
3.350173174991393776e-01 3.678425348471989209e-01
8.219277611813794460e-01 9.185086329664783333e-01
4.174369054741270957e-01 4.246440958898657914e-01
4.113856585961076506e-01 4.201350042992474387e-01
7.005162098488261213e-01 6.782527910085304201e-01
5.286554482525308574e-01 5.845541851242223030e-01
7.477204220985462779e-01 6.990443404301616148e-01
5.623990213978854458e-01 5.110682121650141907e-01
3.595302476748856724e-01 3.980251847295607770e-01
6.335228774003276442e-01 5.564785306257442610e-01
3.580118772446179154e-01 2.864016064191283739e-01
5.674447397440350871e-01 5.359585200803337335e-01
6.634055137259637913e-01 5.778424269037143457e-01
7.327676145994266310e-01 7.497758479697576028e-01
7.398310392895048881e-01 6.385024077540013554e-01
3.957319023086933729e-01 4.517201910470705073e-01
5.067056540828205335e-01 3.875683491018475646e-01
7.213834078323024812e-01 7.669356945514806956e-01
6.861958634327192108e-01 6.894269402498371946e-01
7.575249337661076332e-01 8.347673210765020890e-01
6.254105411715744633e-01 6.100968870555549817e-01
5.470169350145321907e-01 4.476673556108551888e-01
5.544099566420791492e-01 5.746225634071803201e-01
5.371757022652235980e-01 4.968975663566048140e-01
3.291149665305666550e-01 3.762726068361565424e-01
5.020635981778088786e-01 5.153938734642699027e-01
5.069691907709383827e-01 5.331200786203678099e-01
5.658274087444694622e-01 5.244935747040102569e-01
6.914137363939577563e-01 6.050651047384810743e-01
5.856420092428992197e-01 6.419591845683602083e-01
7.354872570666867171e-01 7.363520723006206081e-01
8.921736003723592656e-01 7.585234809828100833e-01
5.165237967168854194e-01 4.803723361431781469e-01
5.299470774992121047e-01 6.568344384275475178e-01
3.374870090945503720e-01 2.830534683422950004e-01
7.954057411760728780e-01 7.187453248303172781e-01
5.014335538990727370e-01 5.714011411137930319e-01
4.416076719157051023e-01 4.968123158666687966e-01
7.347817408970083175e-01 8.615060380934991269e-01
4.398120738487832915e-01 4.093679790753562697e-01
5.602758040128357209e-01 5.391884109422266924e-01
7.266060796843182290e-01 7.716120516368422111e-01
5.930527835459096231e-01 5.536460295926182162e-01
4.864517606703693819e-01 5.590844037548354795e-01
5.613476456944235249e-01 4.402315257529696435e-01
5.975457877910543836e-01 5.504928086546923005e-01
5.195005649190601593e-01 4.373347417497368550e-01
6.374517676941132693e-01 7.251535408210266764e-01
4.538018371895388148e-01 4.923704182347328207e-01
6.028472611027649863e-01 6.011170487323828082e-01
4.091232930479654639e-01 4.566037465280078367e-01
6.803467422002670295e-01 6.763471184451171903e-01
3.418886173467771683e-01 3.276546277010459751e-01
5.934918858232746119e-01 6.590230738725816328e-01
5.326018707058710611e-01 5.059051821367890334e-01
8.658715668257281894e-01 8.574673118653297621e-01
4.346779143900488251e-01 5.074762420418714726e-01
3.527258568572115838e-01 4.032776576468526386e-01
6.745570820137753998e-01 5.830926653800365678e-01
7.440653151285973044e-01 7.901721498369974617e-01
4.842343479169476939e-01 4.906542081310124037e-01
5.679251726609256812e-01 5.627670245182535558e-01
6.480750051699564196e-01 6.176232798912866251e-01
4.712687950874333564e-01 4.877393608714269968e-01
6.313020622642701030e-01 6.527793864422114511e-01
8.564528079869416777e-01 8.551936006695802783e-01
6.954595458401431340e-01 7.104728877827817257e-01
4.810480257542716354e-01 4.857045314092087729e-01
5.869117569306109283e-01 6.031906409868384999e-01
6.713233537680930452e-01 6.986981037607254974e-01
5.340616564660385368e-01 4.861250069040074506e-01
6.537984530700657881e-01 6.071988333659168458e-01
5.711924217548977056e-01 5.632221404533933606e-01
6.546468307176838142e-01 5.407699913243979584e-01
4.965056681565104268e-01 4.179882819581601794e-01
5.336617564996894991e-01 5.116465921695689811e-01
5.914619072842631775e-01 5.979451293092362674e-01
5.923817465821206163e-01 5.456647102753855449e-01
5.662956805692467288e-01 5.391414989533360735e-01
8.683301801632894446e-01 8.609012466232788263e-01
7.293439457966203188e-01 7.343716307409006161e-01
5.498580450287338106e-01 4.924319834401869045e-01
6.489622368078638015e-01 7.369008752774450777e-01
4.825528908178960963e-01 5.198198047094634289e-01
7.180327829415108498e-01 6.983523843638897999e-01
4.743894774935823455e-01 5.167374124176420391e-01
6.503214792215932238e-01 6.823414672412000392e-01
7.024326465178527545e-01 7.005757742582485736e-01
3.491662608073456964e-01 3.289835047577168714e-01
6.203700383139364449e-01 6.041639267403814406e-01
5.152831601354916913e-01 5.765057243906928086e-01
8.820349203836198582e-01 8.017862411845629866e-01
9.252779504632745455e-01 9.838906462924491558e-01
7.359704510888763762e-01 7.524402349827222780e-01
3.248520194866850730e-01 3.230546024712738218e-01
5.195767493221916666e-01 5.768965499960831966e-01
3.750491761827298709e-01 4.205936471339793425e-01
5.395189392227033309e-01 5.110961547773138491e-01
5.495129072376735424e-01 5.828675096510230746e-01
5.774473211501004455e-01 5.450550887031614389e-01
5.906368045292094138e-01 5.598799571054566826e-01
8.436487884410672766e-01 8.374750082253064054e-01
6.277485386681197488e-01 5.849538877511027968e-01
4.815488295985158596e-01 5.540552727060806815e-01
4.006043510215779868e-01 3.890322734289323181e-01
8.886680926039642880e-01 8.929495364254971257e-01
3.305559072724424396e-01 3.333137617422752275e-01
9.091385376624121495e-01 9.410692023264362049e-01
6.077999750701914561e-01 6.779237731553293678e-01
4.667763293347966802e-01 4.614279939367360028e-01
6.946272336367539380e-01 7.077129362168336213e-01
6.573034638550708797e-01 6.201107127645723027e-01
8.355469192041041770e-01 8.003884342757109360e-01
4.917589303009437529e-01 4.826774955295718428e-01
5.458320420490324620e-01 6.659965350193589595e-01
7.461909511627484726e-01 7.317275169785930622e-01
6.458296346742093963e-01 7.220834983140933527e-01
7.730529321944328291e-01 6.777628468919041360e-01
5.155863945354336453e-01 5.038077451095129833e-01
6.111512753686993982e-01 5.728520527668727880e-01
4.785678368324691734e-01 4.583703278539867920e-01
7.260943127917180995e-01 7.554169015635123774e-01
7.500579890959293561e-01 7.935617593439585615e-01
6.001700521231595475e-01 5.443451920289855694e-01
8.994384905722939694e-01 8.589590927400977405e-01
6.488813596518749893e-01 5.825826383714951540e-01
6.760626339121031947e-01 6.444344807406976461e-01
5.046815847588277393e-01 5.513208988250761777e-01
5.063096685517942674e-01 4.941011653835894468e-01
7.928148339629215169e-01 7.846067996269014966e-01
5.194419399712817409e-01 5.113011261128355134e-01
8.290892133964011812e-01 7.722073273995986309e-01
4.769030238521635434e-01 4.596612302268705541e-01
9.088385475719443773e-01 9.060173106003105437e-01
5.393893022597180398e-01 5.367661904500300452e-01
2.101375476527992114e-01 3.000567774193461101e-01
6.074985080791934777e-01 7.010003916673852586e-01
4.903918542458564622e-01 4.745485154419263885e-01
5.259006402174153383e-01 4.871497234529597598e-01
3.112275984297781517e-01 3.186407572084086204e-01
4.839252037367037795e-01 5.253055170975583499e-01
3.861581455259794349e-01 3.919959581518270286e-01
8.018838858990322560e-01 8.348251229141683272e-01
6.542234434677262067e-01 6.639987192536883631e-01
3.930741942813629208e-01 4.425098631603744392e-01
6.979003483815962028e-01 6.729828109827180604e-01
7.418243393793958473e-01 6.723446269522929120e-01
5.544977472224108528e-01 5.617942509558901953e-01
4.393207477479743051e-01 4.376553501043657923e-01
7.515881926327486751e-01 8.295795648180076531e-01
4.666818634711900615e-01 5.588456674876096653e-01
8.852841930748643895e-01 7.895932739129575273e-01
6.190033736989337676e-01 6.025124177224461253e-01
6.597364038687937304e-01 6.099053111278008865e-01
8.472316555676846495e-01 8.038459275463132325e-01
3.996318809444013298e-01 4.301141627364870046e-01
7.039899819849898543e-01 7.547942816028182511e-01
4.815265593431069524e-01 5.436093834119958279e-01
6.497900660318713939e-01 5.950492897996648711e-01
5.235703397150390792e-01 5.500539659340226706e-01
3.852631304170663351e-01 2.703975648781264396e-01
5.357943904144144565e-01 4.648935720740194344e-01
6.338202991603731906e-01 6.805655607852159061e-01
6.348663465460478994e-01 6.362336319235116777e-01
7.326882826882534783e-01 7.101690610775983625e-01
4.277533195560054846e-01 4.694192288670947510e-01
4.752032399653281503e-01 5.393485782201189460e-01
5.488818484684733212e-01 5.361781511875606254e-01
8.035099972701819082e-01 8.574472285546462791e-01
6.047034700107463134e-01 6.320292695508280545e-01
4.581094627886171944e-01 5.255263900321573978e-01
4.602496045680631864e-01 3.947547524191039603e-01
5.376806408344704247e-01 5.001357262874625009e-01
5.198324035622393646e-01 4.695441026719828770e-01
5.745277622082675117e-01 6.211507506948660273e-01
5.221082510862374848e-01 5.521232202375910836e-01
4.846616890592023164e-01 3.546410583287265550e-01
3.941341036905973705e-01 5.123856208349882868e-01
5.319618517236639477e-01 5.510990741814218996e-01
9.468549644274939503e-01 9.433290362589910050e-01
5.162201042693715936e-01 5.759525199024088105e-01
6.768558826291924957e-01 6.811989780430963703e-01
3.672685714965627235e-01 3.197782074933456786e-01
4.406192658507548376e-01 3.837997678129618784e-01
1.945227914148409121e-01 2.080870217695875990e-01
5.992838630381724929e-01 5.976957702550882434e-01
2.309501104818402484e-01 2.940894988510939223e-01
5.055205047128591422e-01 5.432955873843859917e-01
8.741450324163775321e-01 8.398413179140471474e-01
6.783015884371073057e-01 6.782137720466614450e-01
4.281625880664574058e-01 3.477673463911200025e-01
4.405019775054002107e-01 4.746349023929717914e-01
5.501857401581764506e-01 5.814123127876782426e-01
7.390819855689727547e-01 8.153643664487533194e-01
4.822112944108171706e-01 5.281954222383449249e-01
7.931609236417723752e-01 7.924044573805314462e-01
5.272564697737036621e-01 5.482973605743899359e-01
6.895309894511113535e-01 7.143511087006949589e-01
6.141420360920734067e-01 6.232506468936126476e-01
6.097023816871155466e-01 6.002141853977741581e-01
3.707005704413117164e-01 4.314329815224282050e-01
6.892957703131951108e-01 6.329485050924744671e-01
4.871028855695786475e-01 5.381373855916682380e-01
7.592776248005610462e-01 8.521733279183092424e-01
4.150815488220759852e-01 5.002951598172307168e-01
3.608144462158814347e-01 3.948661987095872794e-01
3.171063379511202540e-01 3.792699052065779397e-01
4.679931859622386559e-01 4.358363615428034188e-01
6.078594084154440580e-01 6.895243297787547743e-01
4.865899155724900393e-01 4.874451487465038535e-01
5.907412059401422333e-01 7.605509582549414560e-01
4.033159914651132660e-01 4.018926304503271374e-01
6.048858620000652220e-01 6.108775934600279012e-01
7.230277709575599898e-01 7.080225250359110101e-01
7.370056633175730010e-01 7.723604662409477850e-01
6.385327681400145838e-01 6.838495988914148338e-01
4.961163612607905060e-01 4.980579905410700281e-01
5.160801081561787740e-01 4.641277486426415022e-01
6.455328102177360083e-01 5.448884760946768324e-01
7.007391941207555819e-01 6.719961604004226485e-01
6.358148584599015996e-01 5.998660678440782545e-01
6.486245393873690812e-01 6.652461897374555289e-01
3.985599942950165953e-01 4.768122354146901443e-01
5.696415324463507401e-01 5.761286118221854435e-01
4.245308072300936764e-01 4.991026139023388430e-01
7.134290102371250164e-01 7.274244813100019247e-01
5.916271129480413782e-01 6.659719617224150179e-01
5.677177686742904683e-01 5.507278831803039676e-01
5.733986742900922806e-01 6.626408386898312575e-01
2.750598269107893956e-01 2.341382420072419257e-01
6.629773068079617415e-01 6.816077231578446805e-01
5.810956666136252169e-01 5.877925546645293986e-01
3.991077497370251193e-01 4.948887935463631704e-01
5.595241697316143403e-01 4.904678096510021179e-01
6.559136572764251438e-01 6.166059224908936320e-01
6.739641509273408548e-01 7.669058915157291878e-01
7.278515639513950530e-01 6.698409994376784971e-01
6.901288100533624625e-01 6.752975612953369122e-01
5.706142817400022826e-01 6.472901668786154028e-01
4.129096998998945667e-01 4.910522892585806876e-01
7.785660047406737228e-01 8.030883664959580504e-01
6.049697950006721614e-01 6.842854644238637318e-01
3.662696487759014574e-01 4.546771875554966313e-01
6.075855429132998031e-01 6.406872156595239121e-01
8.732609528989373482e-01 8.450625170879756398e-01
5.808502158711315033e-01 4.977561128600656581e-01
6.625639903020973387e-01 6.639925405753998033e-01
7.793035149123331840e-01 6.901619461226137231e-01
4.529460959339769444e-01 4.970946413413721565e-01
8.834646749215608885e-01 8.420912073066724179e-01
5.491868422008936435e-01 6.057760957594631179e-01
5.600462446534639760e-01 5.861806979363060055e-01
6.233124740004777342e-01 6.216060118800136314e-01
5.176375056987110312e-01 4.884712197061221173e-01
6.548883511545644520e-01 6.576035826086199521e-01
5.864302159126942859e-01 5.165832990561586291e-01
6.236979885008486768e-01 6.723395255278197258e-01
4.785718284857335969e-01 4.333419018566217473e-01
4.446655169739259228e-01 4.964393314728004492e-01
4.218872588917638722e-01 4.530330049723291785e-01
3.667485096085909557e-01 3.321744924670760879e-01
5.055077361888652421e-01 5.012659621322176351e-01
5.307860494113559868e-01 5.602593023237422143e-01
4.947879846476335719e-01 4.598008469265044140e-01
7.971839479830231667e-01 8.230443741968112015e-01
3.956396835047692462e-01 3.927686260444938626e-01
7.416495684542274702e-01 6.887301361754651907e-01
4.993971836406981279e-01 4.600467835383872939e-01
7.060158968484604447e-01 6.290277377871991149e-01
6.358262012850915967e-01 6.516786885663118367e-01
6.259592912705553847e-01 5.642729817637488487e-01
7.398457102033532129e-01 6.972127768354249300e-01
7.296831161282323341e-01 6.725473767172941431e-01
5.506685938165895022e-01 5.481289439325721657e-01
7.274946082914461876e-01 7.476141749156901550e-01
7.082195830774984380e-01 6.894479252891789756e-01
6.538852626842649451e-01 6.018449151464070335e-01
4.932388341811283494e-01 5.224993450047551447e-01
3.365081546957336966e-01 3.680673000586918153e-01
6.892108599433827143e-01 5.989829140252308504e-01
3.425041331953816437e-01 3.242768329596290577e-01
4.947239861245180670e-01 5.125075659006776974e-01
6.536328196011580438e-01 6.673941878942246664e-01
6.541597488384625070e-01 5.981572257495066935e-01
7.654927809557533491e-01 7.985146163930475494e-01
6.401504941697535589e-01 6.153988960525669238e-01
6.761373719384923264e-01 7.481266796830406962e-01
5.677206732017107127e-01 6.606681953191212431e-01
4.418684538179676879e-01 3.964360481284113780e-01
5.030317921563426387e-01 5.093127948208490130e-01
5.883782696560304615e-01 5.445492867159695827e-01
5.087494498034226265e-01 5.830000029337920608e-01
6.300672034638259422e-01 7.251079357742717946e-01
6.648909918913087358e-01 6.959620558878428787e-01
7.121124674139246435e-01 6.354970303523012065e-01
5.311260834509410333e-01 5.768906620078027014e-01
5.012386022790310536e-01 5.578709208938877895e-01
5.606663044703908971e-01 5.765192950003165118e-01
6.094857531700853537e-01 6.223735310189270065e-01
5.763055977721001089e-01 5.808534556137445737e-01
7.268967647737383242e-01 7.641255788173435537e-01
6.682631751178326196e-01 6.594688350560126144e-01
4.411449473807670940e-01 4.307260563728389502e-01
5.727635908921842045e-01 5.341300886022466443e-01
4.983470475796347721e-01 4.656099010987611031e-01
7.004622115640757318e-01 7.970924431390751241e-01
5.117584260877550140e-01 4.676234594681394907e-01
2.224498435682699116e-01 2.488904535892850767e-01
6.340479747986540460e-01 5.690909529286685142e-01
8.815768981520589742e-01 9.439880507692072209e-01
5.461252411496015924e-01 4.999569546813399934e-01
6.408956521142458174e-01 7.106991078237164805e-01
6.502472434001997925e-01 5.743074996262018672e-01
2.879714891258247089e-01 3.411260185210591711e-01
6.470830727837527663e-01 7.048541297669480565e-01
7.358461211940949820e-01 6.620090873926314234e-01
7.097149273240258571e-01 6.547375485567420439e-01
4.685491347342079504e-01 4.879108902129766778e-01
5.191312354795609707e-01 4.552747396790159384e-01
5.856334148982623722e-01 5.568094204212102882e-01
5.802318418204843731e-01 6.222002130354495897e-01
6.158916080497252032e-01 5.938613357715094576e-01
7.129380574186580111e-01 6.603948705074250691e-01
6.645199921438863511e-01 7.094193232453241960e-01
6.840372136596089003e-01 6.422820373052198217e-01
6.480110836774474192e-01 5.679535065008506356e-01
5.592296843227829717e-01 5.721092698693445167e-01
7.540329871489206415e-01 6.804419780627382064e-01
5.812431960732493685e-01 6.373595201943047517e-01
8.153415818008725724e-01 7.571840007426345887e-01
6.889187946631022408e-01 7.680755220101377345e-01
7.395442143301103055e-01 7.804024545838932347e-01
5.803335931820851057e-01 6.261103492054927999e-01
