6.571637915658410378e-01 6.409755986508895997e-01
6.299513838999387660e-01 7.055982947847273534e-01
5.295333334004420633e-01 5.289941020280394257e-01
7.552393860360552269e-01 7.286114496067218615e-01
5.970295217640386731e-01 6.612749019325854238e-01
4.720085809536882504e-01 5.400391818318319714e-01
4.931612018599351166e-01 5.329872651285609830e-01
5.850381901380301564e-01 5.955465021292707384e-01
8.350437009343331107e-01 8.115712340922339729e-01
4.643550376384021350e-01 5.157963335386293036e-01
4.910071972199848145e-01 4.538715045545929638e-01
1.858065760782247056e-01 2.108363255360343747e-01
7.061233842741889699e-01 6.826588650890454968e-01
3.733520345911280902e-01 4.695853885710015163e-01
7.421474254128135328e-01 7.110596772001587240e-01
6.239006426267180716e-01 5.360473204866266217e-01
4.875827925632378324e-01 3.659075604059963127e-01
5.703685178140640577e-01 6.954113489976547768e-01
7.498299404361102871e-01 7.310393046857751598e-01
5.931770518458823194e-01 4.681672082251140954e-01
4.232230197785865622e-01 3.313339901053712344e-01
4.498418114452519267e-01 4.810357784411468662e-01
2.576426437484691245e-01 3.379482294419715593e-01
6.567395562588504987e-01 6.030584898996371734e-01
5.271639962795772183e-01 4.522077250412839255e-01
5.455373958124145606e-01 4.783196580939039766e-01
3.719944723093713823e-01 3.937004012486669535e-01
8.218390443350174213e-01 8.525281191180169582e-01
6.000936485215314642e-01 6.383415210743353940e-01
7.203918657351757737e-01 6.705381927844529244e-01
6.899119273727192247e-01 7.316679240267811579e-01
4.501721664538805845e-01 4.356162185243183105e-01
3.431781209076974481e-01 3.191001843991129738e-01
4.384971736927865127e-01 4.085310463773099698e-01
6.600248811923116188e-01 6.007616789280832981e-01
5.043840177012834936e-01 5.993207142982228675e-01
5.308916475679207325e-01 4.619595376603067849e-01
4.404001447038189965e-01 4.612195325508128829e-01
7.430141761643868081e-01 8.209052896489846818e-01
5.247054291175509144e-01 6.590576671629558847e-01
6.226442939493398443e-01 5.982956532559221552e-01
4.917514028850998309e-01 5.024541487919648164e-01
5.978594239593761905e-01 5.447609801721098322e-01
8.095968492146938811e-01 8.731971618579723593e-01
7.829342074709489951e-01 7.834657137708226360e-01
6.316107819755529817e-01 6.256814649995607880e-01
3.399286493115276087e-01 2.886322755208698410e-01
5.064363806445361105e-01 5.065622716899950140e-01
8.054637370675807873e-01 9.285867043609190574e-01
5.746300576352471046e-01 4.331514421227030676e-01
6.784320412899691455e-01 6.805117355148611047e-01
9.334757104232966896e-01 9.393522209698901282e-01
6.571176691103246537e-01 6.951434136284320164e-01
5.661149741678201952e-01 5.404241371756217660e-01
4.479582232071655512e-01 4.396610458080267292e-01
6.704831543126003046e-01 7.516146843384762244e-01
1.944243920566286477e-01 1.811214500572660979e-01
5.714057272796129183e-01 6.181379764297230128e-01
5.851435687176319567e-01 5.238584612482847236e-01
6.986993157441154789e-01 8.056159246092662318e-01
5.799998418223829555e-01 6.576592084417002271e-01
5.590877180292481707e-01 5.110284150033708173e-01
5.662202286841773180e-01 5.254091035101244866e-01
6.576192891335395085e-01 6.721194368844825018e-01
7.189465523342322140e-01 7.491096705581983262e-01
5.146414909206390442e-01 5.327007104694224671e-01
2.408708614666076886e-01 2.582074038496529611e-01
7.812480990161212446e-01 7.380719060801557152e-01
6.285945866565778584e-01 6.130107397296702398e-01
7.925600111191392072e-01 7.881076967900072505e-01
8.520728160354096303e-01 6.886424625742748606e-01
5.971967713404127132e-01 6.645973950629071592e-01
3.625585877488388120e-01 4.116055420763320982e-01
8.850803441997402432e-01 9.010306616620803455e-01
4.512106515040631982e-01 4.934617220546645977e-01
7.466590039043518034e-01 6.983420890455674934e-01
5.961313441216180564e-01 5.903914219097758931e-01
6.047865133129768367e-01 6.380234557059956124e-01
4.950236197525836879e-01 5.416267869523130329e-01
5.393014509314613125e-01 4.415017827347074708e-01
4.355218875378779053e-01 4.389101146486471539e-01
5.481481581116045554e-01 4.943024695491367027e-01
4.478147423784633596e-01 4.962861627357255112e-01
5.788046870227850915e-01 6.091283245937187951e-01
4.324740067969022328e-01 4.245361444933979933e-01
4.695685686042185836e-01 5.314234288030250664e-01
5.468654922184192912e-01 6.009427630754524685e-01
6.534452160185254543e-01 6.637092339288716003e-01
6.627667310696694347e-01 5.262891695723175278e-01
6.068792946068204408e-01 3.951930429126847000e-01
7.522447361756542383e-01 7.932582753617226645e-01
5.805030098961452278e-01 5.832445412187778899e-01
6.441615567465320824e-01 6.018327499316428186e-01
5.984300548114109830e-01 5.819772006573260548e-01
8.136679161345463651e-01 6.997097640246128236e-01
7.615830645137132704e-01 7.821111503293644018e-01
2.198095968515134391e-01 3.121722689435968423e-01
6.905104841159442897e-01 7.200973093893953125e-01
7.308576055209246025e-01 8.082075871611187345e-01
4.915770279714812840e-01 4.584142370047761261e-01
5.483036159618456251e-01 4.942222533642626758e-01
6.097224521306057188e-01 6.271433679009119633e-01
7.708731257755637722e-01 7.018131756538982247e-01
5.531759842953346551e-01 5.701907047786766158e-01
5.868462516316824695e-01 6.109716752940418383e-01
7.513984739345309638e-01 6.911970936326070625e-01
6.433112145437943630e-01 6.858175196391821382e-01
4.833074662443046510e-01 5.590385359520015918e-01
4.728104151766915897e-01 4.175290944107402091e-01
4.826633559358960435e-01 6.124395321765335742e-01
5.893245530375452734e-01 6.953294206314017956e-01
5.646881591103694031e-01 5.221756661163421409e-01
3.761661214554700705e-01 4.226563066520017675e-01
6.393972746891625203e-01 5.558491610237321634e-01
5.751438861940769698e-01 5.213342570049284141e-01
5.492577801476038468e-01 5.297687726972745148e-01
6.498751283242010235e-01 5.517140873032544413e-01
5.575611191616793860e-01 6.581744138668930155e-01
5.539304708122803067e-01 4.969393961467942766e-01
6.214666295167072807e-01 4.933731107776264113e-01
5.510421622360918148e-01 6.106889576833670619e-01
7.344956601958995135e-01 6.315382354653583663e-01
6.021641010293125040e-01 6.171067641308535245e-01
4.616368133407721674e-01 4.911183268130887014e-01
6.091679500980309303e-01 5.394495072287732729e-01
4.382573654676902852e-01 5.069167078445042662e-01
6.156541993830656478e-01 5.144117305133514284e-01
4.123153125668967411e-01 4.461911283113846882e-01
5.204659199113561563e-01 4.641029622050061310e-01
5.705432799738107130e-01 5.892592491291658297e-01
6.586133588827720597e-01 5.630181757655319252e-01
4.635221674944106640e-01 5.434426153880388410e-01
3.677184236612245360e-01 4.822551972081005056e-01
7.286725369626777526e-01 6.958253166373727927e-01
7.168320521527625777e-01 7.274663031446940709e-01
6.340099086701911357e-01 6.871632265458953448e-01
3.671040148586429686e-01 2.721432863150443637e-01
7.208755545945437770e-01 7.553202575217823345e-01
9.174114604741084866e-01 8.104862778445728333e-01
7.441155921826515529e-01 6.379913827271118665e-01
7.242853303820202537e-01 6.242040489258080527e-01
6.787022052749732692e-01 5.928866204628703285e-01
6.565747040172704718e-01 6.821634290406737300e-01
5.504682744830028396e-01 5.131032822788640368e-01
5.705639657067274051e-01 5.801833257299742197e-01
5.969980286366110001e-01 5.787875722548712076e-01
7.718669973150866781e-01 7.926459689665832364e-01
5.045695559218099646e-01 4.859961948885644922e-01
4.058000239878454263e-01 4.464905183974986480e-01
6.831572239676655389e-01 7.755234478945973731e-01
4.296253181385897846e-01 4.590833679231513531e-01
8.904342333535570919e-01 8.695150282990373736e-01
6.217451320789977309e-01 6.775056356237940669e-01
7.799985156456312740e-01 6.997553656792521171e-01
8.013587662227664721e-01 7.603749030138172715e-01
7.125007821250530782e-01 7.489278437272204325e-01
6.145339021573327232e-01 5.372504437317940917e-01
4.821204025078709710e-01 4.402928155870389770e-01
4.049187551797140960e-01 3.469334897519261718e-01
3.709336480461950525e-01 5.491504430167090112e-01
7.812320586790966193e-01 6.987655933741676595e-01
5.970171441293424808e-01 5.306141209041629336e-01
3.616162412101877055e-01 3.368614591528427682e-01
4.072286396136234887e-01 4.103704041538190350e-01
9.082869959458390596e-01 8.303473227501041443e-01
3.815029098499962412e-01 3.709274889398170849e-01
7.373739943041874856e-01 7.766286516495302106e-01
3.808880760737487492e-01 3.057705858778771990e-01
7.045605876617546670e-01 6.634776074685713176e-01
5.172587730319850863e-01 5.392804866799978392e-01
4.416748478020717239e-01 4.049389931157731382e-01
5.450740074033701976e-01 5.283454068837474260e-01
8.687033441257965283e-01 9.113419266651068273e-01
4.339120639404263624e-01 5.905137778412763438e-01
4.915979303759121510e-01 5.724405128180583002e-01
6.021775384832681599e-01 7.024256264232686675e-01
5.790357909316835583e-01 5.971743560717522881e-01
5.488598708923916325e-01 6.013326015096572830e-01
6.290489675824735283e-01 7.988050133859725399e-01
6.152814459756399401e-01 6.235280892380994366e-01
6.139056177156944072e-01 6.843833289385149454e-01
6.617408043251018501e-01 7.125910591215287582e-01
7.213326531284179888e-01 6.431203510328405981e-01
5.111675047323311905e-01 5.952001737877747889e-01
5.091621555222868301e-01 4.217514310104725217e-01
5.755078125773204212e-01 6.022035862792608496e-01
5.877998678949711842e-01 5.738858153942338891e-01
6.576599257382050867e-01 6.749186388720499474e-01
5.214523217053957937e-01 6.517575034223891395e-01
6.443348459162794306e-01 5.446118794512366801e-01
6.587738700962966210e-01 5.688362288554436041e-01
4.657708827946102081e-01 5.345237508276085014e-01
5.457640641517571556e-01 5.379702847655676301e-01
5.247115774454542692e-01 4.832081171800501895e-01
5.324172780780718206e-01 6.583409602749823453e-01
6.384226876600603839e-01 6.340083823760386261e-01
6.865725679877971999e-01 5.447427296321232237e-01
9.056718949260624818e-01 7.780840342521726516e-01
5.852506536283078598e-01 6.285802500303828699e-01
2.953943381835353321e-01 3.216764884854853568e-01
6.448802317263145900e-01 7.158926591809530171e-01
4.537799693653969957e-01 4.643210114086802065e-01
5.314540575718703641e-01 5.495617701008869149e-01
5.087947739994456153e-01 6.076464699445853768e-01
8.362416105269786515e-01 7.619606266346236056e-01
6.552185687171974138e-01 6.023322558312527164e-01
3.404440772223085165e-01 3.002618466147179976e-01
3.057978972549887930e-01 3.332317822099170601e-01
5.768979125902647942e-01 6.721141094112125236e-01
6.145391305694140049e-01 5.785714475551168023e-01
6.863701001564335158e-01 6.590830175053188356e-01
2.254748095374743966e-01 3.599485819386739061e-01
7.074207224200366184e-01 4.787076731103989680e-01
8.375990536451116686e-01 8.420902405833383675e-01
3.974240302480723797e-01 2.781793832031078662e-01
6.804317405920923267e-01 7.852254827530089631e-01
6.289736868476066833e-01 6.506104273469092147e-01
3.322311316441223794e-01 2.576871276243210551e-01
6.579032415647514398e-01 7.028208629099765847e-01
4.519036327430089872e-01 4.670990715893627576e-01
6.428435380790181730e-01 6.067957624895427005e-01
5.210447770321464667e-01 5.361841763933337113e-01
7.375130342925478866e-01 7.076332166636832843e-01
8.556853606367629261e-01 8.272339517572113721e-01
7.206709468065792823e-01 6.537157523230840983e-01
7.506713723196524191e-01 8.311375298437314596e-01
8.828534408007362444e-01 8.476877366640767075e-01
4.230502560710863724e-01 3.411757082269137875e-01
2.286343238766955777e-01 1.835205895907906504e-01
7.635848277412908836e-01 7.078242350961994056e-01
9.095922163532015325e-01 9.448709645966657522e-01
4.701642999952970192e-01 5.690937924206650456e-01
6.464517693245093177e-01 4.832807835431332522e-01
5.442175201018325525e-01 6.003304751662271732e-01
7.780230055755292806e-01 7.227537707004323408e-01
5.059801694907151148e-01 5.490942595039387530e-01
5.868610000030519691e-01 5.700026006810973156e-01
7.161864618609303790e-01 6.609319048471524738e-01
5.552511492390195258e-01 5.163167253423046610e-01
5.909168699215847642e-01 6.118278605523450597e-01
6.140203476511454372e-01 5.790420316417757007e-01
7.084814890276736055e-01 7.659249167372108591e-01
5.908270572814271482e-01 7.552892673976725479e-01
6.468612013266745731e-01 5.592598386117741960e-01
4.698958166445403872e-01 3.639411844814881558e-01
5.999630829089168671e-01 5.959110514646519530e-01
6.067573554344904974e-01 6.593900685049391974e-01
7.785106323973470799e-01 8.716977156670934201e-01
6.663002920324340161e-01 6.580105270954187402e-01
5.819940281017395023e-01 4.763058272368887458e-01
7.366893271214003391e-01 6.823044434912608480e-01
5.921859266278043377e-01 5.080186550985407168e-01
5.745374634688678039e-01 6.197034132511447524e-01
3.561405479672729024e-01 4.503431601866437761e-01
6.339197197864810951e-01 5.866527420300721163e-01
7.911011112490607955e-01 7.570641875208449223e-01
3.973766646761117127e-01 4.118953781658601376e-01
8.119170441861872645e-01 6.884428640736005578e-01
5.765295169193255242e-01 4.003670956777790613e-01
4.514697226571752209e-01 5.016912719372730312e-01
4.412508036842530124e-01 5.480786709975167259e-01
7.576721034595265136e-01 7.573511768555537538e-01
3.595552937141166527e-01 3.478439994025407378e-01
5.577349661077688481e-01 5.275004064678976423e-01
7.662198683436586277e-01 7.106739160167748759e-01
6.121295769990355851e-01 8.202380532155215676e-01
4.042048772113144284e-01 5.979074367097896303e-01
3.983983992126300389e-01 4.155470445910030564e-01
6.565762149320236718e-01 5.870949025673836141e-01
4.934182947552998577e-01 5.716286854512526716e-01
5.939073399555057087e-01 6.463465103084813368e-01
5.333110661461119006e-01 5.655125070613841176e-01
6.568305506959277729e-01 6.230753912908606473e-01
7.531970323646357546e-01 8.648484437036696448e-01
6.432494688112777581e-01 6.937576334147048662e-01
6.079312871972792909e-01 6.103292998847578144e-01
3.728542942317066289e-01 5.100863162313648003e-01
5.117554549876605074e-01 4.472729136631892199e-01
7.090302812161037860e-01 6.703565020747206393e-01
4.832881303195546985e-01 5.077534704882530336e-01
3.516622350602878755e-01 4.343326332201266626e-01
6.580694641627341523e-01 6.470108006497937714e-01
5.510718468955571048e-01 5.256400137085346369e-01
9.377214249236752730e-01 9.970794223338060869e-01
5.258765386277636233e-01 5.442347924935456716e-01
6.948133304927537335e-01 5.548575621161069282e-01
6.670538949816435803e-01 6.711370966024083895e-01
4.628314699721620684e-01 4.686586134437992213e-01
7.097617052092602963e-01 7.783264853101888869e-01
6.519794479220749617e-01 6.458954312243486706e-01
4.565592996282519800e-01 3.388498947034971898e-01
6.948050957258994353e-01 7.179653403175970672e-01
7.228906249376256810e-01 5.731674046877468509e-01
7.665935207964916787e-01 8.140061273035902323e-01
6.680937648866442924e-01 6.432642089514020167e-01
5.433560193126639737e-01 4.449585651744234482e-01
5.400438418206366942e-01 6.561095837722111801e-01
5.281965879457383162e-01 4.344350443209166190e-01
6.749223955535134101e-01 6.141604665412038200e-01
2.337945918142903534e-01 2.075211426156438610e-01
4.002447497282823341e-01 5.385302435019183598e-01
6.719336588408972855e-01 7.086355981866061526e-01
6.050124298077157459e-01 5.014560340287192997e-01
6.452347692106082944e-01 6.502219212316949770e-01
5.743668298859475607e-01 6.664837881393937957e-01
6.006146001609994345e-01 5.912335729577594678e-01
6.475351041927213114e-01 7.145028362539362909e-01
3.446667919524839530e-01 4.344216179788353838e-01
5.960257596587410500e-01 6.243251505088331932e-01
4.007645918360543402e-01 4.733451926007499755e-01
4.967162903081055458e-01 5.840244573949161522e-01
5.895034989037183371e-01 5.472171813576661714e-01
5.401323237628973262e-01 6.236486188767172978e-01
4.455017264137004496e-01 3.524412844326411109e-01
4.525243262694853552e-01 4.757946729227071625e-01
6.577057840346641759e-01 6.380210658809540858e-01
8.213290084087663256e-01 9.845957587121449972e-01
6.127021022501994985e-01 5.048595448946500142e-01
6.090987693500257150e-01 7.137391552131587824e-01
4.859557319771182771e-01 5.498325017299295903e-01
5.601928982811921198e-01 5.580133277758989596e-01
8.732161586111614193e-01 7.817728992413787159e-01
6.189714790748229722e-01 5.608537176338544983e-01
5.697910428255501536e-01 6.105451066892937373e-01
4.493981701999192890e-01 4.755637989674428856e-01
3.761372235232562367e-01 3.825283691316235246e-01
6.287306307204580946e-01 6.316930559093825170e-01
6.228375795223566325e-01 6.028347980349415547e-01
3.070601233029792709e-01 2.611064332884213135e-01
7.953240946227176922e-01 8.107373791284812059e-01
5.696859589049519945e-01 6.764968513298755814e-01
4.991466620022249057e-01 5.188426569901307683e-01
8.104173340540055115e-01 7.609156172482964831e-01
6.166943909822428793e-01 6.116298361080867441e-01
9.058493141066314980e-01 9.826139038112404744e-01
6.643669384281790657e-01 6.468228672600438989e-01
6.422550383186663714e-01 5.499665658364220056e-01
6.697152823866795446e-01 6.281047396773674629e-01
5.893439954655668167e-01 6.407889393346093421e-01
5.805196761946740391e-01 6.418948532936359364e-01
6.850866569196183420e-01 6.484006490097347086e-01
5.270939760963642140e-01 5.991463439963566895e-01
7.664327775713153379e-01 5.774099927545912614e-01
5.450688535703551718e-01 5.735338239152152351e-01
3.994155706731239985e-01 4.649527388470761635e-01
5.121211609860057967e-01 4.273021706392317598e-01
6.027961427977812647e-01 6.529948476657478906e-01
4.897727982805117342e-01 5.079667353781462946e-01
4.273299453234598033e-01 5.425656539673580081e-01
7.990214895593226174e-01 7.309544419191928988e-01
4.771396293216647599e-01 4.335064710558291790e-01
6.170851640920381742e-01 6.313656112909843410e-01
6.391992292396143638e-01 6.876198002483090432e-01
6.733103261355626312e-01 6.379614553961787671e-01
8.093819825826704673e-01 8.164817025190405086e-01
5.248776491664093324e-01 5.902355802465062418e-01
7.197801438637962956e-01 7.614460762433983287e-01
3.233786610870115763e-01 3.534286819106540745e-01
6.477099837088881040e-01 7.465686665086518348e-01
6.586987332160634256e-01 6.504463260318247286e-01
3.483569891245649752e-01 3.456492986436019987e-01
3.428946693037870919e-01 4.655536744334447530e-01
4.170594771274295787e-01 3.498744637123182843e-01
5.668568413061934042e-01 6.537848219607287348e-01
4.310989119456818952e-01 5.053807557794401939e-01
3.704141383770771512e-01 4.360887731752691732e-01
4.105353062011724008e-01 4.694315870976679683e-01
7.339530338829951539e-01 9.089140985017836183e-01
6.401596876237521938e-01 6.342995673078447583e-01
5.373386133184435698e-01 5.898717104646969966e-01
5.708893238673848902e-01 3.808758905488156543e-01
5.075764265689513000e-01 5.911314875834592364e-01
4.269529723302822877e-01 3.820272339669010808e-01
6.450577632138948525e-01 6.963668351804440659e-01
6.115363812039494862e-01 5.969382611033765551e-01
5.948124253551640983e-01 5.190582062451583045e-01
4.072722398948379618e-01 5.428183291182715475e-01
6.193905974554397842e-01 7.259388771837825827e-01
4.971851303279687384e-01 5.741478712834905407e-01
6.318913553238055814e-01 5.628133748170091044e-01
5.379140997959480641e-01 6.869821801500776148e-01
7.355651073072265733e-01 7.417778446272410564e-01
5.061638320570303051e-01 4.393933687516493047e-01
5.478728586754110230e-01 6.738942859619961867e-01
7.634187144169057859e-01 8.488229095758448306e-01
6.786107306843920384e-01 5.910892466614678931e-01
7.154560252216326521e-01 5.724716210561442420e-01
5.725316077272245563e-01 5.457365861315165434e-01
7.851302935409857353e-01 7.663498675649241809e-01
6.776742563470454783e-01 7.766784120189438312e-01
7.063259302486945002e-01 6.711487070832004020e-01
5.842890359665590116e-01 6.321973814657738666e-01
5.870102711512864557e-01 6.138235061814049098e-01
5.082824000355936622e-01 6.843608012128923335e-01
7.516156157420087469e-01 7.181007326283240788e-01
5.208926499034070012e-01 5.677625105140082784e-01
4.749242964008449364e-01 4.900178935101045519e-01
5.306530233069267632e-01 5.958779890798121537e-01
5.467631926376869123e-01 6.738714054826687727e-01
7.336627777866167044e-01 6.712243578406027478e-01
5.302649440720994534e-01 5.551739562201964961e-01
7.709617646537181290e-01 5.767428756713197657e-01
3.553216983319238409e-01 3.754189640147614915e-01
3.578979415574317091e-01 4.408936504240084098e-01
7.709239302759125501e-01 7.460775632054255091e-01
2.972103691802413516e-01 3.961539116041148390e-01
5.709821333169258217e-01 7.208718072264750365e-01
4.618256634335470290e-01 5.146318386492669816e-01
6.296641538446994257e-01 6.310107990566520275e-01
5.512576740650497742e-01 4.595678451653365526e-01
6.832920016912600314e-01 4.943868589896480703e-01
7.787807576910863450e-01 7.734019292524050293e-01
6.839429777524526077e-01 7.080505265018814942e-01
5.154007370844132518e-01 6.435912565228446569e-01
4.608681207364768162e-01 4.541911698195047475e-01
5.049558027517813130e-01 4.554196733789335760e-01
8.578296278669464980e-01 7.108467066487501596e-01
6.757195853447857115e-01 6.377409766103563360e-01
6.526481734548275071e-01 6.775944582087822798e-01
4.316806477133136033e-01 4.669729581039556709e-01
6.952317177215189270e-01 6.798976061194487164e-01
6.382097046863878242e-01 5.853494382127283346e-01
2.772827616603643630e-01 2.981240067204319333e-01
5.410879226617406612e-01 5.254326545670917614e-01
2.863494690522747632e-01 4.202442741676934990e-01
7.610746719681963368e-01 7.585767794313814649e-01
4.257125152559387282e-01 3.966241897945104733e-01
6.492175450492458921e-01 5.489023291069297095e-01
4.058334491315423453e-01 3.843232434728150460e-01
7.174819218773187401e-01 7.473195857018513077e-01
5.197311532201144280e-01 6.757871426094225198e-01
6.048512085645252334e-01 7.469925104913637259e-01
5.824371263485957906e-01 4.349991957448816615e-01
4.949593262103716418e-01 6.383516085648083260e-01
7.085970945382996655e-01 8.063635512988932552e-01
8.500073164212662569e-01 8.369929422965849408e-01
4.163240391404937069e-01 5.092647786533361920e-01
5.580797214414522367e-01 4.639571183332665272e-01
6.276687685263707683e-01 7.029073267845843409e-01
2.768415520760702520e-01 2.769935074719432344e-01
7.601980184954907349e-01 6.529813402278806800e-01
5.375165543415317826e-01 5.353951208673649598e-01
4.203044498934725426e-01 4.574977724128679868e-01
3.589567156838754380e-01 2.739823265699751209e-01
2.540748357163378768e-01 2.411949004163578547e-01
5.862835593865008965e-01 7.366420731489852214e-01
7.666257978788922900e-01 6.528556550924363711e-01
8.663463229491704665e-01 8.694138974678621290e-01
5.484636445763246826e-01 5.699099218080048157e-01
6.030943906128294341e-01 6.360703365634783335e-01
7.829140460265423540e-01 8.845417921500114966e-01
4.855914772802457646e-01 4.866893381782074757e-01
4.634728910914698852e-01 3.990439981368259503e-01
5.657908844597717701e-01 5.598484601474177369e-01
5.997501707326916565e-01 7.161883453086553830e-01
5.804892712678394462e-01 5.587657553388695186e-01
5.011165150237932853e-01 5.293480644499277687e-01
5.003995815781585588e-01 5.593475333908557445e-01
6.622030117454043019e-01 4.908495759153757021e-01
6.025391810768456757e-01 6.425950953742591842e-01
5.086228746113348187e-01 5.671307912975975807e-01
5.929058399361576415e-01 5.412597892108784725e-01
7.306463219655952024e-01 7.039652767493556063e-01
5.212719793074017671e-01 4.546066616190039267e-01
5.621657691355781417e-01 5.405114740867076328e-01
6.661312743233073208e-01 7.535908069338087545e-01
4.978486115729578443e-01 4.699958788034008239e-01
8.309376558827745729e-01 7.208609520290338857e-01
7.251472930161159125e-01 6.683427593972125491e-01
5.159804672295391637e-01 4.279034486959588102e-01
4.719999103785811334e-01 4.347211262584400604e-01
5.704634927366134534e-01 6.006169253985087497e-01
4.666842930010052237e-01 5.787427400002344013e-01
6.875204891116619699e-01 6.744273721169524727e-01
5.043020724064352089e-01 4.838903012356684519e-01
5.473058522559597350e-01 4.609989011512090062e-01
5.550271845347205524e-01 5.694766672152309361e-01
8.238831515531905847e-01 7.948437862204003057e-01
5.545624471454775328e-01 3.927325759876844069e-01
4.724543317245309959e-01 5.630199274664379194e-01
3.765535554965402376e-01 2.832184369767721810e-01
5.495865416439578155e-01 5.601713776293733016e-01
7.880904727916323571e-01 7.172303193001189348e-01
7.830964066528126599e-01 8.976472081990020113e-01
5.222801976049483708e-01 4.581955526241384136e-01
5.524012219297913528e-01 4.726223124923496499e-01
4.851647350979880757e-01 4.228043591970356285e-01
7.160846309196802206e-01 7.337676469807667967e-01
6.375586576879740397e-01 5.772599524310596530e-01
7.409734880842785421e-01 8.105562600035308707e-01
8.846890260637976233e-01 7.949616140149791121e-01
5.777220488082419614e-01 7.039141895802265569e-01
5.924712477228919472e-01 7.546605376127915044e-01
6.672967639793491168e-01 5.516926965322465071e-01
6.783904310604590426e-01 7.001320726983696341e-01
5.112185026426188106e-01 5.222355078087339564e-01
4.718278451049564559e-01 4.362195765285463711e-01
7.203742815752580686e-01 6.808638340020505275e-01
6.794988288479837379e-01 7.172382694854544383e-01
5.671737150016480378e-01 5.024740357933088486e-01
6.945841478867917917e-01 7.838149055912790875e-01
7.900812455837316062e-01 7.818410057996936224e-01
6.298490732848668339e-01 6.780221856472582465e-01
5.475926873796593819e-01 4.715387529307769610e-01
5.141541722970013328e-01 4.718327553120155171e-01
7.432993894163603121e-01 9.069309405454611950e-01
5.290677809480401894e-01 6.783823454823305621e-01
6.507948530566337597e-01 5.247157753392516222e-01
5.520235580776797768e-01 4.622270031583457506e-01
6.722403376679333409e-01 5.797630110220788335e-01
7.689556636459282668e-01 6.554265405918489051e-01
5.547691029220624959e-01 5.632695110114342985e-01
6.356023690109287028e-01 6.871089947863371350e-01
6.712979640400444925e-01 6.067048992506847149e-01
5.531300876794648103e-01 6.278454592031413872e-01
4.011659025060357875e-01 4.258501778107489644e-01
7.010736361226401758e-01 7.040813429084051833e-01
4.067035270495742427e-01 4.600510415610628012e-01
4.579633488029964949e-01 4.943116832423011253e-01
6.164714301969880239e-01 6.273839757911077175e-01
3.088566239687131065e-01 3.137174075450487876e-01
7.100910390363994740e-01 6.650749091254821721e-01
6.080060394861820372e-01 6.237411695227771391e-01
6.673843502034387809e-01 6.729671688549500042e-01
6.072576533393476694e-01 8.447451658299518495e-01
6.329554748472455694e-01 6.651669177498381602e-01
7.834890945012162877e-01 8.469731996309366462e-01
8.483932175749729909e-01 7.268914607623125912e-01
5.116026705484159054e-01 4.870980287364565786e-01
5.449105809688801205e-01 5.608493331323887165e-01
7.631316132748242609e-01 7.408437566128436291e-01
9.039904247432704043e-01 8.968178627109433254e-01
6.107372273648221661e-01 4.867517174146915870e-01
6.559627299298311787e-01 7.075600515977880089e-01
5.616086892255426344e-01 6.030911063235352421e-01
3.089377022418526297e-01 2.512016755450921512e-01
4.045409361562406492e-01 3.716674326754115798e-01
9.833348954638634343e-01 8.673281636350418378e-01
5.626556939899939325e-01 5.866074179565220481e-01
7.383611375817573652e-01 8.094379538721723222e-01
5.346040360217630960e-01 5.735831517007329294e-01
7.623236213621972235e-01 9.340897262877322360e-01
5.466992286232200682e-01 6.676315830494304882e-01
3.853262416127553047e-01 3.632346487335444962e-01
3.802871000165999327e-01 4.532494220732469214e-01
5.642425799407031484e-01 4.639072158708550941e-01
4.811309282852993530e-01 3.700561807412098281e-01
4.041253318830911323e-01 4.377169831653107690e-01
7.451726879160091022e-01 7.843163869190913351e-01
7.776870409586944533e-01 8.714713753553571252e-01
4.610009363034309748e-01 4.731411651857861944e-01
6.517479313757681414e-01 6.513656554174782620e-01
4.504111575037870185e-01 5.451270332587395684e-01
7.762185440962190430e-01 8.779436814292813640e-01
7.564150467605137429e-01 6.490002253971085544e-01
6.139577843000388890e-01 6.871443052148574759e-01
3.974674575688376121e-01 4.003042229616722292e-01
6.355085311901272904e-01 5.437822625029590240e-01
8.138795133728367048e-01 8.037511957006651109e-01
7.175756538601665291e-01 8.217186680009078703e-01
5.269280847928076161e-01 5.597770870801547227e-01
4.299335519332259659e-01 4.048077946823265827e-01
7.686491570786180283e-01 7.901577985399450554e-01
6.300470760628353872e-01 6.649308791269292751e-01
5.401683733499000883e-01 5.481081251347184047e-01
4.775376688671981729e-01 5.152216807857107339e-01
7.381383616601071562e-01 7.199433600201117223e-01
7.160263755304633326e-01 6.944299507732073495e-01
6.410339211504473278e-01 6.003433038746325279e-01
5.568535086684354152e-01 5.233408499645559875e-01
4.652048582539889399e-01 4.134127153624032047e-01
4.694865224603259612e-01 4.005149506641242363e-01
6.987383011825545331e-01 6.526903408630322367e-01
5.172276693419975979e-01 6.180696756407254577e-01
7.953831939477027380e-01 8.187664330272557134e-01
4.511273704495658565e-01 4.697587999467591757e-01
6.664282844329975086e-01 7.157048674341200956e-01
8.126183580895320890e-01 7.801703532689048259e-01
6.625731905908265329e-01 7.397794672184838660e-01
4.367770212286681275e-01 5.191126742081805245e-01
5.439901758572271984e-01 4.428632552699294789e-01
6.788692849534029294e-01 6.715982145653317525e-01
6.869599305223590413e-01 5.268071546625945345e-01
6.781511850436195976e-01 5.706137612811946758e-01
5.743760900216663412e-01 5.859336064950815270e-01
6.103931084011611219e-01 6.180593120127908513e-01
5.364398851749274666e-01 5.080908910143615564e-01
5.962781397250125348e-01 5.498114820956196969e-01
5.753827215789221183e-01 5.630009769392468888e-01
6.914063818489492030e-01 7.705176578868703219e-01
5.635372444886296295e-01 6.144009780856035663e-01
5.100775745516386017e-01 5.061895163991521063e-01
7.573294231408080890e-01 7.438120005097956788e-01
6.927095199103815437e-01 5.390528331807692419e-01
8.460902322231994566e-01 8.547724402713411385e-01
4.322788645278832775e-01 5.244366298353935196e-01
3.574385124746890519e-01 3.305565477059375645e-01
6.610966380873657400e-01 6.238791511215002750e-01
7.036565611990542868e-01 7.017429021880777773e-01
4.182233284386953631e-01 3.768155640871416745e-01
5.508113430546788258e-01 5.512751768656074525e-01
6.041012088244549494e-01 6.314465713860674123e-01
5.495682238094604655e-01 5.357650658979241642e-01
5.829428349851956126e-01 5.966882215345673535e-01
5.594333116140286499e-01 5.528044519241950283e-01
4.176373501474321959e-01 4.887947853856593472e-01
7.493207962571034608e-01 7.165849583512041709e-01
3.508265830538701002e-01 3.397438977040740382e-01
6.184610167404215320e-01 6.180428822600597671e-01
6.449661527363709235e-01 7.044516030842377097e-01
4.182921035868223392e-01 5.028115948521800771e-01
3.435842492634367251e-01 4.377920721012190097e-01
4.434719250419577596e-01 5.319317734439984457e-01
4.859038555297647832e-01 5.704900333326929918e-01
4.448738704446404402e-01 4.918793776350096625e-01
3.561524164293179973e-01 4.343581950640697520e-01
7.629863305616946256e-01 7.006576279625358339e-01
7.916815170727382611e-01 7.773330826534643467e-01
6.336686848019803531e-01 6.998561805721827955e-01
4.574284383150113431e-01 5.101681879656899676e-01
5.760804567643907914e-01 5.537791638603878352e-01
7.150320267744133540e-01 7.449705896172927888e-01
5.484106634513341572e-01 5.445279474466935277e-01
8.689508831722251303e-01 8.740729668064658453e-01
5.263960468820859662e-01 5.123140259710715627e-01
6.794075233230987276e-01 4.905571500829033482e-01
4.972723448528249546e-01 5.377132316621693331e-01
7.215169160042611551e-01 7.857298918575374991e-01
6.462231740159317672e-01 6.382737699450472535e-01
4.585345789296840779e-01 4.998540632603347689e-01
8.441747367111078759e-01 7.921622167222697186e-01
5.645162476087557391e-01 4.987825424042053313e-01
8.494443579742180228e-01 7.900830125272449989e-01
5.802706429338740923e-01 6.162521810248707821e-01
5.605323356309823701e-01 5.480810672226863467e-01
4.897871632315206059e-01 5.937459397185159693e-01
8.357958683609294503e-01 8.171502780110748709e-01
3.754668274899309877e-01 4.311296547044389804e-01
7.477971402257567179e-01 6.960635575687251775e-01
7.562734772923699333e-01 6.916600681768222403e-01
4.953286728562790175e-01 6.295545712468529898e-01
6.137776883164223207e-01 5.575118888581069854e-01
5.469543747324588923e-01 4.918313044691444147e-01
6.515268190749327060e-01 6.220215579205737866e-01
6.321952312135012964e-01 5.712223484588718758e-01
5.617482730375867872e-01 4.960186554847148543e-01
7.287518151006098233e-01 7.155410448360679521e-01
8.317997188778935014e-01 8.480921174194654411e-01
6.833041539988130575e-01 6.376968213684256481e-01
5.072528491182257682e-01 5.305208043967784004e-01
5.318194580613981870e-01 4.432048930438348133e-01
3.298591035078103917e-01 3.236846550207746476e-01
8.021275558177540788e-01 7.930354200789011543e-01
6.947664903640589085e-01 6.812901243493714176e-01
5.318600789095351278e-01 4.800908456408043423e-01
5.899694165478767127e-01 5.419148726347889911e-01
6.531067436690677352e-01 6.988060858433905453e-01
6.866179396079725716e-01 5.880499135638739272e-01
5.130980411602226177e-01 5.489049881460084102e-01
5.087644857548533350e-01 4.823605519412047515e-01
6.307343389133351907e-01 6.585976994184387090e-01
7.371495671153716067e-01 6.794683381653339183e-01
6.380632230753555678e-01 7.007224709827841735e-01
3.375107279965912643e-01 3.383709486883534345e-01
6.919857664679295306e-01 8.425901712853233194e-01
6.796756845913874967e-01 6.569855590341026064e-01
5.119393876578238745e-01 5.460180757723506195e-01
6.454875778710380541e-01 5.267533596032725196e-01
6.354153546750395121e-01 5.303641599144205410e-01
6.334353012235501845e-01 7.263469774341629881e-01
3.862584030795400136e-01 3.848365677266625817e-01
9.218880410830285754e-01 8.464217906505997480e-01
4.846359766470569319e-01 3.162731445729657365e-01
5.889358165363307585e-01 5.840257265506469952e-01
2.812502090442954295e-01 3.456963825370441556e-01
3.670542563231330990e-01 4.380509754478562612e-01
7.933600537191018987e-01 7.863687121481237607e-01
4.010582308603616863e-01 3.887335550401619932e-01
6.264211796944715305e-01 6.362817623180511140e-01
6.328130751086343819e-01 6.652145120797899880e-01
4.722419770542597428e-01 5.512873234402672074e-01
3.766869374019419792e-01 4.730540965014598531e-01
5.224402012943419882e-01 5.281585317351901177e-01
7.403836844403953732e-01 8.073575920562535702e-01
7.662625924370254360e-01 7.496820873884955105e-01
8.120249519330549060e-01 6.685684461663552458e-01
6.042085284615745788e-01 7.291787924640615870e-01
5.370041489676017354e-01 4.537355196505450938e-01
6.646542763003889798e-01 5.818574866960127823e-01
5.207804471683732395e-01 4.888103376813981438e-01
5.427506893056730508e-01 5.909070954901927131e-01
7.904803927391058638e-01 7.618110179254528047e-01
7.072148923889948202e-01 7.292365463243072332e-01
4.566035072551565821e-01 4.475986341858872453e-01
5.781541165623849121e-01 6.517607709501269664e-01
4.591164451882883135e-01 4.509519347578246906e-01
6.360864962723291605e-01 6.460713745783190909e-01
7.565176021025578068e-01 7.673589117597231501e-01
1.992702940160902547e-01 1.330140610422527736e-01
5.769601499134388023e-01 5.143422470396200596e-01
6.202192593586002278e-01 6.442058100432654921e-01
6.074960745672802753e-01 5.520865118656211878e-01
6.176667482058176839e-01 6.555305028861412309e-01
3.711811056080195348e-01 4.607529987191989473e-01
7.897304585634170593e-01 8.653433982849505490e-01
7.156945821429836485e-01 7.933721461085394555e-01
4.190669097759263662e-01 4.669795292307659662e-01
5.450895912780564512e-01 4.556415582447255752e-01
4.460098312793458475e-01 4.333913806470138241e-01
5.719690832009504122e-01 4.974452913539529897e-01
5.564804581842460740e-01 5.463400842842035532e-01
5.524911119117945635e-01 5.312941765755290202e-01
5.402402083782673614e-01 5.971138542034242214e-01
8.720598255981192315e-01 7.587207896764761594e-01
3.517540901860654601e-01 4.053446097589981645e-01
4.526409148114268199e-01 4.618187076097703403e-01
6.246035912201816087e-01 8.010361958403068305e-01
5.742542473114847779e-01 6.531292589809399862e-01
9.921297442143965917e-01 9.371842755558488225e-01
4.995182719220375711e-01 5.418178581527443027e-01
5.471331125188781952e-01 5.735055397226159757e-01
5.767493405389050309e-01 5.644938031256723221e-01
5.111713999932893104e-01 5.798671160247211853e-01
5.551098555599596196e-01 5.331534883843063177e-01
5.494600857084804835e-01 4.894192961571367517e-01
5.592636368876470199e-01 5.648345195619476344e-01
7.576751541645158072e-01 6.406942629588653348e-01
7.376734845965894349e-01 6.098707300449831559e-01
5.357880472009498574e-01 4.664580471879910539e-01
6.213935213114875067e-01 6.847345106207712861e-01
2.905422617622104853e-01 3.256766596309877415e-01
7.756272251159564979e-01 7.911487131359621339e-01
3.147549043670146984e-01 2.854614559469924595e-01
6.117715316443733675e-01 6.888047261179542913e-01
4.494850226011551930e-01 4.201439337851470279e-01
6.621436977917544153e-01 6.362833567139257740e-01
8.664728930753883285e-01 9.040721229198692699e-01
6.403421120420910162e-01 6.103553067472339277e-01
5.786001158853730786e-01 5.607909859102158112e-01
8.070910100018802158e-01 8.740004611996787798e-01
5.700212583559483015e-01 5.689689628398750809e-01
3.429896085282295171e-01 3.133381642369896247e-01
6.919216587328541612e-01 7.108269103882761675e-01
5.955241468242364888e-01 5.996285940042593854e-01
4.673419036963463724e-01 5.013039913240519008e-01
5.691670083213933307e-01 6.080274750540768380e-01
6.813648045513656104e-01 6.347340080771761706e-01
3.735643477228208775e-01 3.016475805932302690e-01
5.620790121447186705e-01 5.721740356637662339e-01
6.664865665968069397e-01 6.813947136061953014e-01
4.649526345781711534e-01 3.915144595854608278e-01
8.777026718703444530e-01 7.992275234270851403e-01
4.393552805496209190e-01 4.533263696551587119e-01
6.105795956897346333e-01 6.484472799813900679e-01
8.011800279900371802e-01 6.963215104815341228e-01
8.448292060277222681e-01 8.367132388953848476e-01
6.060319655677939288e-01 6.818873313026792005e-01
8.461552911728128512e-01 8.175401656286881424e-01
6.414877417540709725e-01 7.133493827773866869e-01
8.099534507844140530e-01 8.482604897684346001e-01
6.908052603254662971e-01 6.958655172551085899e-01
7.235996368927231082e-01 6.345522231196740748e-01
6.044370688753089027e-01 6.072871498165262061e-01
6.286654461173405428e-01 6.367311846892601546e-01
5.907010792419171707e-01 5.163491770956960547e-01
4.705053507771854715e-01 5.366338502894756335e-01
6.901550204285140655e-01 6.969202499861453237e-01
4.835620881242373437e-01 4.867513377060437851e-01
3.784404396726810393e-01 4.615973968283199058e-01
6.392016170900558514e-01 5.326212666809306828e-01
6.780356498234144658e-01 6.503991897577227066e-01
6.507449023694554802e-01 5.929485118784686426e-01
6.071256481246776193e-01 7.461196157910499061e-01
5.693773989102000055e-01 5.165401152286217545e-01
6.359324397896580772e-01 6.399052250701465772e-01
4.876864967540537887e-01 5.004779622095661962e-01
6.910353794930661486e-01 7.449182471149302653e-01
6.405813085130814821e-01 6.855332302135549449e-01
5.638069634247810935e-01 6.987269739972312710e-01
8.208555247501176932e-01 7.396789543339139517e-01
8.024742067954411251e-01 9.467891490646145325e-01
6.242416976039714127e-01 7.678657670800924651e-01
5.291192597486855664e-01 5.426303490531925178e-01
6.414933469212350525e-01 4.451959439703473409e-01
3.607366505409103086e-01 4.077114763072432480e-01
7.040451377662716448e-01 7.890960949063460239e-01
5.765630858781717327e-01 5.430691251873968062e-01
4.497711827308403798e-01 5.892444504050740051e-01
7.452412958567234957e-01 5.996570857871000859e-01
4.923801997981741008e-01 5.555366447845283551e-01
6.730336801189022999e-01 7.339209176130894186e-01
4.888054963810967157e-01 4.595613297578470258e-01
6.127531142236313233e-01 6.746483003432859338e-01
6.048707121580370050e-01 6.449565759007569454e-01
4.968357041613472580e-01 5.135151089330290963e-01
6.633956144425863233e-01 7.622922389904565055e-01
6.873418922987563073e-01 5.943878652651753969e-01
5.373541895742419694e-01 5.677251000030165695e-01
5.302612039146186174e-01 5.935596961612426004e-01
4.330298476799575025e-01 4.221717135107205254e-01
5.176870568856750676e-01 5.318948221872197291e-01
5.854734347638732572e-01 4.171053558132935546e-01
7.075709907038206792e-01 6.657365127537905325e-01
5.626519618282280755e-01 4.813444243584680260e-01
8.335941068363629247e-01 7.336350730533346409e-01
5.531882149020852513e-01 5.513449088814605936e-01
8.034274972431881823e-01 8.229055867191791274e-01
3.263317394117801751e-01 4.279420813783760824e-01
5.937022318891680417e-01 5.539137151875761500e-01
5.175069083131267345e-01 4.358313956392169120e-01
5.935675437264978926e-01 5.401585860403487205e-01
5.234683977663077137e-01 6.767606365142713187e-01
5.042241162000687948e-01 5.170124896528539571e-01
8.485806439822163316e-01 6.822877025627001046e-01
6.878385335067732642e-01 6.505583538584106540e-01
5.152673723781211468e-01 5.913109847595736657e-01
7.597447753157672290e-01 7.570182859920017160e-01
4.294593943815324111e-01 5.118439743263050179e-01
5.712724077933235556e-01 6.217282851862793169e-01
5.450367339450614690e-01 3.369836938338064414e-01
3.970728790739473379e-01 5.270086695298603630e-01
6.642941677517656407e-01 5.451924581323409624e-01
4.050852353994523480e-01 3.497640181541429860e-01
5.599730868190144761e-01 5.192068837351853094e-01
5.860771462309719571e-01 5.139215623362856089e-01
6.319038570232959895e-01 5.814562215146150681e-01
6.247844927852100883e-01 6.085635717371876696e-01
4.808619339460686870e-01 6.321195412405309355e-01
8.016955331492524595e-01 7.511533450874411377e-01
6.917032043202554492e-01 6.907717664837523808e-01
3.193667364298728439e-01 3.656880976257018134e-01
5.720684759296060795e-01 6.851047044278416598e-01
5.325380682900778817e-01 5.434699814122575523e-01
6.551255412048003768e-01 5.982056473388012163e-01
5.319393467697273170e-01 6.287833656299097740e-01
4.971152026971420446e-01 5.275747102851603421e-01
6.533098721861823055e-01 6.491308069174301920e-01
5.741430468041931467e-01 6.345457683036358487e-01
4.622825556036271322e-01 4.225416844549428341e-01
4.600854404733077940e-01 3.155960224569926975e-01
7.367808985742778649e-01 7.992424934922621738e-01
5.458349659010848232e-01 5.092126726478101162e-01
4.394134093668348173e-01 5.207158814028113314e-01
4.131293821866581784e-01 4.487264018405300314e-01
8.349699343579535249e-01 7.131419516996073682e-01
6.288846574068888140e-01 5.673519290624725597e-01
4.744045045707048769e-01 5.436874438633303441e-01
4.783319985259858464e-01 6.648416510662490397e-01
5.341302027685909115e-01 5.382827950789229599e-01
4.783332728286330826e-01 5.614616582705036496e-01
5.988624949076991610e-01 6.614701072858758524e-01
6.813217438508638590e-01 6.835434606009325176e-01
3.661249703053024995e-01 4.221701738184349684e-01
6.949669972401048001e-01 7.463844363169030993e-01
4.406052022797012913e-01 4.402790834269758036e-01
5.063642015451591538e-01 4.480375039103188795e-01
6.804917514128162592e-01 6.080459097993805573e-01
8.136420860282547185e-01 8.132809553855737672e-01
8.810496566909205018e-01 7.509249149047731997e-01
4.169907095921276396e-01 3.428243842101945105e-01
6.937011989466550510e-01 6.868313476085161629e-01
5.370379524889421496e-01 4.727329576729080163e-01
6.506827512076580611e-01 5.774877230037713804e-01
5.785952122492262761e-01 4.891206134255542959e-01
5.483796547129792254e-01 4.477395925223160988e-01
6.947224179805909783e-01 6.053411277587280592e-01
6.363309990841962138e-01 5.859687607302740409e-01
6.356884508227885755e-01 5.615624069072552293e-01
6.131047509692824082e-01 5.619494083845617549e-01
8.742094871177104043e-01 7.875758168308077956e-01
5.851644251316046041e-01 6.311837445262264978e-01
6.787709113578022091e-01 6.297178940346015441e-01
7.095727888933317518e-01 6.857066208974679222e-01
5.870613035638897470e-01 5.450117327156934754e-01
5.348622794132628089e-01 6.219675938681786809e-01
8.283363716361684670e-01 7.619914670257423861e-01
5.494822987416370097e-01 5.710401573742018844e-01
6.333208646515339213e-01 6.716750555574589887e-01
4.557507210870583303e-01 5.223751571544191785e-01
6.181671524239625848e-01 5.914039971961019271e-01
6.246246482299780967e-01 6.477193687318333337e-01
5.677763230333067179e-01 5.257268881081594847e-01
7.407160605993330371e-01 5.824030956333081654e-01
4.581219935720012293e-01 4.571110769621666847e-01
9.516833096667957070e-01 9.055932471314142029e-01
7.103750160265053237e-01 7.276842291345250180e-01
5.842225335249505713e-01 6.169571914431962734e-01
6.413971482064729779e-01 6.197248481049183466e-01
7.654260661213204697e-01 7.332328452159920795e-01
6.851585235600730073e-01 7.726425088454742518e-01
3.633297089004750013e-01 2.635088085775744160e-01
4.986983805736262543e-01 5.940352105153541284e-01
6.904884648683080606e-01 6.842029613873064076e-01
3.717831872878808452e-01 4.031925115556526107e-01
6.022988280465488842e-01 5.818128893500449372e-01
6.481750932811431998e-01 6.858236516227877999e-01
7.268649907897889451e-01 5.966858066083607914e-01
7.524542426356812808e-01 8.190423960948696180e-01
5.787356321969211459e-01 6.261675634959763537e-01
7.196737047604157000e-01 6.823666331689818287e-01
6.760158368411899321e-01 6.784813112814402913e-01
4.583761281975176072e-01 3.418613669797564425e-01
6.023170519813495494e-01 5.612963771083102626e-01
5.775948408003496182e-01 6.176400776771716616e-01
7.746682577071085651e-01 7.996208759653723464e-01
6.008527264801143408e-01 6.801396400174611889e-01
6.693561356134269946e-01 7.292437730793699391e-01
2.621194726777749673e-01 3.269652229058842008e-01
6.960971194352767455e-01 7.362327107655355363e-01
5.092354989991920711e-01 5.115717393618472997e-01
4.305139116071199923e-01 3.044113813210709840e-01
7.716434475075076849e-01 7.746628439658375109e-01
4.002650489751401475e-01 5.332868513410062850e-01
8.982734953277562440e-01 7.770057730240802485e-01
4.006216677685380811e-01 4.780857462831063498e-01
6.919677101395435015e-01 7.414577703128338859e-01
5.406518013339213224e-01 5.383285143435158071e-01
8.104205654399783132e-01 7.294118201607593388e-01
5.080703645980726435e-01 5.921342889825049749e-01
5.984454695055951845e-01 6.658212114160444450e-01
6.574051160777453218e-01 7.246052240064356775e-01
7.549688326806011096e-01 8.314262168275631248e-01
5.580616929684583116e-01 5.656354797719649330e-01
3.968717576880600451e-01 3.500775122906701897e-01
6.055511097536250276e-01 5.753830762853775482e-01
6.076350581976730503e-01 5.825345110951041239e-01
5.228644279601973865e-01 6.314053393819226701e-01
4.097311237789200700e-01 4.399987838387285910e-01
7.769708802497130584e-01 7.484379700417962411e-01
6.185768292390171341e-01 5.435969300552517813e-01
4.308947681929690687e-01 4.768787330170842220e-01
6.828784064689881195e-01 5.982000536645188937e-01
6.885199920005939944e-01 7.729914561332600353e-01
7.338965324720327921e-01 7.452943364106900948e-01
6.438740573829918601e-01 5.297449005170303815e-01
6.799695355642092487e-01 7.731894516303112752e-01
5.057423863600262193e-01 5.571452413974765649e-01
6.209785151855768959e-01 5.752406857573932886e-01
5.340909707146600516e-01 5.042814317057494611e-01
5.512953505446780422e-01 4.499695273548829366e-01
5.438607486981383854e-01 3.221701156722774351e-01
5.247279507678124233e-01 5.171968885790985127e-01
7.483343881777092532e-01 7.653711608719678816e-01
5.614718587928315685e-01 4.474178360362366380e-01
4.784865271170346546e-01 4.186489989003375767e-01
4.263362796380532060e-01 4.747118751518306645e-01
8.397859163786509651e-01 8.397732296477018465e-01
4.781892861192328925e-01 3.950139656354907935e-01
5.546375228426035919e-01 4.487073080908655087e-01
6.406695502743913195e-01 6.602797603336829635e-01
6.916150026774487980e-01 5.965031975939403264e-01
6.992888995829563692e-01 6.677649484819140335e-01
6.923689588709200926e-01 7.083421230036044403e-01
5.127555878320073646e-01 5.167957352161676177e-01
5.516628929031275330e-01 5.779726789868386838e-01
6.352075259392394591e-01 7.974404546166456997e-01
8.120539715117955915e-01 8.294308073360825428e-01
5.924389837701991013e-01 6.364005330090061197e-01
9.374744356929434197e-01 8.387793742509943584e-01
2.619230643125158853e-01 2.483018496954434440e-01
6.605547010880732373e-01 7.377573012978448919e-01
6.597336542140267435e-01 5.567575763159048341e-01
6.547659208387656138e-01 6.948938758243744518e-01
5.347322117168342714e-01 5.628020271562290677e-01
7.928319329090981471e-01 6.696659576041216200e-01
4.139410540415767170e-01 3.004526901751865542e-01
4.633988262314059359e-01 5.304485966114171891e-01
5.559307547753717937e-01 5.978235585907394345e-01
4.801335519687969788e-01 5.035068495282296608e-01
6.283897927035253517e-01 6.457616681360278665e-01
5.574801541456395615e-01 5.544823302826489275e-01
7.700650346827748738e-01 7.662563163168567559e-01
7.318961989000841717e-01 8.186152983002584760e-01
7.434254872083440047e-01 6.898866582302444206e-01
7.132836605710091149e-01 6.314546944596715061e-01
6.233669093782985282e-01 5.847100464676049381e-01
7.436886064560060960e-01 7.331456025481041250e-01
4.277921195213141292e-01 4.246489830907582697e-01
7.516437114071402581e-01 6.990571563940851663e-01
4.956885093015934163e-01 4.926553067762376448e-01
7.795854058100403217e-01 7.822358361103253221e-01
4.815132904636243993e-01 6.532901347385409174e-01
7.949647403071046226e-01 7.529667750834686535e-01
5.662027996101276495e-01 6.238448135195101552e-01
4.966772059672585060e-01 6.109872351621198350e-01
6.646959650299263389e-01 6.195457597619332679e-01
6.974065670191637034e-01 7.171054411786691452e-01
4.785378976758279390e-01 4.961744368735636068e-01
4.845653934888136671e-01 4.404862120696003691e-01
3.534599723023447715e-01 4.025006769797763728e-01
5.273076710621422691e-01 4.390151416519824656e-01
3.389610264587052946e-01 2.681065423238360168e-01
6.325370369142837568e-01 5.706163796055012671e-01
6.463111158162648806e-01 7.301035145646050939e-01
5.993833941604389537e-01 5.952892046511768509e-01
7.327361687280631308e-01 6.840173951210826164e-01
5.758016940932801919e-01 6.054626106618863357e-01
4.463748069304738220e-01 3.928079199847825942e-01
5.137736872777498576e-01 6.398276275738972174e-01
7.118372520212217225e-01 6.223438550008668635e-01
