6.663123672601092284e-01 6.657192172513404227e-01 6.679589217013059965e-01
5.664835032298015660e-01 6.289953352925210517e-01 6.418930419425924461e-01
6.237273357729551382e-01 5.878598192647044307e-01 5.461857867203390171e-01
8.637384201684852325e-01 8.184348159840565406e-01 8.365530376923439038e-01
7.674887890825986547e-01 7.771640384039373295e-01 7.628350954271134743e-01
6.538618227203841782e-01 6.018961733174414963e-01 6.088785366207530858e-01
6.032167040000665503e-01 5.781307881259470927e-01 5.761438835941727898e-01
8.488452186557460255e-01 8.245485437377668703e-01 8.811078900565045835e-01
5.849917468627945372e-01 5.898239563225011750e-01 6.513065170274369153e-01
6.780834559100727965e-01 6.332245505787800210e-01 6.672153363372929080e-01
6.449616061906476849e-01 6.103737846927128619e-01 6.183702674535991317e-01
9.351677455826293839e-01 9.044752849837300879e-01 9.269629316281479126e-01
5.418219312837571078e-01 5.483852237000360619e-01 5.326610593831498930e-01
5.953051987134247991e-01 6.094910160860048665e-01 6.789702836184992041e-01
7.171530369900590562e-01 7.048638434310560141e-01 6.511736354544732652e-01
5.321297942323788277e-01 5.669162614072267292e-01 5.353691530088747763e-01
5.671457148680533189e-01 5.687058091483468969e-01 6.318573225768898682e-01
4.160275657145569572e-01 4.770221897895717822e-01 4.399022316108399666e-01
4.774434757891686254e-01 4.704898180081922843e-01 4.903598748362735238e-01
5.813176224101985756e-01 5.997479184508490713e-01 6.125693750409830773e-01
4.397879936226425368e-01 4.917906932096859363e-01 4.418197421494094446e-01
6.269641375247030357e-01 6.143695071725300272e-01 6.513702899460133144e-01
7.328189379541183435e-01 7.568589466016492073e-01 7.672200839923607463e-01
4.911021442814157978e-01 5.423375142713653396e-01 5.026141528138140524e-01
6.298951859628847405e-01 5.782187403708743956e-01 5.939229907343336334e-01
6.402382274708806609e-01 6.861860242647471742e-01 6.783512974183923960e-01
7.683143202167198593e-01 7.992335039036037037e-01 7.811264941013787988e-01
5.985457531552260679e-01 5.581260156950813567e-01 5.559618538647403962e-01
6.676235869345055196e-01 6.645614363175692541e-01 6.601662205390329552e-01
6.591160250546742594e-01 6.513972852566394245e-01 6.341886345470306718e-01
5.989444471709414186e-01 6.695831921047512569e-01 5.825626756247686000e-01
5.600452388497239031e-01 6.239033204317970815e-01 5.911295682163608678e-01
8.484445107360595317e-01 8.224264337674743741e-01 8.623942443244251299e-01
7.161182845441704803e-01 7.415664011579278236e-01 7.076929619303727881e-01
5.436459251822568506e-01 5.275643021928214660e-01 5.486385053368948439e-01
5.100070730919439299e-01 5.298505287911210448e-01 5.219389454478761126e-01
6.149073164909727440e-01 5.622605140928166323e-01 5.768465298728761015e-01
5.871505820436117018e-01 6.139749577954042303e-01 5.663887816699882949e-01
5.090749592467310736e-01 5.086664076062202833e-01 5.564231314682953622e-01
6.838153572131616675e-01 6.448538346573116087e-01 6.342537651187450942e-01
6.375083147397663241e-01 6.204401713408286279e-01 6.132111126997012995e-01
6.086621363466464540e-01 5.971112665852866819e-01 6.608296482103891423e-01
7.844855247471403947e-01 8.081532011856028541e-01 8.115436618715874406e-01
6.912581493471940952e-01 6.959747688612056837e-01 6.858808230058466293e-01
8.394348329210534754e-01 7.957376712463847257e-01 8.079602057614387878e-01
6.936231300571338299e-01 6.071466282787808533e-01 6.325635952723700495e-01
6.014331416909044492e-01 5.451700572030221403e-01 6.287245035107824620e-01
6.441833665084725213e-01 6.346704503782242268e-01 6.578617805454952672e-01
3.885613391489466939e-01 4.016680520382469588e-01 4.452371619311242812e-01
5.653512204079244041e-01 5.586589130445144269e-01 6.610416793381292955e-01
4.844097316151212973e-01 5.146074138960043953e-01 5.241541345918269146e-01
5.151519655135349263e-01 5.572137606205084248e-01 5.045292865464892085e-01
4.591885197951446895e-01 4.561198987148972761e-01 4.370854842846328414e-01
5.508040651174398450e-01 5.226867779951621662e-01 4.663069997918321552e-01
4.928373211032317514e-01 4.317673944427976584e-01 4.773100448702706222e-01
5.299661103491095648e-01 5.472032957476307136e-01 5.307957732451908939e-01
7.802595002686253389e-01 7.516480949733921335e-01 7.514292746414902302e-01
4.142158562208932415e-01 4.038983854039966959e-01 4.223549511849785110e-01
7.075907013805390333e-01 7.042229304693705672e-01 6.757234819739481591e-01
3.982416174621058458e-01 4.386592124400067738e-01 4.181158111814423095e-01
3.867457472339569935e-01 4.662943605317464435e-01 4.011200228467298734e-01
3.776779296063733082e-01 3.288665167107687748e-01 3.391490321492504623e-01
5.485715060671286780e-01 5.472078718722828139e-01 6.081271541067474473e-01
7.147960092863505643e-01 7.003476589296210308e-01 6.736061970156329570e-01
4.833899668566635222e-01 4.908708085593087578e-01 5.031561235532128196e-01
5.679043295021092286e-01 6.185564930314985110e-01 6.158663283311888170e-01
5.831818721041729381e-01 5.138321186582910371e-01 5.214410299544540717e-01
5.437154462902814567e-01 4.794100493762343262e-01 5.521199856282063001e-01
5.674604673426959511e-01 6.150982881511154465e-01 5.770381578565881853e-01
7.650852138275237024e-01 7.240443289762361623e-01 6.860413597774520644e-01
3.778615382544329160e-01 3.850831128341640208e-01 3.406953283151434864e-01
4.710475863235215055e-01 4.913955032989713034e-01 4.881091926154271232e-01
7.716852747723835781e-01 7.707724173143855051e-01 8.063826183982942819e-01
7.396964821209484064e-01 6.861233517752596267e-01 7.365244492739495552e-01
4.728911606737760120e-01 4.452154438440691919e-01 4.625470817126137169e-01
4.990671606462965260e-01 4.623882268144121066e-01 4.863604328505002350e-01
7.728204786817374217e-01 7.203426518547713098e-01 7.367953659705532843e-01
6.457910367746017011e-01 6.390634413955759152e-01 6.383669359509718255e-01
6.244770857662524932e-01 6.418374189531148577e-01 6.517021227234768288e-01
6.081011223406891375e-01 5.846811910235835130e-01 5.633735512579035598e-01
5.783072552003136746e-01 5.374938947480645268e-01 5.887937535372098630e-01
3.911792817358722973e-01 4.067099757121317993e-01 4.300741796551890150e-01
6.942021993846364536e-01 7.337727314371897958e-01 6.570717162927127708e-01
7.954035184231913469e-01 8.028285569271809141e-01 7.693974486577396243e-01
5.011025087614398021e-01 4.952479788210582545e-01 5.030395463472516759e-01
6.154320782566459203e-01 5.954371778064742049e-01 6.276445364032695595e-01
5.059821541907678633e-01 4.841287206691861633e-01 5.144286257986891986e-01
6.562503139607073210e-01 6.120753420963980229e-01 6.480846522660336229e-01
5.537235105649335187e-01 5.536970765546472828e-01 5.142617629333546825e-01
8.615168989809903755e-01 8.437389160649391151e-01 8.832694559520554156e-01
5.127209890667376868e-01 4.963079591493337328e-01 4.620655063884596681e-01
5.495579117133433389e-01 5.257665423210595712e-01 5.290570178254929701e-01
4.453817002450662921e-01 4.580049178831509527e-01 4.511166899873201852e-01
5.484905461743060373e-01 5.664126791804109384e-01 5.236742278068493572e-01
5.953111991120263458e-01 6.443325659368021041e-01 6.387955700031772155e-01
5.563029698027575076e-01 5.380171820002020988e-01 5.213402316806923231e-01
6.121303060132026186e-01 5.365084810423302875e-01 5.988335002536949725e-01
6.939338588479129211e-01 7.191499532823213414e-01 7.049787735437325065e-01
7.185412398202806195e-01 6.583214101922523209e-01 7.197878775432983156e-01
5.204623065410755034e-01 5.353778208112948134e-01 4.925423160352221941e-01
6.332160790076225565e-01 5.648090712192896934e-01 5.752326410874151197e-01
4.391329363000284203e-01 4.652071612117452126e-01 4.342711398558749547e-01
5.095097846409216702e-01 4.742084895580455650e-01 4.945321255760717905e-01
6.276430529927252699e-01 6.431506032935504491e-01 6.264792426732483932e-01
6.322983855299414424e-01 6.395120622705595670e-01 5.960170677204453815e-01
8.495478718931079865e-01 7.983663351972493105e-01 9.059967746550156020e-01
6.303437883489957372e-01 6.390828387116893605e-01 5.805969480555031037e-01
6.336897933330797317e-01 6.143017098023728639e-01 6.335739822712155300e-01
6.277267440135225751e-01 6.848095099855519008e-01 6.850865704656570188e-01
6.275341546463842901e-01 6.065433781338523955e-01 6.217461030850744974e-01
3.221965069821518535e-01 3.272673655061275055e-01 3.306933391062219507e-01
5.461948075452661699e-01 5.608618321684667452e-01 5.446710564300878410e-01
4.916408991053562438e-01 5.247479067572279332e-01 4.974058929121113470e-01
5.403705322520745424e-01 5.124599702157938141e-01 5.396405058691929879e-01
7.203756627813648894e-01 6.859996157663521554e-01 7.075786019499009649e-01
5.605122899668195657e-01 5.763997590425796735e-01 5.706905588822531739e-01
6.979334169794650933e-01 7.318372355303910393e-01 7.627063833757652400e-01
6.541758858177442182e-01 7.011993849342880170e-01 6.989990120957317865e-01
6.401542516216970347e-01 5.752755505254725232e-01 5.840719630546442609e-01
5.331853178011152217e-01 5.161529887696738594e-01 5.518414841706111851e-01
6.038694762135863314e-01 5.821112656339959557e-01 5.770861505461389873e-01
6.829136568714232469e-01 7.070359712280679387e-01 7.322355342420090452e-01
4.996710335324377472e-01 4.329281633714216482e-01 5.201295457468929628e-01
4.342585576170765460e-01 3.414943794444911251e-01 4.223555561592409746e-01
8.020976347806957341e-01 7.914118035677906171e-01 8.036606272785549177e-01
4.589310541782983810e-01 4.915034643308441309e-01 5.079207408764317977e-01
7.051610970117184740e-01 7.065573838207516166e-01 7.055015705258019798e-01
7.210106923659268530e-01 6.570008853038862284e-01 6.969799059340782144e-01
6.973295740226218564e-01 7.058412581371066308e-01 6.856959020474107103e-01
7.249693978112430326e-01 7.222736608417352766e-01 7.635528487741918280e-01
6.772691784670190618e-01 6.176536895243267544e-01 6.113258073861891351e-01
5.061409120472732948e-01 5.034926326977533506e-01 5.370129910473164792e-01
6.717387324882508892e-01 6.559454852653423540e-01 6.653467269219521807e-01
5.627650976758343804e-01 5.305588328454000635e-01 5.461354561622765447e-01
4.970539569356742238e-01 4.949576496620086696e-01 4.688417981752641683e-01
6.762788365296272808e-01 7.015014377993396000e-01 6.899101772640169328e-01
7.749004258469072148e-01 7.628759271228220395e-01 7.546206162811496254e-01
6.206430089314144416e-01 6.583802984485866983e-01 6.206180297138417234e-01
6.069743177272216572e-01 5.271657680412202840e-01 5.478049134763051109e-01
8.757471850781776146e-01 8.157527710844524327e-01 8.023957818356131089e-01
7.526964904688903113e-01 7.527187915884337999e-01 7.852713007994656103e-01
5.380565493023364843e-01 5.409200113533176868e-01 5.468260618195289746e-01
4.544190536183438933e-01 5.414842775232588945e-01 4.900767356045233059e-01
6.123470805842935460e-01 5.717370503345264865e-01 5.687898006431859610e-01
4.974513063049620376e-01 5.059209260055336221e-01 5.200820773477701220e-01
5.512164400951642396e-01 5.414888251664518037e-01 5.434227540628844277e-01
6.056018087603868283e-01 6.386611593500569617e-01 6.349784912273314097e-01
4.862741277335582701e-01 4.797063140649225899e-01 4.710201345442890375e-01
6.854698560334141488e-01 6.953280575384680473e-01 7.308217676943949970e-01
4.614742670333267793e-01 4.766104203589681676e-01 4.707221796083549403e-01
4.947390759048987952e-01 5.136867782512373193e-01 5.227366470223862027e-01
6.506425275085089277e-01 5.820476793088251721e-01 5.960711898707038436e-01
7.175951488606492346e-01 7.063385998607291105e-01 6.785844521679238461e-01
5.596057736023399842e-01 6.194636739605983156e-01 6.409912986374997068e-01
5.223267064410287430e-01 5.816884807631893528e-01 5.114943556628800403e-01
6.296051330151780645e-01 6.305609986852518389e-01 6.538510805080358645e-01
4.782798352013932219e-01 4.252442081220809689e-01 4.836243586861905253e-01
6.447139879937103801e-01 6.008082429344314690e-01 6.135745120486904014e-01
7.963266854137995843e-01 8.136880217925653858e-01 7.475342835710894196e-01
9.419337379042270753e-01 9.485207538450836084e-01 8.973439701079476416e-01
6.737862932945103411e-01 6.259572582043709810e-01 6.532528624880750145e-01
5.199313994212535484e-01 5.357433945776209905e-01 5.513381549652255353e-01
5.678684958978974517e-01 5.283404263747188967e-01 5.843313907623178816e-01
5.896408836158543165e-01 5.854202170016280515e-01 5.473372913327306799e-01
5.712944671233054494e-01 5.723033489393170026e-01 6.160991984567446567e-01
4.884122301671466881e-01 5.283455167479003123e-01 4.958322990887368276e-01
7.452298191443198494e-01 7.914216312533947084e-01 7.785320584671577837e-01
5.620376186980798883e-01 5.368948863051897780e-01 5.134630205435121164e-01
5.985166845343388164e-01 5.852477603194936595e-01 6.130192502849101110e-01
5.449302924721618480e-01 5.657746899264355367e-01 6.028281852536284680e-01
5.222736117289435986e-01 5.296525490984705931e-01 5.016494420313822866e-01
6.172387635987767185e-01 6.758351629608245759e-01 6.276637640562536813e-01
5.982952341561103005e-01 5.847588451585160607e-01 5.751257144403026933e-01
5.613177970360266889e-01 5.644178716464064438e-01 5.733234025048186133e-01
7.600020762968719978e-01 7.124731902287995133e-01 7.266350788596970256e-01
6.656577504878872231e-01 7.017870078261980726e-01 7.232397119022168086e-01
4.369940117952959002e-01 4.398597523349478955e-01 4.499291694847609158e-01
4.945490508386563011e-01 5.398725256101359893e-01 5.372117306803579906e-01
6.923347416016345512e-01 7.009248677409523065e-01 7.315821930647492533e-01
4.610625551841227021e-01 3.889140819745640631e-01 4.430645554313352719e-01
6.041610983054910289e-01 5.971519836197241027e-01 5.832754385294282029e-01
4.878252015254004870e-01 4.612499753518116696e-01 4.689300580855656486e-01
6.266636183377264357e-01 6.025901278752454626e-01 6.381602044095510129e-01
5.061785009835432225e-01 4.970073482734416737e-01 4.754272508235098949e-01
6.444157507058618783e-01 6.109741333387604945e-01 6.196336881771892235e-01
7.021799079741720684e-01 6.827540498039726957e-01 6.428825910688980017e-01
4.752973426902477594e-01 4.573895194093507421e-01 4.702701834207177467e-01
6.232983039040800310e-01 6.135647412182833049e-01 6.261618121049410401e-01
6.266227748941218811e-01 6.631457292477414001e-01 6.357278356873573566e-01
6.814175292380342253e-01 6.741056527855867619e-01 6.816917012732738312e-01
4.803997225916437075e-01 4.598391561133857719e-01 4.362846247615239093e-01
6.163569184315800253e-01 5.866208723116257406e-01 5.975699011930163396e-01
4.961456658282358823e-01 4.964766523724416514e-01 4.976954764401977926e-01
5.992948600977002771e-01 5.644687233883906030e-01 5.733148530276191979e-01
5.945985729433576061e-01 5.368767862614302055e-01 5.653386678169312063e-01
6.803881848829906875e-01 6.577430612287513689e-01 6.506105338935658233e-01
8.297882813278472103e-01 8.362497006349745021e-01 8.384519925992277578e-01
5.111314327599184582e-01 4.992810412707798240e-01 5.586011955191967360e-01
6.836287509248054617e-01 7.307721448428619038e-01 6.880588939792916525e-01
3.638813703061998805e-01 3.908076527123210409e-01 3.694819096949604753e-01
6.816657087419530914e-01 6.770016851569004013e-01 6.583170991338236355e-01
8.156914730961895010e-01 8.189281011275220123e-01 8.504756849958857723e-01
7.747068104294568824e-01 7.448845455888607470e-01 7.046449827844210034e-01
6.037954122930335732e-01 6.261262779981406901e-01 5.771185613431362160e-01
4.836049950860363267e-01 4.503501272577629666e-01 4.026943631128989676e-01
4.993494845862408993e-01 4.976003581673018594e-01 5.447986349114578575e-01
4.874780167420595944e-01 4.932393267166129136e-01 4.568971495536549021e-01
6.607740173918338344e-01 6.961351449904030764e-01 6.739443973377677866e-01
4.299170005760803992e-01 3.708530889493781291e-01 3.434535702351158015e-01
6.420967390359124671e-01 6.603164507958617646e-01 6.381924086525109230e-01
5.287002150704702697e-01 5.192682413206213266e-01 4.547744286324183483e-01
5.368987180549368299e-01 5.437127984868586061e-01 5.240335823748123456e-01
4.912413881669510651e-01 5.127127259372030732e-01 5.268884066287324863e-01
4.408808743687485099e-01 4.160346888866321424e-01 3.855362371151600520e-01
7.334054136075953689e-01 6.991682369489887749e-01 7.008506029275355376e-01
5.960329229952106012e-01 6.332751983979230115e-01 6.012114383755861047e-01
5.346953897468703643e-01 4.808077923803472653e-01 5.218294756966449510e-01
6.083762239061650812e-01 5.475152133075975591e-01 5.632465329496727513e-01
7.096532074688206571e-01 7.287712174359094464e-01 7.338796164743223160e-01
6.153322402983029127e-01 5.918962590318280759e-01 5.985330586499260086e-01
5.381023290562882977e-01 5.503146110190475504e-01 5.626596371788465945e-01
7.632256196034397089e-01 7.406012697628530095e-01 7.863672333405674619e-01
6.437108973444238824e-01 6.324793559323718117e-01 6.349219967996182490e-01
4.513891515994753467e-01 4.522948592902849563e-01 4.358234939270979602e-01
4.496431801241904669e-01 4.880769303028547612e-01 4.882346312591772097e-01
4.517368339434330582e-01 4.021566248934337895e-01 4.051330896083021882e-01
7.677658254011650030e-01 7.851805983751830587e-01 7.907957025037252174e-01
5.594888489341328652e-01 5.590087954564418871e-01 5.894716145124935247e-01
7.249868666040855114e-01 7.042573696854731446e-01 6.912531533812700246e-01
6.984855001392121787e-01 7.252535322956010777e-01 6.554357527190508570e-01
7.982416228920607981e-01 7.912404290075129021e-01 8.143142242764581651e-01
7.649830856674985080e-01 7.432310524795422424e-01 7.704218835003053822e-01
7.216106124974639435e-01 7.067322516966513257e-01 7.633151807046212323e-01
4.411263202696492081e-01 4.740531701131162623e-01 4.166278534078195483e-01
6.037390877114350296e-01 5.639441994224074772e-01 5.421251912815759910e-01
4.260189592103379441e-01 4.485243080434448415e-01 4.824505578721351440e-01
8.562798299728452411e-01 8.370301733129033028e-01 8.244327826768346190e-01
4.832154940618273442e-01 4.512516103886502483e-01 4.018187634690612575e-01
4.123380289041869151e-01 3.790069586312201921e-01 3.926933607928214665e-01
4.921002295952751071e-01 5.068454226976651933e-01 5.205476110676007240e-01
5.079908483697598287e-01 6.340335229739680889e-01 5.951912051516249358e-01
6.780283446067265629e-01 6.755169230027164851e-01 6.720208727513463653e-01
5.670493403265919330e-01 5.461012552701801637e-01 6.218980488020777742e-01
7.323844356115413179e-01 8.121261527954372061e-01 7.625859456083786680e-01
6.589601518346401843e-01 6.484181201018159868e-01 6.624132445125068269e-01
6.216791258291255451e-01 6.157990505753888621e-01 6.118753037015756124e-01
4.896395152014793584e-01 4.882023462253080037e-01 4.972893965939879646e-01
5.614562929801381053e-01 6.226138992737957345e-01 5.511856258565339672e-01
5.738189665629493952e-01 5.842866706947403843e-01 5.525407242617305092e-01
7.014078918982165067e-01 7.083522304643827816e-01 7.352431727691135510e-01
6.822368426063759594e-01 6.943415713355530761e-01 7.086802460982731811e-01
3.309576590318548672e-01 3.610518600767143038e-01 3.406737400256865667e-01
4.239546740479966935e-01 4.285230886069639200e-01 4.237525359725552443e-01
7.098485928620543728e-01 7.131355271223297487e-01 7.191946859177423823e-01
5.820992452837432385e-01 5.906748716537940647e-01 6.174555632630920332e-01
5.151639034399428940e-01 5.219923793978675786e-01 4.971573913087700136e-01
6.892862291385104534e-01 6.942606735473774160e-01 7.285095660628823078e-01
4.204968886137989137e-01 4.705901865114148208e-01 4.623715193272733281e-01
8.583116477888389495e-01 8.213573412524309836e-01 8.037541463808884901e-01
5.296752758282358142e-01 5.728904813452377898e-01 5.384081873410256902e-01
7.883100040928171515e-01 8.193148849870494077e-01 7.736754796879374840e-01
8.437009509293815768e-01 8.804700921572378158e-01 8.379949747114034952e-01
6.478938949685820736e-01 6.487675807296527930e-01 6.643480380440511812e-01
7.017528622108478720e-01 6.470956213280973923e-01 6.511969114123312696e-01
6.165495261026399110e-01 5.879031075627427771e-01 5.869064513456935250e-01
7.200369206243266706e-01 6.882965875945740164e-01 6.670684074216923776e-01
5.147114014174593022e-01 4.771727657084470220e-01 5.200751672775567602e-01
4.649128809405571050e-01 4.499376141774426574e-01 5.029822709266760228e-01
6.919168874650306611e-01 6.571727496957328052e-01 6.539936477381801394e-01
6.465206819808515526e-01 5.916695018022843922e-01 6.378789945200925571e-01
4.505717698859481590e-01 4.269468551390825373e-01 4.227349219281951176e-01
6.216432578040241852e-01 6.139865048179909968e-01 6.579653928162538801e-01
6.931138842502344577e-01 7.098142821897814869e-01 7.124451432434040221e-01
4.858798652785084604e-01 4.534684000403457760e-01 4.859901518105945173e-01
5.864650337297697691e-01 5.813013169755932852e-01 6.169057992122348733e-01
7.183282704120657058e-01 6.835440991817725020e-01 6.815922152522516653e-01
5.026258416333871937e-01 4.790299821186287943e-01 4.576829060873219834e-01
3.400263074783696493e-01 3.580903710441446508e-01 3.474399716798653448e-01
5.652805190310389305e-01 5.550191715428626216e-01 5.576629970656509228e-01
7.160549653331534925e-01 7.177100146666512970e-01 6.646026712175606699e-01
4.867853227511196867e-01 5.065503992051209048e-01 5.180489260477185720e-01
6.318251350609488393e-01 5.824277320649652312e-01 6.069687767279022816e-01
7.867544699672429642e-01 7.880661554468897378e-01 7.712428715409586077e-01
5.889093198956413255e-01 5.731038050283168150e-01 5.922483818319440596e-01
7.407287048566341126e-01 6.908689626837379860e-01 6.603753414853584802e-01
6.534214785261689418e-01 6.402516424614171919e-01 6.350313303367072226e-01
5.437021537901718382e-01 5.548666811832883017e-01 5.881475836301010007e-01
6.021584454565355182e-01 6.008346652757012851e-01 5.797158662397756679e-01
6.264107701999301892e-01 6.498702877379761711e-01 6.505204662541248517e-01
5.113325975957678793e-01 5.273882486312612139e-01 4.841170299419597089e-01
6.059480183931447161e-01 6.222822497496020011e-01 6.075974783188340389e-01
5.551613629158923535e-01 6.019889814277449291e-01 5.832442600345576489e-01
5.963581750120802161e-01 5.473631183656421095e-01 5.594410857976732654e-01
6.134258292678345104e-01 5.692457509366031232e-01 6.340626090835904671e-01
4.811456427048066420e-01 4.672295473334852067e-01 4.480706465929614191e-01
4.051162027519601416e-01 4.391182456399881917e-01 4.340310227469962312e-01
6.762323195183157498e-01 6.429867800988267046e-01 7.070691178571345548e-01
7.193339864987895460e-01 7.202550785602970240e-01 7.368632982491668537e-01
6.573388490996076028e-01 6.346431860583598983e-01 6.695148762401532672e-01
7.537375658362329700e-01 7.989658436285256293e-01 7.868363440331842540e-01
5.999316553140858765e-01 6.027331047245163553e-01 6.063347494762789669e-01
6.229800765308285415e-01 5.980319934207796173e-01 6.336529323556043813e-01
7.999150144928367512e-01 7.684456272573650937e-01 7.643579825799238225e-01
3.819892106768458251e-01 3.683956160972362004e-01 4.496688524778524321e-01
7.814120247112587014e-01 7.724679561460785493e-01 7.096845420545017102e-01
6.669222769878693224e-01 6.671165560895647717e-01 6.687107524548774329e-01
6.742080200094985321e-01 6.791324430725949046e-01 6.580461540160005285e-01
4.356190288799374755e-01 4.007269075272356096e-01 4.692192948947297437e-01
7.201420958488273794e-01 7.068761279431088340e-01 7.079012439590739447e-01
8.178752475329581495e-01 8.328321987334424970e-01 7.539239068176596392e-01
6.296730460759567549e-01 5.913114650544648576e-01 6.312669071420750067e-01
4.287253072191962167e-01 4.666547772544623607e-01 4.444076513823548846e-01
8.560374195664314234e-01 8.497597551430506879e-01 8.895111032867999423e-01
4.673484710850139279e-01 5.017934154979053485e-01 5.448256868973795353e-01
5.977574133308694027e-01 5.960781550678575513e-01 6.301288344806128539e-01
6.325930928535459241e-01 5.938554815945590315e-01 6.226950694009679710e-01
5.323875873695482763e-01 4.342933805737570485e-01 5.331543050873872591e-01
4.524254731654260286e-01 4.278194206502741181e-01 4.652833445263831469e-01
5.513223470421964034e-01 5.712276090240205884e-01 6.499318463302835580e-01
5.581120639613359469e-01 6.426331289488604881e-01 5.816244424164600524e-01
6.587909059780279186e-01 6.465630875316580317e-01 6.986008127105652887e-01
6.995181606395645124e-01 7.145528429349043975e-01 6.678555643737578151e-01
6.717417330143600207e-01 6.361748228994897891e-01 6.674985825814732099e-01
4.390861679590913891e-01 4.592452431057518214e-01 4.630368267541850047e-01
5.942568779973814719e-01 6.380362154876761949e-01 6.396627535141603538e-01
4.291790093253514682e-01 4.581791104097078238e-01 4.610540054872192539e-01
7.032542671032625536e-01 7.455801253125351469e-01 6.580583431803079808e-01
6.215806639103907960e-01 5.931975058759327846e-01 6.208511338498591270e-01
5.765195846675247315e-01 6.448324334497601562e-01 5.673354358424553823e-01
6.221330695357336626e-01 5.794457381254131123e-01 6.057805742245636615e-01
7.101212485881870373e-01 6.773360938765897732e-01 7.062812827584492581e-01
4.255029849296073086e-01 4.386935252964053178e-01 4.528028284440557272e-01
7.018197956235919799e-01 7.134484081829053359e-01 6.664262737505203260e-01
6.615707118509902562e-01 6.635694606301690834e-01 6.497301595552444908e-01
5.697404535006006521e-01 5.634841631303725284e-01 6.330764295666948538e-01
6.525434375836242085e-01 6.089900368977826384e-01 6.097041223335913918e-01
5.266171162963622088e-01 5.033344410779517775e-01 4.898557606193619240e-01
7.053647920827146311e-01 6.632396545541879851e-01 6.590765136482146236e-01
7.860421847178790111e-01 7.693368463656130585e-01 7.529554703131808857e-01
4.201199059161459526e-01 4.857783366215098209e-01 4.560526981174622407e-01
5.527754893409074777e-01 6.233643444036993664e-01 5.968289330772248436e-01
4.957744220105280708e-01 4.361115043249429446e-01 4.839589686120251422e-01
5.975204296508984658e-01 6.119456794386171072e-01 5.806302026606493527e-01
6.685317430171567876e-01 6.673199908378988354e-01 6.272576472802097181e-01
6.993695623287725649e-01 7.324966848497290739e-01 6.746790832190736609e-01
7.120635287039621675e-01 6.619034974974523644e-01 7.456208058768136748e-01
5.436411298496983679e-01 5.661301411546943996e-01 6.166062184140451707e-01
4.998479452387316058e-01 5.406684737126821183e-01 5.143156809403214291e-01
4.618291494507456019e-01 4.689915015832140655e-01 4.773556742647854234e-01
4.269074986504993174e-01 4.595674278140621238e-01 4.705933044841418833e-01
4.712896565772185520e-01 4.852281200979856601e-01 4.324645390051919946e-01
5.214054050660327233e-01 5.350769599170021040e-01 5.091683664767508999e-01
5.175314204422256648e-01 5.308510952558410656e-01 5.542490470779682932e-01
5.982967568995718466e-01 5.586892409236837720e-01 5.571052409454640975e-01
7.407462653601266656e-01 7.325989778043235923e-01 7.539690609610405492e-01
7.140454960390461014e-01 6.780185074089583042e-01 6.852822726186984514e-01
7.530883976528889301e-01 7.176441668873366764e-01 6.919980489065340468e-01
3.449512008476705582e-01 3.624041816993483489e-01 3.663094094671087153e-01
6.373112997676854130e-01 6.321671867648591681e-01 6.268057301397119696e-01
7.623083191458096541e-01 7.347250772842989219e-01 7.302422343292873652e-01
5.369364194804318036e-01 4.896540477681415315e-01 5.332163622969632311e-01
4.892827923213157182e-01 5.182930032963732891e-01 5.448124537262710732e-01
6.494689689766179885e-01 6.397136973019610373e-01 6.879393944858740451e-01
3.400199715940782075e-01 3.631648945984193300e-01 3.292950578017861951e-01
4.875669366711995467e-01 4.034696765713627342e-01 4.818457111248849456e-01
6.193492283112719266e-01 6.156560273088425017e-01 6.413419231257354580e-01
5.525092561909932254e-01 5.606883896097534237e-01 5.610689297862713198e-01
5.571560920813388718e-01 5.956674756490559774e-01 5.717083828342146568e-01
7.296244879747123546e-01 7.579805498678664488e-01 7.428301577847340464e-01
6.057929065006486535e-01 6.149524668776670255e-01 5.955901617327581388e-01
7.247404265011230251e-01 6.994612493750855808e-01 7.164736617480895742e-01
6.952929577384614479e-01 6.966239332329474676e-01 6.683762507439251488e-01
6.952294011882154123e-01 7.144781896684833100e-01 6.638906246769532560e-01
4.476840666961405812e-01 4.681715777695411584e-01 4.707658663672076305e-01
6.624559093226485285e-01 6.546593203004471562e-01 5.977027809171394646e-01
5.659456589870363041e-01 5.719951814085427744e-01 6.113897326093342688e-01
7.599529290747014665e-01 6.332122907449450055e-01 7.003791689286649191e-01
7.655565126463336201e-01 7.431289044610362993e-01 6.797837698501052461e-01
6.824591677165675607e-01 7.426461176108352102e-01 6.393485411873338631e-01
5.382201033086755348e-01 5.397915922674281219e-01 4.940242529834354968e-01
6.206490556272654668e-01 6.101446472349687511e-01 6.522290314923201437e-01
6.179719440399243924e-01 6.099039837702688871e-01 6.550541424973629345e-01
8.188733901406186622e-01 7.674183771536824406e-01 7.852922664058131774e-01
6.212754159262440234e-01 5.688076879701097210e-01 6.234019077773377271e-01
6.300800012889965496e-01 6.547393073941073505e-01 6.562761035414569344e-01
4.358589424494074271e-01 4.375796341733080852e-01 4.186443503371312658e-01
6.998528497224122402e-01 7.274909296259668423e-01 7.199341996918774411e-01
7.798231431435390659e-01 7.905129042908884962e-01 7.626189768523877754e-01
7.426934963637824572e-01 6.963239295165747356e-01 6.817807755238969314e-01
8.535842002289342201e-01 7.651173388147969323e-01 7.751736136622388029e-01
5.076157275157658910e-01 4.717483235284437582e-01 5.007333050381949091e-01
4.458592531692576189e-01 3.865215828667584175e-01 4.468636340087993597e-01
6.307304511322386897e-01 5.995197465798947078e-01 6.248639953660495294e-01
6.748761861881654722e-01 6.842445929608944599e-01 7.332623617736345745e-01
8.360906345538192674e-01 7.773589827623884618e-01 8.025663577277271088e-01
3.153585527282957157e-01 3.434046584888690301e-01 3.678075998576889050e-01
5.292940448751923821e-01 4.980212764927589575e-01 5.685679367147906671e-01
4.941257304629860792e-01 5.180509442759544392e-01 5.026512579858765095e-01
6.677994430268237025e-01 6.771711279530848726e-01 6.864850303077738580e-01
6.578534495575480978e-01 5.980156923049152473e-01 6.298298077371370374e-01
4.985680039218172710e-01 5.194423254778811616e-01 5.383728333698252211e-01
4.777014243018170569e-01 5.299135421533336388e-01 5.022612105134176552e-01
5.248251105862156152e-01 5.286604582238233485e-01 5.094474723367699021e-01
6.252437253319418353e-01 5.452039434177585742e-01 6.028174789939544365e-01
6.791082120403589828e-01 6.850374868403519280e-01 6.367955594551246712e-01
6.143544879933170444e-01 5.825197847802302542e-01 5.779701435598074699e-01
8.865146135182025988e-01 9.338664423853948460e-01 9.402487249398535640e-01
4.021776329103021741e-01 4.666545112401456197e-01 4.490935443681612904e-01
5.249305271144025786e-01 4.512652542075785700e-01 5.099078136570392994e-01
6.959335186646227189e-01 7.067754810935754639e-01 6.838832446938963860e-01
7.524703188276354870e-01 7.161767345337443080e-01 7.177484739890599430e-01
6.994357845110910077e-01 7.513048940517450536e-01 7.342291382133030453e-01
6.106851407322814174e-01 6.099776977076436513e-01 6.205711862713219062e-01
6.763066621300216630e-01 6.438086632347831406e-01 6.631499337166564256e-01
4.566796774602872588e-01 4.315985143044717143e-01 4.119780670218554652e-01
5.110823759837934688e-01 4.996963455260874931e-01 4.701396680821258167e-01
5.786411807194409285e-01 5.502446820685693574e-01 5.378004334318083890e-01
6.954967360073935900e-01 7.130879444821262014e-01 7.554849013077687969e-01
7.301085700927498756e-01 6.881212951357160712e-01 7.523774280237351952e-01
7.572465199348678011e-01 7.206766917825124796e-01 7.955228507637002178e-01
5.212034937832429327e-01 4.831994387191929641e-01 4.488543928074851252e-01
6.103552786920164452e-01 5.619800044134410921e-01 5.527725474230578140e-01
4.609999407714069908e-01 4.541414494294350734e-01 4.310181930527321459e-01
7.486340000923631388e-01 7.933712528564117461e-01 7.435252417982494144e-01
5.907457963740306850e-01 5.890923727316736969e-01 5.910193733124255999e-01
5.526700338087255915e-01 5.119339749117399752e-01 5.182463227773872472e-01
5.258343942406967786e-01 4.814604342496914824e-01 4.735169755334728281e-01
4.241797201495839942e-01 4.383852722187110418e-01 4.422996038870743996e-01
5.247806598878579365e-01 4.984172447209972434e-01 5.567699227597610045e-01
6.228771471855669706e-01 6.641031993604017414e-01 6.486348477997231354e-01
7.035844189016489114e-01 7.289808180863505127e-01 7.489818207625547064e-01
6.899508960246250044e-01 7.239158080111425253e-01 7.386006166536784878e-01
5.710135625475518673e-01 5.351354895732209904e-01 5.104929176511666666e-01
5.753337523643334839e-01 6.134718866159725170e-01 5.798485550904880492e-01
4.969581404269625691e-01 4.798469708261045019e-01 5.111449020741869465e-01
6.638431220643625785e-01 6.938709527373073671e-01 7.111271753208124879e-01
4.251596005958828695e-01 4.315839468575903837e-01 3.480066940531494346e-01
4.873308477248348147e-01 4.248769752496416863e-01 4.643793257977385514e-01
4.884142916359517361e-01 4.757906464542741576e-01 4.805876755917283250e-01
7.182031830135113815e-01 7.116618850585211264e-01 7.227372901078189527e-01
5.308805097660823646e-01 4.923018249032911076e-01 5.384619662083415248e-01
7.897064636199666587e-01 7.614078385058600240e-01 6.952824832933538479e-01
6.470493316212566626e-01 6.630929093550929077e-01 6.419932535624340852e-01
5.607160654446733394e-01 6.031004300809510443e-01 5.380352562638350822e-01
7.954686510436116409e-01 8.740947228377473621e-01 7.704200072358544649e-01
5.872138636123430677e-01 5.566275624194999549e-01 6.086434762003530841e-01
6.538224355244942609e-01 6.581044947407378443e-01 6.501686534587225452e-01
7.734165463969462362e-01 8.032109813456396186e-01 7.833569986157100651e-01
7.559580892293660259e-01 7.876663537553990624e-01 8.248571393852184297e-01
7.322511740099514332e-01 7.201742701705567962e-01 7.437745582613850548e-01
3.052498585556929767e-01 3.219606047909538971e-01 3.171118311307506432e-01
5.830503395977105763e-01 5.898099003991206235e-01 5.467360932165836740e-01
4.765341547387187404e-01 5.138637289879701697e-01 4.902872103200385245e-01
5.643886862290045103e-01 5.634726409172122752e-01 5.403200541630116538e-01
5.826482218138954172e-01 5.673565483574383173e-01 5.556361798704243515e-01
4.198758401997501055e-01 4.162076946371361386e-01 4.572725357107008670e-01
5.166860274489638583e-01 5.407419968513822450e-01 5.196934739105051326e-01
6.662573382117172871e-01 6.453236226406156018e-01 6.609220543282643412e-01
4.574622350446447827e-01 5.112292558755391347e-01 4.731297386420817430e-01
4.833856402023193333e-01 4.513986430736102173e-01 5.216643253932977675e-01
7.076045536887315412e-01 6.747159225164222063e-01 6.559790031282022316e-01
5.839446757843419489e-01 5.749807932328249160e-01 6.074460782437069994e-01
7.075740730272416235e-01 7.408683549897475684e-01 6.836465340740937036e-01
4.347517314396536769e-01 3.641146087367276851e-01 4.010803713945995663e-01
6.770708582499442851e-01 6.758604702489403593e-01 6.929131474415766156e-01
5.697957384905084632e-01 5.638449213831048246e-01 6.134794856026626331e-01
5.465563091802693174e-01 5.187020178974499629e-01 4.907984816870142319e-01
6.899538230657729088e-01 6.290441843424177115e-01 7.017156910234761957e-01
6.083871118236231501e-01 6.300782621391064486e-01 6.434121425873515765e-01
6.246837457205501876e-01 6.742866872659541988e-01 6.905352933479677047e-01
6.600183414588230990e-01 6.616516590548296994e-01 6.406142096082235726e-01
6.893691739621694570e-01 7.005069995529623617e-01 7.065196667294753041e-01
5.917223500239640055e-01 5.901244123037246991e-01 6.408242697758586015e-01
5.184475959729963890e-01 5.187312727070372276e-01 5.194983416410104970e-01
6.747347134886007014e-01 6.913689761016110769e-01 7.228243320470074673e-01
4.337706226163389744e-01 4.022027633101976085e-01 4.339228923257922310e-01
5.560160078485604229e-01 6.234483683556487632e-01 6.050726318049969299e-01
8.817057153669454195e-01 9.420495302709045449e-01 8.831226353521457462e-01
7.090471036888422729e-01 7.359371773004123041e-01 7.132940718847544659e-01
7.267240157557667279e-01 6.990353354834517585e-01 6.828036970319613097e-01
7.576967329249165717e-01 7.945092633501177337e-01 7.751207135201995113e-01
5.017020640825113897e-01 4.653795012185404367e-01 4.656496789046032925e-01
6.012627572801348963e-01 6.316361638537072443e-01 5.995478114824719373e-01
6.545667560742006730e-01 6.525696336455425461e-01 6.857507335464634313e-01
5.675261991226124847e-01 5.687352074982522376e-01 5.891230069947218650e-01
3.087749906909992847e-01 3.402683930194004835e-01 2.861824757412185227e-01
6.732122630610172243e-01 6.538321353710392358e-01 6.272235067932702135e-01
4.975768347998030805e-01 5.623048158486023684e-01 5.304157863679905827e-01
5.794793673273889167e-01 5.506783023924778364e-01 5.557504299230920930e-01
5.377995702990309157e-01 5.875656810434185529e-01 5.062358924774721380e-01
7.284823324792814025e-01 7.526361675891927172e-01 7.760205737880918608e-01
7.921878811994702563e-01 7.736105230484869866e-01 8.214760769297811960e-01
5.591763484229453907e-01 5.792140185654883755e-01 5.364262424878619706e-01
5.188842920270448911e-01 4.823689520226877581e-01 4.685120060022253119e-01
5.714609344965645432e-01 6.033027554327258235e-01 5.986745243183899667e-01
7.468722968393607387e-01 7.418364132507844211e-01 7.520946798152213786e-01
7.089674027047194738e-01 6.700943324684757174e-01 6.942603041094961291e-01
6.698112328127568960e-01 6.431761883812869840e-01 6.597955741899910187e-01
6.022339151515132549e-01 6.096121657532791449e-01 6.295995044806252938e-01
6.799226124937383098e-01 6.986332558776540136e-01 7.142835430388252416e-01
5.416286839679694820e-01 5.496537289570875284e-01 5.622217035022897269e-01
4.943330454813136265e-01 5.399045325362756831e-01 4.985344960271662629e-01
5.966070723856943259e-01 6.281227694633083614e-01 6.258184933463821764e-01
7.118847249058976034e-01 6.970379103786509267e-01 7.336799056169864830e-01
6.161230552405232430e-01 5.675812235030548436e-01 5.794118699205467182e-01
3.579758632528913243e-01 3.687471599166707303e-01 3.928314991490425845e-01
5.628451722796620205e-01 6.000057752795305843e-01 6.506235424283223212e-01
6.172389748897828543e-01 5.989935793787058982e-01 5.890282512474324106e-01
7.568237952820167092e-01 7.531741988806168742e-01 7.597371166035707946e-01
5.174911565429251015e-01 5.057388352920444419e-01 5.342485333808620895e-01
6.292391218225282801e-01 6.758752602624616967e-01 6.561046031958779334e-01
3.934838275736048940e-01 4.496490853654863673e-01 4.442852587397006503e-01
6.637445436488060846e-01 6.982761332592012371e-01 6.541325553879786536e-01
5.523381752292686464e-01 5.872582031267420399e-01 5.856000993217149730e-01
4.108991226294173016e-01 3.846008744481643205e-01 3.982424428782453951e-01
4.869307362695740604e-01 4.697384972939011583e-01 4.818141464371344940e-01
4.432259024369924472e-01 3.697486095380553839e-01 4.236758524603515541e-01
5.544696320727350303e-01 5.694360590714796500e-01 5.702189357676274994e-01
5.977060109009773026e-01 5.448271539698847921e-01 5.838028370700643066e-01
5.839139063235155858e-01 5.407359474603927740e-01 5.431578940892610730e-01
4.994882037458244217e-01 4.916595892429534431e-01 5.369945668153153218e-01
7.202329268081507641e-01 6.991921058602722505e-01 7.272383998262836879e-01
6.063435107973313976e-01 5.232571225886533117e-01 5.831517411230521253e-01
6.869830141864500250e-01 6.799523070855248985e-01 7.102061831384665069e-01
6.936996788850718909e-01 6.737766380409833111e-01 6.530335727010178060e-01
7.099787804219511722e-01 6.867941421247348854e-01 6.818202582744502527e-01
5.165213267173817124e-01 5.482346979949234145e-01 5.745736183605333336e-01
6.741072628965752989e-01 6.860868360052126969e-01 6.581365276704500555e-01
8.361916938602484972e-01 8.290341648686887499e-01 7.948479879545752302e-01
7.110773102492052855e-01 7.219291311658179167e-01 7.104886045020489815e-01
6.580764304446150570e-01 7.357202713578532283e-01 6.093420056892218106e-01
5.975553004556840575e-01 6.627222291024323919e-01 6.419455588215459141e-01
7.274145172584811636e-01 7.208803877638594315e-01 7.464581128662978182e-01
5.980689135152252867e-01 5.655396626744364497e-01 5.834175677847462937e-01
5.801949250647268075e-01 5.448217868087751325e-01 5.658652616728909734e-01
5.425445149654123389e-01 5.177299269102579871e-01 4.921899343822583317e-01
5.258689328642868199e-01 4.775913838597197203e-01 4.732884720489496932e-01
7.214078716644669598e-01 6.879703164390593706e-01 6.577858114349710572e-01
4.899629553662335213e-01 5.046306379462921488e-01 4.967144825503642114e-01
4.196078465246768086e-01 4.054209132912550695e-01 4.195137409388785543e-01
4.680083767214337498e-01 4.460999872450974735e-01 3.838921305712782450e-01
6.603868896001108268e-01 6.144564223008845971e-01 6.329538108107983785e-01
3.652078993367587900e-01 4.009390752874938957e-01 4.147667224844052702e-01
5.716802518714660941e-01 5.303932116608173208e-01 5.569645105480227620e-01
6.464023804584757560e-01 6.386082621883132360e-01 6.510530910999647869e-01
5.803926536777718193e-01 5.968244183892142951e-01 5.855251561357401879e-01
6.637090257190213505e-01 6.702344697679519792e-01 6.546379103979550473e-01
4.546852068543657532e-01 4.784719701861068208e-01 4.722445536522377196e-01
6.948161344784226090e-01 7.707166091934101182e-01 6.864826041944300794e-01
6.580576355075653527e-01 7.085734842804108924e-01 6.797684539427070183e-01
6.291422503960671930e-01 5.926964887611221311e-01 6.261829751209192496e-01
5.129619489007020139e-01 4.935863239354241760e-01 5.387365504852607012e-01
5.590432722229713436e-01 6.290412228846323783e-01 5.892756016043595446e-01
4.350725110370306514e-01 4.672694032843969780e-01 4.477143278739386112e-01
5.955529752127634024e-01 6.216172887936528557e-01 6.242607950598469957e-01
7.614820184567274719e-01 7.477661612701600458e-01 7.494897370245579005e-01
7.463819719216705506e-01 7.548164605421928686e-01 7.120269791651135938e-01
6.087878666887001078e-01 5.826119037088171027e-01 5.723967336858057919e-01
6.884576895103483585e-01 7.092211267659708218e-01 7.679509519179881227e-01
5.180818488037486347e-01 5.570568474293119410e-01 5.350072815755511080e-01
6.576870653602232553e-01 6.581413739185476564e-01 6.280853759438574935e-01
3.376930110303776322e-01 3.217637160725636547e-01 3.098715808406270478e-01
7.600482606922007722e-01 7.615500063940190412e-01 8.033103556789826794e-01
6.318890304174359374e-01 6.399008867360929109e-01 6.386079801784950716e-01
5.786001277607272231e-01 6.251767761907878196e-01 6.441658609454162798e-01
6.414328700633297187e-01 6.519050618532793440e-01 6.641711258483081748e-01
5.576849515724672246e-01 5.779366179873534071e-01 5.355587898092938337e-01
5.139046114165527479e-01 5.217428911020647320e-01 4.915738217664089027e-01
6.493232625262311819e-01 6.420091862665987525e-01 6.642147949654351180e-01
5.991660602161299476e-01 6.313596507488676846e-01 6.431498717978718638e-01
6.539850834025335846e-01 6.234627939764514348e-01 6.702314481289750603e-01
6.080071567281158940e-01 6.099089971227839024e-01 5.851135733787428128e-01
4.699341801952583442e-01 4.466225572893761098e-01 4.563710945320899603e-01
5.287107971340323509e-01 4.978274143260955631e-01 5.557778996496872681e-01
6.692194288938997371e-01 6.459514515349298325e-01 6.867093944398733329e-01
6.372488766792008263e-01 6.379156626190158885e-01 6.692575179562618715e-01
8.141699446756626157e-01 8.356490620899151844e-01 7.960331780745135699e-01
5.240364043349128309e-01 5.719136246485143626e-01 5.791144217648916959e-01
4.990024378280064066e-01 5.246605614060084743e-01 4.754296340313041713e-01
7.273867627433915350e-01 6.763336443489883498e-01 7.280724755637230095e-01
5.501768069906436409e-01 5.666712684197714456e-01 5.866303798056032859e-01
5.999365828184156646e-01 5.686019665086786690e-01 6.467217729682919192e-01
5.810193604905582454e-01 5.573645777824290937e-01 5.818267402512249387e-01
4.387636454286767962e-01 3.993363056745125594e-01 4.176749340863025184e-01
6.433146769088466943e-01 6.170104828912649220e-01 6.493340055546008571e-01
8.248479380654081261e-01 7.789305314794089385e-01 7.898643198422212741e-01
8.049160426348210828e-01 8.044141443873117359e-01 8.088933973914981257e-01
7.161915747328109205e-01 6.670111570953083380e-01 6.874835001876423712e-01
7.784299666109943949e-01 7.609164457300099382e-01 7.574095798990319039e-01
4.479448869038431535e-01 4.927319731164470640e-01 4.702481515793965894e-01
4.745899132596341219e-01 5.304102953643865526e-01 4.740544071715555030e-01
3.945789458849695563e-01 4.492973420218117075e-01 4.029182579834857392e-01
6.341632978126265918e-01 5.988560010408678913e-01 6.025976580147821560e-01
5.737413094709047368e-01 5.880197787551069144e-01 5.420327687658373916e-01
6.153393518292739062e-01 6.668804158086980571e-01 7.065167561062276613e-01
6.186508103696288785e-01 6.473333122744843182e-01 6.078730456360744716e-01
6.393793844234181289e-01 6.432459871926450301e-01 6.173717281477590912e-01
5.040265471337238568e-01 4.858393315425126313e-01 4.883146914162649344e-01
4.459341922897383514e-01 3.577121337449022942e-01 4.143935879037641268e-01
5.288640873465682013e-01 5.029000707240064427e-01 5.163737347981542936e-01
7.242247772281836804e-01 7.532766641064462254e-01 7.832491384689164171e-01
4.715826142819675160e-01 4.433623366247331221e-01 4.729891893017593718e-01
8.148328913044071697e-01 7.717758976279023297e-01 8.018108124183976892e-01
7.768589488360622131e-01 7.554531021738748464e-01 8.102865803079303264e-01
5.170493555657083018e-01 5.095495348704228711e-01 5.296856521288911823e-01
4.846736262093685466e-01 4.617121331782534921e-01 4.512254078029658277e-01
6.278525020405539836e-01 6.553199160933422807e-01 5.855204422617242832e-01
5.256886289031689197e-01 5.289298173288395910e-01 5.229849221232413248e-01
6.215102015057095697e-01 6.322830218423154403e-01 6.172627157258548936e-01
6.865549157556216642e-01 6.947168960511769242e-01 7.352335821993436493e-01
7.444043864985472325e-01 7.472516298408093949e-01 6.679248023899988507e-01
4.827736721188328750e-01 4.918187910437783472e-01 5.144389350768439062e-01
6.786528580010701139e-01 6.638100318863474625e-01 6.637145366830465854e-01
5.540037224693536988e-01 5.394907242457500640e-01 5.679578098972870581e-01
6.950651618015127875e-01 6.808311535056029706e-01 6.667391551520966964e-01
4.376958242988089887e-01 4.091464178306560284e-01 3.770216247796345233e-01
5.677753083855610061e-01 6.132697247969340903e-01 5.977598733425263378e-01
3.368283979347662660e-01 3.645565464433639380e-01 3.543748211685906480e-01
6.681126582672447523e-01 7.154935938785964566e-01 6.544647954174755977e-01
6.655781529857571766e-01 6.030266961408466964e-01 6.056155814650665548e-01
5.105948161116118378e-01 5.215971765997337029e-01 5.444431336703223767e-01
5.707488237352357219e-01 5.715548177678613229e-01 5.594608558719479374e-01
7.206491891492448065e-01 7.404811464123091103e-01 7.114449912396316744e-01
4.224826141036072125e-01 3.450569851890933348e-01 4.046846921935188801e-01
5.068572978816389130e-01 4.911243857136984858e-01 4.732213496462902569e-01
5.020372642146437858e-01 4.951151130436798886e-01 4.639571926651267497e-01
5.570577395609871418e-01 5.131793371538045934e-01 5.026334260294976763e-01
8.800126765764590964e-01 8.189216919820504481e-01 8.366269703287791959e-01
6.261484992304349184e-01 5.454502471776118133e-01 6.099226760300326955e-01
5.782999557305698035e-01 6.294773218571947382e-01 5.901513679590658645e-01
4.988702319514436989e-01 5.522341381698665508e-01 5.506595679665919896e-01
6.265987710934631805e-01 5.712272139337913890e-01 6.367417425100840855e-01
4.822241761107674551e-01 4.522428101018075020e-01 4.512301186255555652e-01
4.890590967428781743e-01 5.263628961324157141e-01 5.613503376282189539e-01
4.418546267575091946e-01 4.093055884147872581e-01 4.177118688570189975e-01
6.861250446489874921e-01 6.995208788545954626e-01 6.528921155976641355e-01
6.113638332689954602e-01 6.269474531179152210e-01 6.643438002192536551e-01
4.141645467644192169e-01 3.945631070174271393e-01 4.580993182366162042e-01
5.113544452819441810e-01 5.884202990454215909e-01 5.736865021506585283e-01
5.929222248711855103e-01 6.835080906002958256e-01 6.204479419623361025e-01
8.324140672143804931e-01 8.319127652243980542e-01 7.542426570216232973e-01
6.907702252337563076e-01 7.130634481920447021e-01 6.961568284611983071e-01
4.832878937635010641e-01 4.815082748012177172e-01 4.559653541783235675e-01
5.307040790054182722e-01 5.489334685115075940e-01 5.272782676036215088e-01
7.450505141752807869e-01 7.277464252567329428e-01 7.625744827642583212e-01
3.714238271505970745e-01 3.680851114961994353e-01 4.042874436630209956e-01
5.920689781677863639e-01 5.867364248264458348e-01 6.396726912464791859e-01
6.514240784035704168e-01 6.403727568960304595e-01 6.209220454368629127e-01
5.137412800489824516e-01 5.027312483183241643e-01 5.016549796883711387e-01
5.328551757809791845e-01 5.615192586815332954e-01 5.208376663456260047e-01
5.852686552934887043e-01 5.802308868598025082e-01 5.410691443018387226e-01
5.387221061499875008e-01 5.325359821215148726e-01 5.141637988251028801e-01
6.695335391408319126e-01 7.025603337243695456e-01 7.068741895293808586e-01
5.693760509020843186e-01 5.709003441455954286e-01 5.734829907225842405e-01
6.544695648538970678e-01 6.362057368153843928e-01 6.542457564169296136e-01
5.061481216603990196e-01 4.989508076969594308e-01 5.198090131993008400e-01
4.833424172545549569e-01 5.165541068247415657e-01 5.097892731146504985e-01
5.309772388238864771e-01 5.013439715447979284e-01 5.620645251890827865e-01
4.219016864856401927e-01 3.819211736326827422e-01 4.175232958449829335e-01
5.483244787367397288e-01 5.973385601325946759e-01 5.501450108152424745e-01
6.505890801532352441e-01 6.358581861246564992e-01 6.015368601718037445e-01
4.755148808398632077e-01 5.061075782327715267e-01 4.540390272554616358e-01
6.461943557722413800e-01 6.492283774449052469e-01 6.571993842269423514e-01
6.618907063280450309e-01 6.743979328749759583e-01 6.944858842884625849e-01
5.531696791112692413e-01 5.952703340450393732e-01 5.908119787598518080e-01
4.505465883003227923e-01 5.022035125003702083e-01 4.297493644632562337e-01
5.211405054438807971e-01 4.750759948774137542e-01 5.114990883418298884e-01
5.633210449817744880e-01 5.570713687876966969e-01 5.285076202724673378e-01
6.857450842459040796e-01 7.507876306655641985e-01 7.372714430244097228e-01
4.605331490419125595e-01 5.075118542591644522e-01 5.004809795673719197e-01
6.777519383505964390e-01 7.025858320811095847e-01 6.611488869746695585e-01
4.856963083590470354e-01 5.381871666770694507e-01 5.018283769441804765e-01
6.895915599875073188e-01 6.910243328421633580e-01 7.117281811647947487e-01
4.775030579337103953e-01 4.651063772741611535e-01 5.142913521633446505e-01
4.773501299850304580e-01 5.339645463903238687e-01 5.175239446353601114e-01
5.978555710917923260e-01 5.708065151928533032e-01 5.622912736024733293e-01
7.000033528225416690e-01 7.081963629751784062e-01 5.908767889977992738e-01
6.368380396646942110e-01 6.131944079868604236e-01 6.285551270515835620e-01
6.276598103048278698e-01 6.220424567231571666e-01 5.624240389205288349e-01
6.365069643536274135e-01 6.408962151144839137e-01 6.143119607243120450e-01
6.360008137003179129e-01 6.628928889471892294e-01 6.424892833894265687e-01
6.437016444476926225e-01 6.387630498104694965e-01 6.580578680240588563e-01
7.170142289413822256e-01 6.431514815250036765e-01 6.933795376264083599e-01
9.065313656583404711e-01 9.797122868280773167e-01 9.807524199267074749e-01
4.388600927940445873e-01 4.467523227717870027e-01 4.328176669902113471e-01
4.052082122019518562e-01 4.597642927679964631e-01 4.276291510431222687e-01
6.685587070418300693e-01 6.526519489398139307e-01 6.389448706063265426e-01
8.023741426930512954e-01 8.103550723892304353e-01 7.885301180446020464e-01
7.593763360198098056e-01 7.534959856885611318e-01 7.664414419377733045e-01
5.468104629622387858e-01 5.681032287956248039e-01 5.385956088110230855e-01
5.803671880238294722e-01 5.380822925937386314e-01 5.724608220411093740e-01
7.176659029386027733e-01 7.481498396906984816e-01 7.690872031041610102e-01
4.948109219254903102e-01 4.966158699426432843e-01 5.160003804378678893e-01
4.872993759289074300e-01 5.305474794870820299e-01 5.718435513617980970e-01
5.810617728090238243e-01 5.014790302865558269e-01 5.594689393622794826e-01
7.970357416188933453e-01 7.560308750406845579e-01 7.580914015201442036e-01
6.053794054977789107e-01 6.191149127962390919e-01 6.296545556027187684e-01
6.855117828293637583e-01 6.656885505606914277e-01 7.182800212316138300e-01
4.380858885530960478e-01 4.676865537403168127e-01 4.676728913996326953e-01
5.746719610439825487e-01 5.896365325105399346e-01 5.292404075864490798e-01
8.942707098262043797e-01 8.979602847913790153e-01 8.858205244896769637e-01
6.041560741419056413e-01 6.359140018618336665e-01 6.465952452848348075e-01
5.627463697072643267e-01 4.930369969612360403e-01 5.510327378812811538e-01
6.943639644821261170e-01 7.239084190597387947e-01 6.995727320052090858e-01
5.209552805640386142e-01 5.427914891770316830e-01 5.570398310865041225e-01
7.590028547909513090e-01 7.760849931585882544e-01 7.584286401812245781e-01
6.875333627168718209e-01 6.675106260872121222e-01 6.363500457991190240e-01
5.696640181419088123e-01 5.703296852167019093e-01 5.812186343404424083e-01
6.470171318925750370e-01 6.866465507556528403e-01 6.843580451978588108e-01
5.505107622011368163e-01 5.831681164004564044e-01 5.986544305732455218e-01
6.133678744204722477e-01 6.311820373017659191e-01 6.089620893057602347e-01
5.402253235652836327e-01 5.145622077153174656e-01 4.673945790791650401e-01
6.630157635296540786e-01 6.618084339430354568e-01 6.472521308469235679e-01
6.072819377126991158e-01 6.274777561594223618e-01 6.517380110850515829e-01
7.831973387753465854e-01 7.995751839301242780e-01 8.339282775451183349e-01
6.625330111097638142e-01 6.799652985874852229e-01 7.121963585000615771e-01
7.991429100020442933e-01 7.693166650356313419e-01 8.164254339084784373e-01
3.592001412085696344e-01 3.298336403329568123e-01 3.773938551611694114e-01
3.352373614983408801e-01 3.223866346555636087e-01 3.207849076812113731e-01
6.589026598397504930e-01 6.375431629316982152e-01 6.554002028595439233e-01
5.514537904514364985e-01 5.408441205974319210e-01 5.680810179809615557e-01
5.645446995252262345e-01 5.104459273876071901e-01 5.110745711242781208e-01
6.817631676579531952e-01 6.513958462872554422e-01 6.651476118705775820e-01
6.292876504671588433e-01 6.137723176469302988e-01 5.556594022926991672e-01
7.386331120894049640e-01 7.199470716113509638e-01 7.630077881845119814e-01
6.448176311568653007e-01 6.384403804905244284e-01 6.422106383478722869e-01
7.400026464483583366e-01 7.395029648774986697e-01 7.344307268882873663e-01
6.859234873605772886e-01 7.001778789925666713e-01 6.724177787612203305e-01
7.838010169411899764e-01 7.951534389849422846e-01 8.202757301096664788e-01
5.767549452578473179e-01 6.129364888860944216e-01 6.153778102228046887e-01
5.478933549193633068e-01 5.722814145506714967e-01 5.476663844163472961e-01
3.268443275937689685e-01 3.573881540342098151e-01 3.765364669587932256e-01
5.000651605026906754e-01 4.740787327397383288e-01 4.853833726379099267e-01
4.614491466693032562e-01 4.968479212251951105e-01 4.751183829005987125e-01
6.234016576742792415e-01 5.948523965263299296e-01 5.935298412791903955e-01
5.933272900001976824e-01 5.822168626094579302e-01 6.264598618160616139e-01
6.951588187802426599e-01 7.037291184609575367e-01 7.188494190409772111e-01
3.857361919428136110e-01 4.055817390182456794e-01 3.943257176738597103e-01
7.584704433877941243e-01 7.693581658942199031e-01 7.478912365839437415e-01
5.121642325457295142e-01 4.477685334777770643e-01 5.304977983911015604e-01
6.439947257630884714e-01 6.019613108073792462e-01 6.702631538179018023e-01
6.173835628603301373e-01 6.484412087835248473e-01 5.964419023005591569e-01
7.798649087317872652e-01 8.063253055552291881e-01 8.255325168620779586e-01
4.613977209216521547e-01 5.316820698029762760e-01 5.124112020185875860e-01
4.758575144828729453e-01 4.830198925916439068e-01 5.067161211700786927e-01
7.333381582373198482e-01 7.017978535270182894e-01 7.232502147601669318e-01
7.231678601534258233e-01 7.240665683187594848e-01 7.271834671618128132e-01
5.441246481290522574e-01 4.766820783240632298e-01 5.293764130051976657e-01
7.403845430180535647e-01 7.957358768084856759e-01 8.120450396079326172e-01
5.158949879230375624e-01 4.921008252727268606e-01 5.375838893040439936e-01
6.059999720909046150e-01 5.853233292566687451e-01 5.782530701769571513e-01
6.725016371013577965e-01 6.750493658924370255e-01 6.429693237785464310e-01
5.309392860026296290e-01 4.853393215350478851e-01 5.133855425333100353e-01
4.132350810098570082e-01 4.247974858237494322e-01 3.800918321565249780e-01
5.735806272956781582e-01 6.050200803132910199e-01 6.191010051218625021e-01
5.070444555272037856e-01 5.455875402385091943e-01 5.642774135599908369e-01
6.778020882568593919e-01 7.311179016332157721e-01 6.889106208131424713e-01
4.960248161622341501e-01 5.332860654103143139e-01 5.005641372968110403e-01
7.570892618379464478e-01 7.264085976708235526e-01 7.166402996004496151e-01
6.185178226806895552e-01 6.529959767639953450e-01 6.892075623922315764e-01
7.245679775444627824e-01 7.463548806721893580e-01 6.954720622559559251e-01
5.616910486414568027e-01 5.265743369446569400e-01 5.264479886447185342e-01
9.122704403557059250e-01 8.770972340662651634e-01 8.217827738633465273e-01
6.062188813991349345e-01 6.315203310433011863e-01 6.101731413014414018e-01
6.227302430466413741e-01 6.514106445261557132e-01 6.165998700266898114e-01
3.732348887314475561e-01 3.968144100268861663e-01 3.664545022674994823e-01
5.859846628407153757e-01 6.358631844097805130e-01 6.108394451965769578e-01
6.202496642417506534e-01 6.719494810528183759e-01 6.620062747266924896e-01
6.203714645724772714e-01 6.162064194304669451e-01 5.901084145997734787e-01
4.223641591423472619e-01 3.924082830722637194e-01 3.283764328265575960e-01
6.536974610719704648e-01 6.365952100224476773e-01 6.438569195912211551e-01
6.485146668456728269e-01 6.607748757355851321e-01 7.060602563071753934e-01
4.830192275142726754e-01 5.330812778184017553e-01 5.161317795851055878e-01
7.862654063560490236e-01 7.145077291353043591e-01 7.064918994867461777e-01
5.461102263866797202e-01 5.621011804959058500e-01 5.227637777704852162e-01
5.894278904240811690e-01 5.595842617756788817e-01 6.175030761973059334e-01
7.311230663470583702e-01 7.527208358004093824e-01 7.429001298886263038e-01
4.672981017562745087e-01 4.315184331005856300e-01 4.883143919545398504e-01
5.309647182665673260e-01 5.125203615956840375e-01 5.605059745891356471e-01
6.809188080338957061e-01 6.292390907765132990e-01 6.025942086044396850e-01
5.252496917501292550e-01 5.835877794344602743e-01 5.556348350564129790e-01
5.190690906314614494e-01 4.924056593349760425e-01 4.934677723521970760e-01
6.099312632966408243e-01 6.281371693020022517e-01 6.387873652811730807e-01
7.677838983280522722e-01 7.877036407577802102e-01 7.457551356158501621e-01
6.410413623265364125e-01 6.206468145475154685e-01 6.220058607755873936e-01
5.017577699095413513e-01 4.840821134167598294e-01 4.727164999196885597e-01
4.692293612562369320e-01 5.095767141914393505e-01 4.948840110621308130e-01
5.579037131806936500e-01 5.270186607725743100e-01 5.170747421619354967e-01
5.164579920653291634e-01 4.710742278320543264e-01 4.751705768153736686e-01
6.220460205502670314e-01 5.490683027995699739e-01 6.027862416080635999e-01
6.963401850720256636e-01 6.608766919872891554e-01 6.315643189305936156e-01
6.945567555863347842e-01 6.790372339639256793e-01 7.349258807376307656e-01
4.183389328860830370e-01 4.698479763584388902e-01 4.920280120058365680e-01
7.037309124337228772e-01 6.833901046871072582e-01 6.689419647338558095e-01
7.573480139919114285e-01 8.098615225783462046e-01 8.136647698992118816e-01
6.266098541801643496e-01 6.176126534788365374e-01 6.335014176348287007e-01
7.577347771300633195e-01 7.761437387885719019e-01 7.207314415059318247e-01
5.089829635344627068e-01 5.003374080056681716e-01 5.185676383578421422e-01
3.521485457429075483e-01 4.006656184552869204e-01 3.994645473101475219e-01
6.347757321891516202e-01 6.045490334716757674e-01 6.198529972659584386e-01
5.033719601083429529e-01 5.450158013487952369e-01 5.241771715941027088e-01
8.008941840573807758e-01 7.985887003570150133e-01 8.206897080713057013e-01
5.781316435958486766e-01 5.798200908672739295e-01 6.023823954646909673e-01
5.735187810416504384e-01 6.088379440364363182e-01 6.114237452107337267e-01
5.622901507494647566e-01 6.189872619037344315e-01 5.347996909077642469e-01
5.128076046419199896e-01 4.708313729435639194e-01 4.500763513589035036e-01
6.012350473180886334e-01 5.999655575540810970e-01 5.989666440932858160e-01
5.207596651836630119e-01 5.450230804006104268e-01 4.996083861862134490e-01
5.387618827429526691e-01 4.618935138407587737e-01 5.162355548359408575e-01
4.773740119517365099e-01 5.193304741301761895e-01 4.798103257409548905e-01
2.945905943377992164e-01 3.148583129158628036e-01 3.284137492946214154e-01
4.732733552539126198e-01 5.084016065381666838e-01 5.097430733284662452e-01
5.832749789741157320e-01 6.082192635336109987e-01 5.776484028890462863e-01
7.736589617313069933e-01 8.241245992275035848e-01 8.252835240863456434e-01
4.819308556570471302e-01 4.485616637537794826e-01 4.589873955525581861e-01
5.523158858736948451e-01 5.286416140209535541e-01 5.507736239278891999e-01
7.289838061546763948e-01 7.878282007276106169e-01 7.009077786961914747e-01
6.212111611384972809e-01 5.878292186175058109e-01 5.877012818132313354e-01
6.164326001047131243e-01 6.228388586406998773e-01 6.463935324770085922e-01
3.986843712874131307e-01 4.128604826693412777e-01 3.979303320517862397e-01
4.032802282568507257e-01 4.008308200742023431e-01 4.064526473571589138e-01
5.890800162268030604e-01 5.810075059735043679e-01 6.491155585613056500e-01
4.693377721287072535e-01 4.498749572743214187e-01 5.163655820117218909e-01
6.473246763214911548e-01 6.877741590744905764e-01 6.713820361576836593e-01
5.918108914570250345e-01 5.702948939781372628e-01 6.099191515912182338e-01
4.305311143053893730e-01 4.525561946569091609e-01 4.463580098800867257e-01
9.468650178171968967e-01 9.267470959894277271e-01 9.431544575542718523e-01
7.047010740284680441e-01 7.256127928468251165e-01 7.464056270889775080e-01
6.480457771983154647e-01 6.383867695145289956e-01 7.071689721299158071e-01
6.649087004246105881e-01 6.622072050624266959e-01 6.405464884002702863e-01
5.615185775113272770e-01 5.234494982592552415e-01 5.780686871186070386e-01
5.992682624658681734e-01 5.781181534352722862e-01 5.755872576007154962e-01
7.813868526691003513e-01 7.299093284616097188e-01 7.147084459297893266e-01
5.080665129010520920e-01 5.527005100060032872e-01 5.551774343242221743e-01
8.262732178613260148e-01 7.322124912992196144e-01 7.635146583490715066e-01
7.772006255568825184e-01 8.447176649129867210e-01 8.003619613874385363e-01
6.427114749223463708e-01 6.354344411683858773e-01 6.111706543634737310e-01
6.293695332572294410e-01 6.272514487342805145e-01 6.123879631988756733e-01
5.970834601630744531e-01 5.663731196690875436e-01 5.598805630217915663e-01
5.507313051297542117e-01 5.434950061549448375e-01 5.523890584522915814e-01
6.784784485657263664e-01 7.104332007702029994e-01 6.969339498200569638e-01
5.635357484424966534e-01 5.456163400866498314e-01 5.773780317937468043e-01
7.366533297867512431e-01 7.605762111881007037e-01 7.781636025768534637e-01
6.352160615427664414e-01 6.512327270485048780e-01 6.347410902501893215e-01
5.976386794581494133e-01 6.032502397077306178e-01 6.065592480111831053e-01
6.515897089815291254e-01 7.140313742769839322e-01 6.711453564817642103e-01
5.532962209059705261e-01 5.346722916140985715e-01 5.713393772374069091e-01
5.841421199180674151e-01 5.558969825937783993e-01 5.599084937476371815e-01
5.368209273980579788e-01 5.476725430905202696e-01 5.452243896196734552e-01
5.472996651586413686e-01 5.355658928630279147e-01 5.943025364032689106e-01
7.069768415847369480e-01 6.399770122213863655e-01 6.948120311116440240e-01
6.409701001185066360e-01 5.921422623054010126e-01 5.900251816086049539e-01
4.481044188987215460e-01 4.225891606366425357e-01 3.746441692408056245e-01
6.963066073008948864e-01 6.531504450182105126e-01 7.040330606076752318e-01
5.703145629309905873e-01 5.739354401164009634e-01 5.828987998702787054e-01
6.102271013938646016e-01 5.881642139243379308e-01 6.927851816986994038e-01
5.808216568359528820e-01 5.924894734075968339e-01 6.172406796328463452e-01
4.912220679401959056e-01 4.808472335240237538e-01 4.741970367181218560e-01
7.517226950423252507e-01 7.563364810270880589e-01 7.055494454398666404e-01
5.734727511259232191e-01 6.420955302862459968e-01 6.277840772844739403e-01
6.904648746951009830e-01 6.680106788699047282e-01 6.862302013120435973e-01
4.400706552196683163e-01 4.514886960262382010e-01 4.335447743511358643e-01
7.598116533666687822e-01 7.372540986360662796e-01 7.508326104116015420e-01
5.034372597415781581e-01 4.112327234016069921e-01 4.593379004516460196e-01
4.739553679824304311e-01 4.781341168705821598e-01 5.061194560730385428e-01
8.701704319713376989e-01 8.386351034809224059e-01 8.581877992287401113e-01
3.842085694109244054e-01 3.747781989581013828e-01 4.046317463593497310e-01
6.051972387641844087e-01 5.888031785497144233e-01 6.017913925483042714e-01
5.496202676683206167e-01 5.689429140614288283e-01 5.910069545614152764e-01
6.565185763602712221e-01 7.018260642694413853e-01 7.415621464697012000e-01
4.804446007932921536e-01 4.513357231337002395e-01 5.062925463633237699e-01
5.786436145886677540e-01 6.003432518483654556e-01 6.124490505312775168e-01
8.736586587493535561e-01 8.955035812243956617e-01 8.916809358150102893e-01
7.369853047025962667e-01 7.483753693345616131e-01 7.437641359479006953e-01
5.914225485503925572e-01 6.181148648721592753e-01 5.760456920960586036e-01
4.720357886502837830e-01 4.886550431036946196e-01 5.287257358041709265e-01
5.694556782477229184e-01 5.916608431331034090e-01 5.702217738368948741e-01
5.441140684973445607e-01 5.413987526012311591e-01 5.486074875705236886e-01
6.185741975049288133e-01 7.044769470877232376e-01 6.135576611516047052e-01
7.696962336883573785e-01 7.900249284515031833e-01 7.795226459936760444e-01
6.791107108682785665e-01 6.760906681093751258e-01 6.970869140775968198e-01
5.038432648574292516e-01 5.122476246191192129e-01 4.807522121083480648e-01
3.389542196117615869e-01 4.071939043514334888e-01 3.836607023464893018e-01
5.625280767026172857e-01 5.825771127345801270e-01 5.843047809518467917e-01
7.853117331179265692e-01 7.814697274174199348e-01 7.440933735350060418e-01
5.862395441417850295e-01 6.042346542775104412e-01 5.553842020629957688e-01
4.298508618694532046e-01 4.513389878567336533e-01 4.732884582517985494e-01
6.739543384282226102e-01 6.577288230103696121e-01 6.293150911413669668e-01
5.528138764526622229e-01 4.849936766544813982e-01 4.880537107412171727e-01
5.270821038494314381e-01 5.420751140238651011e-01 5.570500429186021618e-01
3.857162631352286097e-01 3.260172367542031324e-01 3.987141916982564482e-01
6.468962311075006077e-01 5.609942546662015639e-01 6.710510111446591486e-01
7.728633691702990749e-01 7.780525729657160605e-01 7.559674123353775643e-01
5.251458443141329147e-01 4.739870718359416313e-01 4.925111904811330654e-01
5.785005015531792250e-01 5.653177233404986790e-01 6.110709493908257350e-01
5.598775979365516742e-01 5.777183083118236917e-01 6.045317812290182946e-01
5.304042183053797599e-01 5.610019511504333867e-01 5.936226361467932255e-01
7.627205778293517646e-01 7.446157597055819144e-01 7.401351285007046199e-01
3.363477850867582775e-01 3.102013586115026644e-01 3.439664996130217811e-01
3.830515350532371910e-01 4.083930831888908930e-01 3.763827557003447399e-01
5.471332818250910224e-01 5.037198827274601554e-01 5.304235389536419154e-01
4.997864810722120743e-01 4.691057717033633168e-01 5.239181020894609908e-01
5.148674794250218678e-01 5.299319205425687684e-01 5.146332473789182460e-01
6.470541586608179463e-01 6.358990027832635006e-01 6.209795748614469479e-01
4.144896272857478969e-01 4.821611050692858891e-01 4.758136313508242177e-01
6.213242058002396151e-01 5.523566786290774466e-01 5.895513969925489928e-01
3.454202529271451216e-01 3.453005635127245898e-01 3.724730294204529613e-01
5.987037383632693999e-01 5.665928695063388032e-01 5.924217791302412994e-01
5.990691067169171546e-01 6.068491303422312022e-01 5.948307201390842236e-01
4.019130693977763791e-01 3.542933948854375403e-01 3.701357326449687402e-01
6.380888090411266367e-01 6.024510207862859845e-01 6.200236041583583324e-01
5.733652286722171754e-01 5.654933673919754211e-01 5.732924636437113364e-01
7.096187958584357913e-01 7.437814892511512843e-01 6.974900245629318540e-01
4.531788219217544045e-01 4.275686641198796489e-01 4.356778444586006382e-01
3.241786724589865165e-01 3.131880936069744159e-01 3.627103797045402311e-01
4.610081926698883503e-01 5.155358829259745201e-01 4.714622084386532741e-01
5.426083377299482091e-01 5.479988423809177833e-01 5.752163228043936094e-01
7.374371058471644869e-01 7.009589950475619835e-01 7.280398165804855548e-01
5.980879142316348762e-01 6.483963224532215408e-01 5.926909017988305495e-01
7.126691304196018928e-01 7.265673688833431676e-01 7.259527761259220169e-01
5.916890403427659262e-01 6.566295052257743459e-01 5.949312706394084271e-01
6.262401955118233055e-01 6.208425348281442213e-01 6.471976452149200698e-01
5.640681525886436232e-01 5.521793840152693367e-01 5.538313432309791562e-01
4.452394674069780622e-01 4.432296148681624803e-01 4.455224760875790557e-01
5.195970384583921131e-01 6.271649621632697791e-01 5.402739874212550975e-01
6.361119563953772094e-01 5.818469357389545182e-01 6.187584291611647469e-01
5.037117940992199561e-01 5.085291466991979092e-01 4.796072062056150886e-01
5.505917293688215031e-01 5.746953495129970557e-01 5.447958211293228992e-01
4.715627296109824451e-01 5.450694523849167750e-01 5.127573965435789916e-01
4.813618441132714310e-01 4.642156137040743258e-01 4.999474224641891063e-01
3.257801555906894020e-01 3.185685507566361485e-01 3.284360389692065896e-01
3.328164022634801378e-01 4.148477525316973669e-01 4.051079212861535273e-01
8.549350494150579349e-01 8.889852585443489552e-01 9.017543587482783618e-01
5.080692111695674917e-01 5.825244254759881501e-01 5.614099518994204452e-01
6.656988973955295652e-01 6.375047621194053216e-01 5.902900565643006692e-01
5.660207007085855668e-01 5.013960645866610832e-01 5.395383344232342893e-01
4.580400535894412761e-01 4.794438303207160246e-01 4.843788683597116673e-01
4.963411081128766833e-01 4.632644622801391221e-01 4.866480817381448332e-01
5.640576653947350083e-01 5.617038682478150413e-01 5.479344815088271758e-01
7.154637224828273023e-01 7.229040472681359519e-01 7.145902507749860577e-01
5.548398505304646955e-01 6.000102145585726188e-01 6.066078597517683413e-01
3.427007488175725647e-01 3.618092661156837031e-01 4.243343426695470044e-01
5.038175458423327369e-01 5.384518028979337068e-01 5.153727820038267460e-01
6.233873239978237057e-01 6.802529849115334093e-01 6.485126116562308640e-01
4.218092912344164058e-01 4.758858898197572684e-01 4.989377845382403365e-01
5.572914055530078237e-01 5.457139613526340582e-01 5.250070198789809073e-01
6.348853105727968460e-01 6.060240027035641575e-01 6.357767737428186017e-01
5.225775895972796237e-01 5.714532803831706698e-01 5.556470113084951423e-01
6.249899879729026164e-01 6.162572764421370142e-01 6.469981587299966641e-01
5.483986467285099087e-01 5.781992788233388803e-01 5.541021628282877254e-01
5.385933005661098782e-01 6.165902282289490444e-01 5.940041041573255187e-01
7.297684782841871165e-01 7.306835206151380824e-01 7.018996253641645033e-01
6.599402417071301707e-01 6.925315012470087961e-01 7.008680182137456693e-01
6.638076883988891508e-01 6.465610169523224871e-01 6.219228001139687212e-01
4.714686555729600270e-01 5.492651056912789542e-01 5.094446405183213900e-01
5.979373578183798665e-01 6.506105338206543687e-01 5.972600582719780338e-01
7.160268839438396204e-01 7.438064894618739986e-01 7.449991818199822591e-01
4.722678406621417246e-01 4.240960352063005145e-01 4.159365696556968639e-01
5.558915161693187557e-01 5.184615798577616452e-01 5.273382359062679381e-01
6.861490236946872212e-01 6.743239120175503754e-01 6.518231008900573498e-01
6.154757390838154762e-01 6.224819096414001551e-01 6.228347722287086441e-01
5.892887983608500191e-01 5.663914210962011087e-01 5.902795632098321033e-01
5.763294846063968802e-01 5.037288492955555030e-01 5.122889975719456812e-01
5.083628805595301614e-01 5.369146730661454869e-01 5.071479613275081677e-01
6.940868098320259749e-01 7.365347275409057648e-01 6.657818065648325456e-01
7.063471218399309803e-01 6.995734231897022815e-01 7.177722001346731329e-01
8.384388064276315777e-01 8.214799981836395926e-01 7.890061029458239616e-01
4.981117810347998054e-01 4.826474157665111009e-01 4.750034802283490953e-01
7.106930555554632489e-01 7.437894171389144438e-01 7.604721535107022978e-01
6.851837715565520792e-01 6.494223981215260233e-01 6.559014489068711873e-01
5.857851757925631730e-01 5.658132771114695592e-01 5.098985709255906551e-01
6.570344263210937674e-01 6.400708341074956564e-01 6.518112120966632617e-01
5.557807352275605517e-01 5.487418688196187277e-01 5.580530088300409419e-01
6.451093641539473733e-01 6.263510171343464883e-01 5.973792232906540711e-01
6.547725583865081633e-01 6.622835666504772734e-01 7.147309529691352470e-01
6.929205190325080643e-01 6.273980569198829293e-01 6.224234045017470462e-01
5.586670029958654693e-01 6.074755083583180948e-01 5.390016938458239704e-01
7.252754566667529712e-01 7.283122567836837202e-01 6.850734549600495660e-01
7.169144609699474868e-01 6.943670384827655973e-01 6.762719094632277939e-01
3.691951241893408620e-01 3.991169528972484115e-01 4.336230035588888310e-01
3.797063013287308442e-01 3.914556452786729368e-01 4.428310152170057412e-01
7.845674092121210919e-01 7.918088055102907585e-01 7.533337403392761367e-01
4.562602527242952122e-01 4.759556691635034587e-01 4.866189721017241121e-01
4.542308484302925442e-01 5.387892153273386997e-01 5.083167299821190754e-01
4.321210309618166434e-01 4.533936276181989022e-01 4.016096576220360426e-01
5.095006797866997728e-01 5.523390360440123548e-01 5.260787035764264985e-01
6.273905405498204635e-01 5.696912144982130277e-01 5.648374189219652619e-01
7.825542031371635066e-01 7.955507583128498261e-01 7.763589827602016546e-01
6.229342403063142797e-01 6.550630930456852186e-01 5.789539364935358812e-01
6.188782154141567737e-01 6.222269003396714293e-01 5.969092216020096542e-01
4.516327164154356200e-01 5.120567093452047525e-01 4.658516927130153529e-01
3.936215262692125960e-01 4.405456755044097061e-01 4.305895670552200016e-01
6.268830746231628392e-01 6.225649961185740766e-01 6.002724345480339174e-01
5.227789400226583449e-01 5.222853305134110835e-01 5.821598493292083898e-01
6.892611259390946099e-01 6.473571957956613110e-01 6.960432136691664384e-01
5.735376582526812150e-01 6.594939284909946409e-01 6.421800643913335715e-01
5.401424833117086655e-01 5.953905005787368809e-01 5.774254911208461793e-01
6.948165525096832162e-01 6.695995612795573315e-01 7.067406254984838210e-01
4.199818394176178527e-01 4.162972113529507801e-01 4.117309975607981731e-01
5.734790613921531000e-01 5.892753618557986517e-01 6.005355153047058359e-01
