6.196654715071259201e-01 6.320327381066548345e-01 6.677432246601634480e-01
7.984842474899312981e-01 7.313362257106109654e-01 7.743802803494215237e-01
5.027074836117650936e-01 4.993185005979512425e-01 5.534238844483758690e-01
5.546329348117212676e-01 5.710815201133403463e-01 6.699767631369746290e-01
9.441551921412918436e-01 9.920316582514089321e-01 9.506359703921258841e-01
3.988899155406068764e-01 4.846719132467026681e-01 5.051168969762652727e-01
8.051603083525137317e-01 8.454739393196730735e-01 8.602351038271601746e-01
5.714861974325273763e-01 5.407177950723766058e-01 6.136647616715745768e-01
6.267121771959452969e-01 6.877251584103517557e-01 6.520645798964556095e-01
7.702407979476629807e-01 7.611156050687108987e-01 7.272479167848554527e-01
4.858165994927522990e-01 4.236924266355655555e-01 4.149718873268133934e-01
6.283788966041543578e-01 5.948752557109461270e-01 5.959351055210072579e-01
6.453919029675110330e-01 6.562338247979422334e-01 6.700771329865610193e-01
8.052792435830792295e-01 7.962753862508326064e-01 8.040950307825327492e-01
7.411466468721390477e-01 8.253923586982293559e-01 7.400976936797851735e-01
5.317321365668439270e-01 4.880101741294441964e-01 5.168595537376972082e-01
6.824429803109216541e-01 6.488270611623261352e-01 6.731765686502195756e-01
4.144456808516516766e-01 4.517677291210130952e-01 4.420556626370180098e-01
4.856489071878069552e-01 4.780236366089032907e-01 4.721166737571864114e-01
6.148765761840421229e-01 6.513370888084193400e-01 6.049535642874688257e-01
5.925106746561157323e-01 6.678249793010031521e-01 6.804110718875144848e-01
7.118536409529729880e-01 7.566433394362093168e-01 8.066128445766507227e-01
5.514633062388181184e-01 5.598460275288063004e-01 5.880614905622038036e-01
6.376591321957851832e-01 6.681751915913816120e-01 6.960902007139335712e-01
4.551369737425566275e-01 4.575917381096574754e-01 4.248872899271655124e-01
7.036848100297714570e-01 6.825202182630784042e-01 7.432447923294311920e-01
4.979579168857908855e-01 5.051238379409060952e-01 4.796682478771330249e-01
8.454374687403988231e-01 7.854264789380415168e-01 7.897848711378613329e-01
5.750792970965349360e-01 5.991605382182387807e-01 6.265995809615571011e-01
7.188804045974457324e-01 7.132306684037537092e-01 6.829375050529710167e-01
6.134898440637742700e-01 5.758856239765663965e-01 5.761741806932046961e-01
6.466970963692681984e-01 6.446160396013437266e-01 6.540863670149278386e-01
6.136046248280438986e-01 6.155341427746171545e-01 6.156677094523849147e-01
5.727471366853005286e-01 6.264714501855476181e-01 6.284389534384023923e-01
6.520797777362600245e-01 5.728306901530607620e-01 5.910806711340799158e-01
5.229886256480860141e-01 4.502466895992210949e-01 4.644347307296289862e-01
6.099508189862322682e-01 5.288968577314208108e-01 5.528529531886995363e-01
4.457621800331832973e-01 4.506646538141509395e-01 4.437766864275935474e-01
5.301794838385242015e-01 5.163212872846600909e-01 5.725010321928634127e-01
6.282585401371625355e-01 6.208622909323160410e-01 6.391022009546694083e-01
7.171129285969976008e-01 7.061475835173778304e-01 6.157766049418744725e-01
4.101221491686242726e-01 3.227063565614612939e-01 3.545666616448661657e-01
6.242643492308476150e-01 6.282721905451668087e-01 6.077160072823528658e-01
4.098598977787188957e-01 4.212053740945755909e-01 3.855961192718523889e-01
6.806138554575985600e-01 6.463079642256344126e-01 6.206327362915301515e-01
7.477044826780616660e-01 7.135943714060735132e-01 6.371020078915915485e-01
7.444741265207168723e-01 6.915632751409208634e-01 7.001887307603047450e-01
5.336749601884301919e-01 6.200008145814407401e-01 5.434307567248231052e-01
4.722983461892606982e-01 4.150214161120689971e-01 5.439429690982828802e-01
6.200104644697453926e-01 5.794094420277750013e-01 6.102527256897770647e-01
7.247506055508489142e-01 7.850946227811743672e-01 7.532551572855810118e-01
4.550694750282350820e-01 4.611290843541711593e-01 4.193189797106862682e-01
5.926618967925437742e-01 7.025399909128801079e-01 7.231476703158905561e-01
5.012647593104933019e-01 4.334680731493313899e-01 4.862402941971679105e-01
6.761704850976626435e-01 6.198219272477739628e-01 6.613271775898116323e-01
8.340950271424959483e-01 7.536292714065713216e-01 7.335744798960065483e-01
6.515166431618343301e-01 6.373507417885226900e-01 6.370558045834256999e-01
6.469435591906409488e-01 6.088729612823404747e-01 6.773461085804851622e-01
4.946309202952064443e-01 4.726547703822889801e-01 4.916678119122034896e-01
4.621591944694059539e-01 5.363400088026027968e-01 5.247245482542879369e-01
7.635731954755775597e-01 6.816824875187106336e-01 7.403588212658311907e-01
6.789465034122451614e-01 7.834298290176562318e-01 7.283674146017168338e-01
5.277903032536852557e-01 5.512757426123719995e-01 5.217283947475233052e-01
5.032409271439712839e-01 4.463230415944383078e-01 4.867125462976062966e-01
5.773115922881461026e-01 5.319315337691938872e-01 5.431469610929903213e-01
8.427379832367190016e-01 8.305225631440913414e-01 7.826335795514000049e-01
5.908651663936984599e-01 5.827845343574586945e-01 6.943748414576698114e-01
7.085272897786722979e-01 6.933682963453428050e-01 7.088703519842284306e-01
7.463152104222858796e-01 6.592654109746788338e-01 7.204547238036624890e-01
6.699813310487978679e-01 5.618646957822835963e-01 6.142084963612483017e-01
5.648622316969513779e-01 6.549303681893304807e-01 6.488715789502852438e-01
5.064475546512841042e-01 4.742851646511063168e-01 4.301687254137771532e-01
4.600491570145310294e-01 4.223554457073328550e-01 5.099045713016570058e-01
5.733957221270424842e-01 5.743367377619431613e-01 5.231275375908246428e-01
7.282240014636651715e-01 6.641080931403837706e-01 6.990851088850252859e-01
6.286920453436284362e-01 6.203784309461746194e-01 6.306610354712538502e-01
6.668423388666260276e-01 5.810615624504884558e-01 6.673362517087952916e-01
6.986846176027800004e-01 7.187765715439108360e-01 6.492557739589988053e-01
5.661862896910693221e-01 6.467200804115077473e-01 5.898918855390188343e-01
7.069066206218728166e-01 6.902141748267479615e-01 6.798051228676369462e-01
5.789343214716785591e-01 5.361729567414742492e-01 5.803193047935650828e-01
5.653815604987060262e-01 5.815557626321405937e-01 5.179214378879244407e-01
5.402467135182634772e-01 5.775610947900264858e-01 5.592634463003745005e-01
4.523867472275105439e-01 4.289942008975728416e-01 3.886134159951643019e-01
7.179681719543152818e-01 7.599763502699229401e-01 6.699090223412026424e-01
5.159855910673182278e-01 4.986399013676915959e-01 4.728619542450130386e-01
6.906635848616903273e-01 6.271643614746077455e-01 6.372297526856807171e-01
7.657815060280722674e-01 8.445953773083033633e-01 7.373697295567672727e-01
5.814908018065928497e-01 5.868361892230113952e-01 6.135673505075940337e-01
7.137015804145926401e-01 7.167100694527697158e-01 7.099746962477769818e-01
5.731431262970295704e-01 6.369318953163671804e-01 5.927290506903584166e-01
8.615571936137439435e-01 8.086688870979489296e-01 8.749044760841238055e-01
6.369678616335685550e-01 6.712366956621030889e-01 6.684223885133818710e-01
5.374810915842478387e-01 5.342411412246055313e-01 5.063209447995445922e-01
4.442132385274966122e-01 4.145211448079060279e-01 4.448168890553259591e-01
7.326706944621511619e-01 7.196622577053533032e-01 6.590251261163478924e-01
4.878678549440511603e-01 4.583169270527799322e-01 4.528305338057562746e-01
6.321475258103292916e-01 6.398187330590829891e-01 5.984771416875570571e-01
7.281445790850391564e-01 7.532651432188096630e-01 7.178479804848260093e-01
7.408116270604310216e-01 7.396165916665665696e-01 8.066396067565931860e-01
6.692908021535720620e-01 6.913101004080274281e-01 6.596228187347799032e-01
6.211244307239675022e-01 6.507317342221842216e-01 6.970306533545832517e-01
7.876290574670221645e-01 8.482378442984200850e-01 9.024061047349675180e-01
7.489891639958767833e-01 6.864415352489939837e-01 7.058590036628008546e-01
7.338227469952059989e-01 7.084841825680354699e-01 7.598392746203259662e-01
6.393016959768876850e-01 6.904208483935901919e-01 6.353550487679268111e-01
4.917716757328630117e-01 4.746638758602016450e-01 4.731443507537420601e-01
5.678427549867984814e-01 6.287243503064564587e-01 5.602338051128559204e-01
6.657820201006928729e-01 6.782332618944091340e-01 6.909510593036716219e-01
4.997071740436772047e-01 4.795430101676357304e-01 4.496679641342735678e-01
5.914478097280950752e-01 6.021999947773654105e-01 5.989929116609669091e-01
6.799114212454939743e-01 7.467157240320830836e-01 7.107230425823710673e-01
6.632228584352771739e-01 6.985008634013378792e-01 6.679153659135960153e-01
6.323021922244891346e-01 7.038554651251699434e-01 6.410744159775679796e-01
7.523011830005017497e-01 7.416134903405605661e-01 7.234102460039598670e-01
6.950439845243436832e-01 7.622713157595537581e-01 7.455885220564720806e-01
5.719679115471877351e-01 5.146672297018375364e-01 5.411066538610768140e-01
6.837650118446190195e-01 7.074928097055958043e-01 7.538109943223190168e-01
6.260482086852393602e-01 5.491645385310832683e-01 5.954113441473523061e-01
4.217779854206900603e-01 5.013491580133266901e-01 5.000709741921837148e-01
5.537640739045357474e-01 5.556308535400188431e-01 5.643485838146909961e-01
5.297057655728015790e-01 4.448006581645645441e-01 4.767274095050662019e-01
6.001906016613288708e-01 5.935580442886739805e-01 5.786848522401999428e-01
6.617993457161344129e-01 7.094968560397136859e-01 6.290313998843348742e-01
5.423447504115680440e-01 6.078435732005303960e-01 5.787437900019702930e-01
8.127720634394594024e-01 8.186280495976354654e-01 8.637405357238068238e-01
6.263179043368118926e-01 6.412318369693262854e-01 6.271423170737554509e-01
4.850443793663557490e-01 5.173173536762367686e-01 5.606814051249642272e-01
7.376621038922930307e-01 7.713825508469236425e-01 7.780121525512718739e-01
6.184655185888063844e-01 6.567063204310146229e-01 6.617425326526727991e-01
5.570459175381315964e-01 6.295165417459323010e-01 5.634101752303559696e-01
6.900997909015834653e-01 7.272129179086086470e-01 7.123891442244416616e-01
4.210782286415383768e-01 4.066531951150181845e-01 4.438304693908675103e-01
5.615288160728315603e-01 6.102437512918011953e-01 5.625245613236397046e-01
5.883912528407722053e-01 5.614138303929709917e-01 5.740318688548489146e-01
7.410484978109831422e-01 6.755986175933319515e-01 7.034866684530097780e-01
8.288107282154485445e-01 7.775146698427469749e-01 8.284162430695943824e-01
7.210984715453938598e-01 7.068190523040099871e-01 7.377452727868598625e-01
5.623657496004083045e-01 5.560516898190082102e-01 6.126525887165613637e-01
5.263503503169080222e-01 5.333737467659491749e-01 6.123529684839456033e-01
6.934408306102095576e-01 7.238215784661912178e-01 7.228420577910766864e-01
7.561470162798925587e-01 7.562601545397331648e-01 7.555649983029599781e-01
4.281674669769555686e-01 4.755855890229083172e-01 4.426977977958403976e-01
6.791562500487873244e-01 7.479447858098847712e-01 7.474729835018469881e-01
5.414629463904044870e-01 5.193896134583265711e-01 5.446560921181602399e-01
7.294120371862236052e-01 7.820701669004219703e-01 7.300886917422079181e-01
7.440924455952458993e-01 6.846124771941625164e-01 7.176965479128611936e-01
4.185962430958205527e-01 4.311153641662574532e-01 4.556624313936332715e-01
4.990252141551893561e-01 5.197259368278320801e-01 5.845748516834796682e-01
5.717346499069961840e-01 6.273842057379783732e-01 5.808976670376685414e-01
6.654897449885073257e-01 6.499257730243135356e-01 6.814309721085948235e-01
5.138093436212337606e-01 6.118747324672489940e-01 5.254538545955920181e-01
4.534707273075178624e-01 5.159820574836191387e-01 4.398916338596625120e-01
4.082780055966121480e-01 4.014760714420838039e-01 4.625473777185976632e-01
5.884052897770729595e-01 5.715210202666624051e-01 6.049377759958406431e-01
7.775616457627301248e-01 7.988800662950927833e-01 7.825974306046480367e-01
4.615488134904433548e-01 4.910967864780790837e-01 4.284278424244056249e-01
5.979511191506866608e-01 5.678793049260997261e-01 5.923879039504724719e-01
5.833927326803305391e-01 5.669830121341025153e-01 5.325005584492452648e-01
5.346796615160294142e-01 6.047125638582868667e-01 6.280417257941562914e-01
7.604564226875647481e-01 7.822071847023155389e-01 7.716557681166172911e-01
6.597743793552686142e-01 7.046824862020266700e-01 7.042932411876161591e-01
5.395081984363959693e-01 5.601431438601583990e-01 5.554834373052922603e-01
4.654306570168765811e-01 4.845829558396649861e-01 5.081665515258416699e-01
6.690625914579172440e-01 7.001027012806878558e-01 6.772849716560376265e-01
7.164542878766295697e-01 6.257019985997724909e-01 6.905926069270215129e-01
7.524309228141201622e-01 8.059091969698773950e-01 7.243056907622561491e-01
5.883527934616503696e-01 6.257719561214661885e-01 6.705257212213141527e-01
5.522213853409444484e-01 5.655471645063463448e-01 6.347059756456541191e-01
5.580409452675925142e-01 5.779482472683242777e-01 6.163931164096078108e-01
5.627269590295854718e-01 5.484571732233168850e-01 5.457016587834376820e-01
5.411815332644506205e-01 5.055268388066904706e-01 5.388445914466971631e-01
5.661234694679403434e-01 5.945692270442242133e-01 6.325148475787668589e-01
5.560985198995290757e-01 5.021307691615629620e-01 5.333295442942814768e-01
5.563594016646253859e-01 5.678896296120332643e-01 5.629088638525315824e-01
4.547447125220375197e-01 4.684774923472104780e-01 4.452223770949085835e-01
5.384903183101165114e-01 4.982006337637578386e-01 5.118795141175387364e-01
6.216022905011592270e-01 5.809434890142185504e-01 5.295130809397615712e-01
5.038527247909599938e-01 4.724642648622018881e-01 5.310775294923147927e-01
6.314402925066877614e-01 6.286573528269951971e-01 6.002794855379689487e-01
5.271771540181929838e-01 6.524138352335454583e-01 5.418766233316746339e-01
4.846713617312181088e-01 5.578430386175554645e-01 5.264011499263983040e-01
6.035333731953820280e-01 7.286125233307363391e-01 6.214399265414189966e-01
6.964474542872489682e-01 5.966221235575723814e-01 7.531041460933978193e-01
4.692126114097787126e-01 5.262967092454946538e-01 4.840605403044390131e-01
8.922085070955790842e-01 8.877594625827008867e-01 8.354736483494159538e-01
2.852704078209785110e-01 3.437695579527556555e-01 3.193786407112684800e-01
4.850212456568444575e-01 4.409634061885447376e-01 4.421996231361742247e-01
4.763950841314002482e-01 5.266035219569161763e-01 4.985477853271997328e-01
6.636225590769527782e-01 6.376442073983257242e-01 6.697213187695290060e-01
8.355330685092239307e-01 7.804644010640086060e-01 7.868191336361525234e-01
6.593217292266252416e-01 6.886953041809643628e-01 6.309407002306883783e-01
5.190234083734232007e-01 5.358318763550123931e-01 5.729538319592833995e-01
4.084735032455635295e-01 4.402672227887179934e-01 4.194162018179922735e-01
3.537348012715722523e-01 3.318419432688336501e-01 4.074248522358464575e-01
4.311517484116829113e-01 4.662858760976170136e-01 4.458486106583246511e-01
5.555593948317478770e-01 5.739728661961098766e-01 5.876875131498521254e-01
4.654569254030183623e-01 5.157600957388935869e-01 4.863069402076216630e-01
9.834771748262667312e-01 9.417138640966936647e-01 9.161454845549505954e-01
8.112751448823600775e-01 7.644089434331643451e-01 7.345595661082385819e-01
6.532426364066441504e-01 6.952606919763343329e-01 6.268812245457840993e-01
6.328731912053335851e-01 6.444603263665367177e-01 5.835688950942746756e-01
5.379578165844088877e-01 5.262410499562181210e-01 5.839136673829218305e-01
4.254074669903210593e-01 4.317010480509118620e-01 4.703498474173038457e-01
7.481988980790220678e-01 8.092373062789441907e-01 7.146341445273607373e-01
4.526335118285710335e-01 5.593468232847289556e-01 4.247575953122211811e-01
5.596733936122709752e-01 6.149280563173172842e-01 5.841406736033093461e-01
6.381741611341985587e-01 6.528220611005771667e-01 6.567401435488189332e-01
5.270215272657816641e-01 5.584214253349468748e-01 5.447246022566314405e-01
6.641888385080790824e-01 6.232257137683202552e-01 6.243239863803048406e-01
7.852933638287525886e-01 7.533428523294785073e-01 7.707378756815528309e-01
6.154754260895186624e-01 5.794620991617099870e-01 6.389171865093279390e-01
5.068468805453044679e-01 4.579519640172746708e-01 4.712933975095324191e-01
7.000702154657830745e-01 6.715955693498012469e-01 6.980178577051820987e-01
6.505743830397808791e-01 6.557743344220386961e-01 6.828666020115630175e-01
6.931149750713739843e-01 6.344343811462681559e-01 6.914088594802341170e-01
7.972523777453561777e-01 7.663981808640500937e-01 8.266994726270304739e-01
5.216726358966219390e-01 4.832196301272986827e-01 5.172728182650402351e-01
6.141074350279677185e-01 6.833902537493121709e-01 6.361844251564502395e-01
6.789714726894917618e-01 7.450515087477265208e-01 7.073026450984329916e-01
5.334163517565586599e-01 5.415931291048279306e-01 5.636931775606919270e-01
4.668258639920541131e-01 4.253945560302480611e-01 5.052538701305516744e-01
6.371225670652270745e-01 7.116330470867072711e-01 6.958071884845284938e-01
5.310457786431391769e-01 6.574329307252395616e-01 6.505402703480128723e-01
5.936821292107496983e-01 5.688556559345039343e-01 5.890691173296065397e-01
8.530057932059124104e-01 7.769208236679022717e-01 8.237574201035741117e-01
7.082694303599621488e-01 6.622182659012035844e-01 6.950337957771453024e-01
5.248063825094635426e-01 6.336882813414772553e-01 6.297980258538216081e-01
6.467707694477804470e-01 5.466762745867141948e-01 5.977860187489513200e-01
5.449360079905342102e-01 5.504655441075240185e-01 5.452794094785532453e-01
6.992112246599582193e-01 6.844437296665271120e-01 6.658107821226374456e-01
6.634084654553320526e-01 6.238175914846260106e-01 5.627458632076181022e-01
6.028449155088975164e-01 5.902141168621396483e-01 5.796354574327795550e-01
4.376095995013086770e-01 3.996845996018956182e-01 4.331512699828343194e-01
6.184425248351071991e-01 6.413787606624808957e-01 5.891302770489847962e-01
7.570241477387550377e-01 6.849681928555159116e-01 7.960989055392737601e-01
5.727825946950414471e-01 5.352584831862553516e-01 5.916354562084237267e-01
6.217788523977729742e-01 6.033506245431514703e-01 6.128512222440142265e-01
5.229788313818505285e-01 4.742635908390942512e-01 5.097052525094244446e-01
5.447583148889787452e-01 4.636035211008326384e-01 5.129829302133771529e-01
3.991877320458946388e-01 4.974179335240751509e-01 4.965832890397701149e-01
8.334175754765240640e-01 8.733842535325453404e-01 8.693608416605941303e-01
7.077502464669286342e-01 6.905166838508118854e-01 7.457921683707117166e-01
6.955394582184203367e-01 6.575277108643440283e-01 7.089819827017803666e-01
4.595642097522958935e-01 4.345192963072374570e-01 4.074435997252424113e-01
5.397105453161448185e-01 5.706694873751081420e-01 5.466835111539053438e-01
5.810158875350773799e-01 5.975174972025745213e-01 6.010671245964956944e-01
5.419603860568219522e-01 5.420568677467189067e-01 5.543580343244423059e-01
4.611831126413082349e-01 4.808759092011917757e-01 4.785786529283043711e-01
5.754107585575726214e-01 6.070944286303330273e-01 5.750264381569486494e-01
5.843090158069410567e-01 4.978296495225899010e-01 5.572694134837273827e-01
7.093403753652925969e-01 6.340846039762455533e-01 6.737793995277935322e-01
5.792933183106513395e-01 5.921175487073488952e-01 5.080793870002350276e-01
4.607793014724329561e-01 5.276441922406113205e-01 4.417198076762337555e-01
7.275136049964108231e-01 7.101472897864347100e-01 6.925208546987523528e-01
7.916340175071132634e-01 7.761069082121982987e-01 7.772837023662897415e-01
6.813734842821961291e-01 7.161430602639425880e-01 6.998383361770721400e-01
6.021770202926516324e-01 6.119399174242117212e-01 5.815635461401298389e-01
6.787813528433647159e-01 6.625547212244110584e-01 7.042938519970872724e-01
4.738773559632338261e-01 4.598487272134172410e-01 5.479759269427477708e-01
8.171588925097927891e-01 8.006046026224247214e-01 6.991000906165497630e-01
5.533662003623823766e-01 5.633259110847826934e-01 5.107103982329563863e-01
2.945652166032505237e-01 3.350572499264339310e-01 2.960911794946126108e-01
5.710401008866720085e-01 5.904672303987462678e-01 5.013896403774362742e-01
4.155132990296001028e-01 4.765731421429403314e-01 4.488838308814305789e-01
4.835836338594358685e-01 4.966218915090525599e-01 4.480178228377756922e-01
6.141014936424004089e-01 6.385917659752174957e-01 6.218242093577167617e-01
8.119858015555586617e-01 8.498768361293959073e-01 8.079488484352895794e-01
6.688440137730151669e-01 7.337772895450607180e-01 6.941487660895285794e-01
4.840167550559514309e-01 5.579197070713179940e-01 5.107402702416424800e-01
5.261223800984290433e-01 5.694279035261686772e-01 5.587070994415576086e-01
6.261673526450083349e-01 5.600922886903013653e-01 5.764685531025129928e-01
7.060863405094778278e-01 7.854528920282375370e-01 7.556541831437872947e-01
5.456763656640084559e-01 5.384107209040663866e-01 5.503377455861011569e-01
4.266389042635521101e-01 4.847692581660023037e-01 4.338996759822110749e-01
5.193438835813666277e-01 5.909690105625994283e-01 5.621126975803761860e-01
7.392998794779536142e-01 6.510139156595570187e-01 7.602574581389325292e-01
4.235334184876427543e-01 4.359236045571798224e-01 4.409060837213187312e-01
5.239186163145816977e-01 5.537099991617137063e-01 5.537829138865583145e-01
5.535331633440204735e-01 4.844792720081943505e-01 5.714164915778029430e-01
4.565563643425242790e-01 4.442916675600929177e-01 4.504911731968823108e-01
5.753473281128809180e-01 5.225801918670111013e-01 5.739479937408941135e-01
4.698802695735613821e-01 6.142278935311978882e-01 5.560796437978527962e-01
6.674797101703698887e-01 6.113198199800915500e-01 6.347564992491659952e-01
4.187368233323718325e-01 4.549328678295424533e-01 4.220326609369957627e-01
4.828698029799232128e-01 4.445130900247890593e-01 3.899052300825147088e-01
7.354977750817132121e-01 7.107421146563444037e-01 7.625108896974863715e-01
3.754662007174947025e-01 4.263018088037773823e-01 4.271560527578541211e-01
6.296082598581995704e-01 6.246255681462844489e-01 6.356621550737882043e-01
6.648883125830757912e-01 7.203263153358208104e-01 7.604101388768652603e-01
7.762601374700650592e-01 8.027846066707262640e-01 7.940966561602004203e-01
5.200985941424586256e-01 5.408690154328993360e-01 5.165040629351194124e-01
8.747180950329063176e-01 8.025607534944171340e-01 8.062660609502835252e-01
6.045275824253780739e-01 5.904466615157438758e-01 5.740966039743348182e-01
6.196108075350159616e-01 6.890632113640020595e-01 6.299742246665110956e-01
4.031035952029834446e-01 4.990751985670506818e-01 3.920096769874679699e-01
6.745443493319760453e-01 6.903562828376018645e-01 7.093892986000228662e-01
5.450778811314732630e-01 5.996062212923751744e-01 5.268205966217986980e-01
6.879582169870825936e-01 6.813968225592151873e-01 6.509870850531324082e-01
5.890121767976600475e-01 6.267379052183612576e-01 6.191390312030502496e-01
6.298878330975669071e-01 6.598042098050383997e-01 6.101157849901955865e-01
7.157435234259105217e-01 7.024476053268022824e-01 6.751454157122378508e-01
6.868317591623056551e-01 6.474789577661840267e-01 6.637003633730564900e-01
5.916807574443091466e-01 5.743118437362090267e-01 6.733278291473860921e-01
6.146767601986995455e-01 6.332411814084625279e-01 5.923431517253532341e-01
4.426669585682361241e-01 5.473658541744843564e-01 4.985182909194597056e-01
4.993551040115081774e-01 4.651650564472736282e-01 4.483961939457138945e-01
4.463915212484541595e-01 4.530161848664170376e-01 4.480136540901847320e-01
5.329875003793101973e-01 5.378012828212230811e-01 5.474476292490197959e-01
4.571939158315084795e-01 5.076337073461270055e-01 4.792377795364044513e-01
5.379882727886969862e-01 5.536859340021689224e-01 6.320307545805512461e-01
3.340433826763542502e-01 3.768306790091556779e-01 3.334137966651421481e-01
5.285803136681818115e-01 5.497196419475013363e-01 5.048660152727941774e-01
7.030043772936961366e-01 6.306199059851110844e-01 6.438310069567694249e-01
5.512454569257403403e-01 5.930712669538269477e-01 5.753030955388562795e-01
6.347964074306894355e-01 6.860190220371684688e-01 6.565283623624236231e-01
4.781446072150249416e-01 4.512074799924006285e-01 4.785771426435069253e-01
5.662612416344096067e-01 5.693640862743090114e-01 5.516614684904626031e-01
6.782110236116892787e-01 7.305716251230924829e-01 7.052473677888597692e-01
4.626331823677513055e-01 5.218857017698501632e-01 4.580229594827276429e-01
4.993360372014506443e-01 6.348543749959260074e-01 5.438105547319733724e-01
6.153776022982950789e-01 6.096361549240889577e-01 6.089323672496694817e-01
7.009659622638165777e-01 6.380894867166955198e-01 6.402078097987613514e-01
5.819679229144453236e-01 6.156921238960151310e-01 5.762021884139035821e-01
8.885927809777542929e-01 8.768136291805238569e-01 9.390700450514933850e-01
7.250664814495010324e-01 7.344540425574954678e-01 6.859550055591042694e-01
1.010210188743472237e+00 9.306641281980129188e-01 1.045020095482959155e+00
6.552378083314359669e-01 5.657513764029805658e-01 6.291016380658454032e-01
7.822810366622601208e-01 7.387824170456013251e-01 7.957254645590295938e-01
5.759041326250717852e-01 5.176034590205066399e-01 4.774661374671646530e-01
6.018827156516159960e-01 6.763865364868957286e-01 6.686119513849148044e-01
6.468860623677972210e-01 6.203384862818043244e-01 6.154272504076792050e-01
6.341855902552415714e-01 5.613862470384564096e-01 5.862762957566286515e-01
4.664205753544712341e-01 5.028101541379146333e-01 5.233183681426096800e-01
6.532228787125298197e-01 6.629975656137123696e-01 6.942632068339700258e-01
8.110008867490205997e-01 8.581672041641225102e-01 7.390534157935814141e-01
5.748030170569290442e-01 5.170923631712046609e-01 5.587953269646086518e-01
6.361650957795023098e-01 6.494851229424373207e-01 6.746945318703628791e-01
7.227394721687937507e-01 7.204683092662975685e-01 7.491691038536874014e-01
6.783859898401782829e-01 6.370527870948532456e-01 7.144828013260071664e-01
6.894167485993002442e-01 6.388184449636371554e-01 6.861621483041764336e-01
7.526031700285935599e-01 7.151645628517838693e-01 6.976967885584404172e-01
6.837645076274857514e-01 6.964934449323250121e-01 7.136550508518952896e-01
5.075183565360852356e-01 4.503199682343532739e-01 5.093980394457771066e-01
8.307007384396675187e-01 8.371584071841210450e-01 7.815167123302978469e-01
5.343435545339827453e-01 5.782532378633781223e-01 5.297369633179287440e-01
4.180909199817880451e-01 4.529764631770594185e-01 4.889378280528867138e-01
4.300966986626552635e-01 4.969793339208321004e-01 4.950207476829797115e-01
4.522675310985635466e-01 4.845388255632167018e-01 4.390433256810399865e-01
5.758577951040029230e-01 5.146503530435632134e-01 5.993715780989206099e-01
4.563477166437306942e-01 5.369592591538926429e-01 5.569846527175630335e-01
6.678017362151130731e-01 7.876869526930855292e-01 7.164088512015135413e-01
5.366397440785558581e-01 5.346948866403873346e-01 5.893056277097322715e-01
5.683077288064026789e-01 6.335767417160699244e-01 5.693950705421366720e-01
4.253475496623021490e-01 4.677060660797791036e-01 3.957068101977123109e-01
5.989096651042066233e-01 6.199431296717079487e-01 6.356717991047518002e-01
5.990746446836393568e-01 5.772479247448724093e-01 6.328106712013599200e-01
6.275305482069065688e-01 6.505698383655317274e-01 6.187088632031260138e-01
6.238154193875579123e-01 6.071248374038564766e-01 6.074969688007783031e-01
5.763823963085676905e-01 6.058281848692306237e-01 6.080877029982294513e-01
5.094206739140548779e-01 5.181334109039043012e-01 4.643151310411022803e-01
7.143590084930492301e-01 6.772012943903149562e-01 7.292862094647429849e-01
5.239712184182959698e-01 5.358233799185914137e-01 4.927433905113517421e-01
7.510746310378503265e-01 8.298154599101060791e-01 8.055010518041948453e-01
5.028496533474099417e-01 5.575502879195479711e-01 5.849832126231673257e-01
5.591026628100055351e-01 4.872288508220077863e-01 4.726963886495378353e-01
8.377730894781938442e-01 7.417532606314419796e-01 7.475518708276808200e-01
4.489975761117305231e-01 3.993986016626990820e-01 4.188456422071931695e-01
6.915212803180557088e-01 7.427053035154514982e-01 7.100061191593176613e-01
6.940786989286080733e-01 7.041665755232788815e-01 7.052967687167360777e-01
7.373217148625140771e-01 7.108558582106180301e-01 7.390471227016910394e-01
7.263933961507097470e-01 6.955396806790785647e-01 6.930691868561082991e-01
5.661928867317578273e-01 5.804383220355960882e-01 5.254893910968617687e-01
7.591551966500516002e-01 7.188517637698826901e-01 6.799966435552021737e-01
6.201766800399430846e-01 5.776169073703447676e-01 6.220115141359208177e-01
5.501392693908413456e-01 5.454536870534580917e-01 5.251970484399137717e-01
6.894539910590056220e-01 6.643957692220204825e-01 7.051429727162109584e-01
5.378791760711902903e-01 5.633716051484646270e-01 5.527081330064487208e-01
7.985981013075438284e-01 7.810878687892709449e-01 7.624945763383306208e-01
5.796780640098664339e-01 5.272216222557301046e-01 4.899666087851018426e-01
3.849508511756794538e-01 4.694081998020125934e-01 3.350158005281281270e-01
5.685423966261000661e-01 6.133756444992249923e-01 5.422489722758521147e-01
4.595235375526267596e-01 4.496536578483116831e-01 4.463258304546287580e-01
6.173838939487746869e-01 6.387810700609846126e-01 5.944576671749349783e-01
5.721192462674893342e-01 5.622755831216526001e-01 5.788510440083083353e-01
4.920314497662905961e-01 4.522736443972129039e-01 4.369758823217372301e-01
7.424264597151780665e-01 6.863871161672868704e-01 6.608136479860166057e-01
7.442835901572043555e-01 6.777632660072360204e-01 6.096120904802100338e-01
6.493011813134904608e-01 7.472820290629167417e-01 7.433527149278021939e-01
5.704242628767247636e-01 5.931838473887740548e-01 5.216865234818978125e-01
6.409994867774821969e-01 5.425794610952729968e-01 6.115271462736883157e-01
5.397542327255496764e-01 5.581989469303603180e-01 5.204915259321515331e-01
3.843839217695493304e-01 4.681030265572665994e-01 4.501207090249948473e-01
2.900522773451990055e-01 3.418676515516377301e-01 3.813675090524519806e-01
6.978596527141864847e-01 6.952373933539599538e-01 7.329073678859341356e-01
5.146561016645675446e-01 5.106772051952830349e-01 5.350228589111185595e-01
4.543656329634749858e-01 4.657716818245423718e-01 4.572855446219287190e-01
8.208991583858991081e-01 8.322596692065866719e-01 8.167509585710159836e-01
5.183333931042791720e-01 4.923108183607569632e-01 4.632621403680583505e-01
6.135839610187404647e-01 5.960430505422492642e-01 5.349965889983802070e-01
4.337485035910493836e-01 4.121998643877695656e-01 3.923610863608785748e-01
4.693041014629190100e-01 4.338636261189184329e-01 4.570948943689132626e-01
5.614425031497433105e-01 5.970775881647389927e-01 5.716975881525556691e-01
4.989039710016006102e-01 4.433600345259809394e-01 5.072175709041204517e-01
4.320645593117664052e-01 4.508992222615080814e-01 4.424588118767721623e-01
6.310894460150483498e-01 6.412628166468277158e-01 6.571300016142297418e-01
6.571193183864441067e-01 6.632065932088100357e-01 6.571006893233005686e-01
7.467688639575125187e-01 7.845048910617248294e-01 7.824595142995909303e-01
5.075711919779801740e-01 5.079016873250431496e-01 4.773920706642598710e-01
2.756476533917237570e-01 2.738106845363146302e-01 2.024168364730606351e-01
5.766230583257354603e-01 5.817156571548556254e-01 5.629239394751618386e-01
6.550972418054648028e-01 6.387455632191350041e-01 6.197764355316147666e-01
7.066211305062863879e-01 7.213237833062842164e-01 7.209993867336541573e-01
6.913230946199825366e-01 6.418819716309231982e-01 6.636239819803334550e-01
4.748995537429080427e-01 5.238621832228037567e-01 4.754232524323221409e-01
4.885801233750115546e-01 5.478526014272676603e-01 4.455587664539896742e-01
6.509027154149529260e-01 6.448831304321890334e-01 6.592343636853753575e-01
6.207810656748848910e-01 6.522886681507800155e-01 6.785812163952802401e-01
6.614814145548250091e-01 6.625172969316148741e-01 6.601955304359081733e-01
7.825229267375054532e-01 8.077246425502588867e-01 8.263557211624061871e-01
6.318973587302452177e-01 6.283439017861491838e-01 6.765499082965292788e-01
6.828449550031567838e-01 6.187488875221954787e-01 6.092809343240510600e-01
3.030575676749111547e-01 3.423081604391124411e-01 3.805080507674860057e-01
8.183262069014863860e-01 9.212318379648555267e-01 8.911596635726203308e-01
3.838705655147670037e-01 3.836539354292506920e-01 3.882911289668101174e-01
7.324892260084013840e-01 7.758076228230486038e-01 7.811932939414973909e-01
6.184763549856552300e-01 5.990621358584899969e-01 6.275433549870754746e-01
5.952142945692281417e-01 5.826050313591276675e-01 5.940471258815910316e-01
5.585691545266654456e-01 6.088942766605184298e-01 5.888399456773285578e-01
4.367983918711422220e-01 4.498369496100190212e-01 4.420373693587963948e-01
7.909682450966273315e-01 7.729549550860304041e-01 7.695216729432418079e-01
6.575264929470304720e-01 6.277139500286725848e-01 6.591470777172995232e-01
7.162852743611751727e-01 7.002642638556823007e-01 7.211132179993983149e-01
6.020125055338234610e-01 5.977683898275505392e-01 6.044378104928086470e-01
3.018227257977541544e-01 2.795197045481571663e-01 3.427572630917437024e-01
6.019439326145521463e-01 6.657563257788414735e-01 5.954610960959174637e-01
7.259106599450649844e-01 7.388859500755737830e-01 7.002521593459966054e-01
5.709413387946413732e-01 4.892422877516824364e-01 6.510664392458545002e-01
5.453934008415263213e-01 5.566251706308498193e-01 5.555357308802537641e-01
5.457976671008444303e-01 5.600200338645756615e-01 6.112123946452444612e-01
5.317589816329216790e-01 5.890680558491072638e-01 6.077434227364884034e-01
6.309644047974816150e-01 5.849257639501054262e-01 6.385088836801606771e-01
6.860212867409023474e-01 6.307632217842874534e-01 6.445393450822486381e-01
5.903266842292097527e-01 5.395694364675323040e-01 6.204495069310411726e-01
6.624686405349081708e-01 7.787872261183663714e-01 6.960721610474536192e-01
5.095694475552364766e-01 4.613438058908633788e-01 5.619775022215243165e-01
7.170793018146290887e-01 6.801072967551683446e-01 6.462452193715869653e-01
4.984498748842560722e-01 4.710598329459895206e-01 5.065176031652963706e-01
7.051844037577972291e-01 6.884353317097020586e-01 7.335031954870201432e-01
5.069122992991219601e-01 4.751334140061466704e-01 4.875542592997658131e-01
5.686138800925761849e-01 6.203925258717530866e-01 6.552857279245103417e-01
6.107612823882261344e-01 6.992355286523834756e-01 6.536352515230819948e-01
6.258574737723957560e-01 6.572567233452203395e-01 7.186386426162461039e-01
3.275151372578943842e-01 3.518692886698147060e-01 4.237870603692068250e-01
5.045442850668822032e-01 5.353058403973204316e-01 4.659935504983093724e-01
4.383982438440188201e-01 4.473685308153252937e-01 4.137655963539412785e-01
4.308237979760525249e-01 4.424034077199617276e-01 3.517117259241548943e-01
4.833764149753455586e-01 4.730930606134741701e-01 5.006289518120553561e-01
4.539876163756965122e-01 5.132068073542408460e-01 5.879572130224069992e-01
4.494502736084753369e-01 4.684202749767072405e-01 5.355306185741780522e-01
3.666013867450517161e-01 4.308501229033598889e-01 3.787481103071032029e-01
6.174244859675489527e-01 6.657672705282198233e-01 6.543332739397671460e-01
4.170396970043257490e-01 4.299453021404986419e-01 4.267301740805454213e-01
6.923483142015541825e-01 6.948255194408637925e-01 6.589854130473707938e-01
5.786863664848864719e-01 6.981875031199145099e-01 6.350278961721652626e-01
4.013721881713891437e-01 3.640990665574411200e-01 4.366237659031212970e-01
6.946193698944388428e-01 6.585008032049618487e-01 7.097455975489584956e-01
6.689084748495379706e-01 7.516143619758084427e-01 7.451766529721263188e-01
3.502292479072272036e-01 3.710387300985572012e-01 4.187362230213621528e-01
5.752214035560798688e-01 5.538873191508373317e-01 5.176669811797220966e-01
6.614099973742045835e-01 5.813986873878874695e-01 6.339155927348345543e-01
6.804992112883890831e-01 6.661407135926556977e-01 5.950811671980414941e-01
7.226713735593924826e-01 6.960835478180972258e-01 6.377114907986882741e-01
4.838667208951283327e-01 4.621693183872380706e-01 4.912270218015578616e-01
5.790972196483242795e-01 4.415006930136922136e-01 5.182679649865072902e-01
7.562308412726590490e-01 7.654381110029916391e-01 8.024441250410827564e-01
6.136313116903318043e-01 5.792077362103708049e-01 5.225083112785834372e-01
4.841152805830139516e-01 5.734313755004916136e-01 5.096192036948310466e-01
6.372840840344832225e-01 6.261658326949663955e-01 5.958857145429372615e-01
8.861343401025755240e-01 8.054001907706767049e-01 8.307730400351295286e-01
5.342484287741332549e-01 5.346987980538870922e-01 5.992248308475137675e-01
4.690873184734561940e-01 5.323360881598357963e-01 5.046550648138362627e-01
3.928831425958432821e-01 4.688282931390143626e-01 4.184698100212665972e-01
5.897845472619046570e-01 5.792943534728013377e-01 5.369030172123567812e-01
6.274238860876685253e-01 6.917969972082548269e-01 6.800634027360294986e-01
6.354445586361513465e-01 5.727440641981157432e-01 6.749190011999315342e-01
7.854408323866612918e-01 7.863765663180299903e-01 7.364109584016381715e-01
3.199932210710719760e-01 3.390836746403746438e-01 3.227965931577012060e-01
5.409569742389123137e-01 5.557548289635007022e-01 4.891991866402183864e-01
5.327117203567328652e-01 5.838356490185936387e-01 6.040915796340465826e-01
5.881756899603609590e-01 6.325067222920870424e-01 6.393117800953063146e-01
7.122657902068044722e-01 7.593091007422766436e-01 7.664332510102751517e-01
6.219874381190505508e-01 6.198744627280844410e-01 6.400965309110698831e-01
4.591360800805774911e-01 4.659358307587116999e-01 4.549094692452656519e-01
6.131280110158258134e-01 5.238588518786084780e-01 5.575229271518565843e-01
5.795010028903267996e-01 5.583163856880514198e-01 6.824783933399811708e-01
6.564812388302589952e-01 6.377855225653913385e-01 5.610548764088866269e-01
7.719350589564620835e-01 6.966583599358414647e-01 7.505331733648191728e-01
4.698121403756275183e-01 4.270734238159103469e-01 4.592097603679777262e-01
7.109481265102053360e-01 5.777124713768891917e-01 5.692305449565904230e-01
5.898691352155707168e-01 5.568513879693876012e-01 5.363090129281014029e-01
6.817282151300344539e-01 6.860350718415084703e-01 6.438298376777880083e-01
5.536318949506383591e-01 5.364055763216656336e-01 5.768108002064109563e-01
4.660314404208155681e-01 4.990004934291346061e-01 4.688863836863275125e-01
6.970884837746909035e-01 7.130015451270201865e-01 7.550237910709163280e-01
6.406021160468717834e-01 6.514066827782081237e-01 6.339629767200314348e-01
5.091148038881524451e-01 5.201742151299756367e-01 4.963303661380336074e-01
4.752787054266620625e-01 5.179876032954288112e-01 5.490231643514780213e-01
5.720550424344470475e-01 6.266882197344844085e-01 5.484010783717694348e-01
6.946408146394225103e-01 6.940753602345436368e-01 7.562027428980077071e-01
6.651783149014869334e-01 7.604306271078051793e-01 7.205140110356487160e-01
7.572435977897937764e-01 7.526801226710770898e-01 7.389409232223497215e-01
6.736580311702774493e-01 6.944270937137178024e-01 7.168914720213696024e-01
5.990003347720402882e-01 5.609892649072872883e-01 4.879342177514547907e-01
6.626454200902136549e-01 5.717774024499628904e-01 6.359001741409857633e-01
5.647499569227695249e-01 6.259576925623290267e-01 6.479060651488816047e-01
7.765913369380026410e-01 7.618340999490466059e-01 8.092748255234124555e-01
6.595297584741097729e-01 6.370492021893650048e-01 6.558388523246905244e-01
6.408193450363157684e-01 6.784882319362479652e-01 7.044657242458404189e-01
6.267552095590855910e-01 6.309282295397360407e-01 6.749174434653676391e-01
5.242345222986206643e-01 5.264601559007336951e-01 6.066143203538262307e-01
5.553966880477687607e-01 4.970697939635367324e-01 5.132238927894828828e-01
6.355015558123113806e-01 6.107356656536747641e-01 6.065838164929281406e-01
6.078902885631316533e-01 5.728672203641667071e-01 5.976010697203238964e-01
5.862023966015228460e-01 5.413439078842700036e-01 5.710555658706916171e-01
4.993995041114125955e-01 4.762217205951312371e-01 4.732736403526502378e-01
5.434023259506841619e-01 6.080381198746360738e-01 5.488462467839720915e-01
5.193077340407257214e-01 5.329093597622984735e-01 4.466643833943972908e-01
4.917324507727955374e-01 4.750978728851621979e-01 5.327956071257259341e-01
7.791438963496160053e-01 7.671578567252317349e-01 7.917390734125836493e-01
5.415834307640959855e-01 5.053690687882813615e-01 5.205774743100229918e-01
6.723407720127129172e-01 6.666634415832655147e-01 7.390530810953013230e-01
4.511269053269960083e-01 4.157704976728575641e-01 5.259204410575913924e-01
4.866194646224494269e-01 4.546828237534114581e-01 4.594362057994431647e-01
6.318637768657050513e-01 5.589314837404327774e-01 5.992375274978376520e-01
6.992028820115900878e-01 6.028688239725223941e-01 6.481206832842364429e-01
5.819764678744755448e-01 5.581108263404381820e-01 6.232387393389894337e-01
7.016152403267703619e-01 7.099487346917887631e-01 6.680619559227640725e-01
5.473384758198128752e-01 4.954895667307032681e-01 5.028271096271472729e-01
6.426015507029561036e-01 5.682881699736652692e-01 6.028249039714582702e-01
6.116448491667196841e-01 6.327483239758306954e-01 6.057470910708283585e-01
6.864006178850496909e-01 6.910684463665565103e-01 6.375250697730988625e-01
6.395355107439995024e-01 6.578081865101031989e-01 6.005066733581219118e-01
7.165548639224824656e-01 6.378267398185882842e-01 7.363593024060620662e-01
7.451833792091416830e-01 7.265742497103899744e-01 7.282216403223955581e-01
7.778176822083058273e-01 7.309697850166306798e-01 7.632880807902678866e-01
3.679892027702278967e-01 4.108154801137803847e-01 4.103661555931538696e-01
6.684116427892203838e-01 7.041949892216694540e-01 6.767829022737632538e-01
3.712973628079802024e-01 3.989584116553023807e-01 4.013753954878935826e-01
5.825345812148358116e-01 5.651972177156614485e-01 5.684327656538198381e-01
5.599428581634400270e-01 5.566214649011586024e-01 5.765725644100609948e-01
7.320261482432982580e-01 7.307157464495631638e-01 6.908632858799083065e-01
6.693681334750015699e-01 6.683952877304085716e-01 7.042868858804616217e-01
6.535687008458235248e-01 6.846526420603171736e-01 6.712094942831111632e-01
6.135992735456068381e-01 5.612813234336249124e-01 6.141488154769163543e-01
7.130467143451862944e-01 6.758637099345957688e-01 6.909680010436130004e-01
5.760176596475677924e-01 5.081094928980357528e-01 4.944341966047925974e-01
6.508867003933670459e-01 6.255395096205808025e-01 5.877453046620830790e-01
6.099306465672584832e-01 6.466315600139012076e-01 6.496890734736621154e-01
7.674548556077388506e-01 7.267055162016836656e-01 6.973813426710731012e-01
4.001450753772141655e-01 4.323236606649255576e-01 3.721053889577298768e-01
4.912317923652044782e-01 5.137706978604941188e-01 4.968722347697381303e-01
4.637751381391569949e-01 3.813783048442820900e-01 4.244567570122353972e-01
4.740882342456775311e-01 4.762263735282441512e-01 4.053801900990882667e-01
6.529579013053957715e-01 6.018824283520904928e-01 6.156206363086963451e-01
6.657119547142715810e-01 6.512440958295275806e-01 6.480751248414475807e-01
7.596497554021615084e-01 6.961564291225329493e-01 7.408459815038129781e-01
6.453762267649775231e-01 6.261449796617558627e-01 6.775418351008960505e-01
5.899592944024256713e-01 6.420989921626533148e-01 6.989994615268958489e-01
5.192796242905528548e-01 5.095497414623098020e-01 5.341717473818046180e-01
6.357031258238430294e-01 6.255504172106910454e-01 6.591208475528410604e-01
7.313196992306918442e-01 6.943581152988873573e-01 7.527993679429035856e-01
4.569162471850515828e-01 4.230107707074748369e-01 4.128338509288106417e-01
6.789119199901961776e-01 5.426708388006227235e-01 5.474063105345216007e-01
4.869327222289761559e-01 5.018734204506437591e-01 5.229434318892138833e-01
7.046908177724539035e-01 6.306289102019784210e-01 6.700180085728508761e-01
7.590808632708934134e-01 7.728348268669652521e-01 7.827003689197616909e-01
5.658009543301758537e-01 6.092136351213549572e-01 5.989210462521006306e-01
4.028959038834632467e-01 3.864260987673458492e-01 4.214755146264915764e-01
4.539446857377648636e-01 4.179248719338864437e-01 3.926716157813797681e-01
3.146456129564511039e-01 3.157648049189403228e-01 3.586851362729128190e-01
6.301641651537503996e-01 6.116114129725899184e-01 5.998441344319935808e-01
5.361625335428088501e-01 6.071266512690680628e-01 5.289471858525063297e-01
6.899120204359288078e-01 6.623172863583188796e-01 6.099155899567980654e-01
7.225387571065746695e-01 7.014186949873387755e-01 7.064406395025607521e-01
5.259583656255791828e-01 5.435383789688924550e-01 5.870281683785630866e-01
7.998718673307227967e-01 7.902123233152432702e-01 8.374413257905993779e-01
6.037469316396161245e-01 6.325588716516299392e-01 5.994485694347222449e-01
6.069366544860101964e-01 5.676671865219099500e-01 5.764043571175874181e-01
8.665693080429055506e-01 8.846451731472596558e-01 9.286666682955420082e-01
7.328784565287131958e-01 6.990884850233781700e-01 7.716538488637019189e-01
5.219756392253834809e-01 4.904132243524569890e-01 5.523639876962704864e-01
4.515408138743773891e-01 4.111913733982430208e-01 4.532856008768773592e-01
6.919306061480356984e-01 5.877436071596827682e-01 6.107628270163573125e-01
4.864284917031483912e-01 4.499190970084281926e-01 5.033948256692286627e-01
9.451658387989833043e-01 9.368580423802048696e-01 9.634309516572902021e-01
5.760420339217918739e-01 4.565048640467821439e-01 5.096132119628973278e-01
5.422838785964460007e-01 6.113182284615059636e-01 5.901511060922751684e-01
6.261618517204262657e-01 6.504882187283741457e-01 6.207724232721749669e-01
5.044617424413913032e-01 5.991600882531974426e-01 5.136728983869495169e-01
4.028920866050711980e-01 4.738165136964349045e-01 5.139811622439682814e-01
8.001447181401779574e-01 7.048512642958801866e-01 7.629538555566633962e-01
7.043404149129740555e-01 7.165013501497132786e-01 7.377493987347971682e-01
4.561135689503401092e-01 4.626228137187736178e-01 3.532032116013840706e-01
4.043322795160737004e-01 4.966618047420352511e-01 4.794534699005441047e-01
6.298985457813770505e-01 5.953613483368886961e-01 5.346425581742489941e-01
7.489411510087226054e-01 7.296056045383759736e-01 8.096952936532397782e-01
6.867618672205941799e-01 6.138747739372992784e-01 6.062532968682390333e-01
5.457731306292763485e-01 5.401512273835665789e-01 5.617780004446051301e-01
3.725345483793781609e-01 3.687496602126062450e-01 3.782196248255692006e-01
3.756284628106822399e-01 4.168008898268745765e-01 3.560107135987624627e-01
4.502038211160327985e-01 4.938604384625295274e-01 4.610466330667801760e-01
6.867528561150900712e-01 6.582736323631832587e-01 6.782449341165629475e-01
4.925786278084274272e-01 5.349202887414032936e-01 4.902959604158306783e-01
5.665220779352747593e-01 5.515269094116069803e-01 5.936204683575968533e-01
5.306423944623444022e-01 5.483679019684792877e-01 5.240546650541516582e-01
8.211675423152984266e-01 7.510752770136496226e-01 8.038136241180793284e-01
4.211416984730685931e-01 4.214994222235461940e-01 4.070910881339381282e-01
4.091168394023730337e-01 4.616208959940931167e-01 3.816289391214299220e-01
7.780745694173054616e-01 8.228477713840722796e-01 8.047451918307195751e-01
8.265040579759513895e-01 7.706507862577863799e-01 7.703892035960878681e-01
5.985193917413090814e-01 6.307898075784116321e-01 6.083178657295633673e-01
4.515562924725765592e-01 5.072097550136530630e-01 4.258262383969977916e-01
5.593082691501616299e-01 5.893752768512922069e-01 5.451854261824456982e-01
7.327428634692123577e-01 6.210634060718480676e-01 6.707684593472331702e-01
6.478127451167040585e-01 6.971731125736553292e-01 6.798464940456957484e-01
5.528190325840306452e-01 4.926237310266302072e-01 5.379137049094788736e-01
6.718833679286599914e-01 6.255445617047237228e-01 6.255603652104109180e-01
4.817898673493234973e-01 4.911035907595174832e-01 5.493251551157546375e-01
4.286687551165483390e-01 4.939130672957315338e-01 5.358502160073327358e-01
4.633081830809553381e-01 4.170616000938645596e-01 4.081594995672910287e-01
6.827800356251283453e-01 6.686469332870369486e-01 6.659598429561746080e-01
5.445675761807630133e-01 6.094543767016832314e-01 6.195443739945903916e-01
5.660746153238619405e-01 5.615690791989177422e-01 5.935803198359471677e-01
7.244053035914391758e-01 7.739724549924116292e-01 7.498048569498917404e-01
5.672771363355488816e-01 5.705161640654010657e-01 6.005230213230605685e-01
6.457770092887745728e-01 6.209065241455494766e-01 7.096061448391968174e-01
5.974101613469411376e-01 6.038881900702691707e-01 5.641486572231325658e-01
6.807077228719368156e-01 6.426436246588765888e-01 7.188902996795719647e-01
5.445635515205007327e-01 5.445128978572681966e-01 5.504289032368646639e-01
6.376578574502941299e-01 6.154309870268525051e-01 6.318862087101855263e-01
6.606041761945298241e-01 6.387705791987695614e-01 5.927088673217277837e-01
3.412200729451232428e-01 3.017680589496763432e-01 3.510788327471998094e-01
6.716906582733060960e-01 6.605387667028836951e-01 6.596466443658997036e-01
6.726683036169175400e-01 6.682783852817875125e-01 6.400733314767576010e-01
3.523646892883058879e-01 3.298781046594940203e-01 3.818432229607839345e-01
5.532144767541607999e-01 5.824049014171525096e-01 5.413937361790754910e-01
6.778731132371055290e-01 7.038403450825426733e-01 7.219865582818142391e-01
5.599115229588386144e-01 6.017712850397545221e-01 5.791186774848207097e-01
5.037912473406472857e-01 5.625511397106571776e-01 5.453679081826983133e-01
6.126293780515171816e-01 6.194142940552661569e-01 5.916920370250038363e-01
5.403675271524468471e-01 5.066807993717626912e-01 5.821470087328758369e-01
3.510799027743556344e-01 4.637519109453308030e-01 4.065442721280153049e-01
5.259946119562267652e-01 5.666578657607650449e-01 5.431138737727932986e-01
7.343281003544360752e-01 7.742905038396817874e-01 7.628282617874336813e-01
6.505130599613132558e-01 6.899449299670737945e-01 6.845642755577011629e-01
6.905281371102586219e-01 7.250216463857881433e-01 6.942778488325938024e-01
5.704301436008162307e-01 6.248200803111016999e-01 5.940809484837813459e-01
5.164708398581128179e-01 5.423809579787995938e-01 4.359584547109032759e-01
4.134921335877974613e-01 4.592506313915218907e-01 5.387719710720917377e-01
6.190436473214963042e-01 5.126372192623399604e-01 6.060862686628294416e-01
5.128730697847944109e-01 5.719801875990777607e-01 4.863027741117135205e-01
6.451664329094234374e-01 5.751046835476426589e-01 6.385579999529398254e-01
7.026273060152067318e-01 6.985500884845117220e-01 6.226550851557788313e-01
7.106654730974091283e-01 7.115457314344894035e-01 6.834856368776184299e-01
5.413327266728829024e-01 4.515611871855217396e-01 3.987566733918690987e-01
4.916887265585802025e-01 5.464961037836271185e-01 5.477551883363419583e-01
6.878928306702264406e-01 6.689252337360510614e-01 6.531176129753756276e-01
7.726151874128679431e-01 7.521772757619455962e-01 7.316591336588980088e-01
6.025092610632514223e-01 6.357675725473026507e-01 6.650536038956834650e-01
5.305409955983771964e-01 5.082637544795904905e-01 5.423243624171745214e-01
7.674252070200905385e-01 7.397311725483670664e-01 7.428700779641157492e-01
4.694900886892939829e-01 5.670918675567609979e-01 5.613175748398309128e-01
6.207300292029860334e-01 5.907320339441127777e-01 5.438772800918942885e-01
4.614772738064232271e-01 4.626658899542727132e-01 4.414022885903964299e-01
8.126337402815898558e-01 8.480394281595315942e-01 7.792958913654512987e-01
4.602392496890304052e-01 4.853450809920980547e-01 4.252454529161159846e-01
6.188602950892233556e-01 6.088694293038557914e-01 6.458136381591740305e-01
6.497423624474560899e-01 6.817955240512072468e-01 5.936971960136505633e-01
8.464819952910530576e-01 8.044773115117529461e-01 8.820070473655681198e-01
3.347881791083423542e-01 3.858539154530888360e-01 4.129912089506491690e-01
4.440686201638766040e-01 4.447990449037705352e-01 4.295385284410563331e-01
6.123231220054491386e-01 5.836087043232838223e-01 5.892063716907249837e-01
6.550486008549983863e-01 6.879162324539528361e-01 6.025912986603694232e-01
7.449611727687911467e-01 8.093949353866976004e-01 7.399807873912908063e-01
5.095016448729405845e-01 4.364164465955364114e-01 4.925097387404146487e-01
5.467917893069359492e-01 4.964922801379085260e-01 4.736715816532819923e-01
6.012531602735678993e-01 5.744628890985057357e-01 5.042279207647909489e-01
8.669414318691550658e-01 8.709556221002837662e-01 8.709467673621276163e-01
6.154335492703604249e-01 6.861849385697019743e-01 7.073912351405556853e-01
6.299870241965070949e-01 6.256994836262229631e-01 6.299138813741677057e-01
5.304506828407082875e-01 5.009110766129692971e-01 4.345598902743984526e-01
7.810291535373252714e-01 7.378113893707624049e-01 7.811293121907639803e-01
4.671370598572348043e-01 5.225738783635197615e-01 5.485942269418656592e-01
5.141099272804982023e-01 5.208918465167884371e-01 5.268455299692869076e-01
5.965681215958135164e-01 6.390663980447084391e-01 5.869474079781533682e-01
4.382591497716087914e-01 4.772188143129666993e-01 4.548986087339217943e-01
8.002326662310365046e-01 7.969326823853910557e-01 7.011224359563932307e-01
7.977565521047128572e-01 7.536726092262246990e-01 7.669032575190898315e-01
4.814974434582761642e-01 4.766139252735421827e-01 5.065282217128084241e-01
9.174254991136482351e-01 9.221380570795054687e-01 9.163259276856159374e-01
6.486662706078447638e-01 6.144170903160668384e-01 6.268084215151586980e-01
4.554299156952341110e-01 4.442172053617260974e-01 4.258904620815742725e-01
3.933078710968064273e-01 4.452425574112421902e-01 4.438720005283753323e-01
4.332368937103407980e-01 4.845407430891850442e-01 4.601591161752030534e-01
4.536043291059153049e-01 4.254978991405690691e-01 4.356670121701330944e-01
6.868158401584097961e-01 6.258803519992556241e-01 6.342412456553550015e-01
5.720836700378780781e-01 5.451788495684195546e-01 5.745055493569158900e-01
5.919717992205777435e-01 6.433664397713448890e-01 6.108103565078870645e-01
6.019648841161873154e-01 5.716436157146331798e-01 5.573485346980709965e-01
5.113282638119291956e-01 4.951457579607981829e-01 5.044926722784734974e-01
5.716029605125009239e-01 5.835030775686674831e-01 6.157035417127215693e-01
5.451178408790402496e-01 5.029482264934180824e-01 5.043602918624980891e-01
9.181974796139046324e-01 8.316048896926824252e-01 9.048050196928034694e-01
4.112039014122829683e-01 3.189883201743865526e-01 3.843854979064610933e-01
6.746730675014791512e-01 7.053440389707537062e-01 6.921166067694605184e-01
5.317843264778164825e-01 5.804538566777676101e-01 5.458322304810845349e-01
6.282925256738989273e-01 6.335859842187099300e-01 6.671493699732423677e-01
7.482393875727465504e-01 6.706409127716506102e-01 6.823623574654470447e-01
4.839603420281688995e-01 5.696851871101602516e-01 5.004561333805632728e-01
7.277777968779852724e-01 7.445537911195523328e-01 6.995070515622022755e-01
7.317296407197171337e-01 6.410365920373337634e-01 6.522189750301911060e-01
5.988245961368314774e-01 4.724965591293062150e-01 5.559253618087887094e-01
7.838144446476160709e-01 7.946343636126828036e-01 8.224356679476474419e-01
4.344912170182965716e-01 4.650528946516057083e-01 4.170659573106376694e-01
8.625961263817722990e-01 8.979420639078499189e-01 9.069681170711105800e-01
7.995217028743135668e-01 8.048189086246538837e-01 7.743485082183503287e-01
7.592637349135508140e-01 7.773544716207669847e-01 7.274370289768685716e-01
5.960851927308119524e-01 5.747396537082142265e-01 6.292530359152563868e-01
6.044588999512983118e-01 6.364365501341562315e-01 5.475723958146532233e-01
6.671007414786789269e-01 5.568481649450608417e-01 5.994977407987938101e-01
5.884203790850651705e-01 6.047096440168555631e-01 5.213041007869573251e-01
5.504884141439132517e-01 6.318159548324244756e-01 5.889509927357864383e-01
6.620347744939543144e-01 6.145963457569143529e-01 6.668201270171923989e-01
6.122635588611744506e-01 6.184190554084839642e-01 5.985849214283478492e-01
6.433820273494400555e-01 6.673685517798645384e-01 6.503793868170097969e-01
6.119670953621034748e-01 6.104626826526644567e-01 6.698734052937530548e-01
4.678343070430304174e-01 4.590012987822901791e-01 4.791103404149633649e-01
7.026635863215578981e-01 7.157379185312520153e-01 7.459414629982227263e-01
6.837396718050647859e-01 7.302809378299570664e-01 7.176228061612395237e-01
5.048642819456187203e-01 5.454500955746262036e-01 5.586661506265881982e-01
7.207458680646420257e-01 6.187665615170312439e-01 7.451239201211853347e-01
4.217005066954210291e-01 4.445939411670555286e-01 4.185241843066425105e-01
7.788135365843557034e-01 8.432728662091194538e-01 7.810832563406107099e-01
5.779081030439388034e-01 6.136189438527048789e-01 5.535452718661230120e-01
5.420966218458073138e-01 5.301393247607343318e-01 4.791623802726695525e-01
6.195916132129248854e-01 5.571043690961536843e-01 6.386917692661446821e-01
6.425206290225315975e-01 7.653845531144656267e-01 6.866914737866339769e-01
4.859881807162118039e-01 4.483310310927722253e-01 5.381532547538494526e-01
6.077385183714949513e-01 6.530924580386380240e-01 6.056825191437286149e-01
6.401140183412172835e-01 6.528695151131690411e-01 7.224498435972119825e-01
6.402529099247373789e-01 7.066253294932316464e-01 6.662438029212411905e-01
6.287484548567340292e-01 6.376945103286787431e-01 5.856316029977945981e-01
4.984951614926790286e-01 5.370650430591447089e-01 5.107307675048164963e-01
6.100190150849539306e-01 6.059429841678214412e-01 5.488914563644079481e-01
5.079455199398714704e-01 5.500777687251463544e-01 5.952727855618153985e-01
5.131517156242739741e-01 4.922827617809172329e-01 5.106430348330088798e-01
7.253877039246835468e-01 7.119808888152436843e-01 6.864149247526055708e-01
8.192611471035275983e-01 8.510073492012562024e-01 8.589958551037867318e-01
4.369266252099788805e-01 5.677700748252221263e-01 5.242444408335164008e-01
6.357620264322176862e-01 5.841834065835199707e-01 6.094150620650545802e-01
5.626450104048630330e-01 5.418892483318176190e-01 5.330592625563863596e-01
3.964062835999067613e-01 4.082810361274713529e-01 4.675703418946471901e-01
4.311906948954217778e-01 3.428353735688703385e-01 3.555498654330377928e-01
4.836070308661636896e-01 4.420083455176050946e-01 4.827095096031414623e-01
6.263447992365940298e-01 6.380594507289170103e-01 6.696951591210652532e-01
5.471767093771388035e-01 6.263495599044685003e-01 5.863393671722550993e-01
5.463398710794094004e-01 6.536458766363422157e-01 6.385810601747903270e-01
6.527332155875521513e-01 6.390357585985839695e-01 6.457392855552099853e-01
5.900971955703454563e-01 5.636616844038656593e-01 5.444605853572224152e-01
6.673153648428657991e-01 7.214658655660903808e-01 6.437324168534823698e-01
4.082148960965469864e-01 4.187260511948163177e-01 4.507416164045295326e-01
3.387158925939761089e-01 3.659653179624327013e-01 4.784654090362060463e-01
6.315014766489657205e-01 6.604270857197389599e-01 6.674364758758569716e-01
5.808144235338307260e-01 5.447344758172664170e-01 5.807768128914426731e-01
3.280038868892571347e-01 3.218642504836046192e-01 3.060477290232739844e-01
5.625901976891131140e-01 7.135552990610830593e-01 5.486751707132212497e-01
5.250044995464411279e-01 6.485700276717638602e-01 5.720769105527294673e-01
4.934692846640693076e-01 4.862419215707377562e-01 5.647395224215387977e-01
6.925341331693073421e-01 7.285883878711345574e-01 7.150779021323668827e-01
7.711041639136970716e-01 7.306157239803496850e-01 7.513266096625512702e-01
6.984305166003424992e-01 6.451955439151144667e-01 6.430293217676322781e-01
7.063013063650672718e-01 5.946370712421099602e-01 7.001911235291741198e-01
5.410259657732918726e-01 5.928082415267933447e-01 6.415880750113683861e-01
6.344086451492422229e-01 6.990110101067329440e-01 6.463855970266568773e-01
6.304460768712708552e-01 5.939503678495575700e-01 6.628781202332942879e-01
6.366665662628083755e-01 6.565571419338708248e-01 6.877637701239441848e-01
7.570993353094774836e-01 7.335515706734624386e-01 6.908985224601216224e-01
3.697521602720366118e-01 3.902968088559068960e-01 4.217373766489272979e-01
3.043784730746064704e-01 3.973781715022354222e-01 2.888914114024819235e-01
5.572648288815503781e-01 5.280464792901712334e-01 5.881956778156768317e-01
6.113267759559918302e-01 5.556270161282682585e-01 5.684192756927164414e-01
5.376189286138101098e-01 5.236444838637500654e-01 5.068403238940947242e-01
7.285526878044102927e-01 6.955336946249165431e-01 7.393723618533897257e-01
5.916163722602396646e-01 6.337174992859917477e-01 5.174235903668991110e-01
7.705896339913372861e-01 6.931601859937567278e-01 6.821618065855415969e-01
6.825759631121829374e-01 6.922019535467017759e-01 6.372740143808999225e-01
5.363191136626761502e-01 5.343059664493965411e-01 5.272254337683168757e-01
5.306073386554231996e-01 4.932937779809247747e-01 5.318997849147283352e-01
6.076396539399053776e-01 5.619374335227120820e-01 6.360889544707277743e-01
4.788917316114928990e-01 5.325216597343362945e-01 5.391660789501351303e-01
4.164012019549649390e-01 4.947862039459763328e-01 4.412646457601888117e-01
5.527885376694672281e-01 5.711946306052818612e-01 5.567330209297375321e-01
6.007696124736336962e-01 6.024368423869820299e-01 6.086303708777859311e-01
6.103950554547838969e-01 6.894484168788765910e-01 6.324656537172037574e-01
6.082828813261742518e-01 5.623061676596616820e-01 5.561356374620596288e-01
4.359243702159711353e-01 4.257976891698982413e-01 4.710209711247073661e-01
5.496058936133457751e-01 5.403840267044415224e-01 5.611564325994712332e-01
5.815492068463590236e-01 5.759604688144698281e-01 5.555541768752384479e-01
4.527256857141011559e-01 4.407411834873501966e-01 3.991787312920881958e-01
5.527784860257173305e-01 6.130553876608543229e-01 6.195442675135250932e-01
7.383272460471450582e-01 7.500023579731881496e-01 7.153382286982986615e-01
7.013200921768351082e-01 6.734767721716903299e-01 7.103019673521245858e-01
5.791855334337666639e-01 6.196652886767000101e-01 6.003962137984363290e-01
6.286059982262413026e-01 5.689768183021511883e-01 6.252185597025494701e-01
5.655522630195907174e-01 5.758460154846382073e-01 5.318301076386291459e-01
5.534702625249937613e-01 5.251488938411855711e-01 5.375316767274715968e-01
7.480546447402200982e-01 7.337432260137275453e-01 7.470973512470522326e-01
7.597122450761613077e-01 7.507696612693217642e-01 7.452302018597759536e-01
5.007654537214436541e-01 5.208452269649733735e-01 5.412053172090189879e-01
5.689673458774444637e-01 5.814952758350356854e-01 6.244379602557993403e-01
6.567142128053511385e-01 6.361436521025501944e-01 5.855601586883384391e-01
7.056725475528530245e-01 7.026665054372506214e-01 6.948778062342972905e-01
7.046742594052544106e-01 7.264466121456782943e-01 7.357130507539234587e-01
7.893398404844651495e-01 6.744180126114871499e-01 7.463323978915827883e-01
5.889571656247200027e-01 5.205119557390609497e-01 5.258929249955711649e-01
8.428778761270699915e-01 8.972707875506124031e-01 8.896193772190117421e-01
5.639379515843206958e-01 6.143174744362009942e-01 5.453375375764175637e-01
7.216870942390261057e-01 6.587052594959429408e-01 6.733685651943666084e-01
7.030288113327100019e-01 6.512834014966148999e-01 6.494251296587363331e-01
6.449849863992833665e-01 6.306995212583836885e-01 6.481074726342026526e-01
4.937654089031654481e-01 5.387349224280860716e-01 5.131997020812827381e-01
3.987239574860158564e-01 4.274825774695590885e-01 4.168559944223592106e-01
3.878933667258463447e-01 4.472308273736654849e-01 4.221634158418257066e-01
5.841339090385022637e-01 5.667363568727318279e-01 6.029059565353296346e-01
6.994686463234767171e-01 7.077387641523910089e-01 7.887568929669039886e-01
7.779542888601689299e-01 7.744308858894348724e-01 7.861859424172378263e-01
6.184991486926847415e-01 5.598363496112704896e-01 6.558975318085196182e-01
6.860427176456057596e-01 6.634764093511880123e-01 6.228353697633457475e-01
8.739338894750002806e-01 9.538626295169189140e-01 9.319741580226125199e-01
6.666584288335601904e-01 6.155158263162945342e-01 5.724048641917428570e-01
5.279304011924411677e-01 5.159534400495344730e-01 5.580984274491039843e-01
7.378956173544998220e-01 7.322874142086785998e-01 7.737082297282400489e-01
4.753886589138965890e-01 4.879665636656951300e-01 4.753570013789045756e-01
5.736733235928452856e-01 5.668248974829678266e-01 5.367598792600615232e-01
7.184297061166913245e-01 6.828607301911234773e-01 7.137799000996373211e-01
5.249665904959274210e-01 5.548402812509971582e-01 5.089470611238536835e-01
4.395599027708708140e-01 3.662297808369266994e-01 3.678993684802227548e-01
4.788583372303678587e-01 4.314396977238161290e-01 5.228349951812475416e-01
6.855778944786418139e-01 6.806894640186434975e-01 6.386961399782972171e-01
5.736265323585596487e-01 5.158508712789035000e-01 6.169300495505497528e-01
3.473064289329102494e-01 3.474292276071752061e-01 3.546741054778903002e-01
6.784780367579592575e-01 5.820156022272509055e-01 5.994440906790439172e-01
8.045540850398117394e-01 8.120070872431918163e-01 7.826761288967302166e-01
5.349909578142159061e-01 5.209222994398964302e-01 5.486273569143166329e-01
8.392262579397571365e-01 8.728141807281998288e-01 7.813813909542592917e-01
6.508408142330873725e-01 7.199682008822383406e-01 6.988199454269293787e-01
6.022890623510732677e-01 6.368121476565548056e-01 6.111746210344588537e-01
5.493292757515941815e-01 5.418499129185273544e-01 5.115189826998453038e-01
7.471733299715468402e-01 7.186961442511207165e-01 7.670449745292861055e-01
4.191990225156160266e-01 4.700078080790286994e-01 4.158834739650840717e-01
6.342926804209384484e-01 6.720292315434830410e-01 6.263734165708106927e-01
5.910795131534066771e-01 6.267645469782128220e-01 6.007390633888004539e-01
7.679124712852973822e-01 6.760708406125934822e-01 6.509635013071981557e-01
7.245923221481025411e-01 7.405718484205948693e-01 6.917014368522821366e-01
7.462586600089264888e-01 7.114628022197611035e-01 7.328784814049685847e-01
5.667881472056771619e-01 6.290482881152238415e-01 6.050626778441877685e-01
7.728309277265756894e-01 7.772357924847483890e-01 7.816562081863964728e-01
6.653678559237596879e-01 5.655618316425717884e-01 6.271281413743338140e-01
7.441341773527894166e-01 7.483825368050951443e-01 6.995059513871981771e-01
6.178731300760418321e-01 6.141107055725846253e-01 5.882287051986985205e-01
6.553258717457021154e-01 6.514948858921225661e-01 6.496304938109875859e-01
4.999824280163002732e-01 5.062420811190975201e-01 4.820352564564929776e-01
6.768278917852831311e-01 6.802389101483938827e-01 7.238890130383499599e-01
6.450818430296648698e-01 6.386321655020960053e-01 6.303991283703476167e-01
4.406135898818943630e-01 4.453604836620719820e-01 4.553066355021311296e-01
7.725716983104572444e-01 7.474804351150476922e-01 7.566161590368836176e-01
6.006335210553374049e-01 5.600423355964697647e-01 5.561328646684240429e-01
6.821188337997566853e-01 6.651860212318642107e-01 6.072314568409792335e-01
5.571858140297591966e-01 6.561257044969647234e-01 6.132717017772421064e-01
5.789429156130612153e-01 5.015009081472845409e-01 5.519640228701268025e-01
5.196694761601313717e-01 4.997980245423641610e-01 5.255974884993376284e-01
4.106902596215287748e-01 4.268470188902516171e-01 4.456856357382143474e-01
5.206372677440657126e-01 6.205136487941042001e-01 5.916950302574000009e-01
6.129447174411218890e-01 6.205401311771430173e-01 6.803717629672628719e-01
4.891872949628398026e-01 5.302661925796409159e-01 5.376228257072970251e-01
6.741802160582952563e-01 6.190749211558143061e-01 6.169852787948846284e-01
6.634019892946100283e-01 7.143824418055524372e-01 7.412331618386065468e-01
4.384087621207209962e-01 4.591379638195365875e-01 4.133234399074248167e-01
6.710584137454115305e-01 6.151583534620332916e-01 6.522389617729048572e-01
7.817227165704174752e-01 7.113942088445552869e-01 7.542987091464676830e-01
4.698393301464154903e-01 5.422420909506213693e-01 5.292759624567222598e-01
6.140203484176219861e-01 6.878378873344708211e-01 6.823592494795156504e-01
6.844736354193837746e-01 6.232016934759412319e-01 6.493336513186537262e-01
6.248132543144702122e-01 5.273355610767254120e-01 5.805951330720237058e-01
6.076451304274042009e-01 6.010147968239163419e-01 5.465396094468317756e-01
7.079807888197606758e-01 7.221692769577906512e-01 7.228197001144029965e-01
4.125492198397605614e-01 4.392646906273052765e-01 3.681611658695664313e-01
5.401822539048752869e-01 4.983883629944563243e-01 5.700420936024210850e-01
5.184239854786235613e-01 5.011591746943536707e-01 5.444073412352457009e-01
5.243764707463997032e-01 5.234918527963720036e-01 5.204797208771485550e-01
4.485758149423829111e-01 4.603055064687769926e-01 4.679165409394882014e-01
5.425144243541190070e-01 5.170000204247824360e-01 4.710820451064181569e-01
6.018404813062303571e-01 5.484289388902067186e-01 6.465858388907841370e-01
6.744549266818991029e-01 6.735779042540396278e-01 6.217770063724235019e-01
7.741522342637205956e-01 7.064431167331440831e-01 7.609962583382938739e-01
6.112503264982075413e-01 6.438911645297548114e-01 6.684716989270723664e-01
5.209222663235754114e-01 4.666851128462374265e-01 4.781202037379440051e-01
3.494891220109941354e-01 3.763970011769884882e-01 4.203041517293125140e-01
7.078426990926958151e-01 6.098968321791169434e-01 6.875669309950521724e-01
5.594757355171878777e-01 5.242545667045573898e-01 4.916291128404681743e-01
5.871896890596141061e-01 5.429091786018694910e-01 6.030256714053295886e-01
6.097655313542279520e-01 5.627320816791419045e-01 6.289264300102276328e-01
5.082407858316777549e-01 5.405837138332374447e-01 5.350957395748201506e-01
6.120429712814530188e-01 6.015575923108398282e-01 7.052863540524579866e-01
7.862560980375224995e-01 7.835355944387183413e-01 8.546777195624728485e-01
4.862063770060867651e-01 5.559136226124099522e-01 4.742437263587753193e-01
5.897560654454179208e-01 5.824927802831093571e-01 5.454206823221062761e-01
4.752287867726719961e-01 4.163290949904987492e-01 3.698484537325846255e-01
6.625858914610461836e-01 7.321799499187519045e-01 7.620272214553834855e-01
6.512621238399428636e-01 6.222293088399269978e-01 6.333867795096179698e-01
5.939745257916554388e-01 5.461869168375410588e-01 5.703084723911692189e-01
6.427825367015798097e-01 6.313110446898616557e-01 7.233514528829677603e-01
5.347834029116177446e-01 5.116288725085490485e-01 5.493735352912790804e-01
5.057084542049689047e-01 4.580150121766912719e-01 4.566206070567225273e-01
6.900922721981750385e-01 7.536861989886946001e-01 6.663256739974642295e-01
5.201152302760133628e-01 5.375508960789819879e-01 5.202306689791298400e-01
4.801369392295687932e-01 4.191043927178672579e-01 5.024150506000155669e-01
5.644568764607216238e-01 4.966506200982288011e-01 5.054800317101637575e-01
5.127768843925615272e-01 5.534224761298541795e-01 5.297796902953059162e-01
7.056108721483855817e-01 6.217028408064660949e-01 6.703046908169257856e-01
5.088470370083509886e-01 5.106031038762451901e-01 4.733576634978026720e-01
5.854298822257513191e-01 5.302585460653954641e-01 5.607672593855764775e-01
5.997530517867372124e-01 6.392199698492189164e-01 6.733734308736397667e-01
4.422191259216043391e-01 4.647037401228645837e-01 5.060546674999283345e-01
4.528952986333003583e-01 4.883243506913168552e-01 5.169884255905714543e-01
6.384650812437352441e-01 6.448241629566097144e-01 6.775775417331282302e-01
5.585868044537914967e-01 5.814826401119982391e-01 5.797948470068188254e-01
6.579162895846950576e-01 6.029774321420956484e-01 6.606716199255099342e-01
7.036017902992051098e-01 6.547844439985833764e-01 7.186134228215657060e-01
7.424223934178322271e-01 7.293042248379822956e-01 7.756068921246943582e-01
4.652807978805195699e-01 5.244331312047895155e-01 4.183900470961700591e-01
5.267915396196560796e-01 4.555273993364445384e-01 4.822837139620383407e-01
4.396653667339929239e-01 5.311013654005298790e-01 4.681388421322303373e-01
5.214563539238618040e-01 4.914700418201183307e-01 5.659226654375050236e-01
8.315661642110392382e-01 8.511095620023420016e-01 7.472759379929304613e-01
8.165182503485430843e-01 8.410216922028609376e-01 8.422923389935514926e-01
5.998736657101827463e-01 6.298044520446219874e-01 6.547003409287621700e-01
6.721118752142013486e-01 6.589596351418578468e-01 6.565911007021011381e-01
7.181164044454354523e-01 7.323212386057119661e-01 7.723190256020672217e-01
4.244168375596759080e-01 4.590726602942679646e-01 5.050495298653202569e-01
5.286031384231960617e-01 4.931206213211517531e-01 5.118276743743975787e-01
7.052051024134834423e-01 7.613888713682385179e-01 6.863292640315211690e-01
8.685439957388434440e-01 8.549679139963786145e-01 8.447013465678887556e-01
3.491000634954922188e-01 4.124969469840667480e-01 3.980332736623605761e-01
4.499154693791767023e-01 3.722180690477759901e-01 4.097298551893535090e-01
6.877714800856388200e-01 6.822525212986230159e-01 7.004849094362161077e-01
4.587317843875034495e-01 5.173802578597216373e-01 5.032572308134050099e-01
6.477969892049602052e-01 6.134944492824498941e-01 5.876349740978198399e-01
6.604363401618235097e-01 6.632288899710597763e-01 7.374778807811529502e-01
5.562503296213666681e-01 5.793166655446426727e-01 5.656438319136525283e-01
6.255879540561050112e-01 6.206137611466010506e-01 6.329808686282866192e-01
5.890406833180718005e-01 6.600517400925045575e-01 6.415423006319607158e-01
7.000528393968065144e-01 7.645297815407974262e-01 7.465166569752245129e-01
5.937354781980364038e-01 6.647946773977264634e-01 6.271886638508937795e-01
5.209722963023765141e-01 4.999163085870533263e-01 4.970809815416346589e-01
4.146290697082795629e-01 4.876053789325102139e-01 5.035958494684721343e-01
7.500373945372100781e-01 7.042679385562926608e-01 6.866155638104218806e-01
5.741532370704303112e-01 6.062659325269911248e-01 6.833311934026913281e-01
6.208128739185316824e-01 5.752496540298394079e-01 6.013265024070483245e-01
6.800464950868339020e-01 6.671367638586228610e-01 6.678991048253786200e-01
4.392248341700446534e-01 3.910078699781173173e-01 3.889362273274053483e-01
7.148163341392130832e-01 7.850884434857050564e-01 7.399831445287329279e-01
5.975413136733379593e-01 6.724674030200084029e-01 5.807943524323728735e-01
4.299735045161355851e-01 4.413260071443056987e-01 5.221591318652016867e-01
4.769450059471144199e-01 5.985922493756185014e-01 5.601612485839185807e-01
6.830604514422046192e-01 6.846037640603565011e-01 6.468343936236261582e-01
5.720904287091088669e-01 6.331436447485914165e-01 5.488980628503946635e-01
6.810697403327619082e-01 6.606112403602621974e-01 5.988831610387104210e-01
3.611625450188515329e-01 4.005532231373948315e-01 3.135837764424393992e-01
6.881670478780129718e-01 6.234985127300571861e-01 6.406985013406751861e-01
5.931549650571585897e-01 5.547145956066523720e-01 6.238177766452015494e-01
4.496110124518940543e-01 5.227860618161991324e-01 4.839721242840718252e-01
6.895966669949771255e-01 7.611453930111314881e-01 7.219017997777498197e-01
4.507377333195548563e-01 4.550352505310961693e-01 4.232094637107583490e-01
6.874870273787082597e-01 6.753452973433444750e-01 7.333141773839962907e-01
6.149031136757181493e-01 7.052327362579030590e-01 6.458946111819807712e-01
6.426302934978056491e-01 6.682446548517749774e-01 6.418149611055202763e-01
7.585569655559853963e-01 7.356194048005781916e-01 7.932551968838680301e-01
6.741935409430551696e-01 6.945545992775700173e-01 7.283340621381424462e-01
5.909496455078516730e-01 6.583501863389511488e-01 6.162539654897344343e-01
7.179326969749648679e-01 7.122994516286971223e-01 8.100338719374480245e-01
4.749641952259914812e-01 4.253523593315755025e-01 5.111100437570426092e-01
5.444516424734557880e-01 6.469612194593055143e-01 4.742791832810963615e-01
7.364808428083373659e-01 6.766876387783130609e-01 6.137070569519066376e-01
4.713850930325969579e-01 5.035966295105258617e-01 4.848961127914163116e-01
8.015866956905948193e-01 7.551281701232102073e-01 8.279304116680535897e-01
5.182545529882344182e-01 4.902364188802150746e-01 4.346032698915722747e-01
4.419229246835291725e-01 4.100204628385337169e-01 4.114967623240307071e-01
6.561641287354964547e-01 6.880946002734811273e-01 6.837641500607162248e-01
