3.861465549949698040e-01 4.412266303859690431e-01 4.999540937048878031e-01
4.124642287882061553e-01 3.945589032596766299e-01 3.905569817164125102e-01
5.499146538372101656e-01 6.195703113666829465e-01 5.930514106348425685e-01
6.104500595172940303e-01 5.723264275229827946e-01 6.052988288823156759e-01
3.476029387343597121e-01 3.682790960431798766e-01 3.234711107572680877e-01
5.752489768999528019e-01 5.964374528480269610e-01 6.277926007633747307e-01
7.682894814218208523e-01 7.461530950631516390e-01 7.370781462223904290e-01
6.601809058634484639e-01 7.205442895889815347e-01 7.224982246813799192e-01
7.272708649354888699e-01 7.441070758692795994e-01 6.839872083950062631e-01
7.459934567431214525e-01 7.157238510817942601e-01 6.788272508382898751e-01
7.953791960799412308e-01 8.469581054554951027e-01 7.989202282841889602e-01
5.817536728876762098e-01 5.920520463350988916e-01 6.032227115785585569e-01
7.084318678017219595e-01 6.778957398545012447e-01 7.224894655374042296e-01
7.769506402047556826e-01 7.329310788174788760e-01 7.659121171970322273e-01
5.257860457690795020e-01 5.373997666974693610e-01 5.921277165457567992e-01
4.445380032465257036e-01 4.153347442812617141e-01 5.103378412289091282e-01
6.527417377319368885e-01 6.016600816138560903e-01 6.503437807583785091e-01
5.395814122251177958e-01 4.785305639565421987e-01 5.235556206019696956e-01
6.818925324132586452e-01 6.861209062204217668e-01 6.986301538901359409e-01
4.837195801430905773e-01 4.745580548643127949e-01 4.847035958458558724e-01
4.664375506513073755e-01 5.474718937311449096e-01 5.171154093817516006e-01
6.242922609683166923e-01 6.315726725963053401e-01 6.228591166564929615e-01
5.962064223431815524e-01 5.979147257931436421e-01 6.360034167810478811e-01
4.877475233268844246e-01 4.204756930737101328e-01 4.669738107776380542e-01
4.695161092738812658e-01 4.675803043530430969e-01 4.216683279102496074e-01
5.967989026847434486e-01 5.259684929153516375e-01 5.217869465857397637e-01
4.769191440471381993e-01 4.376203823066921461e-01 4.551757006472673672e-01
6.573356118517631463e-01 6.490512706598289272e-01 6.681330724429593859e-01
7.140546641827941743e-01 6.272601140046223378e-01 6.531008312317134745e-01
6.132830601883327848e-01 6.192589543300881516e-01 5.678523989685917428e-01
6.151292266489939431e-01 6.521115928527092542e-01 6.217581783336311174e-01
6.677166486774291920e-01 6.249194917412167483e-01 6.697653281800995950e-01
5.735263441269338180e-01 6.539438823734815553e-01 6.099136060254151115e-01
5.382648659001250113e-01 4.609741566975504856e-01 5.054930206211118993e-01
6.222883219749474337e-01 6.527544578260426889e-01 7.001614900212443926e-01
5.549472109951733012e-01 5.394304252870013583e-01 4.930833328658649761e-01
5.954855617267384993e-01 6.095225573322571311e-01 6.132697884784887865e-01
5.189143079106283141e-01 5.205388638337098417e-01 5.472897516882273550e-01
6.853416534872138755e-01 6.713149284506598757e-01 6.143976621949220895e-01
5.837515092224183633e-01 5.009280439762400228e-01 4.798557188041040478e-01
5.271009202950290851e-01 5.107138274990222770e-01 5.301605081994258395e-01
5.693796505144473885e-01 5.989327074238943727e-01 6.075169451252128150e-01
6.096851844482030769e-01 6.031831700571119725e-01 5.852994955807677702e-01
8.233933673236142337e-01 8.640965608750738047e-01 8.289890296942522552e-01
3.736359133560466783e-01 4.644666448037939044e-01 5.056910500591058621e-01
5.994974725298766183e-01 6.122831772044607934e-01 4.920787136865598654e-01
7.101565953212609639e-01 5.953475178825455849e-01 6.640067728511725997e-01
5.752242445430714168e-01 5.165262100037034676e-01 5.589025695734031185e-01
5.655415848853752037e-01 5.428630797272328001e-01 5.016077362670472439e-01
5.693278640996706219e-01 6.085571936101746848e-01 6.022555247083287711e-01
7.046974509039276580e-01 6.866935932451770919e-01 6.930639742321910157e-01
6.161289052028202651e-01 6.277276744494044713e-01 6.281659798780723225e-01
6.051856674695668126e-01 6.460250210988657260e-01 5.917511026213966296e-01
4.166447119148430356e-01 3.836252294057491130e-01 4.216393166013998606e-01
9.756529345213194038e-01 9.035768100860958052e-01 9.596122055148691432e-01
6.109142824290684226e-01 6.220138112428047483e-01 5.834990054340198906e-01
7.118915871832838249e-01 7.261851299738344423e-01 7.334528832633756545e-01
7.263506478183078263e-01 6.828876943625363793e-01 6.769323542849412512e-01
5.579363128140027994e-01 5.489467399361963595e-01 6.482409909715490803e-01
5.444729707407683916e-01 5.194971381845229219e-01 5.048974521664267856e-01
5.770016710120179360e-01 5.582906677054196853e-01 5.535052062541229168e-01
5.512206693210629505e-01 5.995422963318965959e-01 6.164598532610287007e-01
5.662755173411341270e-01 5.817477930174171918e-01 5.907776709798371328e-01
3.811759259824820112e-01 3.605908285998491447e-01 3.411576490765462211e-01
6.070680102059531347e-01 6.428359466138248157e-01 6.771931354483015086e-01
5.929696781321034393e-01 5.588732865458864163e-01 5.563882593398409293e-01
4.945895128429764753e-01 5.281478968888851933e-01 5.321674095875706945e-01
7.210592324268486619e-01 6.643272566423994441e-01 6.707772990216769315e-01
4.454297621517945283e-01 4.079167661772946651e-01 4.060096326109786657e-01
9.945898934951162840e-01 9.520769819773738929e-01 9.791376802294241566e-01
5.341680015015448646e-01 5.616222510641331045e-01 5.694094271196582513e-01
4.680766721510611905e-01 4.507420119528384728e-01 5.345057949937438435e-01
5.467716225844732048e-01 6.132755479134900378e-01 5.783093621898007797e-01
7.017344509511969086e-01 6.856794019010008512e-01 6.517955834508030177e-01
7.227805422573944094e-01 7.776965211555493251e-01 7.096611206356399082e-01
5.600570627140821767e-01 6.877229389883269262e-01 6.335715848787718540e-01
4.924227584403240709e-01 4.917064675039794497e-01 5.568439724858001982e-01
9.162006395409065806e-01 8.357354734920194872e-01 9.015505915220555222e-01
4.770447782802700876e-01 4.634832012608086638e-01 4.477382391266295225e-01
7.664907515493181167e-01 7.355166277550135856e-01 7.227859920554671191e-01
4.327784286579161033e-01 4.141953992710714627e-01 4.004139777084920193e-01
5.696510788706643513e-01 5.069300783366128549e-01 5.302156043029062626e-01
4.735635485966990244e-01 4.416250426422123065e-01 5.326020859443193478e-01
4.750817361534970806e-01 5.218625944268289185e-01 5.065414968732032674e-01
3.622080116449913900e-01 4.064615186637501876e-01 3.358513264711162072e-01
7.076942432629494961e-01 6.592239838798660267e-01 6.576315534508974103e-01
5.624486667648239679e-01 4.822449357575958051e-01 5.352235368127936654e-01
7.434607059068414348e-01 7.362938840485239167e-01 7.570184699779590742e-01
4.695686323313724708e-01 5.008097009011577283e-01 4.935746428693124077e-01
5.355156095066903044e-01 5.699138849717578781e-01 5.623797136079595749e-01
4.311421719683788956e-01 3.790901642972708263e-01 3.961434659114881351e-01
6.928945986210065522e-01 6.082895796280755052e-01 6.232653495061718507e-01
6.233624921555974696e-01 6.507401161789645450e-01 6.906668326645757361e-01
5.121622036199270367e-01 6.122056927402202975e-01 5.976709758420850616e-01
6.931284937238406663e-01 7.378900930133848179e-01 7.461469972927606831e-01
6.562784647798326487e-01 6.615792384004338667e-01 6.023431809417747473e-01
6.188738000039336606e-01 6.535891145959975557e-01 6.227557466571693734e-01
8.941074077036280654e-01 9.654544774688240683e-01 8.986535865523782585e-01
6.201214201943960891e-01 5.633279229897345530e-01 6.173004394056135213e-01
7.175580741268949847e-01 6.415896500828244253e-01 6.711488815784473205e-01
3.672708219528647566e-01 3.690641136244106613e-01 2.825872785161027134e-01
5.510503775055702880e-01 5.282827940233904007e-01 4.668469926736034115e-01
4.805417931979836244e-01 4.597824752687318939e-01 4.759418235730358271e-01
6.334834756507277120e-01 6.470502919775781292e-01 6.712208371503486370e-01
7.105307178225158671e-01 5.895330232209488042e-01 6.301666356488964116e-01
7.259652477925343517e-01 7.148371365369974306e-01 7.172023179335151877e-01
5.845696674875511256e-01 5.778876643561484672e-01 5.411913709938378503e-01
7.565285006373240195e-01 7.746829226428593174e-01 7.217797218295289863e-01
8.099824232223862275e-01 8.117192352844480041e-01 7.656550468055339786e-01
5.740657788349482482e-01 6.135993664455329233e-01 6.118609652682923672e-01
4.774918870957295947e-01 4.588852302299097907e-01 4.905350076550274441e-01
7.951864355238037474e-01 7.585469997062003200e-01 7.460491345363988724e-01
7.373668498039277486e-01 6.755696535966390082e-01 6.828867858409460867e-01
5.023047235526760801e-01 5.487008220689434390e-01 5.648049973158901782e-01
7.270100275577198179e-01 6.948853250767460521e-01 6.097210551412869384e-01
3.540417503943768529e-01 3.448585841596115142e-01 3.674467624778558483e-01
6.581900968009340991e-01 6.994278589789106881e-01 6.294736870523232053e-01
4.832969764431749859e-01 5.053301328693667882e-01 5.121307447900873555e-01
6.005781789661158721e-01 5.334403197438000177e-01 5.821950635386148321e-01
7.062253150017475667e-01 6.942202679321930470e-01 7.562331367618654321e-01
6.709917059333093681e-01 7.053899258961887631e-01 5.767597122416771027e-01
5.428850668617939412e-01 5.559708358382736693e-01 4.477519338198739929e-01
5.757968722465317546e-01 6.292531217861062620e-01 5.820996033664628255e-01
5.946359282193319773e-01 5.497573778410075329e-01 5.430844272359804936e-01
6.704608352588703468e-01 6.641978140247956075e-01 6.650879858123728283e-01
5.606661356932116647e-01 6.271317639096145591e-01 6.204744681493609137e-01
7.604048205959637041e-01 8.103507857396392566e-01 7.755632980944825450e-01
4.716578781757926886e-01 4.129604018347344807e-01 4.431831071330747385e-01
2.827366909595344091e-01 2.878636734873010750e-01 2.535740151536635678e-01
5.415921140344474027e-01 5.082589280598287518e-01 5.002266411813968139e-01
5.768600925133750001e-01 5.424059536548309080e-01 5.188471799337492918e-01
6.690313949146277084e-01 6.853654939296862647e-01 6.519542301438516763e-01
4.075033901764200106e-01 3.981438772074770704e-01 4.433452531351427806e-01
6.155989459378192752e-01 6.967908553713458852e-01 6.309924810844079746e-01
6.975426246642814077e-01 6.407577837345561633e-01 6.833773104605049831e-01
5.971093915572053268e-01 5.783615644864209537e-01 5.583428407713586505e-01
6.533202913634035269e-01 6.330475728192723750e-01 6.990796509370411638e-01
5.235164256018500772e-01 6.141234066419428705e-01 5.900593677343691779e-01
3.598615196461265042e-01 4.090147917395608457e-01 3.624835530286924512e-01
7.157310921706674378e-01 6.536951758640839882e-01 7.257948141111617568e-01
6.350019674172131534e-01 5.629300223849509344e-01 6.260138625023904391e-01
5.827152498928753754e-01 6.254601454424089102e-01 6.309273767893358587e-01
8.227675494893168517e-01 7.514327659486750299e-01 8.072125808643964007e-01
7.182176663792263493e-01 7.594749092893553488e-01 7.627627928256384138e-01
7.162860604074643422e-01 5.929632960469879421e-01 6.270076043873756833e-01
6.499153352605988587e-01 6.433836300099307071e-01 5.788185144205832966e-01
5.074201479407987048e-01 5.245971226987957703e-01 5.375016512131459701e-01
6.702332972120468302e-01 7.067170120881258732e-01 6.964203645209351423e-01
7.766111617343378626e-01 7.473144617780872467e-01 7.558544287000844575e-01
7.665779038543917290e-01 6.792503547868048441e-01 7.724923899078396383e-01
4.937286501741943723e-01 5.102681127718553533e-01 4.688839220173300903e-01
4.779093851462229425e-01 4.236181234822578578e-01 5.072754704594892861e-01
6.762118238561617423e-01 6.452280114026732738e-01 6.200906818930499442e-01
5.703928896370427104e-01 6.399182871952181495e-01 6.658707558479717292e-01
4.098164451535601382e-01 4.277972551410870183e-01 4.678437161252772536e-01
6.186901794759693818e-01 6.448983141698090282e-01 6.806960859912293271e-01
8.054871825010724296e-01 8.263761843067564117e-01 8.291318563628576888e-01
7.708531246452882124e-01 7.015066063543267116e-01 7.278595100426311637e-01
6.056507155649319962e-01 6.039993762957439616e-01 6.041360938873964193e-01
5.298327546599709281e-01 4.613626389350165558e-01 5.088613882762920149e-01
4.069797172370690497e-01 4.198593378007261512e-01 4.250077864478977174e-01
7.810275120259075887e-01 7.431834781284670788e-01 7.781317165631179700e-01
7.615676069038557205e-01 7.902084232064691127e-01 7.260074586339475555e-01
6.669839352050617176e-01 6.137207717336793378e-01 6.192165424904246818e-01
5.722483145487423650e-01 5.170272568298144300e-01 5.266055532541628059e-01
7.620719313516122195e-01 7.438979326861716590e-01 7.491079061822334406e-01
6.492958738384889683e-01 6.090018342054949185e-01 6.454190114492566188e-01
5.140154802763684527e-01 5.410889167689811874e-01 5.451353973652605100e-01
6.862137952608243774e-01 7.083611309948040224e-01 7.551918878386901790e-01
7.292290885310003246e-01 8.233148362444470125e-01 7.932796538319903945e-01
5.482253552361255888e-01 5.993985476899714726e-01 5.256459473645319624e-01
4.827876667587213677e-01 4.779421277842085813e-01 4.825980861480804740e-01
5.523489762689819393e-01 5.839075785488746506e-01 5.877898215488431832e-01
4.076136518140461296e-01 4.468213995803747562e-01 4.095832793304712838e-01
5.296263828556767583e-01 5.285611576639966946e-01 5.250262661394599073e-01
5.404324134878057961e-01 4.965613235437648654e-01 5.634664572690860629e-01
4.712541338756763287e-01 5.007750815621425655e-01 4.803146938555171719e-01
5.524487196015192003e-01 5.937872469882717885e-01 5.843755396459942020e-01
5.414691916608110889e-01 5.337485452351157234e-01 5.018743421687255069e-01
6.077831787865575208e-01 5.009500986661405975e-01 5.309175303897849529e-01
4.869022443693331037e-01 4.371706904555061612e-01 4.542236208311328238e-01
5.940542761077480804e-01 6.176645407966759871e-01 5.848825235681421875e-01
5.838372843855006433e-01 6.562296569323506912e-01 5.811008078667418975e-01
7.689328132760852030e-01 7.395612304391019354e-01 7.291286069953110127e-01
6.110029762396550490e-01 6.701983606644550395e-01 6.293957226195263654e-01
3.409578658824560793e-01 3.763367824144371321e-01 3.850999543600611696e-01
7.160045420879996847e-01 6.631161674954266783e-01 7.289291860240548759e-01
4.827288339518554516e-01 5.349101115276304608e-01 4.590065072016661918e-01
6.875754352881838782e-01 6.802334719270787255e-01 6.814956590255738522e-01
4.982855853789033285e-01 5.653792711548918382e-01 5.139923581019888443e-01
4.885564422626491043e-01 6.112060690133636065e-01 5.074705046717351564e-01
5.536246544703702366e-01 5.180403961286283998e-01 4.879110603071427077e-01
5.529098556480737114e-01 5.763311558892015851e-01 5.910557756830749909e-01
7.761841077620037499e-01 7.938355933074316972e-01 7.765069319693908012e-01
6.335902399099568871e-01 6.792818071378794453e-01 6.601323240791147073e-01
5.508478568955664789e-01 5.104453409111544548e-01 5.594484138499843384e-01
6.329734218592318884e-01 6.509239660660836035e-01 6.444189167656364514e-01
3.956758953859727534e-01 4.581488478910574758e-01 4.527378985014373636e-01
5.732608377753206641e-01 6.022194471177723107e-01 5.546675367622413422e-01
4.052096554066590972e-01 4.723118548094787927e-01 3.786675907216684456e-01
6.104129906563443564e-01 6.285992999243268375e-01 6.000434754417890426e-01
6.586941915242898737e-01 5.869065457411456466e-01 6.277920352808284976e-01
5.726918576990521759e-01 5.218083900537370257e-01 6.120214930891357819e-01
6.528008261220850095e-01 6.524120485198716679e-01 6.195016272427603665e-01
5.845281432171334224e-01 5.356622887885900131e-01 5.976674415001403950e-01
5.714752237505734689e-01 5.029676858644777093e-01 5.561102180165942155e-01
8.072716336227758749e-01 8.323085880445684204e-01 8.007631273622586310e-01
6.780497969422952798e-01 6.011899243314072772e-01 6.876271980996038202e-01
5.325768623936559809e-01 4.856693447327265489e-01 5.276701989568590712e-01
4.719124604905189369e-01 5.212854317928879988e-01 5.056202578432209549e-01
5.468282028189791477e-01 6.078181350282726436e-01 5.738982184503687023e-01
6.096281158884867546e-01 6.059006669651769705e-01 6.605562363827710559e-01
6.316739130390889301e-01 5.770575024667893294e-01 5.898528325157635921e-01
5.436616607682032143e-01 5.629158979134516461e-01 5.152547288927377123e-01
4.302382736248390183e-01 3.654589178110071446e-01 4.029404706551502069e-01
8.433190840113575781e-01 7.689432669065134895e-01 8.271384039512431618e-01
7.643538739630791889e-01 7.179399784355120495e-01 7.387259935894664453e-01
2.420895439869684695e-01 2.016634210257817195e-01 2.949800467397392101e-01
8.025550428635217504e-01 8.684030689547257431e-01 8.503449110044936088e-01
6.192739273451673965e-01 6.744082538136871863e-01 7.219414361779289413e-01
5.851983138863684486e-01 6.328189907196428710e-01 5.526733847384125431e-01
5.821952198364260811e-01 7.182745581389634593e-01 6.302618797831213149e-01
6.972055960410564746e-01 7.426859852118531391e-01 7.056702518901895038e-01
6.931491483253640062e-01 6.482615660746259278e-01 6.509294689337975504e-01
7.122205754030076497e-01 7.448283093003370547e-01 7.500166539513816177e-01
6.237138919236205892e-01 6.875672574725061326e-01 6.861116997817824359e-01
6.481456818944912879e-01 6.988061385664792180e-01 6.784941557603723084e-01
5.048792373850045090e-01 5.232083817359226563e-01 5.683242161749975097e-01
6.002521300795876646e-01 6.864744100043106423e-01 6.219705388252648737e-01
6.624736746119433972e-01 6.274565321527267869e-01 5.712734789971438687e-01
7.189314403510955742e-01 7.373891198465267749e-01 7.670417987287855288e-01
6.418453261481037453e-01 6.334371411460530954e-01 5.935145361578366696e-01
7.849523429000667685e-01 7.564415529388168746e-01 7.549636351356324715e-01
6.205383546494205316e-01 6.707224844116010942e-01 5.730479488034341262e-01
5.114220519876067073e-01 4.813350863491771547e-01 5.070198342327534302e-01
4.758936616327101299e-01 5.157334041437523497e-01 4.613180994844203742e-01
6.561482181920891277e-01 6.147208584039983714e-01 7.178277126168967071e-01
6.872709562711180054e-01 7.115854868079019013e-01 6.810269915457064505e-01
4.532791019940142774e-01 4.527204049480786918e-01 4.522168898653161073e-01
6.723860056409920460e-01 6.831403257174977206e-01 6.377693202778933479e-01
5.478193770186225997e-01 5.810991956418690707e-01 5.633620588985136513e-01
5.449072224155679933e-01 4.032304138906520063e-01 3.781188359967371238e-01
6.649598100872671225e-01 6.686509109572130738e-01 7.138199598747329011e-01
6.653458527205279305e-01 6.931627452818955870e-01 6.962640827590067527e-01
6.829588763059187828e-01 6.438924605474838359e-01 7.072230908198808841e-01
7.956401935484156418e-01 8.015217827892692215e-01 8.679374348007444784e-01
6.520368181681774900e-01 6.582704142979789452e-01 6.876613424813249331e-01
4.320048511778109557e-01 4.787162305144876395e-01 4.702079875133102216e-01
8.000565676534160398e-01 7.765184117117924778e-01 7.617011507431924455e-01
6.315756539373189593e-01 6.207845174514697861e-01 5.954857166990408235e-01
6.378648991017512593e-01 6.801843340715288955e-01 6.200139570410675427e-01
3.324265001679141407e-01 3.156085612889056868e-01 3.584384455784547785e-01
6.949583148174817149e-01 6.670813588068248423e-01 6.609193675830344894e-01
4.659803523124139146e-01 4.893399134858958388e-01 4.089404640055890328e-01
7.054157386186805656e-01 6.406290059351920085e-01 6.720210866590837773e-01
6.239537871372968780e-01 6.014470861475152974e-01 5.840468270929648487e-01
4.984151047135839119e-01 4.962848306529339393e-01 5.378585387202368118e-01
7.311162108024422679e-01 7.516505645817331827e-01 7.569724870358250923e-01
6.841275488064071375e-01 7.373648741232950998e-01 7.163957560123888069e-01
5.660063405058929353e-01 5.737936683700027851e-01 5.020623469372682557e-01
5.677156332672991246e-01 6.256434333050935326e-01 5.324914453897411359e-01
6.814398775340703152e-01 6.542110181487946763e-01 6.355609398452691794e-01
5.861717433496543839e-01 5.595852949520356834e-01 5.611888826693831600e-01
7.279341105557991520e-01 7.468142152625234509e-01 7.496514818396883273e-01
5.009821871892609080e-01 4.946204616554035205e-01 4.535590341979546247e-01
4.725295361871141298e-01 4.502024069704684828e-01 4.566841084409048457e-01
4.897191406701960625e-01 4.703248478467348948e-01 4.209166425917099663e-01
6.705656949972513825e-01 6.222379617090953996e-01 6.848852251497463683e-01
7.410039773995928947e-01 6.501811125438807792e-01 7.204270820424989452e-01
4.641312052561407109e-01 4.573045385077606495e-01 4.777672623965070753e-01
6.678315890271853128e-01 7.256452118687257702e-01 6.679603399652179752e-01
5.672107548710449976e-01 6.086572418180075106e-01 5.353416806692941066e-01
6.183571826330709342e-01 6.151657835317178025e-01 6.236952600310130546e-01
7.571397001537431004e-01 6.779205661482481382e-01 7.145365189253893856e-01
3.931651906837224097e-01 3.681957286996111467e-01 3.760203340266358718e-01
4.048699251245984065e-01 4.205651249812401016e-01 4.042710500859891809e-01
6.486051004960247113e-01 6.272935106592568699e-01 6.328298613828969854e-01
5.875381536875209365e-01 5.571535004612340192e-01 5.536265815054844941e-01
5.944019714030792656e-01 5.871582366891020532e-01 6.535514684670057362e-01
6.723690646276316851e-01 6.937662031677132024e-01 6.523636969641902761e-01
7.002646054835007794e-01 7.469624917654645868e-01 7.079176313149374566e-01
3.981139216499152700e-01 3.519636470799938355e-01 3.647801024523523172e-01
6.771379534661096100e-01 7.184356524883357409e-01 6.770611597533767734e-01
8.059048113676948732e-01 8.157821165371831329e-01 8.616674523232229488e-01
5.500714497284161508e-01 5.263886758150705392e-01 5.392743582323058504e-01
4.096339317351756493e-01 3.999039155684369073e-01 3.762888397775303040e-01
7.043572860753889442e-01 5.979448465476329133e-01 6.110119985060143977e-01
6.135503352407565281e-01 6.280160174705941012e-01 5.463948735119178446e-01
6.666975316276244623e-01 6.591728596186389177e-01 6.392443695559167915e-01
5.218300734189459389e-01 5.415335028202141743e-01 5.214946618878850693e-01
7.355514606063369154e-01 6.788149545067060364e-01 7.715255923111127290e-01
6.302351318818849579e-01 5.439647780076947159e-01 5.956049689388486224e-01
7.643130941372923148e-01 8.113622621794522871e-01 8.246931130886908656e-01
5.352110181152132107e-01 5.495235482943063854e-01 4.876945639529062237e-01
6.494387557558034541e-01 6.518725390741260117e-01 6.459886193551759304e-01
5.801771960324969557e-01 5.921365011165424797e-01 6.817967126634904007e-01
5.842624355641494738e-01 5.848908600651137046e-01 5.694587746614913071e-01
4.513695569182901157e-01 3.949376682887594248e-01 4.887974934303425667e-01
8.615875120274922860e-01 7.700009996963489423e-01 7.532772137839304216e-01
6.683857682841417569e-01 6.996507321752853947e-01 6.772569015634348766e-01
8.561753830524440056e-01 7.797021396786556480e-01 7.793896830759706740e-01
5.877964694991490990e-01 6.487627354820509895e-01 6.436031543761985274e-01
6.771391691041851457e-01 7.175006014259001086e-01 6.991503028471708348e-01
6.859499513827314043e-01 6.024607165441620005e-01 6.251256461342532544e-01
7.086655364829145265e-01 6.627644656659892330e-01 5.972345237967021658e-01
4.080368808994717655e-01 4.582224942523507871e-01 4.680615620953656464e-01
6.006758076241972555e-01 5.680751244746415907e-01 5.572426918698238918e-01
6.054329860799826379e-01 5.806964950852284701e-01 6.388961886937302159e-01
6.494869670269606265e-01 6.973116123778283493e-01 7.338934188135326497e-01
6.105847310900173186e-01 6.350378129981731901e-01 6.141030878552770078e-01
6.570423967758420858e-01 7.207020968976504127e-01 6.475366171417338279e-01
4.666759537142616820e-01 4.810705562672155655e-01 4.595832847917192820e-01
4.890913243683331912e-01 5.191062650812411361e-01 5.505933332092526333e-01
5.818902871679981770e-01 6.407579301979685615e-01 5.610935198642150734e-01
6.596619032373814973e-01 6.615659583886444040e-01 6.573237616110768622e-01
6.662079251942448765e-01 6.746091774257749751e-01 6.962084154584672335e-01
4.212918971486897535e-01 4.353614808197745489e-01 4.087395237531947223e-01
3.722308311794839675e-01 3.197633075684719328e-01 3.544251205605379318e-01
6.515966842363030143e-01 6.189417174116182974e-01 6.474130741105249554e-01
5.172769141280723071e-01 5.173880685354589337e-01 5.384376255077646389e-01
6.029409475072361468e-01 6.502786633971313623e-01 6.281171676962353789e-01
7.491275253424921621e-01 7.182687789373888299e-01 7.766847463894618331e-01
5.420242911014394593e-01 5.769678524361420147e-01 6.343559161085753351e-01
6.941092814243031706e-01 6.999526382836323002e-01 6.956130347850922879e-01
7.657824304521392289e-01 7.297460587984597735e-01 8.114626135564153575e-01
4.762636264846873968e-01 5.473126106832503224e-01 4.883119909474006870e-01
5.412465127241470331e-01 5.782494427556977845e-01 5.679567684037920561e-01
3.501171843280427298e-01 3.266823363104292555e-01 3.485000455778060058e-01
5.184981665167107678e-01 4.938502777470269445e-01 5.264608552484487669e-01
4.438889139904171888e-01 4.090212394734064616e-01 3.676594589020175663e-01
4.557314312666250755e-01 4.374276036441264726e-01 4.314345704705765394e-01
5.166581659386937364e-01 6.260353046981597114e-01 5.148777034909232109e-01
5.635008223502897540e-01 4.978716505678868476e-01 5.333564886454091880e-01
6.046832586945541932e-01 5.731004173553674308e-01 5.498654513617063921e-01
5.260276488192758837e-01 5.646392597452637441e-01 5.623912325047530913e-01
7.017643293106666791e-01 7.870341963499326576e-01 6.760459755093032319e-01
6.110517158439758845e-01 6.441911200908538859e-01 6.215253081558923531e-01
7.878749370756901182e-01 7.396121603235260578e-01 7.444935881550499568e-01
5.106486280953218548e-01 4.291759224324313560e-01 5.086327329320526891e-01
4.385704271892654771e-01 3.487476385336472084e-01 4.301618681903259245e-01
6.602948531574581725e-01 6.572495162342747443e-01 6.490821864029187038e-01
7.028543219725796876e-01 7.041958139762762858e-01 7.389274465997397456e-01
4.629811782683647126e-01 4.899789504549769137e-01 5.076010005343482012e-01
4.530911213168483109e-01 4.453863384370993495e-01 5.189343443630233255e-01
4.935059920915487175e-01 5.086113948530541773e-01 4.954183103117354436e-01
5.900477548806848382e-01 4.984611104524547254e-01 5.043969076316491273e-01
7.843265226641664700e-01 7.017536521778346970e-01 7.105254219315980668e-01
6.959895588031801417e-01 7.248502212533913802e-01 6.902998027225270006e-01
7.458917412065743102e-01 7.205988004477439368e-01 7.221370184449571461e-01
7.764399781230896247e-01 7.668174660055575576e-01 7.682270481739225110e-01
6.226620765360925125e-01 5.596946747779981690e-01 5.298524532330892711e-01
5.082884602993209544e-01 5.480567963124651776e-01 5.275143158441886193e-01
7.761371280162857600e-01 7.528292073118452166e-01 7.232514718390814501e-01
5.583517598077225585e-01 5.460424012042199848e-01 5.468886343213472667e-01
4.983876899744222877e-01 5.053040780917552599e-01 4.861931916159495382e-01
5.472153615533252857e-01 5.514399762959338869e-01 5.914496434128715396e-01
5.752899137478426628e-01 5.493198226580860988e-01 6.470721090314840440e-01
4.894317686040400850e-01 4.556006625736518934e-01 5.076203233790682612e-01
5.103307240429948433e-01 5.181411432309682707e-01 4.457614296988613445e-01
5.876630939007432275e-01 5.455800631503018305e-01 5.120080151260517631e-01
5.566725976237719697e-01 5.102056675496923210e-01 5.010141308698268237e-01
6.091293098482762902e-01 6.116839950331970366e-01 6.205156011036400132e-01
3.650208141414737484e-01 4.226835814710135364e-01 4.171069750697929956e-01
7.088495683871292030e-01 6.325212195264782178e-01 7.447009376536531944e-01
5.796730389602636757e-01 6.116305273393690678e-01 6.294175843303583262e-01
5.087077271088347175e-01 5.094888308038078018e-01 4.656152999301332862e-01
7.108215081757917053e-01 6.491634116252451570e-01 7.736088892206824941e-01
8.207715775019537308e-01 8.559528374074140133e-01 8.294499891323440233e-01
5.586602412695004238e-01 5.660288863604199250e-01 6.838582682096436827e-01
5.618366076681490240e-01 5.617304003194076856e-01 6.012389105989882632e-01
8.083469253553121625e-01 8.164644909391607364e-01 8.341588858770879744e-01
6.640604782515390214e-01 6.404047778564846416e-01 7.054006305977964519e-01
7.455217294846318010e-01 6.838622321824370243e-01 6.878313577330427142e-01
6.508478579996069824e-01 6.169391169324882629e-01 6.262827473203007589e-01
6.163634361241797643e-01 6.128958083218494224e-01 5.532195415223988277e-01
5.318669965480090633e-01 6.189381895974478409e-01 5.676465609013404690e-01
5.867374805315416220e-01 4.874758076070792034e-01 5.458093233518445109e-01
6.977184290337625772e-01 6.541607810336250717e-01 6.551398983777884100e-01
6.907229922204646266e-01 6.692285196496426947e-01 6.290517667083858067e-01
7.642213703223006416e-01 7.138765120934710273e-01 7.001987244266466570e-01
4.538048224024572863e-01 4.591268699681047560e-01 4.685721630529833814e-01
5.056802282865637821e-01 4.893564138941625119e-01 5.254819346936722146e-01
5.430157137892043240e-01 5.162653888869273011e-01 5.281717269682955074e-01
8.707157527295442678e-01 8.792816657093140975e-01 8.456004768636780078e-01
4.858377290154304862e-01 6.029429653517351939e-01 5.993322871796806783e-01
5.930200893123780403e-01 6.146534219449477643e-01 6.117771235131039820e-01
8.169676773200625908e-01 8.341903826669540001e-01 8.602373333892050500e-01
5.814908887130740833e-01 6.185225330631058949e-01 5.892578503315855087e-01
6.517177911371980770e-01 6.795417846994695754e-01 6.567936598170203144e-01
8.060022270278406342e-01 8.000346966732053700e-01 8.692180490965858430e-01
5.824098548950901177e-01 5.628385447697387134e-01 5.125972209385170064e-01
6.572576060689958588e-01 6.645971511190036374e-01 6.394601455661738099e-01
7.063680938944096876e-01 6.871420132625585264e-01 6.910901837053754493e-01
4.729534233145774036e-01 4.587836495386571900e-01 5.417873645411348527e-01
5.222523737319098025e-01 5.549189882438950727e-01 5.908594787219211275e-01
7.095451106816863529e-01 6.629065834283845993e-01 7.044921903706248267e-01
3.278236144962735632e-01 3.703016910939492812e-01 4.205973335276665948e-01
7.586810314072109929e-01 7.561107481887140436e-01 7.337403977737386729e-01
6.087605593935330184e-01 6.570918135212761024e-01 6.939417530808880130e-01
7.604462628502681731e-01 7.875292552919083144e-01 7.472823620496313879e-01
7.384334908997679525e-01 7.158054726106610754e-01 6.966245302598126354e-01
5.661683262443447662e-01 5.899810767171839165e-01 6.183718573853794753e-01
8.237269361269002887e-01 7.585842284262381829e-01 7.672721351516448296e-01
7.281264751615788011e-01 7.006871000658367876e-01 7.258854020948040109e-01
5.595689275936892582e-01 5.035848310295218955e-01 5.025198906087653405e-01
8.071309703180984396e-01 8.571166696619010317e-01 7.602819617861253931e-01
5.171341902011861169e-01 5.273070246457521870e-01 5.252311671838907348e-01
5.577949350331415923e-01 5.936184760190831300e-01 5.824947618010082317e-01
6.285778397124962558e-01 6.059642200890904551e-01 6.348416135092572743e-01
5.739542616427331101e-01 6.101018383132424949e-01 5.864287089981087275e-01
5.559910751311409882e-01 4.358048809144838276e-01 5.155478475933880089e-01
8.052187271911116495e-01 8.046705905378997992e-01 7.957648943632690264e-01
6.800651616443540437e-01 6.764840785486005981e-01 7.243020606324699351e-01
6.035289366924365684e-01 6.677758588180917609e-01 6.423469265397031558e-01
5.292178138920964336e-01 5.467604885847319185e-01 5.101038005256213204e-01
4.938272309375135172e-01 5.124188946335026529e-01 5.275760899030199624e-01
4.195829612123814778e-01 4.129735431193772288e-01 3.974657339135759804e-01
6.815226174234717549e-01 7.023313453094649494e-01 7.362226201751387311e-01
6.190290352186024192e-01 6.737579021531491241e-01 6.435311523566892289e-01
4.850991811646004348e-01 4.954988982080841264e-01 5.377754409589294848e-01
9.597114798455492757e-01 9.841669060941703462e-01 9.995034056158110802e-01
4.857079242819258846e-01 4.529497327136178253e-01 4.260094782657081747e-01
5.423622344889638125e-01 5.336926714531728955e-01 5.634329316155295420e-01
5.025719411567707295e-01 4.489586192464440351e-01 5.199966327562023372e-01
6.273796886249761728e-01 5.600605327139965839e-01 5.731363624232078680e-01
7.690116332144950606e-01 7.476772509486565577e-01 7.522955130939551482e-01
6.354287884645212214e-01 5.878999682757066747e-01 6.112580925991255576e-01
6.557110857572856499e-01 6.247300480761499575e-01 5.647365720724385474e-01
7.648978527517437120e-01 7.347240990856648279e-01 7.427320231872540646e-01
6.394792818978549676e-01 6.008175805066957587e-01 6.359771832914026257e-01
7.137788068990530421e-01 7.512260194086275433e-01 6.594706882244970592e-01
6.632810800118813521e-01 6.422355177316555475e-01 6.890903429599017915e-01
6.914852712895058762e-01 6.354872620000355798e-01 5.936580408868279424e-01
6.813400163728208225e-01 6.392751868393055092e-01 6.476461646388461668e-01
6.304543965992399635e-01 6.588528162914237818e-01 7.292856134996223982e-01
5.427445158834788286e-01 6.811343750311789069e-01 6.073233721333102242e-01
5.380919262926349145e-01 4.874205629657855643e-01 5.512911714953626641e-01
6.756187468305464572e-01 6.922173998843581533e-01 6.846828651809765409e-01
7.920987555341212349e-01 7.957115188615550005e-01 6.997161458406097045e-01
6.972101451602538136e-01 6.929458044338754341e-01 7.045203240144168877e-01
6.354917914043843874e-01 5.987507793436254167e-01 6.260372707900361267e-01
5.730457495338578955e-01 5.546813996923201096e-01 5.206699086363842932e-01
4.098801956669888558e-01 4.323449779438699458e-01 3.603327732993499843e-01
5.774814899856797190e-01 5.193569512251930975e-01 5.248142982761000441e-01
5.301631210007087258e-01 4.551374599344740757e-01 5.564467710731133554e-01
7.551008838642565557e-01 7.552617567090753603e-01 8.229654189051729407e-01
5.533654525644305933e-01 5.690395963027483628e-01 5.069960506224845398e-01
8.987913280272938898e-01 8.543255479422087184e-01 8.870544935840621870e-01
6.951992746738404616e-01 7.408552379830997126e-01 6.864866926978521189e-01
8.123553050446180590e-01 8.419876175512479577e-01 7.623092420697896721e-01
7.134078673089805367e-01 6.775444831178248917e-01 7.228875336593552081e-01
9.064530439732365608e-01 8.158395120766550601e-01 8.447971383621197816e-01
5.747621517696375193e-01 5.828363181767097778e-01 5.937091621330689017e-01
8.142635577530936697e-01 7.655343530575160482e-01 7.486843062332608767e-01
5.821493108536459626e-01 6.320018939165353844e-01 5.988730671268396311e-01
5.000369096630805643e-01 5.006660416772539257e-01 4.787097647642801213e-01
6.495246230153632894e-01 5.775929601356026843e-01 5.801719403766361083e-01
4.153925814817529538e-01 4.545204993010606986e-01 4.077085921116687106e-01
5.700212947309715172e-01 5.764739287400388879e-01 5.526139309134684430e-01
5.850918702440671693e-01 5.506688608758201209e-01 5.065325525590569367e-01
5.650875216469665174e-01 5.987442415450300315e-01 5.827015341697516781e-01
5.002790096707738776e-01 5.080706113253165013e-01 4.939131151829888600e-01
5.220297872531665107e-01 4.999663586049788444e-01 5.390821878359834951e-01
5.667065921230928227e-01 6.303478764071380747e-01 5.694980545232274372e-01
5.623972941108253965e-01 5.717717077944481918e-01 5.657176530582118668e-01
4.298862877906091118e-01 4.616748911538557931e-01 4.194282954525101470e-01
6.534552947231112574e-01 6.374526734979507614e-01 6.767135029409736546e-01
6.197240101065389917e-01 6.870407928284072430e-01 6.909774067778099438e-01
7.141284546306430059e-01 7.244388804806782822e-01 7.253691066171658042e-01
6.172115104416198150e-01 5.223442768677921677e-01 6.394192525769590851e-01
4.555153215478216500e-01 4.868232003238435190e-01 5.078862571008837534e-01
6.158316077295317159e-01 6.037200605164825262e-01 6.772928667494677590e-01
6.774062959518964977e-01 7.245395366203748466e-01 6.861217687817930955e-01
5.942248713305108287e-01 6.572602428163217825e-01 6.224571788532528016e-01
5.720381914344015994e-01 5.482717188783949869e-01 5.351080124323964737e-01
7.694826671756039849e-01 7.373304014606966161e-01 7.407394565854424906e-01
4.793995043944781487e-01 4.635686782965591224e-01 4.053650128288918686e-01
5.808589112952293743e-01 5.388130547083781474e-01 5.777341500117124662e-01
5.440548298709872999e-01 4.212074969273096881e-01 5.256335016561923812e-01
6.885693976796387616e-01 6.836015620271372883e-01 6.855859571588734935e-01
6.081582672966958647e-01 6.075357378864263413e-01 5.655719687438556242e-01
3.410897548479950858e-01 3.356912120353011675e-01 2.507929181313832134e-01
7.028597699057896886e-01 7.184320077998164189e-01 6.985735528724139609e-01
6.380244759652463626e-01 5.925983310264459902e-01 5.533885328399149595e-01
5.230877103509603554e-01 5.670447426684873671e-01 5.573214376884808585e-01
7.427618631877925814e-01 6.475102626875646195e-01 6.654139982343258986e-01
8.685687835729041240e-01 1.011731523394652887e+00 8.820153358193576487e-01
7.332951725681761124e-01 6.819295374865397275e-01 7.282992274071353744e-01
6.436566438070838725e-01 6.995102243784150353e-01 6.628442256847127956e-01
6.764580907422970135e-01 6.461966308437298023e-01 6.878953184241686225e-01
6.399136653955799225e-01 7.018558892230657431e-01 6.510150402260513891e-01
6.284858546532247070e-01 7.221427504803396014e-01 6.660956532667487995e-01
6.031129806037370811e-01 5.765651642484173056e-01 5.592638556065228084e-01
8.813258928900798983e-01 8.947379752241463313e-01 8.998405023431144123e-01
4.078503899946360201e-01 3.632107365218042450e-01 3.841154349337626561e-01
6.647548154306378576e-01 6.802114640437491033e-01 7.049357227771998469e-01
5.884869999525794704e-01 5.831604577332659689e-01 5.417551669822192606e-01
3.765454718860349881e-01 3.759521052558031373e-01 3.470914212757287287e-01
5.294117371111237702e-01 5.953427325764385492e-01 5.747384204752303827e-01
5.677446499642412325e-01 6.008489903183446001e-01 6.068077751698667255e-01
5.495633694146052628e-01 6.087582745704114284e-01 5.759061469250654763e-01
7.800586605729877832e-01 7.462403563674794293e-01 7.900767699743318495e-01
6.232577082206376407e-01 6.374170381913453198e-01 6.394893896068548633e-01
6.892600897396743420e-01 6.311214190371828847e-01 6.824437918860454255e-01
4.623873729499414220e-01 5.282695143651106040e-01 5.823439668485883569e-01
5.969599827694991312e-01 6.007917489813014988e-01 5.613979138058953211e-01
5.459413277846394408e-01 6.165332053502168286e-01 5.432874597312983278e-01
5.130604253047634788e-01 4.706712821232770239e-01 5.047885017820609166e-01
6.222153951834233920e-01 6.853180366810740498e-01 7.104359357606504499e-01
5.565413920564697969e-01 5.767907858233266571e-01 6.168690960874552154e-01
6.651002807636319236e-01 7.720843802136895251e-01 7.322766866278282993e-01
1.973737944686152213e-01 2.416196717341208555e-01 3.093102504456435309e-01
6.555497575646413999e-01 7.075046187771071304e-01 6.537842897693081357e-01
5.439547943124883878e-01 5.037710002650074292e-01 5.224426423813685050e-01
5.464420337243135473e-01 5.288307876992573986e-01 4.834239742657717165e-01
7.458918180424917166e-01 7.334218302237772713e-01 7.274393438356118180e-01
3.417686228825606021e-01 3.887502839935905175e-01 4.116063346857259941e-01
4.882896276135498814e-01 4.849454267145038577e-01 5.368057123461512647e-01
6.132224464675979370e-01 6.677820597816118697e-01 5.828930710221038591e-01
5.681639162010763133e-01 6.216820906578044426e-01 5.571810832237652500e-01
5.720811585206425631e-01 6.522971570943510988e-01 6.560206527255424414e-01
5.136487735254320341e-01 5.594294423098191693e-01 6.239911236413240303e-01
6.332646434523998558e-01 6.715430010417953177e-01 5.809235967159827041e-01
5.745428926763889166e-01 6.525255636083455713e-01 5.952125558650648296e-01
6.251204588897124603e-01 6.332941967103888903e-01 6.318865495149401657e-01
6.138967859132866689e-01 6.449822432843074216e-01 6.739270623062526555e-01
4.584026639750946042e-01 5.358971247052355391e-01 5.085829450803245333e-01
5.144157222426470888e-01 5.248405550843828760e-01 5.025699927875455497e-01
4.430836700757957436e-01 4.791071401068001667e-01 5.417424892240347845e-01
4.691082632316913026e-01 4.729182053439207056e-01 4.712612252962480874e-01
8.004109094989135809e-01 7.814160990316562083e-01 7.677399365890562599e-01
4.306545570127969791e-01 5.366620874247755024e-01 4.971335521231234345e-01
6.155582242456015818e-01 6.639853443217327289e-01 6.793842804635646937e-01
5.465519567008624291e-01 5.831364674071670695e-01 6.190774938126882843e-01
5.129094293263289916e-01 4.899446990967509241e-01 5.294905958911269028e-01
5.227893535249207302e-01 5.110917854215887290e-01 5.880052059168882073e-01
6.083446042792425290e-01 6.817388890474229690e-01 5.650259983588447055e-01
4.535653005269725258e-01 3.696881319348471751e-01 4.170502663633056106e-01
5.564543803675232603e-01 5.763547507983598495e-01 5.435874883513768241e-01
4.904925964541354544e-01 5.128567381530177993e-01 4.624081003169689952e-01
6.777177639124016828e-01 6.422029534212864155e-01 6.470554688339735794e-01
7.689423876171563865e-01 7.799042375049315412e-01 7.290526710223848017e-01
5.525362421117426814e-01 5.741032588690618832e-01 5.562513838883585970e-01
7.148489803492104055e-01 7.069238156566364228e-01 6.708517198130637960e-01
7.251174090631008484e-01 7.142759311892846741e-01 8.042173712173055211e-01
6.381754867372424478e-01 6.638910097714059155e-01 6.856332585522227907e-01
3.955323485613598256e-01 3.040506639951949253e-01 3.801990962024052179e-01
6.598020005453270054e-01 5.943416422825389400e-01 6.755715931667827245e-01
6.641973797696402171e-01 7.131022400279466433e-01 7.069148235363944544e-01
6.484811176188318704e-01 6.374387265200538444e-01 6.324608835463012557e-01
5.838241355999290727e-01 5.974140414272541832e-01 5.759145887866420344e-01
7.993506727376806786e-01 7.943381201259296365e-01 8.721306980283853871e-01
6.297960013653151057e-01 6.239310790240580884e-01 6.148632543426079122e-01
6.555213810816044040e-01 6.670636980661603932e-01 6.333716053133079393e-01
5.726371445114262215e-01 6.773963541479616213e-01 6.018142348614589077e-01
4.964106353875307187e-01 5.243957692285524663e-01 4.736433698126249481e-01
4.360423242438641322e-01 4.423653413911506349e-01 4.749911230213888502e-01
7.223015706768454169e-01 7.897339574572166399e-01 7.462962348399910795e-01
7.188396740915010685e-01 6.938742414058268748e-01 7.396716312104106850e-01
6.081529566901985318e-01 6.191786041727004308e-01 6.182951423817255598e-01
5.088376733152168985e-01 5.471170163562723010e-01 5.929260866505292604e-01
5.423863674792518408e-01 5.765491667248413554e-01 6.175058469326222266e-01
7.017754032822145493e-01 7.068769269726319360e-01 7.382305229282981607e-01
8.186003102513527141e-01 8.323356186332205864e-01 8.030075621763211879e-01
5.327145573357745523e-01 5.752028341358564889e-01 5.870219857890873749e-01
5.479134359775698071e-01 4.902461027155865514e-01 4.791284042822361311e-01
6.309487105416087260e-01 5.765670823699076131e-01 6.016585208438430810e-01
5.967281647852256121e-01 5.388866678901796936e-01 6.607056557080116521e-01
5.236539053346044303e-01 6.098391393307879271e-01 6.203063137051803011e-01
5.707553635255169233e-01 5.721068704264339333e-01 6.252601715755848888e-01
6.285898203322822786e-01 6.434297022120087917e-01 6.160074896839837777e-01
7.196653674685982160e-01 6.391302795491565769e-01 6.453218721462291585e-01
6.281993796526712526e-01 7.022586892087185895e-01 7.013915485545796358e-01
5.483569886475532229e-01 5.901347047038149052e-01 5.514285837003038981e-01
6.496284961757043952e-01 6.449072942916624918e-01 5.577914804114013636e-01
5.906113042983346384e-01 5.735611809108275283e-01 6.195363590687680277e-01
6.765597850487308218e-01 5.893829636081032719e-01 6.167172678956827081e-01
4.857765420615157703e-01 4.345974396193145739e-01 4.764336057787304513e-01
6.510820697319762429e-01 6.098813217112857288e-01 5.844122456621448913e-01
5.586786032695514326e-01 5.125319555234093549e-01 5.240747750225830393e-01
6.204119078899936746e-01 6.304721790073105625e-01 6.695239516175097716e-01
8.139135729052234813e-01 8.202493278005934529e-01 7.628703543619884675e-01
5.779868857291402540e-01 5.400912594609058592e-01 5.273148744547916378e-01
6.618201165370199979e-01 6.429201211599545607e-01 7.055292856708870186e-01
7.548072938661873899e-01 8.286747783908491316e-01 7.403852111413682380e-01
5.812615020048578218e-01 6.390027235141553241e-01 5.251448026950009673e-01
8.664900700253288512e-01 9.274373183331601211e-01 9.630165347730913483e-01
7.944725070756871732e-01 7.743523123732777291e-01 7.937172320063022868e-01
7.659791307930459148e-01 7.552137532591369773e-01 7.155424081341534848e-01
4.918156413343484634e-01 5.800221350490289973e-01 5.391040397170898668e-01
6.309935191357199935e-01 6.431232476253083696e-01 6.323079849655022233e-01
5.484568757074408385e-01 4.854249465413331133e-01 5.129299420612490890e-01
7.333431460097226129e-01 6.989540830880606181e-01 7.296445793808005176e-01
6.392518755305414135e-01 6.271858700577698231e-01 6.092825490666150534e-01
3.736149246851031003e-01 3.878580072534010270e-01 4.435852610308901878e-01
6.526393800743562901e-01 6.145411590003929669e-01 5.884558299988343899e-01
5.187962231894724940e-01 6.275357451323401170e-01 6.090528287865728529e-01
4.151813114603518651e-01 4.412052780912251171e-01 4.402085202912919826e-01
5.468929491031181422e-01 4.902720402029060454e-01 4.570059452553091317e-01
5.991939558298142732e-01 5.757434033355363079e-01 6.153694085236363076e-01
7.143266375060596252e-01 7.453831931924451704e-01 7.084273593645098455e-01
5.410526283507499645e-01 4.524985477734242978e-01 4.544872186772727640e-01
5.981596088348590801e-01 5.961477338679622706e-01 6.685738104427684236e-01
7.480542104168153017e-01 7.114137365930710555e-01 6.763877028372536904e-01
6.134919991505497494e-01 6.897431782623808516e-01 6.468137287182503803e-01
4.720997642667546512e-01 5.712943972581737695e-01 5.121213350610769321e-01
4.374649605933234042e-01 5.063725797400808748e-01 5.212248899570530725e-01
6.526558698089497401e-01 7.823783963162592725e-01 7.237646536283189880e-01
7.169768177281776733e-01 7.877800985251219856e-01 7.409275043150682638e-01
5.714741995143665099e-01 5.524829086378668652e-01 5.682939125528638780e-01
5.926430964450007943e-01 5.330350051378727194e-01 5.423654364644705517e-01
6.288941314557587869e-01 5.383624340051496038e-01 6.199476631141883631e-01
5.917033117485169802e-01 6.057063473800605724e-01 6.439642797623296167e-01
9.134372541567777892e-01 8.222570241732568563e-01 8.934175862127420320e-01
6.615117105733964165e-01 6.975291487830824755e-01 7.412550887582787240e-01
5.962546017005753152e-01 5.319757963332792938e-01 5.894408735749897543e-01
5.553049984762921110e-01 5.081480990993751945e-01 6.250447587585151732e-01
5.355974892409889332e-01 5.312683865075192857e-01 4.081424143912537050e-01
6.714778252242218359e-01 7.187827923753589143e-01 7.118382555025339897e-01
4.900669188205393767e-01 5.069853097504850581e-01 4.873259917634025218e-01
8.539172972157803576e-01 8.906575421323683628e-01 8.504466766845827363e-01
6.203382903004083238e-01 6.160723889614070359e-01 6.066104680659611947e-01
6.025587098494660232e-01 5.856391947402674880e-01 6.142162315402776018e-01
5.404822051363138424e-01 5.315285089185031175e-01 5.509768707245642494e-01
6.642501658215225202e-01 6.802680194336723218e-01 6.609828143635948505e-01
6.228122627794752120e-01 6.371465641278619696e-01 6.274918837386376236e-01
5.912798211181842234e-01 5.485703031073659863e-01 5.516454022163277404e-01
6.331609350856265417e-01 5.961453209363231087e-01 5.820733614897470876e-01
5.598116025283830233e-01 5.744964676886010757e-01 6.027354138705329767e-01
5.408263449483156071e-01 5.235776141096639691e-01 5.034491257988317203e-01
3.608757869026150700e-01 3.548038645891851139e-01 3.132523781996734424e-01
6.159433457395336875e-01 6.088984621038324718e-01 6.003363025635625183e-01
4.453094139010761454e-01 4.242585773286324802e-01 4.755668320299754614e-01
8.413216444596753885e-01 8.817108625726892690e-01 7.780102009208073044e-01
4.879625091145706195e-01 4.978431604293215851e-01 4.896491023813650534e-01
5.718508404472907314e-01 5.639924503950953794e-01 5.703337483305375155e-01
4.722782053762890064e-01 4.630855564756498621e-01 4.862633659588428414e-01
5.270432134174118932e-01 5.343052868201823014e-01 5.416384766008904839e-01
6.601111732262686660e-01 6.904670091614539817e-01 6.262305041360407554e-01
5.191200258511915466e-01 5.486902780330964458e-01 5.037002952106111042e-01
4.721837012658192112e-01 4.684104748082173475e-01 4.669369239214931078e-01
7.214449531798862170e-01 6.912872953913629104e-01 7.020363467497109378e-01
8.335007137305648905e-01 8.325975079545796520e-01 8.467700264240621832e-01
6.191229218784225496e-01 6.789421099576486984e-01 5.942716841545917505e-01
6.107130111224708946e-01 5.649151317901008884e-01 6.056017018708856892e-01
6.559542759913670196e-01 5.893348695676897675e-01 6.598489137714911301e-01
6.419721502265066659e-01 6.083746081456264942e-01 6.123119345003927849e-01
7.211592613893250681e-01 6.932008990917490898e-01 7.009464796223853211e-01
7.088106906723932177e-01 6.633778892325966625e-01 6.852971745263150005e-01
6.896394322846024494e-01 6.193791339096366144e-01 6.033851128580007828e-01
5.957592745601477668e-01 4.743637885568543489e-01 4.515640938185347397e-01
6.788542605829821497e-01 6.705920333739594508e-01 6.036130109841139069e-01
6.803860028531696358e-01 6.848163624506538039e-01 7.250988834115040804e-01
5.707657066436501170e-01 5.829956752749085869e-01 4.913956466609176732e-01
6.658549200567396298e-01 7.242572870618225744e-01 6.624590286315140686e-01
4.799522563534809327e-01 5.039178782343834984e-01 4.790340002188955282e-01
4.790251319712851008e-01 5.634032534710542439e-01 5.370370154036887556e-01
6.739496451049326042e-01 7.182305002811494310e-01 5.782526782046284453e-01
6.415432784544958800e-01 6.317792882011252775e-01 5.928279656136897779e-01
6.298466120087711229e-01 6.105652331571436164e-01 6.345700847694545343e-01
5.223321743757516344e-01 5.208931698526864107e-01 5.329721691454752941e-01
6.700864452229763346e-01 6.610030905649386668e-01 6.256675374624458552e-01
6.687851892106403406e-01 6.891078220086699346e-01 6.329948446790689687e-01
8.394664484219880318e-01 8.833861195974674896e-01 8.498564340654993776e-01
7.300128703077445325e-01 7.152682726316702544e-01 8.206492332745182194e-01
4.909305228151155109e-01 4.663635748684119009e-01 5.615430607619510406e-01
5.695595910027986264e-01 5.279540931537932691e-01 5.435147319474343819e-01
5.529199224235863408e-01 5.665725908007127609e-01 5.255179605453849101e-01
6.263560297822751144e-01 6.986247768806989056e-01 6.565021081694601968e-01
6.120182311312956092e-01 5.753666738695821792e-01 6.614287089776315076e-01
5.544907032485610898e-01 5.715142355032506449e-01 5.615129585301703585e-01
6.370795731653280392e-01 6.946529647526438200e-01 6.647000272562226808e-01
5.192767468398991060e-01 5.014060238160862326e-01 4.538366467602940602e-01
4.652695766780873821e-01 4.144911980804452112e-01 4.988543428120972290e-01
6.313596903392860726e-01 5.920508562048436563e-01 6.364203285625097406e-01
7.594966453428954045e-01 7.520041605871014001e-01 7.627559103882978198e-01
7.416036817095907896e-01 7.076102921883417052e-01 8.031032646912743544e-01
7.325781144037420978e-01 7.174348219669508531e-01 7.670603837287750526e-01
6.465459299765059509e-01 7.684177829406195759e-01 6.934431572441266400e-01
5.264779035470943391e-01 4.876046974995358330e-01 5.069973391989945899e-01
5.327611185529085303e-01 4.761988431686949297e-01 5.196105433417159691e-01
7.349646544349949240e-01 7.112630043083847386e-01 7.104253668854145776e-01
4.483155739200643808e-01 4.833963688708978190e-01 4.953627765523632154e-01
4.794781420223749868e-01 5.144916634832007452e-01 4.744422150053631548e-01
5.457274317383568052e-01 5.528984740569840017e-01 5.050373498648844661e-01
7.177471492894785809e-01 7.375741795769749087e-01 7.420630231789228093e-01
4.232527808690416116e-01 3.904410161774869437e-01 3.827073429860403664e-01
6.062167129539741683e-01 6.159157479862529261e-01 6.497156202498427513e-01
5.669942470780604538e-01 5.210256600122643578e-01 5.712661792799296201e-01
4.433709258524435870e-01 5.053782489044412740e-01 4.875525465214753384e-01
7.435775591298252607e-01 7.882624954333301570e-01 7.465726532741309152e-01
4.724471289424841403e-01 5.591584082822032009e-01 5.285725077149564521e-01
7.254618464190280003e-01 6.967328790019498008e-01 7.368071104330622401e-01
4.747534425764678989e-01 4.947233847472723434e-01 4.477548437184498131e-01
5.251240854478835818e-01 4.865728156917994984e-01 5.066717178725510529e-01
7.347298499959044049e-01 7.107321883406874097e-01 7.072131374381283031e-01
6.280630382340171014e-01 6.604169628519667157e-01 6.460653212892352171e-01
6.770112011736352242e-01 6.816359134741213355e-01 6.656438481171003119e-01
5.275451645699061887e-01 5.153886402224541197e-01 5.396520574893072242e-01
5.556276618720135119e-01 5.527729607301011816e-01 4.619596865982099065e-01
5.145071044312867770e-01 5.121599615211439582e-01 5.497185077362253258e-01
5.678992326698301119e-01 5.291270901258474657e-01 5.659685413081849692e-01
6.707297507095495437e-01 6.027456485252548068e-01 5.759219135927379218e-01
5.507883804671974692e-01 5.281632172106902612e-01 5.945678176536735027e-01
3.921918483174821057e-01 4.283434012361797549e-01 4.550035324961348437e-01
5.621247562214748417e-01 5.942149552583206873e-01 5.760343117969960458e-01
5.475031253044541080e-01 4.264624533210599755e-01 4.445600593537999967e-01
6.579029717393239940e-01 6.548225805629237506e-01 6.365083672514809665e-01
6.351885851890963774e-01 6.578349467864023081e-01 6.966691555237394251e-01
7.116485776712804245e-01 6.232428244550618501e-01 6.490113467294017502e-01
7.361746505594802814e-01 6.408517703952388844e-01 6.760821530359428788e-01
4.441652766052140433e-01 4.663191940655504464e-01 4.416408211924643945e-01
6.788216420133857953e-01 6.971007044915439321e-01 6.073744635305285966e-01
6.162091130862360489e-01 5.533860211160082088e-01 5.439908026499182814e-01
5.454537687917122568e-01 4.960850210264276527e-01 4.730611989034329001e-01
6.755481272752870137e-01 6.146814055145182198e-01 7.260784177767302117e-01
2.782057973294984610e-01 2.635303659826433997e-01 2.451165485464937288e-01
6.717674046644205310e-01 6.180118066498031526e-01 6.789055574658775516e-01
4.034101247666160850e-01 4.398021668292274033e-01 4.402307548580064456e-01
4.899704595975922783e-01 5.946997251494695602e-01 5.308820629235041499e-01
8.040322963640589293e-01 7.450551780378651401e-01 8.258124076315144224e-01
6.989639865226670024e-01 7.202718483689725115e-01 7.418192510559694641e-01
7.084795788011003514e-01 6.818556990835017428e-01 6.325329035452184057e-01
4.855333136915845893e-01 4.803622700797612888e-01 5.631792790441135788e-01
6.402443230820357156e-01 6.751339792755496338e-01 6.576555697540145129e-01
4.183008473121623827e-01 3.307086761106940997e-01 3.725155618610995756e-01
7.717961125887510265e-01 7.254460126046261559e-01 7.270981433868595190e-01
4.851775883378285914e-01 4.882983723896468509e-01 5.043226008499986923e-01
6.008268004083074931e-01 5.627869439141591767e-01 5.769023317909389714e-01
7.953050540014988679e-01 7.789191924962433067e-01 7.394695586595427805e-01
5.481166076758515748e-01 5.742077600077396538e-01 5.991207804556079042e-01
7.087395401467851963e-01 7.338329897266114843e-01 7.678283271694980039e-01
4.677243174203917220e-01 4.730367964301724903e-01 4.618664198600437309e-01
7.273444017813661677e-01 7.203069627223304128e-01 7.546141143132958362e-01
8.056124200753385090e-01 7.709982632971267291e-01 7.863747013970363575e-01
7.279372244076017795e-01 7.278013177859403715e-01 7.836753329344412489e-01
4.779301370421252249e-01 4.970930042934982862e-01 5.034527951575533677e-01
4.767547638544133437e-01 5.156863156406911175e-01 4.826815112367641714e-01
6.478295578974483382e-01 6.709666265888589720e-01 6.589257442999677528e-01
8.583304010070814671e-01 8.917091766034793698e-01 8.506262148782701704e-01
6.193668157403884322e-01 6.659575526152385905e-01 6.452954535574253470e-01
7.257284512300895551e-01 6.774455536710629611e-01 6.860718103305972759e-01
7.990717526369123247e-01 7.968117346325506167e-01 8.047745731699817995e-01
6.977529348793680697e-01 7.171424772431626016e-01 6.740048585576230433e-01
5.677757476408451520e-01 5.682541183684571839e-01 6.037222138892972545e-01
7.794407078649666643e-01 7.735834033533760534e-01 7.261963374815219030e-01
6.304821538366534028e-01 6.479044908298332572e-01 6.324856554552861221e-01
4.892357834418842866e-01 4.297638168661541691e-01 4.599469094645782796e-01
7.709820861477909570e-01 7.889060241231152792e-01 7.571859365548192500e-01
6.244417096106091858e-01 5.876236240212252548e-01 5.726893744095402639e-01
4.133598977588159307e-01 4.297374930318693109e-01 4.481954827480923442e-01
7.441635668775620216e-01 7.317290608860547163e-01 7.542381774265851657e-01
4.178218997556987224e-01 4.502316322676672700e-01 4.686184039359880815e-01
6.128520738234348730e-01 6.060527946120329856e-01 5.633395638703559971e-01
5.152357968355774087e-01 5.404668233413962852e-01 4.821215084192462808e-01
4.338384247756094658e-01 4.934837251040207207e-01 4.525716954349683352e-01
3.855044612764620404e-01 4.345497770328267673e-01 4.194162242942638397e-01
8.589938325402616259e-01 8.081109176289046347e-01 7.621862961233157874e-01
8.608064272667994565e-01 8.585220842865036728e-01 8.045336753251890460e-01
6.064612278441019466e-01 6.262480018021252537e-01 6.234045853906531320e-01
5.945930675536905685e-01 6.006212041819303238e-01 6.689777437182512498e-01
6.036952591317499284e-01 5.956336788696050544e-01 5.542819912942972271e-01
5.552106433003412000e-01 5.504809032188298090e-01 5.800915636452278479e-01
6.876756432315969114e-01 6.619050280336220560e-01 6.883893294093577087e-01
5.604119882239610995e-01 6.133071919499600844e-01 5.710132927252813406e-01
7.655245767574292426e-01 7.648408646622104623e-01 7.790934145135984812e-01
4.344615270939495288e-01 5.376493407979388017e-01 5.147656944532129630e-01
4.716654510963435576e-01 5.309797064047465653e-01 5.195265582508581392e-01
4.665224901084776832e-01 4.894879141341571538e-01 5.265921459224452983e-01
6.276830476805008718e-01 6.492513943904151263e-01 6.202398366663587348e-01
7.719133423780459857e-01 7.105107684638862775e-01 6.850198906949240829e-01
6.447649934442470920e-01 6.533199096181483423e-01 6.499605369561598511e-01
7.728098725029655114e-01 6.723392133654747527e-01 6.320971029651933915e-01
6.798034860277591962e-01 6.964852891764721221e-01 6.432193201361589008e-01
6.327084500338050477e-01 6.666709567274442527e-01 6.144367696463365336e-01
4.977102857365881539e-01 4.654056206573773946e-01 4.984790272132855193e-01
5.116186775731556002e-01 4.995805132690230854e-01 5.213951992858189000e-01
5.569629390946867487e-01 5.487594157495288005e-01 5.891225047241919199e-01
6.137359292147086531e-01 6.623577439795058641e-01 6.597157739181359615e-01
5.768702118328593587e-01 5.668003391228721988e-01 5.665483052708596423e-01
4.238000447845113872e-01 4.152399612410090368e-01 4.287564607997662036e-01
7.056436320821233288e-01 6.951443176198439655e-01 7.100878075458151306e-01
6.980556096436300040e-01 6.466963801993971250e-01 6.281565345246526988e-01
7.403649018073978905e-01 8.377498412433365127e-01 7.340085285402544457e-01
4.051239355063716019e-01 3.814170694445061516e-01 4.191130603299436097e-01
6.299002014464334387e-01 6.715878448522155653e-01 6.238172838838431655e-01
6.245021631499819703e-01 5.857602180119634294e-01 5.669228283167120352e-01
8.641891339333754862e-01 8.404839979871149280e-01 8.616692885017743775e-01
7.451965272238849636e-01 7.666576025168644337e-01 6.995975274423683610e-01
5.768454768442884406e-01 5.422521069357351120e-01 5.760076016579832592e-01
5.123353260256141573e-01 5.366913219499060972e-01 5.052589915871501525e-01
7.286530958195103214e-01 7.215334082895948908e-01 7.750277936033149739e-01
3.807980702090325020e-01 5.050771633506146996e-01 4.319649959987211796e-01
7.103982014499828912e-01 6.884859384711145003e-01 7.427891676927338427e-01
5.282081566353081792e-01 4.910065718576646088e-01 5.154214848312643760e-01
5.150664025654244638e-01 5.758339026851292397e-01 5.613182824989547681e-01
4.447193936338132425e-01 4.171815464258574746e-01 4.338940835208772162e-01
7.788381555511963983e-01 8.068740739586801602e-01 8.215663740238197121e-01
3.940094188267425634e-01 4.416004067164633895e-01 4.097379247611822040e-01
5.503944669000215839e-01 5.286650847345261139e-01 5.828703408649805739e-01
5.311234362462969871e-01 5.097643925688382094e-01 4.817873856026699819e-01
8.382958183562605470e-01 8.091955741609153652e-01 7.751330838593202266e-01
5.047146002780891205e-01 5.668827108625850153e-01 5.550376786031281373e-01
7.350246722650644049e-01 7.095278847185955140e-01 7.114618198908737590e-01
5.461010663917994501e-01 6.178880122967028710e-01 5.445942645563380813e-01
8.196684355397433341e-01 8.232063284756632182e-01 7.863010825679500604e-01
5.275733505079078789e-01 5.224696045252114063e-01 5.345342683082762170e-01
5.681686478581911004e-01 5.874075541434132797e-01 5.285538323011748085e-01
6.401943446512050606e-01 6.743311745288427250e-01 5.785080965609569192e-01
4.721526865693640995e-01 4.887366497294873824e-01 4.392014227923243253e-01
5.950620664781440805e-01 6.415990477132773595e-01 5.918646147297621507e-01
6.559327353505842728e-01 7.425093789900328867e-01 6.972146834655423842e-01
7.888938794947252253e-01 8.857789025030428087e-01 8.059881705879270442e-01
6.641289280399023109e-01 6.239897360282941063e-01 6.396790662206961464e-01
6.332388218203734986e-01 5.943067244862455523e-01 6.198407762223686612e-01
5.686149983972218491e-01 5.651393670170408168e-01 4.934176810617134090e-01
7.031597706637988665e-01 6.679995261518333338e-01 6.590681576162928934e-01
5.405688590131848548e-01 5.882665703292778714e-01 5.206589701690292893e-01
5.669733404191048542e-01 5.825578444829377922e-01 5.610205940154270321e-01
4.338121315057435479e-01 4.645110006327052843e-01 4.816014043613487394e-01
4.224355812777909613e-01 3.738063414493901782e-01 4.081434255971206349e-01
5.573553932831314395e-01 5.371027053078506475e-01 5.298202582897019175e-01
4.631662318018193725e-01 5.142312724271785873e-01 5.227821768020026738e-01
5.964019850545816404e-01 5.644652190902075262e-01 6.208415908151889706e-01
4.878025989736262669e-01 4.854430294950146108e-01 4.613798390842888120e-01
5.553125394397255832e-01 5.227097365479534963e-01 5.152711794785271859e-01
6.332898537853653975e-01 6.619299738470069139e-01 5.989810745001648007e-01
7.425200837805933096e-01 6.478449838718607356e-01 6.739745531275674884e-01
3.965072690457788207e-01 3.163090881987168368e-01 3.450979297597135953e-01
5.826117187568061739e-01 6.111564382252566707e-01 5.559847912619295673e-01
5.391009508865667321e-01 4.584295842631607720e-01 5.256119264646790246e-01
3.808874164413449948e-01 4.960119892342919612e-01 4.194319873679174249e-01
7.484262622584508806e-01 7.599202821991758450e-01 7.214357583206350011e-01
5.224523078423797262e-01 4.546507525590172683e-01 5.505129145293730097e-01
7.683449845839908088e-01 7.306741959564928557e-01 7.735218524867870649e-01
5.984220181949840844e-01 5.140980648105289985e-01 5.237604501081143393e-01
3.960213899292329698e-01 4.206880508792854023e-01 4.430832375393076172e-01
4.531396522271481375e-01 3.992062863319432719e-01 4.138043618832902837e-01
5.108878194462677103e-01 5.378328263503666662e-01 5.578322336455586727e-01
5.461705355035466614e-01 5.923262420862562827e-01 5.206153815539888985e-01
5.119692471685628465e-01 5.631555584137082349e-01 4.622594156923833242e-01
6.617285667404532168e-01 6.560265942932450578e-01 7.430158140529239397e-01
3.802532708484341883e-01 5.135197714782858691e-01 5.103025110009048460e-01
5.517118993800280702e-01 5.462263860013688577e-01 5.826992684917352561e-01
3.849378133389463885e-01 3.710090345429123415e-01 3.650318173282191547e-01
5.978528378430686407e-01 6.296582517110177468e-01 5.305982323619498064e-01
3.579636585723428577e-01 4.229880535877922343e-01 4.692450022358433670e-01
6.802813968218296425e-01 6.439092530537637860e-01 6.720786046278836023e-01
3.926219996661313716e-01 4.458846216933870510e-01 4.723979570235203318e-01
6.828158247920201873e-01 6.847428427147025376e-01 6.719680858836903914e-01
6.673401526135382955e-01 7.066412511360927740e-01 7.305662382600477400e-01
5.008095240325181052e-01 4.912499396583810962e-01 4.515630405263561520e-01
6.121184118180000855e-01 6.340184490809349649e-01 5.743693527922423270e-01
4.722924722472925385e-01 4.272482368017701537e-01 4.471402976815833097e-01
6.212755876159636870e-01 6.028890152007219116e-01 6.126737589767274894e-01
6.917687332053887861e-01 6.922161962555904990e-01 7.333912840748030293e-01
5.223833528083986488e-01 5.321075986679466574e-01 6.020736897405745136e-01
5.874798157576957003e-01 6.161721086154371418e-01 5.889066236668697440e-01
4.032357087480056279e-01 4.392055865933398029e-01 4.627553306510121534e-01
6.451761122976191754e-01 6.440288975868905252e-01 6.644011687252134868e-01
3.932863960281641758e-01 4.492170766555417805e-01 4.595307824761137860e-01
6.429978475035191821e-01 5.784045215142166185e-01 5.821090200415222071e-01
7.782731543100737115e-01 7.958549267291291640e-01 7.217246751564524443e-01
6.447099541765000108e-01 7.154666838481529290e-01 6.933884543623978214e-01
5.839183238048828439e-01 6.525708280926842964e-01 5.852311294704870548e-01
5.707866275851357640e-01 6.207614289209308911e-01 5.184600596067485689e-01
5.005299251504572444e-01 5.192529230485560809e-01 4.911972006274063496e-01
5.452553729804644478e-01 6.052676888270799305e-01 6.037905966392630441e-01
6.724697115946329795e-01 5.715860406633053170e-01 5.984264642862431316e-01
6.191913866169035385e-01 5.606470018163236535e-01 5.676420048012678077e-01
4.886952854436230620e-01 4.689811997581099789e-01 4.717863892304995366e-01
6.151249700681440391e-01 6.361057254567640262e-01 6.213248528879334875e-01
6.703520240447750078e-01 7.233027937277797248e-01 6.993249997262608320e-01
5.413820330797188829e-01 6.214678780220833643e-01 6.393318229865684321e-01
5.927690226924398065e-01 6.401527889918754433e-01 6.258304172867851234e-01
4.849441962705713927e-01 5.763281882727848693e-01 5.629781700924550991e-01
4.908986779579951887e-01 4.857395176361933298e-01 4.603466456437719789e-01
5.197957735854463746e-01 5.447346198796587657e-01 5.618358250703271439e-01
7.092816094541845029e-01 7.418055901032839516e-01 7.027206785771248354e-01
4.763818242244599044e-01 4.862454216329145096e-01 4.725701155031472589e-01
4.894892169829621609e-01 4.598278283864389304e-01 4.334051949991042929e-01
5.787070027194984867e-01 6.290656811509361956e-01 6.459704094575630107e-01
4.260262959471041722e-01 3.946327963980333364e-01 4.003433361481119057e-01
6.477589739622502396e-01 5.997939122522739641e-01 6.472178099217996694e-01
6.040542647169302448e-01 6.009522476448546646e-01 6.072740181874551890e-01
5.290459182273253846e-01 5.506538030863197264e-01 5.592366465026272770e-01
5.687277346044178339e-01 5.480938196644903337e-01 5.957345315800401941e-01
5.700141479482441209e-01 6.115945375634619374e-01 5.268788611775957476e-01
7.026672366772058753e-01 6.569318308593626865e-01 6.535821568346915633e-01
4.888016442955913088e-01 4.630224922433975876e-01 5.359486289605956966e-01
9.906720383760185822e-01 9.414075415324389962e-01 9.213244805491089817e-01
7.237642549473005671e-01 7.173789688202362180e-01 6.066110198626715189e-01
6.421959356731968827e-01 6.199098371518776407e-01 5.994258903984464038e-01
5.842783122160318809e-01 6.290367936169634078e-01 6.152589447396298317e-01
6.288446808987462333e-01 6.266880301079824633e-01 6.536761646138598003e-01
5.007029232331852153e-01 4.490801064988946267e-01 5.068688501443098238e-01
5.338290723430778595e-01 4.807739661292267375e-01 5.920037758128607885e-01
6.921479701750175018e-01 7.365168830803476840e-01 7.173959804602833001e-01
5.660969284140217050e-01 6.085745084874270017e-01 6.327394980786337220e-01
7.054449512280596135e-01 7.320046798818989897e-01 6.680444927690626367e-01
4.374844086406405874e-01 4.668817433544461548e-01 4.859860189365031169e-01
6.261598596765680647e-01 6.255133445250281587e-01 6.074772582217399242e-01
8.702950812059013774e-01 8.555238595584023775e-01 8.947540433544290961e-01
8.161125076621887908e-01 8.256898666756852245e-01 8.502130800432490254e-01
6.122044796141258294e-01 6.283884100587798782e-01 6.184880682275581965e-01
5.625042018936565746e-01 4.643219174535277438e-01 4.915741695237457187e-01
5.841987678634757986e-01 5.264106111274052813e-01 4.881775615103585708e-01
5.348799354244465620e-01 5.161118421511816656e-01 6.138058443182752288e-01
5.781254992455984176e-01 5.362352211525271972e-01 5.555885875326396217e-01
4.406516482654712075e-01 4.414679409468411087e-01 3.979355909782408829e-01
4.587562017765415834e-01 5.281003295011555965e-01 5.389714572477706245e-01
6.559733368205817872e-01 6.753364772973299290e-01 5.818007610871760438e-01
4.773010904114002861e-01 5.098505616234392246e-01 4.974416690527462270e-01
5.811919046445483961e-01 5.871687940042208398e-01 5.687725427395179389e-01
6.035457377103409238e-01 5.506348134833889407e-01 5.542654823686725685e-01
4.823403813818420427e-01 5.055259086635502941e-01 5.490903241414296643e-01
6.481736443263581560e-01 5.783677513682361493e-01 7.011294412364937889e-01
5.325329062708865635e-01 4.651259377906801218e-01 5.271952980173401082e-01
6.518903266168876165e-01 6.321382317093748870e-01 5.394966101763964961e-01
5.410043143995455495e-01 5.787045255234863905e-01 5.820837964123789510e-01
5.905321879969005483e-01 5.236771079469745294e-01 5.886995897917131071e-01
6.136378823701824636e-01 6.691451051849826026e-01 5.760325666686174628e-01
7.054348778253941576e-01 6.955757301975067364e-01 6.863334498873633338e-01
5.301664452279510886e-01 5.081703665737494768e-01 5.678382110487752987e-01
6.374250671052317241e-01 6.439446072204695337e-01 6.496185062652540809e-01
6.670502925083557910e-01 6.444530245565378568e-01 7.223233583969725924e-01
3.220300931775095798e-01 3.323625603250930927e-01 3.139671661618550491e-01
6.221673595221118847e-01 6.920909966301452831e-01 6.735258230508665012e-01
7.542367115477736084e-01 7.397577035736956352e-01 7.746276416503330431e-01
5.891989588667053690e-01 5.500493706282880702e-01 5.075831979124936222e-01
6.303616746704784335e-01 5.869207536057208241e-01 5.980786184935086292e-01
5.644938612030558911e-01 5.366580797665664315e-01 6.154422416244325067e-01
4.998089495439089203e-01 5.298265501807157829e-01 4.710629782847978175e-01
8.359510361892847907e-01 7.782243037711088496e-01 7.849407899252566212e-01
6.179681500150114859e-01 5.749606684674538615e-01 6.248897049166262097e-01
5.311654144568139779e-01 5.387867872614442444e-01 5.657427976305932082e-01
6.106591628927847681e-01 5.625876223799191056e-01 5.276379058052731441e-01
7.705360475461882075e-01 7.215472952816335273e-01 7.430740728867715195e-01
6.664137692820503167e-01 7.630147293229874172e-01 6.194665996475858805e-01
3.396884616598341844e-01 2.843578501871241726e-01 2.911348361960312547e-01
6.315457594559815702e-01 6.909616157834287398e-01 5.714842731735805259e-01
5.401208493888478568e-01 5.561892422748992981e-01 5.137635241263075470e-01
6.390626982223542862e-01 7.022139850985359422e-01 6.987987414509096995e-01
5.805304268512886390e-01 6.066911462828401547e-01 6.321950554357632646e-01
6.377794035307380316e-01 7.021105129478286688e-01 6.705882472722561882e-01
5.998906929121842202e-01 7.047340553394424445e-01 6.227023535217768302e-01
6.583006260931367759e-01 6.471996484718017806e-01 6.264324013238519173e-01
5.716584646565441297e-01 5.354042191915870941e-01 5.754237529524569572e-01
6.323918538494627262e-01 4.839005878133046390e-01 4.705485193277341716e-01
6.253344254619273013e-01 5.957071739158666945e-01 5.839927396709767571e-01
4.460421379592750535e-01 3.939363502030943098e-01 4.918353195339626449e-01
5.343305138731243575e-01 5.302009190084157053e-01 5.442490286622807538e-01
3.831985121937721561e-01 4.537271694117059884e-01 4.846631016256215396e-01
6.000147091860240645e-01 6.328135375738882518e-01 6.391754161118183841e-01
6.488332428898828663e-01 5.684863200788684567e-01 5.748546916436345633e-01
5.771852529117652564e-01 5.812895872107024520e-01 5.400622805076092936e-01
7.925239230987631833e-01 8.287668919799653366e-01 8.406810622080232998e-01
4.956868792719707484e-01 5.060842723058792680e-01 5.234833214496884546e-01
6.089426588377528926e-01 6.549890955916825019e-01 6.824131238912238828e-01
6.989348539415710659e-01 6.857994656577963699e-01 6.737699619396450013e-01
7.096213619858622312e-01 7.153168105785879805e-01 7.001480510568969251e-01
6.555042874596082036e-01 6.552608950777392138e-01 5.426795790373389883e-01
4.468885049781464169e-01 4.634176037151421235e-01 5.286970926246535862e-01
7.077188485872450974e-01 6.649261181554096956e-01 7.801309689247402090e-01
4.240622816274035034e-01 3.700726167650992271e-01 4.171406305895800082e-01
4.539209266490120132e-01 3.998106928544998828e-01 5.306708036105811654e-01
5.620420614910778268e-01 6.146370353341995552e-01 5.320230217152900343e-01
4.165255294167254929e-01 4.106879674738623254e-01 3.747387784883577377e-01
4.256883427835929101e-01 3.825264956099320712e-01 4.111226372707772470e-01
4.871890136797895621e-01 5.352405748825685983e-01 5.620592534493831227e-01
7.741931537572174227e-01 8.142865788265082339e-01 8.027965734242965556e-01
4.403263259914860228e-01 4.749118805794410036e-01 4.906740755311538305e-01
5.670611828297549284e-01 5.120757485626046268e-01 5.637039589103297610e-01
8.020018698162828530e-01 7.981076289761610543e-01 7.669791603733944196e-01
6.378466821080468474e-01 6.307161837374795077e-01 6.795458664842650709e-01
6.097336554292519528e-01 6.246741232332865268e-01 6.303702497940703031e-01
6.101110350985161634e-01 6.115487939210273449e-01 5.976186477256416607e-01
3.625983024465264104e-01 3.481464313029013491e-01 3.449226160697703714e-01
5.674183816315755413e-01 6.547048833981463645e-01 6.457306058181715436e-01
4.379040723093595711e-01 5.119337126543975769e-01 5.002753385013090082e-01
4.688433306701777492e-01 5.026063201500335920e-01 4.377023044762447523e-01
6.526903602332198018e-01 6.981572956282277032e-01 6.683676344719631235e-01
5.325054252203360594e-01 5.011400630305522519e-01 5.501253983763272348e-01
5.553427652071014631e-01 6.296239587828029727e-01 5.780451704332602025e-01
4.765847735629153981e-01 4.138222139406761979e-01 4.386111097318588503e-01
5.272483514756761691e-01 5.193693885710172209e-01 5.461832615352006925e-01
7.036541083149687736e-01 7.813556078138761407e-01 6.981945400874616237e-01
6.576859694393450972e-01 7.787138980655659015e-01 7.200352296518413020e-01
5.007302388483645395e-01 5.554155521866509515e-01 4.790579358458872949e-01
6.274646929007957619e-01 6.515317223302015126e-01 5.984147903223466791e-01
7.500225880973506731e-01 6.621744974019153629e-01 6.857356722633392021e-01
6.682115754942767882e-01 7.096266236643655745e-01 7.352755326804750746e-01
7.366514587851137330e-01 6.524441702408232402e-01 6.560019666900641644e-01
6.200949356364635623e-01 6.678423861542279738e-01 6.318927060746487578e-01
5.900481639800275735e-01 5.880007042046601073e-01 6.314700558106767225e-01
5.938889496827534087e-01 6.144291445298126764e-01 5.875616292309842059e-01
8.021064699832514133e-01 8.250209533244641236e-01 7.863631489425244592e-01
6.847819937491831377e-01 7.550769756191475501e-01 7.133102938877404764e-01
4.583402822013943334e-01 6.048815365610817896e-01 4.778004950462574341e-01
6.668529107845485582e-01 7.063817933975485852e-01 6.869843009762734987e-01
