6.343849643333392407e-01 6.245688987227285827e-01 5.551471374075305221e-01
5.485234527396063431e-01 5.432601885670197417e-01 5.878544923927859767e-01
6.222955306713143786e-01 6.490226468884331412e-01 5.843621602614649246e-01
7.848256162290615512e-01 7.502617571931268214e-01 7.955686302796124432e-01
4.778800670220911817e-01 5.684769839659106205e-01 5.388076535471758577e-01
5.789935429340296036e-01 6.536546107146841145e-01 5.965869268235624023e-01
5.896536966932222068e-01 5.136235544972885814e-01 5.759019109839742523e-01
6.000713353657406435e-01 6.388469893660477794e-01 6.356736533421246671e-01
5.190087977420637655e-01 5.650856460620686805e-01 6.129171105897645022e-01
6.555194918887834454e-01 7.236703556013731609e-01 6.831133925069189372e-01
5.816115933375546332e-01 5.069529030543885595e-01 5.771964893242175210e-01
5.812029442895499942e-01 5.306144799455589922e-01 5.194660219825635306e-01
5.826247642916432268e-01 4.730700145961310166e-01 5.472393052284793002e-01
7.170384802858281725e-01 7.267417218989091765e-01 6.156445264866809985e-01
4.478422617592942023e-01 4.477368858270345253e-01 5.003390514364216557e-01
4.482210503786470679e-01 5.116806496257653158e-01 4.597018920201640935e-01
4.608764593640305440e-01 5.231376497416303506e-01 4.714964321677779235e-01
6.063033323348239190e-01 5.380933813144870292e-01 5.889129378225375078e-01
7.110924333766330818e-01 6.239762406061252209e-01 6.623938706963294898e-01
5.854545792258190051e-01 5.396410275355154607e-01 5.282780374653061051e-01
5.505545825320030673e-01 5.633049973736251603e-01 5.371590636438351440e-01
5.739334176962515022e-01 5.832020841471047268e-01 5.123689845028013279e-01
6.839068395448166804e-01 6.496621554571742063e-01 6.267474840727135232e-01
8.741469170560277613e-01 8.727835007262473299e-01 8.925412484818610048e-01
4.796931038168933403e-01 4.686890308313758635e-01 5.512517915697935367e-01
6.851568657347043567e-01 7.456353961804181862e-01 7.527614855016075968e-01
4.887832611046630804e-01 4.417996504853672901e-01 4.801641457071628150e-01
7.728633303845604541e-01 8.183095429423415945e-01 7.650685856106697047e-01
3.622725747865984114e-01 3.796490688362086363e-01 4.425655935989831757e-01
6.252755030911605338e-01 6.485689178203791760e-01 6.227469047557588899e-01
5.331644419837177074e-01 5.299874929394809975e-01 5.157992170655358866e-01
7.932233473400316370e-01 8.026780750369274520e-01 8.004123146047228410e-01
5.829956216592718787e-01 5.710849159568794908e-01 4.824965514160698410e-01
5.378327865189255208e-01 5.700725853208367111e-01 5.030079413396264520e-01
5.384122559145864129e-01 6.421043902731241593e-01 6.207335590669248448e-01
3.454876839778488473e-01 3.343203714259440074e-01 3.130124294966454279e-01
7.201307005176179610e-01 7.419376182539048070e-01 6.852091057700061549e-01
6.386483137183682768e-01 6.062997483533112408e-01 6.304220422796725787e-01
5.898206170504161072e-01 5.984227861800803794e-01 5.701631115966480090e-01
6.932998550983575647e-01 6.635344094041381036e-01 6.347540464110842384e-01
5.644554183608925246e-01 5.191795347561219964e-01 5.197827833414967458e-01
7.063545961083366187e-01 7.727210078703757867e-01 6.767557967684698639e-01
5.802180801059083626e-01 5.426716786475077603e-01 6.080188621504531987e-01
4.191042405918748437e-01 4.729536933876747340e-01 4.393495949853613025e-01
5.293994558471829537e-01 5.321259779367253362e-01 4.819144893791571516e-01
5.138101508880685842e-01 3.903723167653523340e-01 4.486794018689257424e-01
5.086025128038410559e-01 5.874630120288224511e-01 5.506303044251107393e-01
4.412351273992325407e-01 5.084587302686900401e-01 5.345271163656772906e-01
5.599249807460880968e-01 5.262403485580693374e-01 4.343364076315016087e-01
4.142592776990594583e-01 5.516686721232765267e-01 4.863454545981277244e-01
4.306946267935449768e-01 4.597690300883950365e-01 4.864294694991249668e-01
8.186529172370867746e-01 8.644628037023749378e-01 7.755916207025455034e-01
5.662321348247327801e-01 5.527039273067638758e-01 5.929658042557298669e-01
5.619063849081553652e-01 4.785161775317932631e-01 4.954945294190709615e-01
6.466528189081035549e-01 6.361085407415705273e-01 5.402078423666434315e-01
6.098132036338338446e-01 6.173078400093391371e-01 6.566752491475461584e-01
7.269406403886736756e-01 8.112367189991771532e-01 7.710105681293628610e-01
6.409340540711310208e-01 6.286829208473544428e-01 5.859181160109607767e-01
5.598580987001786635e-01 6.341969275592650446e-01 6.038771583015847266e-01
6.952036427072483260e-01 6.566853730447514970e-01 6.611053957468515652e-01
3.986754459613720547e-01 4.418215590494350420e-01 4.527415144218627785e-01
6.240556412531504948e-01 5.864841059272000168e-01 6.059449017689638728e-01
4.870997165249453253e-01 4.530566227901420828e-01 4.363566070811045750e-01
7.144531246115726209e-01 7.095756199855931534e-01 7.116015696634737653e-01
8.141304551517869470e-01 8.069498410639887043e-01 8.121428298333991380e-01
5.691540384786442086e-01 5.530291827343265521e-01 5.484345995064290324e-01
6.642955226185951467e-01 7.013296770181040030e-01 6.761535316875501023e-01
7.406884202156511776e-01 7.198830444847857946e-01 7.736578555916276967e-01
9.155684271010902098e-01 8.930929235772008257e-01 8.320499863609243096e-01
4.479705739369688744e-01 4.197335125825731872e-01 4.114852095235006502e-01
7.496678488961516784e-01 7.668552574952539613e-01 6.953752574115763530e-01
5.947186415253455927e-01 5.819105645156603668e-01 6.845897969513445869e-01
8.645728800823694327e-01 9.286784920689019618e-01 8.770859681044733680e-01
5.691167991843487650e-01 4.980832054724495528e-01 5.369822489588244041e-01
5.772029365157003156e-01 5.620783775713863450e-01 6.166631096181302008e-01
5.605630204396766514e-01 5.552560519638791714e-01 5.968612790395492196e-01
5.871788917151796738e-01 6.214869467010121218e-01 6.441157980788079218e-01
6.305725148503993349e-01 5.980487963286825748e-01 6.527885659949221875e-01
3.620403847407677178e-01 3.855698669290443803e-01 3.863441903049039672e-01
6.736785421354544168e-01 6.478995474551896283e-01 6.966196602567038543e-01
7.214028753900895152e-01 7.294300580329335926e-01 7.623025580044069383e-01
5.803379172928061491e-01 6.304599567320262610e-01 6.307561523506014511e-01
7.077162041484701405e-01 6.949044129565724592e-01 6.988935651233496582e-01
4.768932831772716430e-01 4.169022188061016765e-01 4.563690999078681698e-01
6.768592238779389536e-01 6.893290222725405592e-01 6.585554534183307718e-01
4.201052629181753484e-01 3.926284014151464885e-01 3.535031978773360839e-01
5.926681271461631262e-01 5.789929398819765316e-01 5.827020477261934950e-01
7.954753949446449202e-01 7.797547292408535391e-01 8.605475583581874144e-01
5.708677830196856595e-01 5.486968075594532701e-01 5.860379910828026340e-01
5.769379289881571005e-01 5.559698727242998739e-01 5.801216111229917649e-01
5.223589569770331620e-01 4.860168810637380821e-01 5.796824570300141977e-01
5.442542230519941127e-01 5.218844735740415519e-01 6.105011488284357579e-01
4.674515190609773163e-01 5.726890673458602254e-01 5.966022711928716804e-01
5.879338474035304962e-01 6.307629130696639219e-01 6.185342211051384487e-01
7.289119047027177167e-01 7.579713464884376695e-01 7.589472711504461344e-01
6.443798318237313749e-01 5.770218941701542592e-01 5.840636945139225933e-01
4.156771249803339896e-01 4.181129992786264404e-01 3.964306244198412821e-01
7.131247259539201799e-01 7.042587241093707373e-01 7.185575506405288415e-01
6.682945885838351696e-01 6.837767298208392575e-01 6.619325456737491509e-01
7.045339602791136357e-01 6.996494709702948400e-01 7.366028990331661142e-01
6.597449408415358985e-01 6.190990055700134054e-01 5.819264840694963192e-01
5.730848003504542820e-01 5.697468507337403176e-01 6.177158515551766094e-01
5.923451003902345802e-01 4.646883798352924311e-01 4.862378096538359507e-01
6.355165853064136394e-01 5.533018950074977127e-01 5.863068149847080468e-01
5.895937303594156464e-01 5.570756313676108462e-01 5.118259472478223771e-01
7.296599876927858386e-01 6.751772178646909817e-01 7.070839933188117765e-01
7.427924008802018196e-01 6.753983760449812079e-01 7.721535230590671484e-01
5.244147708934624452e-01 5.222377856632287596e-01 5.536053556404981757e-01
4.626324190216637433e-01 4.738678778906064704e-01 5.098281333524286030e-01
5.909125061420652525e-01 5.930937068617552210e-01 5.817612412343848849e-01
4.944103611530682452e-01 4.865730756512542943e-01 5.147072121547462409e-01
6.660125376190451085e-01 6.410472380006324578e-01 6.392556473942534456e-01
7.192703530597424066e-01 6.424033539244280444e-01 6.778345840047174109e-01
5.705459050031169710e-01 5.639110759767502756e-01 5.478062575450377558e-01
7.512503827651391131e-01 7.679188744112874776e-01 7.516219783809675592e-01
6.607358598205823608e-01 6.952725370163236329e-01 5.989478036393685034e-01
6.775331794181174150e-01 7.463030975674256329e-01 6.823209338645332966e-01
3.819668287475105894e-01 3.381178627116100399e-01 4.067766223868333197e-01
5.356934355506154377e-01 5.839582958050894002e-01 5.736614938414528186e-01
7.309635497307369612e-01 7.328537664336430835e-01 7.049388648531791368e-01
7.509081455285149254e-01 7.351679421330915565e-01 7.820579973040544530e-01
6.078531756740250813e-01 6.542443048053764310e-01 7.278826071027094669e-01
5.441541901835897921e-01 4.995343437575353041e-01 5.762605444833349688e-01
6.341756868681381887e-01 6.305178232450824316e-01 6.859213316847357911e-01
5.112341147085927018e-01 4.382406958133247543e-01 4.710090325774439757e-01
6.417058760733833633e-01 6.396923218788822529e-01 7.186563648690003081e-01
5.625163055235917753e-01 4.917314793059630040e-01 4.515063848441711603e-01
7.057012891329652593e-01 6.810400625453012502e-01 7.188039262466189294e-01
7.055859570854762230e-01 7.699830596310961450e-01 6.739796952118329854e-01
4.751489360479203561e-01 4.868318936054232271e-01 4.928903956919302165e-01
8.788059518052302455e-01 8.962046978116741114e-01 8.307699915550247338e-01
6.903529807460609957e-01 6.080740107086824997e-01 6.858144898313368598e-01
4.321899512835055135e-01 4.342373770716718706e-01 3.749179389905401005e-01
6.699644738451373538e-01 6.610351513705762239e-01 7.105785488520962589e-01
5.789999400256321538e-01 5.992908032093409165e-01 6.044258351157791864e-01
6.910670181707826432e-01 7.444656608660914499e-01 7.545908027998365908e-01
6.074901958333329688e-01 5.766792975252386100e-01 5.919122376716419165e-01
2.752782333097829603e-01 2.379581938976045308e-01 2.892205154202707185e-01
7.520063753506976978e-01 7.340351987328360694e-01 7.548034658175112321e-01
6.477666741103029757e-01 6.693410972607333198e-01 6.833208147489078232e-01
5.720198929266916421e-01 5.481776493512128257e-01 5.456487119291513199e-01
6.553101691041134380e-01 6.723404117199527352e-01 6.604762551522583847e-01
7.210366375802126360e-01 7.264735892342585322e-01 7.017937741146541564e-01
5.241176401550616815e-01 5.459986894138727509e-01 5.016170476236060383e-01
7.412018080459621405e-01 7.077554800268603952e-01 6.688462221350339743e-01
5.279655314338843608e-01 4.541574042536742351e-01 4.854866106580352225e-01
5.861224857312807845e-01 5.845031277100256606e-01 5.930872373505620132e-01
4.605441762381328186e-01 4.361128119652343260e-01 4.525461866265447775e-01
6.717382937315052871e-01 6.837166671061569723e-01 7.074935563375958081e-01
7.459062701953629304e-01 6.990373555442704889e-01 7.472756122419546010e-01
6.836164076761023223e-01 6.281384558838718490e-01 6.816819263938650453e-01
4.660807710623847133e-01 5.044519733366609193e-01 5.563819536138711053e-01
5.226003769187618220e-01 5.069529880669835231e-01 5.774345562314980862e-01
5.805189540863497921e-01 5.985669923249380409e-01 6.333069920284097876e-01
5.167411890663510254e-01 5.392318145822642128e-01 5.456665899239926398e-01
5.439555204645909470e-01 5.602599936862937557e-01 5.291274355948289987e-01
5.060638661536586147e-01 5.628449326157701771e-01 4.735683497174547618e-01
6.121325539925731585e-01 5.968371037304296411e-01 6.286500700478137027e-01
5.553388073937380875e-01 6.077823610421942968e-01 5.459270913296622174e-01
5.531240505899184257e-01 5.925133534507575073e-01 6.072119592439881863e-01
5.989319221198757814e-01 6.247841161502049045e-01 5.847822973449349204e-01
5.720086855102145540e-01 5.219334091465166470e-01 5.830231381642489996e-01
5.456773567226160804e-01 5.849012598504071958e-01 5.169528237735517839e-01
6.676853194413032710e-01 6.273894538363850026e-01 6.601764424594525060e-01
4.778511154206751543e-01 5.523264972234198655e-01 5.712360488104022416e-01
3.574910557116072751e-01 4.067615024378977706e-01 3.778007492325078376e-01
7.152061701228720203e-01 6.796797548572141023e-01 6.238796746151497041e-01
4.341764399059108714e-01 4.225547305159351730e-01 4.610573798834393111e-01
6.000060338597321685e-01 6.674309302807076572e-01 6.359778568163581003e-01
5.611427433812669063e-01 5.406686048814209888e-01 5.085880220517156047e-01
6.304537607215491279e-01 5.717371568305776863e-01 5.452864961943384436e-01
5.870531714037695581e-01 5.828519881057738772e-01 6.387452955445201974e-01
6.636128789236312997e-01 6.406775103684807515e-01 6.375563608511796154e-01
7.681758261981241898e-01 6.822056943038732335e-01 8.305001079330155411e-01
6.791705914306510605e-01 7.170377598752025738e-01 7.432098484825121476e-01
6.082859484642686443e-01 5.708982205218054995e-01 5.594997628413723723e-01
6.083973004894780434e-01 5.835903302369548351e-01 5.780789113595034001e-01
4.604849302323394955e-01 4.291478626022203757e-01 3.357800683336900072e-01
4.703193639886720234e-01 4.556059841965305890e-01 4.263233789505904703e-01
6.655487879495105563e-01 7.408410562640576069e-01 6.848296748661969469e-01
5.167308528791378919e-01 5.352134780294345306e-01 4.918600265582204201e-01
6.482724284188987607e-01 6.746135170477823850e-01 6.637236085365930682e-01
4.224996610686928000e-01 4.260365293188118629e-01 5.013095495228978571e-01
5.760159849962357415e-01 5.901806348424860627e-01 6.379335095543449130e-01
5.178407262647152232e-01 5.636562440213113145e-01 5.020485891107229204e-01
4.809928128434861616e-01 4.382793385119471696e-01 4.359986380286487440e-01
4.602522264040947997e-01 4.478725033130039890e-01 4.912223100309380808e-01
7.378589518270196601e-01 8.034822904837325419e-01 7.151674957755720374e-01
5.360658112687797239e-01 5.277548566945092778e-01 5.378941917841993936e-01
6.357983285328907552e-01 5.840346634341194720e-01 5.836738222310835500e-01
6.911692722479202411e-01 6.049136497744018737e-01 6.633464817380355649e-01
7.106300834011221035e-01 6.597392479315863367e-01 7.141651116073182148e-01
6.487746943127348231e-01 6.327622221279184389e-01 5.723909926525149183e-01
7.781417096060467831e-01 7.671354477921937809e-01 8.144344515938192197e-01
4.667350855531156584e-01 4.700118746862863017e-01 5.460573508812881505e-01
7.080409239612883709e-01 6.720960690600767951e-01 5.667372307204627813e-01
4.940545898113089529e-01 5.216444779701683299e-01 5.215399557810920239e-01
6.499735306804954593e-01 6.706369397234712704e-01 6.161465122694811392e-01
3.911901953323531078e-01 3.700879519419113528e-01 4.038310765240902267e-01
3.563145418173455092e-01 2.591650809339645645e-01 3.121586325172576171e-01
5.918286977455414766e-01 5.905880659845718084e-01 5.891644267501899845e-01
4.823164954120362502e-01 5.326954284691809427e-01 5.160695732146539649e-01
7.175662861682056137e-01 7.369720437215193654e-01 7.438109969478480243e-01
7.209057490401490353e-01 8.174485291674955523e-01 7.971885804485132621e-01
7.205463677217639473e-01 6.825494613834662827e-01 7.019702568261718678e-01
6.999650965615626941e-01 6.603981881721955327e-01 6.217837681111281212e-01
7.676704245027529128e-01 7.793292634981674460e-01 7.797486720177146946e-01
6.126069378154839207e-01 6.030512437935191539e-01 6.213652326468011022e-01
7.347077706830771326e-01 8.135263631095127623e-01 7.764177288841213054e-01
5.402477725079163351e-01 5.329516554958663166e-01 5.706462269592300629e-01
4.273504497598195617e-01 3.915711375362809221e-01 3.408509812714932141e-01
4.295982483532039264e-01 4.670017178943066671e-01 4.489194111324247283e-01
6.361272963310250494e-01 6.549372627698899496e-01 6.579617968318335341e-01
6.799033538308054680e-01 7.202774262303751618e-01 6.566810133323520704e-01
4.572036537052225902e-01 4.402917602709151002e-01 5.144974533762811664e-01
5.199198071394118825e-01 6.082121143001065766e-01 5.826195512986699354e-01
5.535856716685847445e-01 5.313467479533672266e-01 5.683718908181345508e-01
4.670871302313553963e-01 5.005553421254419488e-01 4.700806141008719297e-01
5.603535492278119978e-01 6.212125028392300186e-01 6.000908963155925369e-01
3.130278573517729090e-01 3.443743249110519655e-01 3.468501036597130271e-01
4.150728083458424811e-01 4.367516376001116529e-01 3.997458700676521648e-01
5.704996249384607365e-01 5.811657031000330154e-01 5.743811265390080800e-01
6.439663802045172414e-01 5.491299529263550250e-01 5.104729321533032493e-01
5.540080671186471406e-01 5.604347568115868317e-01 5.736210587292511764e-01
6.081329622266077317e-01 6.280543730448060469e-01 5.921096385898912962e-01
6.785590524223046316e-01 6.500821380338664968e-01 5.990802855300624286e-01
5.951054555936901025e-01 5.723965523283556234e-01 5.238886380588768654e-01
5.765882386009242300e-01 5.817028972571307577e-01 6.757049890330947273e-01
4.722584961684351823e-01 4.811579093617628922e-01 5.606161340744815202e-01
7.433032527885410357e-01 6.751663488906010091e-01 6.842423891513964573e-01
6.835576120485213902e-01 7.027763206107072724e-01 6.263899822480880619e-01
8.800246307900848608e-01 8.832854279710986578e-01 8.788509832372919384e-01
4.649878233838871666e-01 4.784747673694585979e-01 3.959514989134629293e-01
5.822824644552464513e-01 5.897452788444544902e-01 6.009185487641218737e-01
6.537993791815644995e-01 6.974477757571324599e-01 7.221948599270852087e-01
5.408918745618044310e-01 4.410949272293904211e-01 4.676712922652253579e-01
4.459831436412542427e-01 4.946252412008962374e-01 5.048730725297080335e-01
6.182195245984545284e-01 6.457440015264950262e-01 6.617543197514947906e-01
8.090716925151217875e-01 7.100820562306556782e-01 7.152878191190282786e-01
5.077224218210721896e-01 5.122059977533078845e-01 4.530228781671259419e-01
8.436750864245180503e-01 8.530177634449083168e-01 8.368542318092155874e-01
5.553538940554024750e-01 5.650541777621878037e-01 5.431509833057763803e-01
5.588571091044898242e-01 5.432330233177484757e-01 4.926647601430095835e-01
6.155397406336083899e-01 6.074417480444144202e-01 6.301851345986614339e-01
6.579642569873270785e-01 6.862233385794243024e-01 6.530809487523823176e-01
5.986811496954321798e-01 5.497803712481383887e-01 6.041146127602022853e-01
4.843405165507681520e-01 5.503519808558079429e-01 4.981662113718057783e-01
6.712376853764469020e-01 6.749159840465714932e-01 6.751446211627367688e-01
5.291748928577003630e-01 5.891002701447485279e-01 5.665511320249178029e-01
7.265390801055281456e-01 7.688665626498102368e-01 7.299829835061945049e-01
5.368160886690617195e-01 5.349863549563595999e-01 4.833669736174593390e-01
5.066407998112603117e-01 5.153598927004848784e-01 5.831386673203937665e-01
6.062374591789349010e-01 6.245816077471871841e-01 5.661632982811430903e-01
5.797701096311170810e-01 5.567121705743891535e-01 5.215208285906135499e-01
4.446257361988154577e-01 4.317603203665876799e-01 4.789093420495983411e-01
6.958769529202667448e-01 7.064702499427634175e-01 7.635404603431842352e-01
6.000686288281129599e-01 6.117586123838100187e-01 5.630387974000351514e-01
5.541894982953285975e-01 5.503205861405346955e-01 5.508005707510811311e-01
5.441486260299770450e-01 5.242963834535194767e-01 5.251880295076231109e-01
3.497937136975082795e-01 4.100910212406472799e-01 3.689057281964078228e-01
4.972649341646526167e-01 5.227030732818385150e-01 5.243740664512097638e-01
4.831130007745916277e-01 4.483521976579847301e-01 4.736430622964561410e-01
5.847870385032689633e-01 6.630765382800469787e-01 6.751566623325723215e-01
5.197696984756196015e-01 4.985339240040823627e-01 4.609079356067698474e-01
3.837540699546630463e-01 4.474224277142364592e-01 4.439962110227359537e-01
4.008114053916696506e-01 4.288850414566914848e-01 3.891216210913073792e-01
3.205581697853828738e-01 3.209222544155337364e-01 2.994098087822047449e-01
6.947933756509723224e-01 7.628190438880134705e-01 6.909267992485927934e-01
6.793373032659411059e-01 6.158757450718940207e-01 6.402192598531012413e-01
7.062953409574733721e-01 7.134238342741225924e-01 6.633214262418430929e-01
4.802001189883804422e-01 4.743521108750134441e-01 4.626903222079560840e-01
4.672097900874087606e-01 4.521067013368178511e-01 5.012989299863784831e-01
4.751529870821217250e-01 4.239759125329717326e-01 4.436988215197290586e-01
4.458259488202837573e-01 4.407502211674265147e-01 4.631343267948179188e-01
6.216525515150582715e-01 6.069929969812577486e-01 5.993514372364978637e-01
6.574356350648073999e-01 6.091140118225802924e-01 5.488798233413544336e-01
5.706357221389921630e-01 5.939518212676717646e-01 6.361756965634148830e-01
6.761416464404537141e-01 7.197302194799628516e-01 6.419633797536952180e-01
6.736648452161430045e-01 5.780716496532759541e-01 6.055125912242267372e-01
4.828108976717985779e-01 4.922823426150879089e-01 5.124959611980833829e-01
7.306851461383040425e-01 6.472075529638376956e-01 7.680294645916687646e-01
3.768018738504945175e-01 4.000002274366932786e-01 4.236076968962829703e-01
6.516519171388316378e-01 6.132655170252442334e-01 6.551080584303364818e-01
5.653886410286291797e-01 5.934814641827927950e-01 5.823244486688468058e-01
6.937075140962173370e-01 6.872800655988007268e-01 7.026745895849308976e-01
7.522319941077961758e-01 7.065269566402255785e-01 7.152932978252912743e-01
7.106892227356799152e-01 6.825633143526494973e-01 6.271923996844654958e-01
5.207679853800115666e-01 5.448283945055061306e-01 4.658022456863410987e-01
5.480093504893174261e-01 5.308172871563705542e-01 5.309934783490486421e-01
4.961234127626519275e-01 4.724208642854874629e-01 4.632795957591214764e-01
5.264256804930153022e-01 5.677218780399380105e-01 5.572234546542101929e-01
5.382780134414749673e-01 6.245212835408515684e-01 6.868609522399072853e-01
7.687451422006619239e-01 6.804101778748433693e-01 7.060148901759213391e-01
6.437988098012991101e-01 6.722281449691253075e-01 6.540607682520381827e-01
8.971135586611553858e-01 9.217002498227059304e-01 9.704509162188783566e-01
6.270737925688110170e-01 5.568979274548572223e-01 5.673157417464433916e-01
7.170463353087408453e-01 7.145457834570791977e-01 6.733858085998482013e-01
6.347683816903576526e-01 6.372623035168126782e-01 6.608686712284937981e-01
5.582475077919371031e-01 5.668632227798249268e-01 5.637568311446635727e-01
7.584335874852115023e-01 7.441112889019521059e-01 6.829212690931992791e-01
6.343806492320411827e-01 5.722569225307165830e-01 5.982023119326528304e-01
6.469531929914505985e-01 6.201465761342630501e-01 6.569718690389504401e-01
6.266324775316975959e-01 6.675090274084272135e-01 7.150648724633307252e-01
6.404283280234891462e-01 6.050607258571595315e-01 5.914613084996962478e-01
6.692539491772940830e-01 6.366808240532286778e-01 6.554796913318334806e-01
4.692053579938893493e-01 5.625356577233976418e-01 5.029938080112580367e-01
6.760614891717668939e-01 6.636371769810958110e-01 7.783552970855210917e-01
4.871782549868113321e-01 4.983550425341380929e-01 5.208596141863339746e-01
4.345349133360395522e-01 3.453589752471799001e-01 3.488840238514783199e-01
6.413617351270000100e-01 6.812806182679398415e-01 6.376572128477839829e-01
5.465555460832498547e-01 5.841858060102148587e-01 5.199002248698102457e-01
4.890046142933826001e-01 5.288288125031914699e-01 5.045690905227955270e-01
5.328608257276926663e-01 5.366485988221509906e-01 5.139984821371506030e-01
5.459149751206481271e-01 5.180635468195098348e-01 6.196761388536179416e-01
5.226398174977112676e-01 5.763168459031865476e-01 5.432730129212226533e-01
5.523006918608327487e-01 4.752779648493315467e-01 5.618534156848478123e-01
6.441217206656275618e-01 6.027226896961108693e-01 5.818690885257217227e-01
5.415918894707293374e-01 5.418123899588618286e-01 5.636689215475817472e-01
5.402210482389888657e-01 5.903066819637580176e-01 5.428204430566537786e-01
5.765218748551294015e-01 5.645863630800704858e-01 5.255885963367900038e-01
3.791914575275693866e-01 4.427190310990505306e-01 4.668048517884944570e-01
5.972918471190696854e-01 5.863423689492934798e-01 6.122576297252421140e-01
4.194886741468151770e-01 3.928956145763586316e-01 3.814812411121506486e-01
5.832567255192219191e-01 6.477314698319321939e-01 5.723215523122350268e-01
3.458657571215543736e-01 4.182673197926569664e-01 3.612376593138165726e-01
3.782022737747658958e-01 3.508248881693460941e-01 3.175762377427568950e-01
6.430468182621567053e-01 5.942432734443920950e-01 6.471846903143271268e-01
4.935984087136290888e-01 4.572903771222886493e-01 4.926625740269128251e-01
8.088831820401034545e-01 8.434261483700772333e-01 7.979586616977474289e-01
6.743337695304124635e-01 6.334709981869012241e-01 6.066080298183106345e-01
3.221741346484107149e-01 3.330440011193046557e-01 3.019320091385220284e-01
7.688385271833285683e-01 7.591206527833328499e-01 7.220030401181207758e-01
5.246283138087819431e-01 4.740943836546682721e-01 4.814287497451117392e-01
5.373971353896990211e-01 6.356730025331915890e-01 5.113124214931272782e-01
5.302347491631931309e-01 5.321942094123288669e-01 5.352613854207717292e-01
6.621149107517874111e-01 6.846028225822340385e-01 6.315493585553916267e-01
4.031961582856547488e-01 4.099441764299135982e-01 3.778413594833916478e-01
7.929666112768992692e-01 8.502590777588362458e-01 7.203505555689407869e-01
6.399467848148074900e-01 6.542638230891684170e-01 7.027885768413782985e-01
7.833565700872520132e-01 8.826361674991487494e-01 7.817662006042408462e-01
5.657517244375076526e-01 5.931113860883088229e-01 5.996063270657779887e-01
6.702289014589484228e-01 7.596926412468831824e-01 7.828018295897103407e-01
6.116293542718126419e-01 6.702300607890165907e-01 6.520447024933765379e-01
5.413903736074926476e-01 6.131036833024446908e-01 5.595088274523724037e-01
4.633896483898157781e-01 5.513335372721364092e-01 4.594946895207873694e-01
6.159711696874918818e-01 6.811238172148128545e-01 6.789869690743611796e-01
5.989337533797085555e-01 6.159789320741273499e-01 5.774585968818287673e-01
5.436504114336093707e-01 6.298736793854421423e-01 6.769332340266168702e-01
5.844697714600599614e-01 6.734394547982609502e-01 6.153053200136149314e-01
3.743804392505632461e-01 4.928499007180483504e-01 4.522502631732947531e-01
5.794209470599968048e-01 6.088854931357785549e-01 6.482098974467919161e-01
7.706535694643388279e-01 7.429526478389855138e-01 7.850057538661692202e-01
5.500001604661352017e-01 6.570420103507269571e-01 6.542789406655276085e-01
5.616054813791200306e-01 5.824576504356838713e-01 6.450162169929152256e-01
6.400768449274465421e-01 6.551370841264888556e-01 6.183907566526666288e-01
6.595495669057452881e-01 7.028623344458125866e-01 6.936297760848405547e-01
7.400225672263588406e-01 7.020885028794962013e-01 6.406496341885736800e-01
4.559048841583556166e-01 4.554900978064442829e-01 4.888818389106197593e-01
4.719865921127787134e-01 3.445598105375377029e-01 3.476501348803219260e-01
5.834739204000418678e-01 5.494009524327041483e-01 5.917980223612899771e-01
6.598115763368419540e-01 6.072682039669518028e-01 6.966145817629920689e-01
6.933786047104697481e-01 7.234136793593778370e-01 6.757418541591150296e-01
5.550820414699352279e-01 5.223821470845508852e-01 5.690808966053365614e-01
4.592603181105756605e-01 4.490038785528610576e-01 4.342491148259249312e-01
5.024931761299274990e-01 4.930968622562859061e-01 5.005569496054166345e-01
8.015592080181831447e-01 7.394306521368337881e-01 8.298117044963606581e-01
7.168783107848195613e-01 7.294025065235777427e-01 7.434498614318666432e-01
5.864643082806394458e-01 5.426382417688917492e-01 5.684652719253778796e-01
6.286959346033988982e-01 6.032397647538616514e-01 6.225562518115709265e-01
5.742090463802480560e-01 6.286630591089857889e-01 6.319914212199151393e-01
6.642337362152851421e-01 5.636909251735030546e-01 5.952721376112153351e-01
5.706283697887613027e-01 5.668727873100890546e-01 4.962431593465940760e-01
6.634952640635721766e-01 6.841341233946642841e-01 6.551629622759137517e-01
7.428464084613863871e-01 7.725332835992180236e-01 7.418386942788577354e-01
8.230810902559535513e-01 8.062844697130897575e-01 7.552393627391978947e-01
4.330009189802089820e-01 4.738902335426077861e-01 5.053053457815128713e-01
5.932320543576372618e-01 5.824934422249345989e-01 5.744160871826962111e-01
5.068690345462355529e-01 5.415098838089980049e-01 5.407123801578592737e-01
6.428857527254895343e-01 5.969139644677332601e-01 6.110545774526630058e-01
6.835514001522369210e-01 6.756858717074991638e-01 6.528842227937843301e-01
5.557211516371758364e-01 5.424172187713297566e-01 5.384589603596934282e-01
5.306623059873230019e-01 5.749117635537209781e-01 5.534906801757577544e-01
6.121782358709800809e-01 5.673627428346196266e-01 5.652488862974972550e-01
3.086932687962117283e-01 3.945197374700949999e-01 4.010118054187669090e-01
7.353458977348312775e-01 7.269181041908617802e-01 7.633713986968726495e-01
3.812277238313065419e-01 4.125581713538014061e-01 4.718578963100238388e-01
6.736543884815114902e-01 7.063785001230780125e-01 6.092740663438001025e-01
5.743316978724076760e-01 5.382433148535255008e-01 6.061767736331611367e-01
5.942692668585912719e-01 6.112233601956088558e-01 6.737966553309804318e-01
6.781017264235439379e-01 6.537105843561659135e-01 6.206434289105401403e-01
3.847360027210507405e-01 2.754703804734795480e-01 3.063690999872013543e-01
7.275847654180942481e-01 6.996103842294043584e-01 6.591854958490390715e-01
5.509144986165847024e-01 5.455158000295198262e-01 5.230299286328077280e-01
7.702176428196436664e-01 7.662790528751495245e-01 7.220140989390072539e-01
6.872187529658361216e-01 5.980105210015096429e-01 5.697597244100960356e-01
5.111696735236372913e-01 5.216122468230330878e-01 4.611977204502322181e-01
6.965833710839574033e-01 6.948077990452579122e-01 7.255387295586673835e-01
8.667365466081993208e-01 7.957663264609459164e-01 8.358749737433841531e-01
4.796878172334175794e-01 3.908840956779732201e-01 5.147924098958273076e-01
7.711657693322526708e-01 7.852818440615445539e-01 8.561838187311866522e-01
5.656397118926334011e-01 5.806091083605370295e-01 5.376589778966904820e-01
6.810589515972715891e-01 6.725701031039329481e-01 6.620152381947206344e-01
5.622756803372095380e-01 5.990340033520679119e-01 5.559521683968499106e-01
5.318620629900495667e-01 5.716519097765252466e-01 5.580699286957561123e-01
5.396708530764781075e-01 5.789436734594607392e-01 5.907261760988845589e-01
4.940063285176860552e-01 5.410021976542845890e-01 4.764724996678574853e-01
6.636759043730279251e-01 6.564848857340355170e-01 6.795424955100867193e-01
7.237479657203105265e-01 7.223536086646623611e-01 7.124308400137888686e-01
5.547790403527411707e-01 5.455660296222973882e-01 6.133832122325258984e-01
5.151264424376664763e-01 5.570136790760169543e-01 5.041138665041365874e-01
4.189825604896450506e-01 4.769818559944691283e-01 4.813570027865412548e-01
7.868267324273157115e-01 8.102966318106900045e-01 8.679460548697808253e-01
5.357425872989166615e-01 5.330220160416728747e-01 5.571868654698018952e-01
5.065573196855701621e-01 4.868852184607223021e-01 4.545308185522316524e-01
6.965560292858090641e-01 6.247177661511276181e-01 7.128228008720667308e-01
7.034225739594811566e-01 7.287414849030172670e-01 6.528581131922216452e-01
6.365775714472570179e-01 5.958603551298955470e-01 5.739840077662755613e-01
7.273650534114219912e-01 6.777213445373330147e-01 7.173889882721649069e-01
7.693251899770204849e-01 8.300222237112105939e-01 8.296680633001016769e-01
6.967129648615113524e-01 7.449860070846436866e-01 7.756916072854904698e-01
6.483569659604653257e-01 6.270652860020550223e-01 7.258217160069742047e-01
6.481902900985192506e-01 6.538539115797952217e-01 7.291746645542146466e-01
5.256178548683766438e-01 5.349432645111720230e-01 4.930180723599210113e-01
6.561541800877987995e-01 6.957496651970817014e-01 6.866553399099680766e-01
7.142054805147495244e-01 7.337378770096540936e-01 7.368647061054719449e-01
4.087530192553252562e-01 3.832206885428303123e-01 4.312797732153222929e-01
6.912710146931683175e-01 6.809681027096414763e-01 6.512550446478586608e-01
7.011790903631758276e-01 6.822706142145045227e-01 6.500703072023503726e-01
5.659619089611184206e-01 6.091446056929734620e-01 6.481845920266872119e-01
5.304455491293742497e-01 5.640230168328012050e-01 5.760026886731007822e-01
7.471765638778956609e-01 7.536430048686980632e-01 7.765592707921732396e-01
5.802947179455029136e-01 5.855157104948933711e-01 5.605205028157268510e-01
6.605654148703523632e-01 6.363904728814206990e-01 6.666815090391525755e-01
6.960344345181965764e-01 7.967543452444507679e-01 8.042266336975334440e-01
6.249720971934566993e-01 5.653630370616994361e-01 5.470199559945919665e-01
6.053548504275990672e-01 5.962464405777642140e-01 5.121473054013913062e-01
4.800399374774050876e-01 5.402173306897365412e-01 5.342909653476116683e-01
3.597907107664102822e-01 3.481171761463668357e-01 3.180232901225168995e-01
6.818871085249056385e-01 6.990188649299186041e-01 6.883605285782435912e-01
5.613741925676831723e-01 5.479760128804218589e-01 5.183067567611080451e-01
4.944991217728246791e-01 4.957825911685986298e-01 4.850451315586789547e-01
5.424208657607231254e-01 4.827540014208805963e-01 4.507231449411210344e-01
5.780437773101342325e-01 5.931051502761069960e-01 5.644984900285459073e-01
6.083209978405752505e-01 5.791623246930398539e-01 6.507499943251966457e-01
3.798305083387483738e-01 3.101384049923670561e-01 3.619232971485538131e-01
6.449619807399927796e-01 6.316122193769889703e-01 6.167394178862348753e-01
5.892085436200038551e-01 6.618819517802653207e-01 6.741992851822332655e-01
6.870173632564576804e-01 6.607089182093881519e-01 5.776572774308622593e-01
8.924092565924793830e-01 9.293981762437621974e-01 9.132676231860091809e-01
4.478823558019103257e-01 4.669646794243694776e-01 4.488239839324641434e-01
6.213386807572249815e-01 6.671672346325948633e-01 6.158095727975307909e-01
5.548831246417339491e-01 5.244706591447042543e-01 5.856995112463195818e-01
6.261185480377360335e-01 6.206886710427976794e-01 6.240697647455283326e-01
6.872173313371587877e-01 6.530409025684890123e-01 6.868597765618010831e-01
5.117262740973218538e-01 5.586021503088396400e-01 5.666004705681934039e-01
8.288637491621531073e-01 8.000718508596309508e-01 7.842037803490387038e-01
5.882077605147234545e-01 5.413541285742772269e-01 5.499890853794098255e-01
3.724421645257470770e-01 4.818829102654954011e-01 4.085118325932532990e-01
6.432300992864614653e-01 6.456261652487434999e-01 6.559851144930348710e-01
6.259651587423752384e-01 6.112429558436573984e-01 5.845167355970248835e-01
7.281033956570635013e-01 6.147499831409164450e-01 6.527158368695158419e-01
6.212636108356489606e-01 6.389035282872469468e-01 5.693409301546131784e-01
6.154643531980048543e-01 6.521773630098991470e-01 7.022429777507799287e-01
7.014661307911741472e-01 6.720482410432602194e-01 6.269990936309782770e-01
6.103687820224884542e-01 6.634021898395815464e-01 6.385093704176924012e-01
6.578126447413628064e-01 6.396794801948613163e-01 6.127800854938236785e-01
5.620268466643064675e-01 5.890395532874685980e-01 5.548835349647791571e-01
7.895755603297880398e-01 7.117074039874621283e-01 7.295409689779208673e-01
8.233257544787802029e-01 8.699337237663059552e-01 7.584161832378509827e-01
5.512939658123131581e-01 5.093897710493363595e-01 5.424146123000090913e-01
4.324752746053933672e-01 4.592100889938821040e-01 4.995860270618778798e-01
4.848879067768528395e-01 4.406349853000170458e-01 4.720781691333235663e-01
6.802431897653635762e-01 7.212318573874256789e-01 6.939960428876078558e-01
6.935900257288892812e-01 7.221962768612822936e-01 5.823624424557866108e-01
6.379084170911222262e-01 6.922939832040871933e-01 6.138541043314948986e-01
5.520608616338004149e-01 5.868013426533457144e-01 5.678431115854063460e-01
5.415575777038783567e-01 5.181216690370615829e-01 5.074453905039026935e-01
5.074659309626219361e-01 5.566547082187504047e-01 5.190654194957903256e-01
5.245473747834503708e-01 4.877747957831109482e-01 4.901894686187661665e-01
4.779275463004014068e-01 5.300697356278856187e-01 5.340061327617047215e-01
5.804403303770808709e-01 6.596899021985553890e-01 6.011881387038967572e-01
6.531714556109962100e-01 6.348234516937703020e-01 6.442087622778407408e-01
7.238135505096788824e-01 8.304464947608667380e-01 7.353113867054837938e-01
4.382175985242692806e-01 4.893669697882643832e-01 4.525917580016339259e-01
5.878103439527970764e-01 6.057941139119579210e-01 6.137437515625213669e-01
5.576162315378020429e-01 5.671952684677218359e-01 5.344890739339730468e-01
7.105836034778276744e-01 7.422754757757146216e-01 6.987688045855277030e-01
5.098558721059773813e-01 5.062373413918774823e-01 4.896911466392206425e-01
5.517349029473695987e-01 5.421462418579404696e-01 5.622343124448153651e-01
6.743296329020589397e-01 7.365580871038130972e-01 7.283749667696081120e-01
7.412347452766674394e-01 7.635232638664480875e-01 6.945463271590881504e-01
4.304205250594660970e-01 4.671766676637289506e-01 4.977198069895612531e-01
4.823119384562220002e-01 4.538580344254041776e-01 4.181980474848408513e-01
6.548447157319483569e-01 6.649957689851782039e-01 6.303421103358241018e-01
6.515254875537952461e-01 7.156247334752031675e-01 6.157081094400097543e-01
7.048672452355227991e-01 6.771497530014858324e-01 7.004616592456014423e-01
6.747141774732056119e-01 6.600247976909860981e-01 6.957640688020785280e-01
6.685161830742983868e-01 6.133161225869796507e-01 6.884251769398658238e-01
5.358070186959996706e-01 5.088838946996292467e-01 5.228487353431839901e-01
5.118714880544700252e-01 5.568167659154251714e-01 5.685154817173471153e-01
6.200864465052101648e-01 5.802681090197475688e-01 6.225436649349550544e-01
4.418625651008440403e-01 4.475982762506244272e-01 4.489102661697986218e-01
4.111091044226982683e-01 4.292133203077676540e-01 3.545087694641007592e-01
6.067538514279903206e-01 6.820509539590882131e-01 5.864865461967212479e-01
6.282117982269824763e-01 6.899591384904126823e-01 6.930112562420579492e-01
5.571862989091338481e-01 5.662380047476647249e-01 5.077328117716314315e-01
3.797980666288534035e-01 4.097989268857956668e-01 4.287452027589985781e-01
8.138878783408141082e-01 7.851642496642700086e-01 8.394179139472678353e-01
7.096894117596372897e-01 8.180961508341495492e-01 7.734388043923431377e-01
6.380241846179485199e-01 6.200843070966675086e-01 6.305340404216961403e-01
5.670176470355016152e-01 5.354895638460515084e-01 5.036316859244994726e-01
5.445807402257132335e-01 5.497061664612726828e-01 4.933661458925462373e-01
6.406259600821734290e-01 5.792158998817846793e-01 6.236779756925648899e-01
7.216205981584131735e-01 7.319105977772424332e-01 7.529623683064640138e-01
5.313941889669282492e-01 5.008560518280050777e-01 4.568434259340363734e-01
7.743093923984649685e-01 7.586482022324035901e-01 7.210483054012051252e-01
5.396198294977595511e-01 4.989615926261062318e-01 5.502438760551536800e-01
6.326249550772600205e-01 5.420084215569230812e-01 6.184082289631392948e-01
4.815317452619013450e-01 4.992052839154255683e-01 4.275125243578992706e-01
7.691197234062293608e-01 8.928220348455666588e-01 8.086719743845109942e-01
5.400013887957946235e-01 5.484104914305726330e-01 5.421538677624910818e-01
6.355975447485131546e-01 5.592467887080804223e-01 6.315895929589243618e-01
7.309626439545220400e-01 7.002327221793397394e-01 6.982412991742449337e-01
6.470439893594805980e-01 5.906710485058699334e-01 6.118045539839478408e-01
4.404414462983758383e-01 4.752580751466617959e-01 4.465522255972226295e-01
5.168452022070820773e-01 5.235274940760396012e-01 5.248918286120491938e-01
5.241930584929015424e-01 5.144249858752185656e-01 4.290410767556800398e-01
5.164044403078833501e-01 4.420612989846050001e-01 4.672852250028643462e-01
5.074025341703836123e-01 5.988385600284551469e-01 5.685541950833820080e-01
7.897105621449668211e-01 8.263218089511340514e-01 7.511272125614835149e-01
5.162599536922909405e-01 5.938913159322658508e-01 6.198996052287218950e-01
7.660681952087701196e-01 7.912507427825422601e-01 7.286392567333045411e-01
7.624867648133543119e-01 8.026815602709571618e-01 8.141476118326421707e-01
7.208625706904967512e-01 6.876245545821851879e-01 6.062384421042282812e-01
4.897532505885050513e-01 5.003783378422127504e-01 4.121584711611568363e-01
4.472266519477572366e-01 4.644528303466128327e-01 4.334515135341948655e-01
4.839151764630319486e-01 4.795191172292232462e-01 4.329229196644173161e-01
5.352914107566407731e-01 5.614917421933069974e-01 5.732604830504087756e-01
5.906933970325710659e-01 6.750481857714512035e-01 6.127665041857542905e-01
4.077622233937493457e-01 3.834396473444727782e-01 3.651084427026155543e-01
6.515156589862474146e-01 6.182703850169419812e-01 5.685246915391078959e-01
5.749061196704724486e-01 6.287158580633198657e-01 6.230554173195677059e-01
5.021148840175292394e-01 5.435680313864282853e-01 5.463182538394636412e-01
5.981454191761800265e-01 6.573104312092866719e-01 6.514472974452357734e-01
5.590457721453134798e-01 5.886641742256788490e-01 5.484449867629234143e-01
3.636167558495131957e-01 3.265008668695272842e-01 2.906207904724503188e-01
7.831462222467064915e-01 7.355063081565159644e-01 6.980591927818164955e-01
6.588427147155777597e-01 6.578146004177917172e-01 6.398629791693331015e-01
7.195150986152730743e-01 6.526696695735718645e-01 6.328126580766222364e-01
5.187597589177880275e-01 5.473620822187478252e-01 5.144435126065889374e-01
4.945434299762096475e-01 5.675009155577647180e-01 6.251990061240767504e-01
5.414740970666058750e-01 5.356106343119857449e-01 5.100797194696593539e-01
5.623970280128566257e-01 5.661620202814726666e-01 6.425474074724460971e-01
7.092219184839068102e-01 6.633190211559898408e-01 6.674713336805123687e-01
7.385255737617375527e-01 7.443371322881147112e-01 7.899989506869852240e-01
8.207362421545582043e-01 8.336540888965603413e-01 7.970507610197709036e-01
7.662956373204001803e-01 8.200670098449626133e-01 7.894638375044712442e-01
4.834600930999510271e-01 4.739313587289591401e-01 5.230355567569474617e-01
6.904438628193385608e-01 7.440225144727816708e-01 6.851463977042571152e-01
5.992045935244957322e-01 5.366304039517234559e-01 6.495817206546375955e-01
3.703668695282642531e-01 4.317129083890459129e-01 4.322591707148815132e-01
5.574020022517057749e-01 5.838430561732571578e-01 5.871345667368801369e-01
5.705269485517646677e-01 6.114000247673584409e-01 6.251610010448267474e-01
7.285891765911122198e-01 6.734279805636327332e-01 7.301124678351810227e-01
3.635845427175810052e-01 3.778739371099370525e-01 2.927710227466789328e-01
6.767999456973382566e-01 7.179477602324425556e-01 7.024783714175134586e-01
4.890252906853459480e-01 5.091544893371244829e-01 5.035831860321323683e-01
3.741898557574301898e-01 3.185567961942298298e-01 3.506171092048214200e-01
5.991080271089427312e-01 5.639870182558118783e-01 5.187744488141963206e-01
5.023336834359604097e-01 4.480058046176802478e-01 4.776032342492136928e-01
3.747225034626038287e-01 4.054903712698960661e-01 3.721070704716747390e-01
5.960348022788558575e-01 6.990163460444644983e-01 6.369545890808674393e-01
5.339851132155315483e-01 5.686179866110979697e-01 6.150070460898876545e-01
6.242031849380438313e-01 6.227746365886971391e-01 5.854708427094783563e-01
5.848814830078867821e-01 5.857996920948721487e-01 5.697685113620218900e-01
5.666260196480540356e-01 4.895016143102847161e-01 5.685242649106606594e-01
5.964164007857175598e-01 5.954803763967578822e-01 5.373079625818356631e-01
5.256387139821642185e-01 6.262463127922728301e-01 6.871472423553826037e-01
3.927247967688257124e-01 4.281582226337303787e-01 4.877238717085357056e-01
4.818024907781316424e-01 4.976855190397277973e-01 5.470815286845553960e-01
4.340251808617121565e-01 5.110792368661236651e-01 5.281396032890617320e-01
5.815934429768793157e-01 5.516687258247037207e-01 5.588923800982162904e-01
7.060001458951018494e-01 6.413902268465991874e-01 6.653794671303150388e-01
5.872827229185206832e-01 6.040834122929306105e-01 6.196547964857270774e-01
4.678464648426752248e-01 4.972168723111473065e-01 5.205449779113738851e-01
3.719815991194213578e-01 3.983603818552738374e-01 4.266016041455121255e-01
6.599052529637209341e-01 6.186265344543615541e-01 6.776956883045633928e-01
5.688256287303634640e-01 6.487829001131549811e-01 5.946392328117573456e-01
5.945000309707926256e-01 5.596232005351312599e-01 5.915984557696515322e-01
6.056107755987912844e-01 6.405342893761410972e-01 6.417922319167349565e-01
6.370524234646079975e-01 5.849062079894470356e-01 5.941696563285794319e-01
8.137689288110128150e-01 8.192923451179449090e-01 8.482130773705380822e-01
6.151103009533074317e-01 7.407653747907725350e-01 6.731203787895160273e-01
4.895394174145227817e-01 5.113329802286049608e-01 5.798474125412521607e-01
6.829830008633548388e-01 7.925381143897617386e-01 6.531530365276684291e-01
5.961919295954823950e-01 6.090555440437698254e-01 6.430751298391291781e-01
8.946513356251619697e-01 9.118732502941929718e-01 9.179993606723411137e-01
4.204973161658855374e-01 4.498064636974022923e-01 3.540470965282904170e-01
4.899744506287111445e-01 4.230956380855627752e-01 4.690164002478443006e-01
6.038804507746744488e-01 5.849477966920559879e-01 5.926735233674383929e-01
5.788484818811560073e-01 5.852003889234003164e-01 5.962379240970536731e-01
4.938976948155175406e-01 4.782444951612802586e-01 4.720198345453947009e-01
6.392690227056216923e-01 6.089788785211770472e-01 6.103689623640392581e-01
5.111337402919359230e-01 5.040037623710573733e-01 5.324785177444935069e-01
5.574483980690820850e-01 5.713070433079331378e-01 5.586957988615575132e-01
5.649661143186511802e-01 4.788894082886645531e-01 5.330989065605983290e-01
6.777297540238623741e-01 6.088808694773861774e-01 6.442666459279671187e-01
4.734540380405671822e-01 4.607031540803443459e-01 4.119092226661630884e-01
7.228628047812604152e-01 6.465492646575653479e-01 7.168788263843229869e-01
5.347580611540051487e-01 5.286292093160945837e-01 5.170517198161443950e-01
6.141395610998233723e-01 5.757064623917163004e-01 6.176642159891029271e-01
4.226258150406316250e-01 4.361228151930225949e-01 4.493291338115936173e-01
4.107611543521303976e-01 4.159620372480321016e-01 4.298880431914863243e-01
6.143408259803340155e-01 5.902793677513550330e-01 6.428690472214675378e-01
6.047946705979857507e-01 5.799015979885887573e-01 5.790590691209837049e-01
6.328904325171875733e-01 6.440144580223562398e-01 6.379802137757509817e-01
5.320684661571998264e-01 4.021816578175501644e-01 4.287766488041380719e-01
5.660351828008414188e-01 5.456683282893465270e-01 5.404573539478189081e-01
6.415082225027194385e-01 6.670367493428299710e-01 6.131969104835889306e-01
4.547812511859853357e-01 4.873433238249614829e-01 4.767823152804276932e-01
5.812219126991963192e-01 5.542482605962291142e-01 5.347416176128361176e-01
5.953846048192552587e-01 6.289793488753567807e-01 6.083467114473525283e-01
7.489644540223309166e-01 7.528307382076235843e-01 7.613449361226797274e-01
7.586443833671334680e-01 7.686977568606941924e-01 7.168911530389888709e-01
5.851223749615820369e-01 6.134976493819246368e-01 5.450058511151987251e-01
4.964270650740666424e-01 5.217035706204449230e-01 5.332587518033448104e-01
5.137778778846616712e-01 5.626427028220769566e-01 5.398790375850238688e-01
5.712673910886014728e-01 6.337739473617612918e-01 6.017153224020187485e-01
5.609752951830921930e-01 6.054234585223475795e-01 5.035269784759127676e-01
4.820553595643340961e-01 4.781558446866944756e-01 4.961653399548322518e-01
6.310993330791202505e-01 6.797323312119860628e-01 6.775120233149898308e-01
6.716567283333868543e-01 7.029005612503613776e-01 7.549285654482149610e-01
5.338569332506252207e-01 5.598103512462344611e-01 5.299435055024336316e-01
3.843115566096620972e-01 4.054395938622167295e-01 4.457509869451234952e-01
3.397246894867088640e-01 4.247632617296061563e-01 4.324189697219866235e-01
4.944075180426192317e-01 5.140447043915400416e-01 5.291887793218323921e-01
4.449826723135745232e-01 4.207141628930825550e-01 4.188393132877312741e-01
4.526960134872949348e-01 5.278164442413092461e-01 4.602650315564746908e-01
8.024012762418408773e-01 7.442399370588016483e-01 7.804807401577786852e-01
6.443598610926095649e-01 6.569768292337260229e-01 6.112235614069594369e-01
5.059952639670695085e-01 5.528048425029811197e-01 5.984427376672826204e-01
7.019211525119104511e-01 7.112233010750711459e-01 7.280285079585877561e-01
6.627289362674144702e-01 7.842976393085288045e-01 7.551377457032042440e-01
7.371367099141936663e-01 7.310546859998323654e-01 6.680854107611160497e-01
4.727996087958244997e-01 5.061882775692106984e-01 4.803180770519712151e-01
7.396655147343853542e-01 7.402258840717140798e-01 7.015027998174683255e-01
7.756844634713624398e-01 7.087905762863757619e-01 6.702904428411723403e-01
5.253069217893993059e-01 4.207161446466982646e-01 4.417793683610334865e-01
8.299818180244032950e-01 8.671682196260920295e-01 7.917402967863158558e-01
7.142175188338630853e-01 7.165107106735011389e-01 6.715344276604725549e-01
9.630641978930148950e-01 8.592650553699205940e-01 8.120135221037919626e-01
8.215880438059329771e-01 8.755456319144573341e-01 8.044958546917301279e-01
6.587552658674664663e-01 6.414957298802727026e-01 6.526992909850600766e-01
5.928510693350548255e-01 6.301882840071775238e-01 5.824779436818217082e-01
5.790223739262720937e-01 6.763275089761499048e-01 5.972748372645990678e-01
8.055133739909577928e-01 8.143280342126745230e-01 8.532312285657217554e-01
6.428712559253985104e-01 6.467340953705175144e-01 6.453076191456021959e-01
3.868815190428736561e-01 3.457813590493452605e-01 3.999101791527679972e-01
7.850364044972371058e-01 7.473381085743425745e-01 7.552236902153417475e-01
8.361028364325943096e-01 8.140389062030342071e-01 8.252753802654974047e-01
4.975906811815910546e-01 4.551160884597468259e-01 4.792754265077661668e-01
6.727493780176906357e-01 6.983055084238130039e-01 7.301228159603464496e-01
6.834467883452285397e-01 6.372168896243218805e-01 6.327598507262083283e-01
7.441556269697359172e-01 7.149860531317551171e-01 8.010019052798132977e-01
6.343011297732216169e-01 6.894249446797093839e-01 6.932182054784947756e-01
6.486573568110374222e-01 7.254532023524143947e-01 6.773848200114596096e-01
4.852380391271186033e-01 5.941887794922218191e-01 5.407312725227401140e-01
4.940442865011321349e-01 4.831417764497648037e-01 4.738680846751849307e-01
5.706577983509774077e-01 6.054347566327803465e-01 6.402108233011182259e-01
6.433570698901730500e-01 6.320520505909837938e-01 5.885300380408214904e-01
6.276629609409071220e-01 7.058016298635475527e-01 6.568593708554624211e-01
5.413966363196435205e-01 6.131693767298900255e-01 5.957694326937050810e-01
6.417072624356234822e-01 6.496781860071939585e-01 6.011809178719931257e-01
5.733356093327610647e-01 5.416910708716438094e-01 5.734357886683337791e-01
6.416047319737995247e-01 6.169554543778866806e-01 6.368811908360876295e-01
5.128020996064099890e-01 5.077709934561167593e-01 5.344902675698618433e-01
2.572468052168810360e-01 2.421998861963404193e-01 2.605429867440163805e-01
6.061935728561099745e-01 5.830881368194242853e-01 6.085878244066114107e-01
3.917545299041494955e-01 3.510951800556151858e-01 3.324090713343446635e-01
6.038620848390310325e-01 5.951002856801771435e-01 6.402147226732274321e-01
6.165783636085725439e-01 7.001969506623588746e-01 6.662699951344238647e-01
4.576196885469320241e-01 4.866635516476121581e-01 4.559610779800601921e-01
6.630232815403591662e-01 6.528757989590586730e-01 6.959909902896597167e-01
7.270201351020147973e-01 7.123699454584236923e-01 7.722038185498742990e-01
4.897531014581413267e-01 5.220299530509511232e-01 5.038227081278884301e-01
4.385571392461136697e-01 4.692420385087788248e-01 4.549231127792829898e-01
6.871740928212223265e-01 6.286580544098002710e-01 6.725849232979113079e-01
6.169957119001650003e-01 6.660250562010122666e-01 6.616402767874328683e-01
4.742209127921637180e-01 4.617618439568154098e-01 4.592277881383491356e-01
5.907213395934252098e-01 6.297551065152497962e-01 5.614053803511980245e-01
6.241704705668038589e-01 5.458907070274677809e-01 5.557158417486287583e-01
6.146937175694029420e-01 5.896823644759305871e-01 6.031301105917775685e-01
5.426993895432526971e-01 5.361983675465165078e-01 5.094019691881912504e-01
7.347166130458381295e-01 7.499205673181629228e-01 7.371492332171014628e-01
3.979238393973452137e-01 4.259550009100810386e-01 4.239114717180454406e-01
4.873443038630637658e-01 4.968072111405272273e-01 5.017177542616158004e-01
7.313092925994977289e-01 7.541255368930394054e-01 7.002444412124383399e-01
6.907206240178156431e-01 6.789164630776725051e-01 5.870470745486365827e-01
4.275697832181390989e-01 4.943083783619117710e-01 4.836514932226247954e-01
7.040168856383686169e-01 6.664924463814360100e-01 7.322994733239284182e-01
6.599383955345661246e-01 6.548237022147660458e-01 5.844942902540817276e-01
8.076185000450929463e-01 7.803352059989225875e-01 7.694024925836556728e-01
5.926510340381591080e-01 6.114522233086731040e-01 5.871148539958523926e-01
6.855785361152281210e-01 6.560588287304303101e-01 5.581818033440972826e-01
6.391337042498688170e-01 6.134753480386748725e-01 6.230005060718553089e-01
6.229414149811911550e-01 6.513604663467996714e-01 5.762417832633749404e-01
5.321306968023101769e-01 5.471493359030199510e-01 5.271982085688091679e-01
6.302800848422432933e-01 6.586113452777826449e-01 6.533259343365306338e-01
7.448066029469350147e-01 7.755483262207358841e-01 7.593024674384530881e-01
6.158025921285434912e-01 6.526692028724612182e-01 6.359929716755888807e-01
5.070597221859289849e-01 6.030277307536047182e-01 5.596286723196645108e-01
5.718317935908286964e-01 5.820948934114053008e-01 5.963144907197978073e-01
7.506837960555520217e-01 7.904126734174108382e-01 7.382954092785570799e-01
7.617398364298395563e-01 7.587740730812001511e-01 7.166090460997885936e-01
7.064017682079890559e-01 7.307980584222312226e-01 7.660311322903476938e-01
6.428585842485985413e-01 5.501123808084813493e-01 6.079977327173162749e-01
5.328696348613488620e-01 5.341084866586595092e-01 5.776559351119389119e-01
4.995199426480644855e-01 5.161610250799192334e-01 5.699074519022540031e-01
5.024272014126400787e-01 4.748227201142934395e-01 4.928370555956292920e-01
6.291932540891388426e-01 6.581249076970879797e-01 6.537485022626722264e-01
6.827234219407687377e-01 7.066996009405558388e-01 6.561257702517558910e-01
6.147818620448624038e-01 7.022316668893440195e-01 6.337862016322820535e-01
6.013585404106762677e-01 5.598180624143200834e-01 5.251284574257785165e-01
4.132265375800867058e-01 3.712135282126363678e-01 4.428452885781451465e-01
6.607383590878672663e-01 6.269819167594189446e-01 6.323729078822423189e-01
5.095794610204953390e-01 5.082569815711405203e-01 4.891316499060759937e-01
6.181150398199577456e-01 7.009233925893763040e-01 6.813076600301202213e-01
7.264503385474397890e-01 7.285279834860810544e-01 7.816693248235762059e-01
6.990555184619430262e-01 6.512920893577152093e-01 6.009213392129504339e-01
6.628733073541603904e-01 6.168359597016657148e-01 6.562711222464292504e-01
2.683284278671648759e-01 2.580045381366453672e-01 2.750176762597014157e-01
5.718438907950412764e-01 5.128627269901930852e-01 5.237928846631078050e-01
7.083387728705868858e-01 6.137943122479303515e-01 6.748099560795640661e-01
6.675689337375899646e-01 6.571376694972239640e-01 7.651766625282074852e-01
6.636610628235022347e-01 5.585049801344188491e-01 6.172522121094117242e-01
4.449546828649952324e-01 4.012369636320027855e-01 3.476551608831463525e-01
5.480745806788881458e-01 5.318401961278739210e-01 5.288435973724002759e-01
6.313650055795394511e-01 5.970754334339839486e-01 6.065270457725099318e-01
8.383762290205590828e-01 7.829482311296475094e-01 8.239636308388476049e-01
7.487835999111273066e-01 7.559151563302737298e-01 7.177649651274845555e-01
2.530157991777630677e-01 3.015259115298570269e-01 2.726022539231440223e-01
6.274139052085210277e-01 6.045696919069086794e-01 5.783293771479594003e-01
5.496590406387369399e-01 5.420956107763037490e-01 6.016953237831119683e-01
5.435301827265507368e-01 5.610066241657347685e-01 5.070374501170566983e-01
5.517764514999198289e-01 5.244365504681017809e-01 5.390343531871263361e-01
5.527277539614714463e-01 5.563209355762582797e-01 5.934963483464047451e-01
8.176052653091404609e-01 8.214133452159491089e-01 8.098851837493141748e-01
5.925164533420079760e-01 7.662269385663557086e-01 6.537432369366070750e-01
4.950717830296367250e-01 5.517287486475794811e-01 4.896781104512236693e-01
5.759793839267699500e-01 5.765425542491416921e-01 5.278370715984016526e-01
6.709039432860135488e-01 6.455632085421276756e-01 6.804456724478076257e-01
5.942389963120886520e-01 5.811949636024952293e-01 5.843632270179551780e-01
5.137716034085051398e-01 5.348647646618613916e-01 5.680493865136233556e-01
6.241997241947636610e-01 5.978087415349689904e-01 5.284317313600706001e-01
6.218881320025387849e-01 6.157846949878803544e-01 6.468018204834282692e-01
7.510376416636233010e-01 6.646911048945230993e-01 7.410030094589654670e-01
6.252153792191681436e-01 5.911369051156738497e-01 5.640807567969780001e-01
5.515881090711306500e-01 5.346912049108384357e-01 5.177647389925720267e-01
5.153201084197622794e-01 4.679193711236523945e-01 4.858432462948841235e-01
4.805947319332588008e-01 5.052551708260507590e-01 5.291392207548257787e-01
4.759036199143079626e-01 4.759383336160535882e-01 4.364459717704020081e-01
5.020098276183714292e-01 4.460871458490858754e-01 4.707575751663872765e-01
8.619993497469409238e-01 9.024388886553197375e-01 9.326682127726205751e-01
5.272017995418843972e-01 6.199459928896803307e-01 5.388395616770111918e-01
6.939040520369692544e-01 7.671166902291879364e-01 7.246250622396166463e-01
5.418894056837002537e-01 4.851746869717033506e-01 5.476166364740414627e-01
5.838361838587246000e-01 5.583067203617483321e-01 6.018051676861554400e-01
6.800377120086125160e-01 6.934347646802395682e-01 6.491308980122495464e-01
5.772490385251231038e-01 5.766321656176144339e-01 6.122687178977603839e-01
6.108015160182154180e-01 6.631913606304693509e-01 6.314077708962743118e-01
6.971505083062470298e-01 7.702617593351079872e-01 7.326467352175822789e-01
6.947180382975485236e-01 7.362330371131792228e-01 6.526511352630840479e-01
6.060022729871936686e-01 5.870818898068509428e-01 6.646237769863170275e-01
6.575817115114167555e-01 5.906896978095352857e-01 5.930280003827365087e-01
6.584230150185902408e-01 6.185548901829533985e-01 6.142108458312518504e-01
7.682339198975455252e-01 6.949302274805287949e-01 7.395100390569642190e-01
6.291525035674970789e-01 6.518771340801293723e-01 5.909061547122136382e-01
4.312025740638663618e-01 4.642849094435050339e-01 3.830473920233243845e-01
5.770500400276831199e-01 5.123716057760261400e-01 5.497870073975276162e-01
5.476985971616441518e-01 6.083648595586030883e-01 5.461455658182944317e-01
6.490112194874855245e-01 6.512828324389812185e-01 7.040121371946717055e-01
5.638011709568944152e-01 5.262031936848914349e-01 5.841170874413290637e-01
4.776713881330021949e-01 4.301409515169000164e-01 5.096448455224003027e-01
5.623771429866932792e-01 4.679521977252432685e-01 5.643945994697585622e-01
4.155117848457705043e-01 4.630166141957083870e-01 3.932523562728166833e-01
7.089091061598554733e-01 6.259076727291585929e-01 6.184609823227777969e-01
7.113538717292774427e-01 6.958801535071565958e-01 7.029946740908232794e-01
7.038741460159019248e-01 6.751183964429177120e-01 7.072875921017038880e-01
6.289387778578636734e-01 6.389094131012749145e-01 6.409578906006572208e-01
5.293407140155463875e-01 6.070983799781627388e-01 5.892183474601400128e-01
4.567013517282985657e-01 4.772588562165842596e-01 4.841367371294850730e-01
8.204508721724493858e-01 8.063785904221635326e-01 8.208790539368824302e-01
6.188476623428643686e-01 5.661244982076197862e-01 5.270194514368767846e-01
7.685474432342501716e-01 7.420138568172933713e-01 7.510381414856783788e-01
4.862424025870817346e-01 4.510132589221202970e-01 4.425122563535559550e-01
3.975494512253959778e-01 4.325062038800268627e-01 4.455290308502686814e-01
6.036333352060906376e-01 6.358813169262497178e-01 5.518827875034455488e-01
5.271279760821059313e-01 5.173561911652591050e-01 5.118122504870583622e-01
5.753523106866003101e-01 5.736882136276255650e-01 6.372314012218797119e-01
4.270111982203877443e-01 4.297456132296421094e-01 4.338115584576468509e-01
7.759383606751223406e-01 7.437348051163427121e-01 7.744511813411520951e-01
6.291911610914210362e-01 6.498768555043222817e-01 6.743658311761606683e-01
3.877054437445836554e-01 3.999721770508855023e-01 3.599560784608417108e-01
6.672159704861562179e-01 6.827777301422028877e-01 7.115470883574736005e-01
6.830519222312305683e-01 6.081286519806000657e-01 6.009587598985484114e-01
3.844973222433606952e-01 3.778343125699160643e-01 3.931167638237870743e-01
7.826330528510094808e-01 7.444875712498879583e-01 7.977845167359174372e-01
5.181255573746678111e-01 5.576470619855268263e-01 6.467721229819985984e-01
6.730747848141024336e-01 7.371810034643887510e-01 6.924282863900564911e-01
6.992884183356430361e-01 6.657971007404279717e-01 6.433313326377131380e-01
6.209654280248256830e-01 6.654848513880192717e-01 6.484396277790513974e-01
4.562224738062726770e-01 4.932809960795475068e-01 4.455822158323977655e-01
4.625067684330426698e-01 5.538558366764827490e-01 5.556378271893182008e-01
4.497753793628614938e-01 4.860607846305982083e-01 4.962297539066162777e-01
5.698756038191232776e-01 6.012610356394587630e-01 4.772093786598585186e-01
5.055219851044507884e-01 5.762891873130018272e-01 5.834050850568097690e-01
5.745590069837517300e-01 5.557623186595996856e-01 5.971969196944504343e-01
5.665895965034195569e-01 5.787605354082090425e-01 5.859833914627380347e-01
6.723486646515626219e-01 6.728448075943544993e-01 7.063769153895135267e-01
5.611137855225153404e-01 6.041555098589184158e-01 5.375838132419960003e-01
5.627875649293784255e-01 5.454342011205157714e-01 4.896373743159525560e-01
3.645922469852954650e-01 3.510564812849094052e-01 3.345800219933088293e-01
4.548365959476271536e-01 5.303609538249528521e-01 4.862652988845901358e-01
6.093350622739519551e-01 5.226284324853202046e-01 4.816822411390260239e-01
7.917522510360127663e-01 7.750294106938361294e-01 7.349346515200119168e-01
5.759694807480637557e-01 6.293956743737627590e-01 6.066637218572293877e-01
5.150773279643067193e-01 5.678226679588875836e-01 5.268098759400927644e-01
6.615362422892610006e-01 7.383427221005344210e-01 6.414133263382577610e-01
4.397151734797526412e-01 3.941277232704789024e-01 4.111492460753839451e-01
6.073922419377950632e-01 6.702502678298493111e-01 5.860648148560620996e-01
7.639611061050366470e-01 7.772821137318935980e-01 7.279350447618967435e-01
4.805375218422572314e-01 5.177382449645229201e-01 5.068042472232247020e-01
8.444645826681325129e-01 8.602612418115246351e-01 8.210285555923760858e-01
7.348729608748121311e-01 6.646604362935769617e-01 7.307790426305410536e-01
4.661823428754016674e-01 5.126153524452898846e-01 5.316411233638638212e-01
5.117629458409138632e-01 5.057166120693989964e-01 4.117170898350864805e-01
4.299021985345099495e-01 4.940286563885725735e-01 5.283554158517043131e-01
6.061759141393964212e-01 6.202753268948444365e-01 6.108026775595670754e-01
4.138690744727858140e-01 5.427523404782825800e-01 5.548831635041873156e-01
5.690916632918993079e-01 5.772227338618537429e-01 5.492803642298857980e-01
8.117382507590712448e-01 7.936156271795282713e-01 7.727738913547506083e-01
6.623813249405515746e-01 6.954987767391980213e-01 7.615387517739303780e-01
6.698645370189173498e-01 6.946845505802878851e-01 7.305046288866303694e-01
3.160087332256689141e-01 2.812032912282877994e-01 2.870642341694709110e-01
6.131201449207317467e-01 5.037447851246774633e-01 5.931292449359000241e-01
6.228643704434424500e-01 6.489582363037867951e-01 6.109696004532543245e-01
3.664856458322508503e-01 3.596784430029343893e-01 4.668858989369331081e-01
4.630269104357437882e-01 4.614681806863358826e-01 4.382459750608546645e-01
6.347972042254556024e-01 6.655440875196380057e-01 6.477421907499598674e-01
6.156364874641414575e-01 7.246693529834613567e-01 6.586660281119250948e-01
4.560194693288743273e-01 4.598250462362586388e-01 4.424646556369505879e-01
5.726731846109937019e-01 5.744190809401028552e-01 6.197918186606461433e-01
7.190261460437805674e-01 7.078164825193838938e-01 6.959294977190830789e-01
4.935112610221310536e-01 4.559567272822533934e-01 5.490399066422428920e-01
6.426064647779307082e-01 7.074647510900418101e-01 7.067303124029326034e-01
6.092429340792911985e-01 6.538970533439972810e-01 6.438513275815272996e-01
5.997299192142803159e-01 5.767334731428427341e-01 5.699306894028577375e-01
6.020464257048082635e-01 5.621689950364895383e-01 6.482829775825933449e-01
5.553593971568571153e-01 5.857487029492726149e-01 6.208252353444327909e-01
8.692652864540338919e-01 8.942701591383287463e-01 8.432936061759275237e-01
6.230005063095314100e-01 6.474307913196931663e-01 6.095346052931525094e-01
6.847170843463290524e-01 7.054346098989989766e-01 7.192254779317235336e-01
6.554513767311728190e-01 6.706746567007305648e-01 6.838081370605499920e-01
7.619429665620461867e-01 7.769899276655932718e-01 8.294045272813632685e-01
5.944153759320544017e-01 6.318606868027109025e-01 6.256329887749733087e-01
7.297586161815429184e-01 7.260760779560937461e-01 7.396861627855793042e-01
6.845087784988774793e-01 6.355509982786382572e-01 6.231813541810655721e-01
7.086005464270542786e-01 6.790881960963219832e-01 6.944602281618994510e-01
5.674790894387742313e-01 5.761641888380240051e-01 5.493691402156465342e-01
5.495502793881388293e-01 5.724646515441272898e-01 6.128871033926158729e-01
2.747724783345562027e-01 3.484893935100203399e-01 3.102981495850463123e-01
7.790733568467690384e-01 8.102299733241759006e-01 7.561542993177261529e-01
6.470598129175521018e-01 6.712017394271411197e-01 6.325695604938458283e-01
6.288524455647386269e-01 6.540389083402919912e-01 6.562142886971055189e-01
5.689443792974344660e-01 5.261653974257201050e-01 5.882254480796512697e-01
6.918076382812375913e-01 6.233543958335243662e-01 6.349493965093669923e-01
5.921188192571452680e-01 6.085197221993375871e-01 6.092696514261072283e-01
5.623203294529480756e-01 6.517341128474466450e-01 6.484887995555247420e-01
4.824888202505656087e-01 5.001973597245535919e-01 4.584035431297576180e-01
6.393127310269329788e-01 5.644300627335728793e-01 6.127198292233527743e-01
5.858510836354996476e-01 5.465526597327090563e-01 6.396369520227546124e-01
5.768839811938695217e-01 5.882529609087049360e-01 5.798660472629920681e-01
6.788850653078210007e-01 7.120138393404386035e-01 7.049051852882196600e-01
4.108632446867999111e-01 4.781494936341088020e-01 3.885919732570033980e-01
7.807558174698285836e-01 7.455609888713057298e-01 7.897258690708965911e-01
5.623152635065673532e-01 5.790661519528881307e-01 5.901769975626086628e-01
6.172744733718544818e-01 5.639084111357797191e-01 5.321456912803903538e-01
4.349357729361711389e-01 3.981291137857075335e-01 4.464284651890685907e-01
4.444285305058188751e-01 4.936031268290033136e-01 5.369910749784516657e-01
3.828929547515171894e-01 4.203750608634108654e-01 3.971925316197224554e-01
6.683011939673806356e-01 7.195565752495460821e-01 7.354110788454646386e-01
3.422774289062667785e-01 3.471979031079410194e-01 3.291911685794743359e-01
6.570304601464583838e-01 6.891006225354958659e-01 6.162468764051270975e-01
6.413583422314356186e-01 7.099229060513109202e-01 6.541849109152731989e-01
6.608822879051050592e-01 6.279557989524794381e-01 6.501587506367011438e-01
5.696949962026934822e-01 5.561609550441741767e-01 5.730995618356310439e-01
6.788441188465814680e-01 6.973844222649920876e-01 6.360122864467193660e-01
5.880769246640844550e-01 6.089574097673549069e-01 5.777256077205000784e-01
6.244678022702734310e-01 6.972757779298838221e-01 6.529689689892258508e-01
7.431886769403271975e-01 7.603034561840787964e-01 7.959948413924864408e-01
7.426135289619070212e-01 7.309519804803530363e-01 7.967282475474960490e-01
6.054519211422824121e-01 6.172202217916988864e-01 6.064611520721512328e-01
7.072109581433650982e-01 7.210272551246702522e-01 6.741608119388596831e-01
7.603882392537913981e-01 7.524148513066519772e-01 7.099216018597815925e-01
6.567368261994233070e-01 6.818988880831841071e-01 6.882112651651977053e-01
4.236693228253034516e-01 4.177755940426064463e-01 4.506136210247917440e-01
5.631472133459897167e-01 5.717721943514132432e-01 5.390351302849371029e-01
6.111907254643716980e-01 6.205449659569931553e-01 5.720483480180180713e-01
6.865460285572393406e-01 7.364945091475022521e-01 6.594021170863113568e-01
5.311574511735284165e-01 4.988329655352125580e-01 6.025250904409793495e-01
6.245631773732298608e-01 6.228037819739025149e-01 6.341058636175398444e-01
3.223683799213883927e-01 4.011319095970489745e-01 3.204136725392987550e-01
6.583512456332764051e-01 6.033964908417428497e-01 5.505217352239534234e-01
7.103745992151531130e-01 6.631736570787557516e-01 6.301215414352324684e-01
6.773246083171585719e-01 6.078471066005971535e-01 6.287756993405270167e-01
5.626841224735925628e-01 5.515578403705519994e-01 5.997364487402385702e-01
5.540728556414999950e-01 5.470069467481594172e-01 6.325466795976336654e-01
6.751162101902717927e-01 6.455500644291045642e-01 6.765063828897545095e-01
5.937501983125451632e-01 6.261374920807017963e-01 6.456408017623460616e-01
4.380721955129709411e-01 3.932167191797511507e-01 4.417154112108340747e-01
4.289965546020055864e-01 3.968087307063565827e-01 4.628805871357240531e-01
7.336638432124912290e-01 6.532428470284191713e-01 6.975130242236970979e-01
6.287623984203352112e-01 5.440066436421251428e-01 5.856112958567943894e-01
3.967581595117938842e-01 3.556174655246991390e-01 3.603613025021075167e-01
5.903599312914715735e-01 5.716923652588217220e-01 5.782779695461558456e-01
4.978217511860697497e-01 5.187162609848656736e-01 4.875194855476929767e-01
7.712286690060587979e-01 7.776140021412070169e-01 7.834468865692061357e-01
5.382374175770364699e-01 6.054313363878486287e-01 6.463845677085541253e-01
6.182958191568350692e-01 6.911923088166155305e-01 6.392881370395903096e-01
4.589504273450206173e-01 4.749689901288880467e-01 4.498128659773139026e-01
7.021931203086820839e-01 7.320484448283763879e-01 6.666552723395564595e-01
6.710503987179408103e-01 6.746752763831532773e-01 6.678149628765861490e-01
8.131966693535689350e-01 7.527257052274709537e-01 7.524751927009853958e-01
6.862633576366852228e-01 6.907694587630804905e-01 6.566772909494736910e-01
3.687357451069188663e-01 3.719502349326604396e-01 3.157784603580232607e-01
6.254761644593611614e-01 6.781847983938950053e-01 6.303251521803495683e-01
5.330102746240014122e-01 5.959415023920429100e-01 6.569520283167390451e-01
7.683214689494638483e-01 8.194395316963758447e-01 7.275255867374174068e-01
6.111583397202439150e-01 5.952003481540503183e-01 5.916503216945494525e-01
5.745902210518014641e-01 5.501162853313081857e-01 5.703257396036930382e-01
8.568558248010019751e-01 7.513814178294098145e-01 8.127124078728866774e-01
5.631220000966642436e-01 5.705385254367292269e-01 6.246859568042056887e-01
4.756754971791172237e-01 4.130047449737814791e-01 4.874196256166287711e-01
5.791341493981340127e-01 6.008368875636717066e-01 5.542095387562377962e-01
6.378996260411609054e-01 6.292390551529015719e-01 6.518726062425875822e-01
7.902687991215434637e-01 7.504863023683582268e-01 7.105330978355638427e-01
5.577706172276614138e-01 5.159928494467915794e-01 5.749191592400756390e-01
6.667576353078317197e-01 6.446079460354993129e-01 7.306439160371934749e-01
6.648112947351810798e-01 6.855274933632283796e-01 6.743372238165771249e-01
6.776582883723410999e-01 6.456984866860990824e-01 6.302732288718601028e-01
4.017989275877666966e-01 3.828996469121585533e-01 3.721056121724914956e-01
3.547783386131920791e-01 3.312577886277182637e-01 3.335182773563149516e-01
4.734914576992815261e-01 4.835686093633234650e-01 4.757243992448636494e-01
7.978647036216761634e-01 8.068200822949305184e-01 8.343019559687520070e-01
6.203565361875725825e-01 6.295066656107738412e-01 6.204166060447576792e-01
5.449243611576817248e-01 4.835239698189842117e-01 5.419443381544940541e-01
5.749631413613804920e-01 5.928298226804322724e-01 5.924967051290296327e-01
8.156111627001750852e-01 8.396285197063809713e-01 8.863289177092931181e-01
5.943599461713294785e-01 6.828511789842456325e-01 5.423229820110638810e-01
5.398278714579327620e-01 6.005036398099908856e-01 6.174428397852272932e-01
5.660072031938644388e-01 5.855463096762687503e-01 6.167706005786487422e-01
4.388863932728327422e-01 3.624366189071514532e-01 3.469387881039659449e-01
3.884613356090222402e-01 4.076313963089643333e-01 3.310163103337023238e-01
7.115438524930771669e-01 7.436422141299116051e-01 7.478022507190460466e-01
6.440226860868696335e-01 6.866104290638647134e-01 6.768291841028631906e-01
4.990043707724134414e-01 5.137446012170587828e-01 5.300424730296232623e-01
5.330967190490328855e-01 4.940100649232430086e-01 5.082721364198510283e-01
5.508963452393873528e-01 6.257925595881823622e-01 6.424922964554234950e-01
5.322692824720437477e-01 4.804817887103791652e-01 5.804401424167373591e-01
7.041608187460390855e-01 6.811627995023418203e-01 6.462861295429762620e-01
5.163927881215704119e-01 5.017726784104366011e-01 5.035982172797713874e-01
6.429057703488194608e-01 6.442765401025861705e-01 6.423111172294221349e-01
4.808417323163162727e-01 4.850512592556633362e-01 5.227231230023087205e-01
6.301676185685541887e-01 6.481945842583860529e-01 6.332273249830207007e-01
7.611038727082281019e-01 7.734067995917383032e-01 7.957309738821708445e-01
5.356998006544054780e-01 5.026183477972439029e-01 5.357908732526581730e-01
6.664207774912543902e-01 7.602828522695721514e-01 6.988241321481860613e-01
6.134437935860613811e-01 5.914447415428415455e-01 6.395360103446319222e-01
4.682196552410208268e-01 4.678706539293657207e-01 5.226191865604664644e-01
5.622419472994787393e-01 4.722446631895578228e-01 5.455133409193736460e-01
6.355504592350968984e-01 5.464120848845992473e-01 6.066023798714056392e-01
6.399391221364901794e-01 6.210592847688312101e-01 5.930383159280144811e-01
4.751478847781608894e-01 4.925414114886755845e-01 5.460203984439029323e-01
3.554370127463669649e-01 3.471917825363967092e-01 3.023516099113881528e-01
4.440822986704895947e-01 4.553761473028193896e-01 4.483578653933587010e-01
8.044161429818413866e-01 8.410303166654615747e-01 8.083656105052782204e-01
3.698307563472412740e-01 3.937682007850860089e-01 3.811169822133337326e-01
5.166000458945501084e-01 4.933763975128926949e-01 5.176363751241614963e-01
4.538045699664843835e-01 4.155949087103513739e-01 4.258195718451848744e-01
5.966526032008216962e-01 5.727708427076529940e-01 5.644835648335072564e-01
3.192270953035557524e-01 3.323372287282637116e-01 3.494579054738743973e-01
4.921866493348616700e-01 5.027983937640794210e-01 4.996183737546723291e-01
6.162218001324561989e-01 5.165222650492813372e-01 5.091548574164835861e-01
5.503902148724996168e-01 4.941096625018743804e-01 5.009502401269556593e-01
6.615313854364076596e-01 5.665549244057328515e-01 6.823928060297210774e-01
5.917235863895488057e-01 5.790225787656737566e-01 5.678565477011257023e-01
5.048669226686879341e-01 5.172341555298783922e-01 5.957099246073149779e-01
6.868121035373908612e-01 7.081008526479852794e-01 7.029984900318723140e-01
6.709402527264698435e-01 7.443764332474808176e-01 6.971549508328006572e-01
6.876599642095406750e-01 6.505474236556830769e-01 6.371430991752151662e-01
