5.460552565499312561e-01 5.109993873979329360e-01 5.656512441035651539e-01
5.618501232775403587e-01 6.577850982685563563e-01 6.909682128337649720e-01
5.643078742592421149e-01 5.737265582504275097e-01 5.814610618719147084e-01
6.259243407730366027e-01 6.114652489407845781e-01 6.611796026310348129e-01
5.604871114190098647e-01 6.122762086014892358e-01 5.328517044096078292e-01
4.564750647225658264e-01 5.913855390777740251e-01 5.200637362348412562e-01
5.793331317593161112e-01 5.698386978887918231e-01 5.857728410811086084e-01
4.893947776452425846e-01 4.834783982255901336e-01 4.985981539296693299e-01
5.811734380825137602e-01 6.318928093050132366e-01 6.449695201195851935e-01
6.097919390849864119e-01 6.498829800828987979e-01 6.179759380137191949e-01
5.882274830773056573e-01 5.914411528967220555e-01 6.450354430385139004e-01
5.930125540469629586e-01 5.871602298835301159e-01 5.307803182070376380e-01
7.025470692041132503e-01 6.702267710889026064e-01 7.611683316440285285e-01
5.469029908208786761e-01 5.796000289695881769e-01 5.990737460892635591e-01
4.595367857765696451e-01 4.451903594207183845e-01 5.278561684403966225e-01
3.746053419121206929e-01 3.607309462022467716e-01 3.767117997993350564e-01
4.705374086343427353e-01 5.583186935366705184e-01 5.003049458889968770e-01
4.690727705659759605e-01 4.209651961862830860e-01 5.241944907298227152e-01
5.027472456024114633e-01 4.786500170116751440e-01 5.083440898016932108e-01
7.572615096133753498e-01 7.076794284740129948e-01 7.214935219320124382e-01
5.808836205705877331e-01 5.163362357743815911e-01 4.912991625427924336e-01
7.219242162343375568e-01 6.743451148081397450e-01 7.953052501015239750e-01
6.987664928462554714e-01 6.304172848227908021e-01 6.835693528712042388e-01
4.357489578118691753e-01 4.713138044165058327e-01 4.650561814761312585e-01
6.048768499790435627e-01 6.452439832088351368e-01 6.284948644916235061e-01
5.328692126537536433e-01 5.425444142097556322e-01 5.926876895012499480e-01
6.915254427096623191e-01 6.789194398324737145e-01 6.766795335299821135e-01
7.164043578622828479e-01 7.242882940332207031e-01 6.970102447565708070e-01
8.944700634466371536e-01 8.461501672244808869e-01 8.561487576181860959e-01
8.177939760954168191e-01 7.310421888445456373e-01 7.318264014324888933e-01
6.687796535308875301e-01 5.975351974722247217e-01 5.763239464814948754e-01
7.053514923048589402e-01 7.178681944420597372e-01 6.728424319891395111e-01
6.035099694396551806e-01 5.922950145521915788e-01 5.782329296185957368e-01
5.919520249280330049e-01 6.146998149100167952e-01 5.397083871540317990e-01
6.938653353083571451e-01 7.049573154086924420e-01 7.016520531911905056e-01
4.343352643272243019e-01 4.545332574595073449e-01 5.126977158195510365e-01
6.891306898053326524e-01 6.286193230363367190e-01 6.356120881468870776e-01
4.533375048081181857e-01 4.724733583757114164e-01 4.199371392609465570e-01
6.176547909169969319e-01 5.561582812190148939e-01 7.059804615867913968e-01
4.097228956517793841e-01 3.708974751894245636e-01 4.261650075792822179e-01
5.502311837579983989e-01 6.138403040755948670e-01 5.319947407156749852e-01
6.479828969516731041e-01 6.610698956960865402e-01 5.682918382602418772e-01
7.861087160120242556e-01 8.279575367362579374e-01 7.850515952812328058e-01
5.754137043666380791e-01 5.460582289695430358e-01 6.237560380592100939e-01
4.850997876991160473e-01 5.020312871458372239e-01 5.390442441799899731e-01
6.063699368526179745e-01 5.626714170405919813e-01 6.089905263771475674e-01
4.729900217422666753e-01 4.484278116380088219e-01 4.053006624237695532e-01
5.789100428142445187e-01 6.088375038226697678e-01 6.176861427810308447e-01
6.598777874531748244e-01 6.863228170304580544e-01 6.916016606626556040e-01
7.221038086057377514e-01 7.082064545799547917e-01 6.627409207885200937e-01
6.741993672973559670e-01 6.814835313469816969e-01 6.989655731170212327e-01
4.645643613112377390e-01 4.827248079513584145e-01 5.003393625959635660e-01
4.894840264290584719e-01 4.942078181750197419e-01 5.166291974199956893e-01
4.485603688960198565e-01 5.029844392042369661e-01 4.663690190824307247e-01
6.689708253192150345e-01 6.572151799912810954e-01 6.718171889458817159e-01
4.867168320982612206e-01 4.330235735697762767e-01 4.581785017031688167e-01
5.979525428300308532e-01 5.867447861792607355e-01 6.007037105173148595e-01
6.979727485615936367e-01 6.344892953440834926e-01 7.044909705628135121e-01
6.266572294459211712e-01 6.428994357180366492e-01 7.033146159439149780e-01
6.486891089783881625e-01 6.331373514156483084e-01 7.016484145332411160e-01
6.575436130204742602e-01 6.721746089432393267e-01 6.592381236398715538e-01
7.007140164885174993e-01 7.137773769803765767e-01 6.668195490549971849e-01
4.356587227875268753e-01 4.387309389188739916e-01 4.057480869771105114e-01
5.175822981732759454e-01 4.958445885755399796e-01 4.427917543711780146e-01
6.461697533427346318e-01 5.827852013744584392e-01 6.324711837503772527e-01
7.150934799192795177e-01 6.651841538376801477e-01 7.731139181637612934e-01
9.277871551749936607e-01 9.565909392036149317e-01 8.958863595313503181e-01
6.240686561004492594e-01 6.480212093681848584e-01 6.364323055928224893e-01
5.179239759813211164e-01 5.082306992671427048e-01 5.688787843850877657e-01
5.750262001694786962e-01 6.114274903660552596e-01 6.631064365445934472e-01
6.355952610534825187e-01 6.188614737155766488e-01 6.749567205244120238e-01
6.825003594113184802e-01 6.378711398014202949e-01 6.202298552998594117e-01
7.127980520117294105e-01 6.686359168390332286e-01 7.008363840112675769e-01
3.615537590230460951e-01 3.835078849242659071e-01 4.242806958222162250e-01
6.874744014592685248e-01 6.801323107254820810e-01 7.109383049587395531e-01
5.536357400122250416e-01 5.834083321239521558e-01 5.194550054867026478e-01
5.521294811209711551e-01 5.311336043529351070e-01 5.655146669745828580e-01
6.458003006960478798e-01 6.588641408631071839e-01 6.736212883250368710e-01
5.986170755186130954e-01 6.149277254360377976e-01 5.870373002243851612e-01
6.814958860581945554e-01 6.560824146477904906e-01 7.095425856886926619e-01
4.533279837149805647e-01 5.130606666876146305e-01 5.725665133630772896e-01
4.766660303379538499e-01 5.107592077803196906e-01 4.977656245325379203e-01
6.738354974905513828e-01 6.482920028638964327e-01 6.537186864735696767e-01
6.971526023189221766e-01 7.173886241780753625e-01 7.779324556916275002e-01
5.913620167886132206e-01 5.695370255864707909e-01 5.860188590073779347e-01
6.042635601310148985e-01 5.736959310174435389e-01 6.488626201429421592e-01
5.706173794979657599e-01 5.881057425927924687e-01 5.748438260899501051e-01
5.349639719140141247e-01 5.936974951088129782e-01 6.446450921117340416e-01
4.893574978607471149e-01 5.226787295335724171e-01 5.017189108356511218e-01
6.896629301252039657e-01 6.297056159018574739e-01 6.490333117503870319e-01
5.172059937722219836e-01 5.285810808375215331e-01 5.467678000698606988e-01
8.925390820569217842e-01 8.750954653921449999e-01 8.216968699307556356e-01
4.159260751738035333e-01 3.611716247882896247e-01 3.385771669459339828e-01
4.316283180056182389e-01 4.468101604460196219e-01 3.322495913003787882e-01
5.729568669815942039e-01 6.131663378260097108e-01 5.757277426800904152e-01
4.603556003226349502e-01 4.553262735447970444e-01 4.672600245169075683e-01
6.287718677143582235e-01 6.523319682895543092e-01 7.096208149265020859e-01
5.017839422117379433e-01 4.286147387102252071e-01 4.442462711151540788e-01
5.635521350337853175e-01 5.787301473995982715e-01 5.750159998953423557e-01
6.214588785904069379e-01 5.951485415702246762e-01 6.054735876553066776e-01
3.947325550814840822e-01 3.993205194039559092e-01 4.637933206926311280e-01
6.383061548251528494e-01 6.219558258045637666e-01 6.432824448496886616e-01
5.140584156497561841e-01 5.502095952251991884e-01 5.269557829131216176e-01
5.529173117811203575e-01 6.354623766272903262e-01 5.778062384137749863e-01
6.978892480726083258e-01 6.322252820506439885e-01 7.522882524882865685e-01
5.766946128392155257e-01 5.324086168327899493e-01 5.330427153618720881e-01
6.604290892721050854e-01 7.096494414002844087e-01 6.336697971723447287e-01
5.813824579119393210e-01 5.987745391953879226e-01 5.605245772070724941e-01
6.469573478807276734e-01 6.771906312417523832e-01 6.628078744882009987e-01
5.892340248547374149e-01 6.584183110180710230e-01 6.781812870183471231e-01
7.639540176222406886e-01 7.184862257230378857e-01 7.455968882348024129e-01
4.701132504041630189e-01 4.264166301793284042e-01 4.483742980695487046e-01
3.644564561853385065e-01 3.832323204157402352e-01 3.603134987669485145e-01
8.584044164004405175e-01 8.561155772099581229e-01 8.364703905394342831e-01
6.904687561184972289e-01 6.685646550945621991e-01 6.580001057628543926e-01
6.646616767263749948e-01 6.668787617451945593e-01 6.321256339262026902e-01
4.436823324390287149e-01 4.293868802243432370e-01 4.960214412587314881e-01
6.234060091792611447e-01 6.636447033219279312e-01 6.562834483395800778e-01
5.325570315725391968e-01 5.999037149626612608e-01 6.512688980098133573e-01
6.277733242960573667e-01 6.485620026365198632e-01 5.591944261711538910e-01
7.236300765582148742e-01 7.013670571298836753e-01 7.212365868429200244e-01
3.635945808689646785e-01 3.241021324054121910e-01 3.394750726828168474e-01
5.969865716628693919e-01 5.610422810731080512e-01 6.358839845842422234e-01
6.530533067249854051e-01 6.690026041783722066e-01 7.259717585255841543e-01
9.134593061455437146e-01 8.557332429870814217e-01 8.744129650137495435e-01
5.606968871963106116e-01 5.898825204859974303e-01 5.759615436443357162e-01
6.122968684227293457e-01 6.296261929428959014e-01 5.952096126916510688e-01
7.301878191653468075e-01 7.069739949179026928e-01 7.261547397582324148e-01
5.111787305642431223e-01 5.048248088812602452e-01 5.505953205942558659e-01
7.161421397950535894e-01 7.392801958456466371e-01 7.234427897107814642e-01
6.483761835066821355e-01 6.783976308085597484e-01 6.756044646532101128e-01
6.719796273152903732e-01 7.522615114852376772e-01 7.365072845281219749e-01
6.763823118334731932e-01 6.717622547640162978e-01 6.357165215639617450e-01
7.142841170816616181e-01 7.219782859363419458e-01 7.181349840466991763e-01
4.283516124505675204e-01 4.628311174799303873e-01 4.172159679916049302e-01
4.926856006770596319e-01 5.548129244568970053e-01 5.544809298110998652e-01
1.023973559239606645e+00 1.014946684973509372e+00 1.035054827008069722e+00
4.513795045101264281e-01 4.892029056394634479e-01 4.253942628011264104e-01
7.404264908843114501e-01 7.402188634088194830e-01 7.146350499019605840e-01
4.728142794874235499e-01 4.170362107985970401e-01 5.160836685503088495e-01
7.519368530486484348e-01 7.562555201099631086e-01 7.041723191512465618e-01
7.545353881323274559e-01 7.284614864063657658e-01 7.423923024998765330e-01
6.419966892232772393e-01 6.908127989434771354e-01 6.789578555607579391e-01
6.033719761391688197e-01 5.119872123068984759e-01 5.634350921598730855e-01
7.966004109405783185e-01 7.495354323857754686e-01 7.840138638676148464e-01
7.549947182492836584e-01 7.552901010100616652e-01 7.270169106820607574e-01
5.301892809010578800e-01 5.721097816285083404e-01 4.886214562127564331e-01
5.998220802506581961e-01 5.708239734083287997e-01 5.743892084266009057e-01
7.482263098381414235e-01 7.849877416829560417e-01 6.821964953199576298e-01
5.845418624976669308e-01 5.893453225509365234e-01 5.742512079686074022e-01
6.620289868364805930e-01 6.864360959910796867e-01 6.454612428665497115e-01
7.104696526459708394e-01 6.641844575998776534e-01 6.424504888709964279e-01
6.101192792447608371e-01 6.985831984096320113e-01 6.565315423729665145e-01
4.317450499183684287e-01 4.513490629300648815e-01 4.534621813638997079e-01
7.442752430838968092e-01 7.177732782571343284e-01 7.299135006440815587e-01
4.020294945111256846e-01 4.380685019575814576e-01 4.807383037705811324e-01
6.116015415990045945e-01 5.246463023231591194e-01 5.779063504059959167e-01
6.623314205330919080e-01 7.114396940478706632e-01 6.416287232933205464e-01
5.340062317470107844e-01 5.332319280972455111e-01 5.393196853592715501e-01
3.858295700462388012e-01 4.117699407225565711e-01 3.904677065374729805e-01
5.749647631468642883e-01 4.847620560306913906e-01 5.675843872520036637e-01
5.052129523522532750e-01 6.367859215124338501e-01 5.868451759921373689e-01
6.198432786282628282e-01 6.932183902586808166e-01 5.573931574571300285e-01
5.797778543376297389e-01 5.720539836561789881e-01 5.961702673227888827e-01
5.871996978403962730e-01 6.039846113063004340e-01 5.990926325244396722e-01
5.916038780794460328e-01 5.032289630353153909e-01 6.020995420350965244e-01
6.471330567505898523e-01 7.501785514069320149e-01 7.547472883079315853e-01
4.848014850291014755e-01 4.836286867867981010e-01 5.094391592462266249e-01
6.959295036303833060e-01 6.453280766957105730e-01 5.986917519952147382e-01
6.675658264179968882e-01 6.738841728521492991e-01 5.957914164771113130e-01
4.820535311570336434e-01 5.156013033852467897e-01 4.961485972353587570e-01
5.319879026045521986e-01 5.652048583976182483e-01 5.324591413034913678e-01
7.896760318769926457e-01 6.946860429085669475e-01 7.295959004392644776e-01
6.332087083477152545e-01 6.357846103616275890e-01 6.692473723687977216e-01
3.869307765076288042e-01 3.665659164126770508e-01 3.381862833136194402e-01
6.098157614408996618e-01 5.793895851183883394e-01 6.271317239622330453e-01
4.909938529053345935e-01 4.930239194234531386e-01 4.698317618762811176e-01
4.112990774039301245e-01 4.286087534722188841e-01 4.723603809546964016e-01
7.772016331383838628e-01 7.799831741891530834e-01 7.854438249547203155e-01
8.719819732639970677e-01 8.670418598165905433e-01 8.971992097353590490e-01
4.799494178038946623e-01 5.765125401648580894e-01 5.355369846238069442e-01
5.964824201274975257e-01 6.304138194716092380e-01 5.381622160212983230e-01
6.180331727852798052e-01 6.199821669286448289e-01 5.993481395033350978e-01
5.814783128341965979e-01 5.633292580370270475e-01 5.463338598832336857e-01
5.273358758400524815e-01 5.020726834688659102e-01 4.956427328916740982e-01
4.027938283892356641e-01 5.668168047622085259e-01 5.769958115653925912e-01
6.850330862065221460e-01 6.113830910398283525e-01 6.122240303032284725e-01
6.644878443210653352e-01 6.673976804715172628e-01 5.924020525021836958e-01
6.485711744867577178e-01 6.205940887161374153e-01 5.693696605885815165e-01
6.337617978072485059e-01 6.200021845627614603e-01 6.786566682169790088e-01
6.847736999044978790e-01 5.983100526877560554e-01 6.331136238420687068e-01
5.292759835329222673e-01 5.567208282643115735e-01 5.507578277064594241e-01
5.080719633890006248e-01 5.918294226849941664e-01 5.156623788318572821e-01
5.208488036871601334e-01 4.707237052463167926e-01 4.900952087777272759e-01
5.707300011828615460e-01 5.765402228871370216e-01 5.701909651993939399e-01
5.315163969634482122e-01 5.885897837355354989e-01 5.749716601722092424e-01
8.142257749522981980e-01 7.871952995619634352e-01 8.631426593813705805e-01
6.113302791692560856e-01 5.951630048195694078e-01 6.764945452686034200e-01
6.899395042611331519e-01 6.224311814970207024e-01 6.749118015384169000e-01
6.712496211476570718e-01 6.588912755430512691e-01 6.559060614252396615e-01
5.646239809207910243e-01 5.163752993982068107e-01 5.210803338118601413e-01
6.750896343585316428e-01 6.155054678064189044e-01 6.478656209534229271e-01
6.207799240960512055e-01 6.542950888604643911e-01 6.198575664511936090e-01
4.039512833292193128e-01 3.573378472811386541e-01 4.436940202182445003e-01
5.036161351989175694e-01 4.889724194129996260e-01 4.602891068536212882e-01
4.278231426685230043e-01 4.327464860972482508e-01 4.273596372405663035e-01
7.251013749349060067e-01 7.744661053095595049e-01 6.980843126201534687e-01
7.643944298982300323e-01 7.037778299138525151e-01 7.113570512412128455e-01
6.216988586313856313e-01 5.872517181696759181e-01 6.508648108082276673e-01
6.886727634170455303e-01 6.868028169279534190e-01 7.225127659871058983e-01
5.915169039348329161e-01 5.711527768981872200e-01 5.783785014268231217e-01
6.440896037181292888e-01 6.015207263740223187e-01 6.543870687471086134e-01
6.728957796888577203e-01 6.243596351334219641e-01 6.666243281830697143e-01
6.538438342902521683e-01 5.894112758151542897e-01 6.335562956539209090e-01
7.342989251857005017e-01 7.359718426680975645e-01 7.665630378183115878e-01
6.263642480820857950e-01 6.581784895260285317e-01 6.389471704468162594e-01
6.592615800293813999e-01 5.867341027895965899e-01 6.792857453475269480e-01
6.445625052226087170e-01 7.089372749889900627e-01 6.796729063626271161e-01
6.561888580581489716e-01 6.474233251873966477e-01 6.158306735270588916e-01
5.255414625564862607e-01 5.358368750144139048e-01 4.972200370640865175e-01
7.163232015256892904e-01 7.058508657657507346e-01 7.063086989062244969e-01
6.754219338010466478e-01 7.189806736539190446e-01 6.524164089471405914e-01
5.173492006839133239e-01 5.806088648159838383e-01 5.380207929648302967e-01
6.912086177259816333e-01 6.905207302030004213e-01 6.502173268199303857e-01
5.797387512592395709e-01 6.628434367911374414e-01 6.124078017667559104e-01
7.612433639491106296e-01 7.461591896951982328e-01 7.175199331838311156e-01
8.475713978600534215e-01 7.370886064088293388e-01 8.384403065668868393e-01
5.541188399743169901e-01 6.342927796348986069e-01 5.643515855556971994e-01
7.122374580324664084e-01 6.979930060746294407e-01 7.075895283740308850e-01
5.705193341525547357e-01 5.723091211878115203e-01 5.792582807858704941e-01
5.520516646682962492e-01 6.071506032046164458e-01 5.378861927227628348e-01
5.662112924094256927e-01 5.378814656102187675e-01 5.646863149156821082e-01
5.574087280339500294e-01 6.697074890597652930e-01 6.127555543355056589e-01
6.376249713369631644e-01 5.830789936884721580e-01 4.947598341445459402e-01
5.334662449364565573e-01 5.094882966169398397e-01 4.765589524522203524e-01
6.466625773024544666e-01 6.773630614295724772e-01 6.172325727853275046e-01
6.015730687309148728e-01 5.960350366867226413e-01 5.790724308215655647e-01
5.918953773485234882e-01 5.900941958913699104e-01 6.509294764548680945e-01
5.436976292776523056e-01 5.556853026890890002e-01 5.925086030532196180e-01
5.667472942786043744e-01 4.971555261234578138e-01 5.087050777298566251e-01
9.100368721884983803e-01 8.948110280539948169e-01 8.947352854211825246e-01
7.131657484666771296e-01 7.319788343301477651e-01 7.145054856810659771e-01
4.393584404713060110e-01 3.937087038290545404e-01 4.017826072332228993e-01
6.845219216512645755e-01 6.883310168606608936e-01 6.494879393228549791e-01
6.537733693180165506e-01 6.406016850686698794e-01 6.051270501131545965e-01
6.223733339020465216e-01 6.658336018651129784e-01 6.597302426622807525e-01
4.865910504651402291e-01 5.029273456326078806e-01 5.354322852125218413e-01
4.304786311255390241e-01 4.190011219939537290e-01 4.426022568849214966e-01
5.546343117004098877e-01 5.433705634470784585e-01 5.582637024927079583e-01
5.476958062248914461e-01 5.966012568049826603e-01 5.917989620570398568e-01
3.754564107123891104e-01 5.261103493028999045e-01 4.547874020685679919e-01
7.682668153799880884e-01 7.559381993397304988e-01 7.495772802869249407e-01
6.320491280344346929e-01 6.747564693441024941e-01 6.703900981042878460e-01
5.672487337854354994e-01 5.775214736622215073e-01 5.825285310103308634e-01
7.774600250732333073e-01 8.145762060834570439e-01 7.783729791115222563e-01
4.825133639514949113e-01 4.776733277372794961e-01 4.865855402354276049e-01
6.616695640814603818e-01 6.008145078608337908e-01 6.425626451267240080e-01
5.451349036099119028e-01 5.714610822665606715e-01 5.605984478333970733e-01
6.873569525514233725e-01 7.253000727890357435e-01 7.764582915591522472e-01
4.320256669336306476e-01 4.815173822201966880e-01 4.503346610830612495e-01
6.585246484012240442e-01 6.131323076620310841e-01 6.287288499922223384e-01
6.655128315377459858e-01 7.167262062482718799e-01 6.684178841059154053e-01
5.867414716560518384e-01 6.067419655896593156e-01 6.200618623596348966e-01
3.222411168208408339e-01 3.721715773040377706e-01 3.280854647368913191e-01
8.865831046357474099e-01 9.128028381207824449e-01 8.398778561845828827e-01
6.076847381431285111e-01 6.172636301446343676e-01 5.346484434871556779e-01
5.967277390283535210e-01 6.186787506651403312e-01 7.009484595116930450e-01
5.334758259616307896e-01 4.460728857677510040e-01 5.172369679757210514e-01
5.168237403892217419e-01 5.817422576511628307e-01 5.549876821576058550e-01
4.648562462321789157e-01 5.724661385480177556e-01 5.094954613649328445e-01
5.442474731383921682e-01 5.744773608244100327e-01 5.252374313153688190e-01
6.486292882166816431e-01 6.519190632827466247e-01 6.800890044155138980e-01
6.686774569838107585e-01 6.324817562191190623e-01 6.272395385135443036e-01
5.543756435152574769e-01 5.144394677235678559e-01 4.669870222231756740e-01
5.386365460421037588e-01 4.622757929273406674e-01 4.696413071606446166e-01
6.806488913529452622e-01 5.306099886840983659e-01 6.699348638532576228e-01
6.630896328271382867e-01 7.061885331930323195e-01 6.521347607671891256e-01
4.996838687141731405e-01 4.940392392152345713e-01 4.362926949914383568e-01
7.137467752077093497e-01 7.338995386665695397e-01 7.046770326811711005e-01
6.593447354422397044e-01 5.911675995504639403e-01 6.769397815385956862e-01
5.678361805104583659e-01 5.623906524383951444e-01 5.941312154097714293e-01
6.663830266745854880e-01 7.174647769674898923e-01 6.802058184180910239e-01
9.458183477327083422e-01 9.394758541449458322e-01 8.921877562883824275e-01
7.069116407625296583e-01 6.285220377008767789e-01 7.143260591217738265e-01
5.756099948108936992e-01 5.744758444506201656e-01 5.609609160970500108e-01
5.786732593079314535e-01 5.039527224305254682e-01 4.921207453237450569e-01
7.788486065920878776e-01 7.233754106693723873e-01 7.211943907913217489e-01
3.591288219380051050e-01 4.380434532554974281e-01 4.597720896590811179e-01
8.655338754332899676e-01 7.855406514510431260e-01 7.642777397964306552e-01
7.537302662051014179e-01 7.522434100897946729e-01 7.475064082026336987e-01
4.887591853308961287e-01 5.862523144381367457e-01 6.461758650800313308e-01
6.910207637252967494e-01 5.631398013364454780e-01 6.340330592781412422e-01
6.554906118585565045e-01 7.118338468664704433e-01 7.299731849397892436e-01
5.693341687392985406e-01 5.414296500542883361e-01 5.833571141219959788e-01
5.590888202715447175e-01 6.067357159549914281e-01 5.899258149948397589e-01
7.129674270475099274e-01 6.661134939525412690e-01 7.289221813101470770e-01
5.766649094945077714e-01 6.247819157040054305e-01 6.082218939276843317e-01
6.243037788328217319e-01 5.537570452344277028e-01 6.880883094353189566e-01
6.113042232357289718e-01 6.960293491334615945e-01 6.756339907000756817e-01
7.179913024337993832e-01 7.281776345787371874e-01 7.604226996597751587e-01
7.016332610393196667e-01 6.774598175785531140e-01 6.618791783966878617e-01
6.461581642292503203e-01 6.299889912407090620e-01 6.351321685957258545e-01
6.756532125147044487e-01 6.852168085812568865e-01 6.389658582411558152e-01
7.109527134759632272e-01 7.571481043935360811e-01 7.736888334122997701e-01
5.291644505174381008e-01 5.719411049443645645e-01 5.671573915050840409e-01
6.741471614206496765e-01 6.878177970148091624e-01 7.044065582053921082e-01
4.204375802600049949e-01 4.375756490822362843e-01 4.559200556522398085e-01
6.086890415631841522e-01 5.451615789379029575e-01 6.601486671444998233e-01
7.005149940199393299e-01 6.760760981586313445e-01 6.536533019519312759e-01
5.954083157424105988e-01 5.583606924223664114e-01 5.362170734698366026e-01
6.354084732944662584e-01 5.886730203391934424e-01 6.747188759475658548e-01
4.970622369881755320e-01 4.519812658174953701e-01 4.587180223776592403e-01
6.728952590576182669e-01 6.884912252150406919e-01 6.158288892016546834e-01
5.642404252638316686e-01 5.517998202770683092e-01 5.994682701953624182e-01
4.918021760534697639e-01 5.442451447182486968e-01 4.964924587036797510e-01
7.292821299407039604e-01 6.360611626168471977e-01 7.679599178838150131e-01
5.615727255607804169e-01 5.409389691297741276e-01 5.865396599257008958e-01
6.379502689363496515e-01 5.747847751373693637e-01 6.645760154429896094e-01
9.403109454765898878e-01 9.370336773332925695e-01 9.324709280732691452e-01
5.197906425276520581e-01 5.740086849557848314e-01 5.864197623435556395e-01
5.807138690125005498e-01 5.329541212593602584e-01 5.355545664297929331e-01
5.915039725959754247e-01 6.906978443792028965e-01 6.292054927986475699e-01
6.910813262084786190e-01 6.891478480389663375e-01 7.585533902348320368e-01
7.706782007778586463e-01 7.778420998835327005e-01 8.408248671644301675e-01
6.354626209053437780e-01 6.416311181494942506e-01 5.529349641474182731e-01
5.804410435996270046e-01 5.936556799544802088e-01 5.966724347939845741e-01
6.318411164272731417e-01 6.077050350596319150e-01 5.736028960044132763e-01
6.360891382379337822e-01 6.553328198580501418e-01 6.073315440103733698e-01
6.741880277423232259e-01 6.220982022207729445e-01 6.721820975188367298e-01
5.168037260018137902e-01 4.730275819085302258e-01 4.990948962374817111e-01
4.933266286826004099e-01 5.649005966079848617e-01 4.892723553870434450e-01
6.166321387921553931e-01 6.144931437048252176e-01 6.980038919759647964e-01
6.489862956284561113e-01 6.569450597460206875e-01 6.600926786635030741e-01
4.333864926063357159e-01 4.997998384712524222e-01 5.122010977906930052e-01
7.249123344624762710e-01 7.672402271183871303e-01 8.014358118815161358e-01
8.084266411370635286e-01 8.179605932472436836e-01 7.648806963264950243e-01
6.068140522664117187e-01 6.193899541478089521e-01 6.261832930959758681e-01
6.340662818805731238e-01 6.719934342252498194e-01 6.508956506557911359e-01
5.733091591225919492e-01 5.651123292569220080e-01 6.157554591025445889e-01
3.554114953530888577e-01 3.773976273872152731e-01 3.456445925243989969e-01
6.899185902947346793e-01 6.729662326977912112e-01 6.363383097429901047e-01
4.648434676290984502e-01 5.582956990443864731e-01 5.189199910455208897e-01
4.877067932779551862e-01 5.717994134367615500e-01 5.625509507038858326e-01
6.346539133697025603e-01 5.757946667305400279e-01 5.890451186875530487e-01
5.008822652903859307e-01 4.946142704850435279e-01 5.637554794132814129e-01
7.206441581167680743e-01 6.578089177794721465e-01 6.851781464201879279e-01
5.487536203449819849e-01 4.991282076449053973e-01 5.171415317677502399e-01
4.536916992186605380e-01 4.508358618060026579e-01 5.267919547642084810e-01
5.545654437691096561e-01 5.831943092863062228e-01 5.764445012860097695e-01
5.121078376112171426e-01 5.364640306564358863e-01 5.029821230455846504e-01
3.745771299266583698e-01 3.833075698310199342e-01 3.640843807070732741e-01
5.810877308821060794e-01 5.407863384826027131e-01 6.070014883365705272e-01
5.175062291950005555e-01 5.471904369719212680e-01 5.400482372977956080e-01
5.511725253407324665e-01 5.788659894704681896e-01 5.856971402963435658e-01
6.339049250482003961e-01 5.892840416125340042e-01 6.344614992728343505e-01
5.227117607917617370e-01 4.990905261029043305e-01 4.832599476842430741e-01
4.990021430569251959e-01 4.462106509135408960e-01 5.314934512998061855e-01
4.744207728419784775e-01 4.686581033007048425e-01 4.316176752402076655e-01
6.002033029001139219e-01 6.680121038246114029e-01 6.562045355507666322e-01
5.434504347590174422e-01 5.010274751641036195e-01 5.245066210321737143e-01
5.327509639117683493e-01 5.739485281092462365e-01 5.204408118291242724e-01
6.691517099560492232e-01 7.132779720196223971e-01 5.976804416248132634e-01
7.472572237246309923e-01 7.488673173334905453e-01 7.522219570911750086e-01
5.151551434410357455e-01 4.995181997815395514e-01 5.710853705841889560e-01
7.544280907473980280e-01 7.276089230967032195e-01 8.086760143461270145e-01
6.126038371213172740e-01 6.292228474093729540e-01 5.823486869131954125e-01
4.678439256104221511e-01 4.986029270783862155e-01 4.570035102197429477e-01
6.176202740825011972e-01 5.969913181683804693e-01 6.297850173220729264e-01
7.231349026266525870e-01 7.545532551098326213e-01 7.351382602846406877e-01
7.233369030099463526e-01 7.272510860961207690e-01 7.213023845240255083e-01
6.321558250952091784e-01 6.075189204397309917e-01 5.713879962774971455e-01
6.110944759029315332e-01 6.414192926433103237e-01 6.295852259691459007e-01
7.511309459573647374e-01 7.582466124513140837e-01 7.027428305596901126e-01
6.770494268293095752e-01 6.921784031416128302e-01 6.712779324670843373e-01
4.815184634418347431e-01 4.510539886639682305e-01 4.122887901560355894e-01
5.575325689646702942e-01 5.591266818626390300e-01 5.575497559333059128e-01
8.169932117061330379e-01 8.737228340611874478e-01 7.922241722048398715e-01
8.676978223977629412e-01 8.217350601750512684e-01 8.790548897113756865e-01
5.755660713173007537e-01 6.143811435663553144e-01 5.628208436091485245e-01
5.212563306471924562e-01 5.526563804450406181e-01 4.976367024495098046e-01
6.286172952123290081e-01 7.083165800246807864e-01 6.906070541323378054e-01
5.414615299510964208e-01 5.921565438931056802e-01 5.985762984253516494e-01
4.464712664276800358e-01 5.303932723301710839e-01 3.903224533000894669e-01
5.999725115084039162e-01 6.600191014840574022e-01 6.306908810772599017e-01
6.311123893663815876e-01 5.285715811805428155e-01 5.727292415317434271e-01
5.967786685455279683e-01 5.760308322733035391e-01 6.245917090222370405e-01
5.238295679713247388e-01 4.946981121953005212e-01 5.335984923705047178e-01
6.023939385156753534e-01 5.945955805875138278e-01 5.684843239653498692e-01
7.580400012991859171e-01 6.880311820423059554e-01 6.781259048612543472e-01
6.721890292957207746e-01 7.491090595315822442e-01 7.422078949169975681e-01
6.818049689283772752e-01 6.817331936832803363e-01 6.822092406166124778e-01
3.999159555888983086e-01 4.489415079976002421e-01 4.194737893541571894e-01
6.399503873615554062e-01 6.724276264028371530e-01 7.161010312812619016e-01
5.016234266435665168e-01 3.814600508772238996e-01 4.653037605728657655e-01
8.040069381242737068e-01 8.064550823836497129e-01 8.259910253862660090e-01
6.498701938282860358e-01 6.439633954345815869e-01 6.394851759720378004e-01
4.075754750141951654e-01 4.299346585345235061e-01 4.217532522673306805e-01
8.781749301824700593e-01 8.345817613300939852e-01 7.641907577713347166e-01
6.991279043441855912e-01 6.621672265537201785e-01 6.712068699263027405e-01
6.840776711894395179e-01 7.129314656181001686e-01 7.239278970049337625e-01
5.712394068683007697e-01 4.828383439427353929e-01 5.594837746988610139e-01
7.274386367587405422e-01 7.045375028950615626e-01 6.660528692702595288e-01
4.214413589371689417e-01 4.106865238566708709e-01 4.173219426285038058e-01
7.921047158573477631e-01 8.444916515562400638e-01 7.731769512763693175e-01
5.772019640818981667e-01 6.684813341945625709e-01 5.797592178324527667e-01
6.380959801283192512e-01 7.300013132093171597e-01 6.279817471976212317e-01
6.260002385982370576e-01 6.170336511613907504e-01 5.813612228165545570e-01
4.663665121392253643e-01 5.112067747787432115e-01 4.810620298500450365e-01
4.825159375298577191e-01 4.359261020643810935e-01 4.834747307644620129e-01
5.913907446492987496e-01 5.678691835798499454e-01 6.018936434963060300e-01
4.889141356182564180e-01 4.696924657850437002e-01 4.958591763984868117e-01
6.747953646901129199e-01 6.728952537171549730e-01 6.460352476266304489e-01
6.688329016576679553e-01 6.027749658999959070e-01 6.528793609453564795e-01
7.178946505882842777e-01 7.372999465077779702e-01 7.152733870840100039e-01
7.204006206531737844e-01 7.852419372828369770e-01 7.895819227859776079e-01
3.345035275302580269e-01 3.811351737948649454e-01 3.662176675772204071e-01
6.430089048026801368e-01 7.045831521116200369e-01 6.707037585433649474e-01
4.931722208308329525e-01 4.722311630702594742e-01 4.825924683114256042e-01
6.057511792386329752e-01 5.644324547857546559e-01 5.462498976320349087e-01
5.535409300635975027e-01 5.449540892087302302e-01 5.614273063541866948e-01
5.793649291023191816e-01 5.422231104010298841e-01 5.608822030268487691e-01
5.751524988538619931e-01 4.517868515353452574e-01 5.044148490989142086e-01
5.463052165216960576e-01 5.366702591567142910e-01 5.332895407094597751e-01
6.316873271414534807e-01 5.518207271142028247e-01 5.431653445987483231e-01
7.347847847024063794e-01 7.126112623285744130e-01 7.487360528424977790e-01
8.084530735075379226e-01 8.611935170999625022e-01 9.013539550177775972e-01
6.709966791420202137e-01 5.852157046581294431e-01 5.889918418375935660e-01
5.369217323781000362e-01 5.248404408470694893e-01 5.330570360399401464e-01
5.467088403214318548e-01 6.041860575193904737e-01 5.913884920852083837e-01
3.458401037868160666e-01 3.916649427974555064e-01 3.728412347739529786e-01
6.327784797724488319e-01 6.327019684426272716e-01 6.285176194873410838e-01
5.852178258730890148e-01 6.022535352592536251e-01 6.231050465209566624e-01
6.435048771819755764e-01 5.900898031757915163e-01 6.313450699647009667e-01
6.345674955327172961e-01 6.212049233685021932e-01 5.683688747903902216e-01
5.295505527243082877e-01 6.104078213556107801e-01 5.530985471126055320e-01
5.200361316290891267e-01 4.508750144725386932e-01 4.719936159903010964e-01
4.713324704906555196e-01 4.578366568986181884e-01 4.676788687777950204e-01
4.206930027496524893e-01 4.503633603373517480e-01 3.881088457710653583e-01
3.850175124420515682e-01 3.817509966842050351e-01 3.028645486926564434e-01
8.033890783390202905e-01 8.088359164017363545e-01 7.884170168364043052e-01
5.007818781274787634e-01 4.909935352459764979e-01 5.141260236021921726e-01
5.165351957328715438e-01 5.285785510763567618e-01 4.880534481361840649e-01
5.818771756494662828e-01 5.867558797303177309e-01 6.348750174778755584e-01
5.287688100044997119e-01 4.982485318527857254e-01 4.904611892246405480e-01
6.099586825150341562e-01 5.656310792380195851e-01 5.810399792911278283e-01
5.950811120233892026e-01 5.954009487026872272e-01 5.818023895180783889e-01
6.262234716495136411e-01 5.763347610228255480e-01 5.261230436663305587e-01
4.760925143147635707e-01 5.060810255139776004e-01 4.926254343536956015e-01
6.240445921689229403e-01 6.367710156293275858e-01 6.946754500027506607e-01
6.650351572674104705e-01 6.888811293264278657e-01 6.836428771736083876e-01
5.852918864113583197e-01 5.510920677085255903e-01 5.023319404366577423e-01
4.969565511222008292e-01 4.917574633661973005e-01 4.697885258191698554e-01
7.348077740328339269e-01 7.819546930273363339e-01 7.720825908502869650e-01
5.830167292800333412e-01 5.007062984451008392e-01 5.333753293834573306e-01
4.177655593089428798e-01 4.402168166401274063e-01 4.005577269304658183e-01
4.845867713149537015e-01 5.016251625637082601e-01 4.855750996072612513e-01
6.995190837270848228e-01 6.311860845808900944e-01 7.080675506918665540e-01
2.829641790195925877e-01 3.259545806840780102e-01 3.355407722156165673e-01
4.037889531846843294e-01 3.799585870270583143e-01 3.846066208885851045e-01
7.273689871250453853e-01 8.407441317269251924e-01 7.715432171579994503e-01
7.397911260149430124e-01 6.193873441686119641e-01 6.015713195522602863e-01
8.426158754802041129e-01 8.333782420814594971e-01 8.712643358049024789e-01
6.646099939475835772e-01 6.546052378471036715e-01 6.532996259852270615e-01
6.822441327182896531e-01 7.042955635944945225e-01 7.444025699489770220e-01
4.137582298180051410e-01 3.606559425138106123e-01 4.166648461342248866e-01
6.475219594162608949e-01 6.945330189787189967e-01 6.620151461513752444e-01
7.041091613006078553e-01 7.189963743942007213e-01 6.555579008833517518e-01
4.011875623675825731e-01 4.519591825163274956e-01 4.443667326277889185e-01
7.569488959536090356e-01 7.546166710837921565e-01 7.071301414003998698e-01
6.619736228582535631e-01 7.015039492510188879e-01 5.779170743099090179e-01
4.929989322275246111e-01 5.638880822043610408e-01 6.060063546775090737e-01
7.077222589523655127e-01 6.412240130758393164e-01 6.964801484364343542e-01
5.430215888898048959e-01 5.491986818579784879e-01 5.348446377834555898e-01
4.488044292688529446e-01 4.307095054777586585e-01 4.556892095066254478e-01
7.192805086220873667e-01 6.726699540171123815e-01 6.683746986313807703e-01
6.556798194951378722e-01 7.066593941825084491e-01 6.384856581570308443e-01
5.630657534114066332e-01 5.586741340414295154e-01 5.892821326764042800e-01
6.295631388829818764e-01 6.204949335818134015e-01 6.271459499077125521e-01
4.844464546951595119e-01 4.583585024345159242e-01 4.414323692582128311e-01
6.166987533523831111e-01 6.685658919372714504e-01 5.863864758327178572e-01
7.996420648661093367e-01 7.454707163314184815e-01 8.044770310228701593e-01
5.008303164550186315e-01 5.002583932744236739e-01 5.456421320995213931e-01
7.935178888024068122e-01 7.950806165134344239e-01 7.408236499557568910e-01
7.104233489738529528e-01 7.196180437787912387e-01 7.105869467746566137e-01
4.984585492419126296e-01 4.479041166831508880e-01 5.018881711310002602e-01
7.115081213570395580e-01 6.279963184488810413e-01 6.526376163177076695e-01
5.717282943109422977e-01 5.343247815329772443e-01 5.652260349479765189e-01
4.590308817067689229e-01 4.478725680522333552e-01 3.976507187217858674e-01
5.009862531172040168e-01 4.383680372796786018e-01 5.423808229346444021e-01
5.514930934741031354e-01 5.864470235344069193e-01 6.680591886778237676e-01
6.705806549610353606e-01 7.437578207497642646e-01 7.239960209265403623e-01
7.921246335593405963e-01 8.464872798676914556e-01 7.842838048235439841e-01
5.533488264162861325e-01 5.425604228830704923e-01 5.734550718886575194e-01
5.074966148979879188e-01 5.797331441851452105e-01 5.301031622199727789e-01
4.527037376264048119e-01 4.410639225571653110e-01 4.732046892059574850e-01
5.378754242723775558e-01 5.088223885692800819e-01 5.175254857492098681e-01
6.900877391313088305e-01 6.562095127314122589e-01 7.310805976665867290e-01
4.463369331738824553e-01 4.685845454307350222e-01 4.492063365774470185e-01
6.948269777165291261e-01 6.813395471961967154e-01 6.754975292785256880e-01
7.075953725274931605e-01 6.991649030419915256e-01 6.863062862989851576e-01
3.439359804603066562e-01 3.508824605819666487e-01 3.367365813715031408e-01
5.838652113679804190e-01 5.824306905690617153e-01 5.248008084473670953e-01
4.999700893573731375e-01 5.626935956916273573e-01 5.184427635177952798e-01
4.831094872192415735e-01 4.931998857707550754e-01 4.190668178280362310e-01
6.503328520227634746e-01 6.580419339435424897e-01 6.533045799833172573e-01
7.069346361619742725e-01 6.978128063268030923e-01 7.666687375404936944e-01
5.150081115306386348e-01 4.977579855398978070e-01 5.030676941365397337e-01
3.850803320985684008e-01 4.069489912949394994e-01 4.440618949175419439e-01
6.807545474377372230e-01 6.602968371303332695e-01 6.751062904504757656e-01
7.310268878984980123e-01 6.948988218674576611e-01 6.656000580822468704e-01
8.429908208930722013e-01 8.115417728870999436e-01 7.929191298555576806e-01
6.656150051497889963e-01 6.100760199883805690e-01 6.164790509155770870e-01
7.556676286658184916e-01 8.124819321457960042e-01 8.319362628493505163e-01
4.398370045304095810e-01 4.333404707726502547e-01 3.900801168862162993e-01
6.500311849793396490e-01 6.027376742441951096e-01 6.118620477902377841e-01
6.215408663858505989e-01 6.253684465927231706e-01 6.167585893894659277e-01
2.333839354399001309e-01 2.617090560812692090e-01 1.832146353210341860e-01
7.170726776531907154e-01 6.788380843647165985e-01 6.489968508560199911e-01
4.411860672776531378e-01 4.738268013947892765e-01 4.907429467012942581e-01
6.396737190147017138e-01 6.398067574519726852e-01 6.100121890910447098e-01
5.512610940269124793e-01 5.457639724776719437e-01 5.241758620318686113e-01
6.937902464043486095e-01 6.408911054268288110e-01 6.663820916577133380e-01
8.290526349358164904e-01 7.784546300993068213e-01 7.552861206132991390e-01
5.413739602973119958e-01 5.485691096480186379e-01 5.003772843954745753e-01
4.881480946137209398e-01 4.981053618644357694e-01 5.374159028615332900e-01
9.250023638973983164e-01 9.562965107977237089e-01 8.991890674156429730e-01
8.359523401350003047e-01 7.207146514349420663e-01 7.618328243916117071e-01
6.973944172376420614e-01 5.650560113840045195e-01 6.328489634437066691e-01
8.194310305337605405e-01 6.950799045490729799e-01 7.659794427171857656e-01
5.612049139562355071e-01 6.152019843780458519e-01 5.358477790464724055e-01
5.301158120070503799e-01 5.070632184024891354e-01 5.017519335694468063e-01
5.979086659085453004e-01 5.734429290363846077e-01 6.186445514672511692e-01
6.354564051496153221e-01 5.914744792846864385e-01 7.076496790942474746e-01
6.078781631890802784e-01 5.667902199134688956e-01 5.763108090876968292e-01
5.855889236146994969e-01 6.241124516720295556e-01 5.809841001400416483e-01
5.894638118825692441e-01 5.776044985643413732e-01 6.106234215310887281e-01
6.341880473686101194e-01 6.424512624215594769e-01 6.350214002002112501e-01
6.304613204330766774e-01 6.234396113381355242e-01 6.211502361378512527e-01
6.191925367840515060e-01 6.427462470616587265e-01 6.045399386551344456e-01
3.911298829755442963e-01 4.454377140219361042e-01 4.556660052884061729e-01
4.769575516679260829e-01 5.234561821555177019e-01 4.805994829980468341e-01
5.614677303152736387e-01 5.656637635073820114e-01 5.263589866579279075e-01
6.027289847346961604e-01 7.005393860683107876e-01 5.617978519377329061e-01
4.690977328909877175e-01 4.425448915547993689e-01 3.730393722514351862e-01
4.891842378940606251e-01 6.162602089834797736e-01 6.019683673306053251e-01
5.284309108933683552e-01 4.971846191292151884e-01 5.196894046440151405e-01
6.416998598320668989e-01 6.718436304538970560e-01 5.874818834161972259e-01
5.377982870090407541e-01 5.258164953512669548e-01 4.957279731521313515e-01
5.733668267046471145e-01 6.047765119862902328e-01 6.024762059328887531e-01
4.209591670204466118e-01 3.291752614350448858e-01 4.121485206649085353e-01
5.603297927542140178e-01 6.609989483265845678e-01 5.697559176856549223e-01
5.095890987652285098e-01 4.577541121051262873e-01 5.052022922107942682e-01
2.957638665893234098e-01 2.827527788010659182e-01 2.578003532816450782e-01
6.588584948893545512e-01 6.038138089152846888e-01 5.948862307678366435e-01
7.323347668627288032e-01 7.159552193576746992e-01 7.459556486025599176e-01
4.861241768972512922e-01 5.200755567612431740e-01 5.069604362542020626e-01
5.143512073859762834e-01 4.915627716399605385e-01 4.997778540387710633e-01
7.732757472516103014e-01 7.774637013758032289e-01 7.354003480790738401e-01
4.980109032248664636e-01 5.233787406989901525e-01 5.123871154287983343e-01
5.944443316915053455e-01 6.215027419057612690e-01 5.954852929358961378e-01
4.703045560962022531e-01 4.737286281420390877e-01 5.062741990367872758e-01
3.619319377966097595e-01 3.127400736657051095e-01 4.082965912021634947e-01
4.473543053550503856e-01 3.991964143660778896e-01 4.784518223236800538e-01
4.914572301763117101e-01 6.254515780819450699e-01 5.659731391892655061e-01
5.555075452752171739e-01 5.429815252873099185e-01 5.319484683373975065e-01
3.627067416565127878e-01 4.107849736352030545e-01 3.503727039561278511e-01
4.892807104665679585e-01 5.418356153885749427e-01 5.452377749874689483e-01
7.322086887445597991e-01 6.901802525204934202e-01 7.937097399082958527e-01
6.060474311569667982e-01 5.012316322531447099e-01 5.749736902481499268e-01
6.156352720688250679e-01 6.714156043537538032e-01 6.078647795037530610e-01
6.138572419006386172e-01 5.215692955435081712e-01 5.687051657016987116e-01
6.501197428848333182e-01 6.524799734806050466e-01 7.163421693907067178e-01
6.170918755629165586e-01 5.758350268006074968e-01 5.879946691158081107e-01
5.299843749532814341e-01 4.920945542113466797e-01 4.510400272359404994e-01
6.312504511933992868e-01 6.190735291758235892e-01 5.734861229016261497e-01
5.960388712434473435e-01 5.361768979879070196e-01 5.066077505555066640e-01
6.431514727092464412e-01 6.103377561111955618e-01 5.918830613113517103e-01
6.980293117230984556e-01 6.731827605911745449e-01 6.416918002298211965e-01
5.445560659676607074e-01 5.203967393313047030e-01 5.936075752721556853e-01
6.775540895082780013e-01 6.634016463796297280e-01 6.771894472423759526e-01
7.332512367688786004e-01 7.748983687704894541e-01 7.578270645756697288e-01
6.135413891517306206e-01 5.811579220275249202e-01 6.303041681030953081e-01
6.450233503275315528e-01 6.115014396475515479e-01 6.018322304530214772e-01
5.470996394450616807e-01 6.331660378300295600e-01 6.026405125123650564e-01
6.741393074321143652e-01 6.910321742340647111e-01 6.912542705308335478e-01
8.153056645719630735e-01 7.565711966128737531e-01 7.753446700482636844e-01
5.699525015235222813e-01 6.356799566195897588e-01 6.617839617390450790e-01
5.200945294256099638e-01 5.592328092510134852e-01 5.232833389031987803e-01
3.960597627661524012e-01 3.872190933198000340e-01 3.688013941074993474e-01
4.771145544856398857e-01 5.364322841086789362e-01 5.138267535820134624e-01
6.706346535760483452e-01 5.878631643127155693e-01 5.977761364082229134e-01
5.213517178205295810e-01 4.632893528564138719e-01 4.914591710052395590e-01
4.067182710140133106e-01 4.251100214737670857e-01 4.165886982572306607e-01
5.979585086043578412e-01 6.101551312511410696e-01 6.168394302303489285e-01
3.174976393016675225e-01 3.435463900328112330e-01 3.030374505487212766e-01
6.496079100511157334e-01 6.648506354036866073e-01 6.365473884891459377e-01
6.101970840538631924e-01 6.290364581538617772e-01 6.107683913876555959e-01
7.419622456482216633e-01 7.941745491464970996e-01 7.528658872567999261e-01
5.897088640782878199e-01 6.645947620856420546e-01 5.664785791734253673e-01
4.965231211927891297e-01 5.169993090694564586e-01 5.016905123236656827e-01
5.660135919301205742e-01 5.562182912621520536e-01 6.213756182952007157e-01
5.436416053375507929e-01 5.470603715414945611e-01 5.770984243587751195e-01
4.519785313732531673e-01 4.504552640793379470e-01 4.523570228482031719e-01
6.237195332932623515e-01 5.565524183109402667e-01 6.182371543577507289e-01
6.083945646870043689e-01 5.548758378175003836e-01 6.061394248041394039e-01
6.267814198601560083e-01 6.246817132433643005e-01 5.714501451660052300e-01
4.787943253653211828e-01 4.711285132753071370e-01 5.341995661210311441e-01
6.434604263054295448e-01 6.305637894109763497e-01 6.069245305239245880e-01
6.761272637511979156e-01 6.567321098445026983e-01 6.433406881491190443e-01
5.311307669146161370e-01 5.783338543926863640e-01 4.794381991537224330e-01
5.304490528248169134e-01 5.098087115486688026e-01 5.790161300298343194e-01
6.446019573696878391e-01 6.879816983604738478e-01 6.706553748047473507e-01
9.586158404321227788e-01 1.005121063864710118e+00 9.576930435358825822e-01
6.598194844575697715e-01 7.160443545949317645e-01 6.950482867125536979e-01
6.294507052467139818e-01 6.394320085220815963e-01 6.662085914056391500e-01
5.109005919227714854e-01 5.553200453322174601e-01 5.088730459067333234e-01
3.493440039571952815e-01 4.248736000137716684e-01 3.457170483627542423e-01
4.897132893347858618e-01 4.772952464603095746e-01 4.635009856978519749e-01
5.547798002286880026e-01 6.067911723367412913e-01 6.390881532090947337e-01
4.189685980376446905e-01 4.346432547215891562e-01 3.991368349486777434e-01
6.648111336481917766e-01 7.066180238960974025e-01 7.402951024997328489e-01
5.190494976213690936e-01 5.788193740344854676e-01 5.673695472614259661e-01
7.299756355735841362e-01 7.681533865228432623e-01 7.596526572412891642e-01
7.255565561100900673e-01 7.377297231176437320e-01 7.435149388532715786e-01
4.990926098678323264e-01 4.938724494472101489e-01 4.744219265251853890e-01
5.488271723910452815e-01 5.557367403591775279e-01 5.146851590132612841e-01
3.449678424557985346e-01 3.603367515434250379e-01 3.254741874441174354e-01
5.843362973105687974e-01 4.826686935299051018e-01 6.227556049154853168e-01
3.277460630108908757e-01 3.619057193614121370e-01 3.649241633909858229e-01
5.773925626753886320e-01 5.449815824578320145e-01 4.515562032456489350e-01
5.781536259434580938e-01 5.208350186954933125e-01 5.607051524130579612e-01
6.894504444391175157e-01 7.634258914919200834e-01 6.484191881485822373e-01
5.720457939155868532e-01 6.152657990572848457e-01 5.729090651182774385e-01
5.942021506329332459e-01 5.912382480970358456e-01 6.267070637804412758e-01
8.514695967207919214e-01 8.331078428905500655e-01 8.611927225157708365e-01
6.704011188060297055e-01 6.261656324262160345e-01 6.191922665455295016e-01
3.872034458862333994e-01 3.359561978350089628e-01 3.374605027486954900e-01
5.666673992278030703e-01 4.336117088788637997e-01 5.565928656466286872e-01
7.179158276201322852e-01 7.393729956735091147e-01 7.475725459982400789e-01
6.771961804502365512e-01 6.859592055921764908e-01 7.396248837508091478e-01
7.400745068919758474e-01 7.437351452981313393e-01 7.956346958855472495e-01
6.335709718596789219e-01 6.632460788994201106e-01 6.245235818016702245e-01
5.887551857244621711e-01 5.173821962688814891e-01 5.864023504233661921e-01
5.689147820566112790e-01 5.690541487921041419e-01 5.152178757357742667e-01
6.287216826148381843e-01 6.450692492665449640e-01 6.805614708057434736e-01
6.633046990661592979e-01 6.607826837118394581e-01 6.345814388518422611e-01
5.065547713623586024e-01 4.582068801131196079e-01 4.932690431790784369e-01
5.190034547355042438e-01 4.288073578049910184e-01 5.676187790817712742e-01
7.103074366359090064e-01 6.817129454319346138e-01 6.862180506431451166e-01
6.178140723021017244e-01 6.109317644989110674e-01 6.028526251621301180e-01
6.819053865820997595e-01 7.339553260071906005e-01 6.733125703136009221e-01
4.310458890507119500e-01 4.751397585316051164e-01 5.505456801744900153e-01
5.003810281933969151e-01 4.749865519137247416e-01 4.609568709878585357e-01
5.232695840963136336e-01 5.285769746533891533e-01 5.651371312637957223e-01
7.366736924593065838e-01 7.151031006934632783e-01 6.399388423771240619e-01
8.216507574678949544e-01 7.835475464015017044e-01 7.818207779698698179e-01
7.971774781613372163e-01 8.315159963217391148e-01 8.053518395253802531e-01
7.700664261114807951e-01 7.150211509585137071e-01 7.023362865346688411e-01
5.449574090976442298e-01 6.225157282544330206e-01 5.609798655398942069e-01
5.293067876587287390e-01 5.288357175834311752e-01 5.353759090265080012e-01
6.564998554564754896e-01 6.687179709644266445e-01 6.649227808431992237e-01
9.979740043899653079e-01 9.663458044677150083e-01 9.923638662217595385e-01
6.479874336560634829e-01 6.009630024357383027e-01 6.104606103341704282e-01
4.282008661539116745e-01 5.045770015234690709e-01 4.789720473812330015e-01
6.103332309830533653e-01 6.699293821649906500e-01 6.151884689771500714e-01
6.039742181494373030e-01 5.831096938032713783e-01 5.983500932954739504e-01
4.723260763802151208e-01 4.636755265905646572e-01 4.458337438291422594e-01
5.845013166408998817e-01 5.802706941410911146e-01 5.575785770465989666e-01
6.422857873560726683e-01 6.373950068051480455e-01 6.518625315647186280e-01
5.166772280163018927e-01 5.261006804884857946e-01 5.557828470834376144e-01
7.103495449882015755e-01 7.693150710147864668e-01 7.382567506390576018e-01
5.112813737455309537e-01 5.155917461192568441e-01 5.055468198740120656e-01
6.251767079921322079e-01 5.726721426764922462e-01 5.786552508334517064e-01
6.134198595633698625e-01 5.462144377571043208e-01 6.118852163321811810e-01
6.791169897727863392e-01 7.077421636862627485e-01 6.677945451090926410e-01
7.011639173172059536e-01 7.646093153997794989e-01 7.331709097274559106e-01
5.762275612066583008e-01 6.598561210676432420e-01 6.443948497310043599e-01
5.391384701702868210e-01 6.302607002790941992e-01 6.099086740732159173e-01
5.329354937771695333e-01 5.047577676618707487e-01 5.103060466434607978e-01
5.702877298263124839e-01 6.060812925168661547e-01 5.149831445295310894e-01
6.639634157796205916e-01 6.724964619292992385e-01 6.528311812872494846e-01
5.622213725571045817e-01 6.613345857506827130e-01 6.001026761052311587e-01
4.484414450136229857e-01 4.526432066316787295e-01 5.070902179754914751e-01
5.922424181790847397e-01 5.453501321848404082e-01 6.173574208001608721e-01
8.080553414095241749e-01 8.170536204647270706e-01 7.534055657744325174e-01
4.710988952167246557e-01 4.919894761963288232e-01 5.467814013359496572e-01
7.496632188144357611e-01 7.235473928825559842e-01 7.701809458601313052e-01
6.526836687235515466e-01 5.869413585846064985e-01 6.189538180375756538e-01
5.624993746643252024e-01 5.958617568304291900e-01 6.610659724527018222e-01
5.996514754298379879e-01 6.050726119708427220e-01 5.760194377920551112e-01
6.532254278349347576e-01 6.160212435610936677e-01 6.213626519248621749e-01
5.200601462087741655e-01 4.869500545015405524e-01 4.670833891142545657e-01
4.720570624123825443e-01 5.451727759165423404e-01 5.809693259562784817e-01
4.890737298746319905e-01 4.245204067520578772e-01 4.535432414902207388e-01
5.269853966346279561e-01 5.042100968128503391e-01 4.631475045690090497e-01
4.063914998369837495e-01 4.910657193181310332e-01 4.399825417044181397e-01
7.216538188757540828e-01 6.496605271452606800e-01 6.797747085927694499e-01
7.344915026921760015e-01 6.799605279084712794e-01 7.072391042875765255e-01
6.178776478864519417e-01 5.721585518346977706e-01 5.059459949049344152e-01
4.413331472171562186e-01 4.800322002735375460e-01 4.732758936072846701e-01
3.198630068763823053e-01 4.183023134061794601e-01 3.857033079898643524e-01
5.950215187754871460e-01 6.367884684140483476e-01 5.791779212788448206e-01
6.266312274992877906e-01 6.093597962964223402e-01 6.582282195802819924e-01
5.371703147476249995e-01 5.235151144392538036e-01 4.507720524930712291e-01
5.331328116382508808e-01 5.401391433296029998e-01 5.574198282090084833e-01
7.121908162835117739e-01 6.516279458668058355e-01 6.426154063892811630e-01
7.721228957625547729e-01 7.716610920158769593e-01 7.489773780687563054e-01
6.197020932460565179e-01 6.736848531966788123e-01 5.842130717017682828e-01
7.124457061867245367e-01 6.965479761489499211e-01 7.323807078334307885e-01
4.150574828958662477e-01 5.647947439762415200e-01 4.925270462350042067e-01
7.995617137817591091e-01 7.945683631990392293e-01 8.432192206044819560e-01
4.477689633160611415e-01 4.805226921820646702e-01 4.114518648849195270e-01
5.602897354547569098e-01 6.494294002326795878e-01 5.698802022895019803e-01
6.303329331580724837e-01 6.670211016440917851e-01 6.032864984600927460e-01
6.440315448880193916e-01 6.419472591890729163e-01 6.393689387935634905e-01
4.543224761214522678e-01 5.024948551928134499e-01 4.957075883936629679e-01
6.251538691027386241e-01 5.616428098872739971e-01 6.313281857430267374e-01
4.644233110553802613e-01 4.774224041612084579e-01 3.624961649991262913e-01
5.394524756617324890e-01 5.506091101171388669e-01 4.726418907482243248e-01
6.963764487701097350e-01 6.168211668961777194e-01 7.131309198468979149e-01
6.975374142046051329e-01 6.381522192950107586e-01 6.594431742145393516e-01
5.365273282774435382e-01 5.278261254452524254e-01 4.745456819831834760e-01
5.231626909459542452e-01 5.265537598216843973e-01 4.913890378099881051e-01
5.140620875104203735e-01 5.268633690750321730e-01 5.014995372569084342e-01
6.010512732282204951e-01 5.970209995230522093e-01 5.431476597584409260e-01
5.619532235648037055e-01 5.620350184271881711e-01 5.709126664733564782e-01
7.237434413394530086e-01 6.798159694947856213e-01 7.016939145390502786e-01
3.877861201171337591e-01 3.968534973802819721e-01 3.379898785800649619e-01
6.098333758692887629e-01 5.108543427191488684e-01 5.294486666409976561e-01
4.286688002919909479e-01 4.386970782867103402e-01 4.342182826632727810e-01
6.475675452960368839e-01 6.232377642195471301e-01 5.925852559000203135e-01
7.961569906453279666e-01 7.518273236696575434e-01 7.904766224579982126e-01
5.947856669459130607e-01 6.305795099837037121e-01 5.522050233331643465e-01
5.038437992295572432e-01 5.309179564702262155e-01 5.646713707198230958e-01
5.626497173619910974e-01 5.690816689615479929e-01 4.954253235382677367e-01
4.530998837001541935e-01 4.166490932096839628e-01 4.700300137136230738e-01
8.245825412068412685e-01 8.593961861306992356e-01 7.792116304935269300e-01
6.923114752113789239e-01 7.724736851863126530e-01 6.797949231067372811e-01
7.296579648170798960e-01 7.012152954628962931e-01 7.285517323843293536e-01
5.004082141809286233e-01 4.708421533888204613e-01 4.651193657410872540e-01
6.136343595971740505e-01 6.706215937907112901e-01 6.583703388736729112e-01
5.064870491630530935e-01 5.555235195684070648e-01 5.176854883093670034e-01
6.543922242914054221e-01 6.177682964515763819e-01 6.699205818932371104e-01
5.482441176498793478e-01 5.894566978682261871e-01 6.081844230893798109e-01
6.957808666647431473e-01 6.118333069186321360e-01 6.381140758026851989e-01
5.947398083209446407e-01 6.560484387115038674e-01 6.781070359975757134e-01
5.748896873581057498e-01 5.061941943163628110e-01 5.425361406421198573e-01
5.550183760756861595e-01 6.150476953724165474e-01 6.566546419706362769e-01
5.506481862954124562e-01 5.860696955395622298e-01 5.837568119769077635e-01
6.386301568087694447e-01 6.711518236673432725e-01 6.246628308872504975e-01
5.450412398259434354e-01 4.980367943426350363e-01 4.573358700358896578e-01
5.503619137794054650e-01 6.138913826465485224e-01 6.033736306826157358e-01
6.383628119816679991e-01 5.928152225262787178e-01 6.372790415365835459e-01
6.415289335303329121e-01 6.145978663318317770e-01 5.826071279270123027e-01
6.305130412749138102e-01 6.118293822963271067e-01 5.885257002407701110e-01
6.880045796276708092e-01 5.850416831474799517e-01 6.388672937831546550e-01
6.277450573036024162e-01 6.352270625368179324e-01 6.339623915433088008e-01
5.956398396129385375e-01 5.844631211242214963e-01 5.834832495729919133e-01
4.489885928597694975e-01 4.760228784164392546e-01 4.648970886204378816e-01
6.553822793656725043e-01 6.915446615588843882e-01 7.063650327667292395e-01
6.119172713264442454e-01 6.086025096497170717e-01 6.414334673770726303e-01
6.674183412448927433e-01 5.707097402831462496e-01 6.387708841827984818e-01
6.697808797386938240e-01 6.854100249978258841e-01 6.326078380534267964e-01
5.371650585106360065e-01 5.917785300464939446e-01 5.596148196537946706e-01
7.196349782963179509e-01 7.067453122104911944e-01 6.962275762760821163e-01
4.660607291312149902e-01 4.546182532697017331e-01 4.642910188148428041e-01
6.285596884167254927e-01 5.794479330697658304e-01 5.996578667679626218e-01
7.672053959747677787e-01 8.040592025892647765e-01 7.606122168377696946e-01
5.693669483261458719e-01 6.668456364587909135e-01 5.928989163078270952e-01
4.389817230471051435e-01 4.429459942932368333e-01 4.592603845873199919e-01
5.883601712516105531e-01 6.114220803028354023e-01 5.379753216845353236e-01
6.480694378786455712e-01 6.873882540286759824e-01 6.716380905273801050e-01
6.282858665281667587e-01 6.881752460620743639e-01 6.465724590456669585e-01
4.454053503460724261e-01 4.176385918246769968e-01 4.030814228847815484e-01
7.628814591448581650e-01 7.819400566751831816e-01 8.185186621360556192e-01
5.789119551662924579e-01 6.240716483496756561e-01 5.899256715387203309e-01
6.358234323273154187e-01 6.346842555383707118e-01 6.399492461503688556e-01
6.534037274199616663e-01 7.169222991126971145e-01 7.084070889779466862e-01
4.224067826817698434e-01 4.621584838151679420e-01 4.601490501136519251e-01
5.972006063470125525e-01 6.997940511973113065e-01 7.041932357720740443e-01
5.031141506418207454e-01 5.864092312594688661e-01 5.522253922233172352e-01
6.365630470148246900e-01 5.950746089994524146e-01 6.564482007238749972e-01
6.640156909877983349e-01 6.379896204346295896e-01 6.265130350061745013e-01
7.304775165925021518e-01 6.859686361240827646e-01 6.621365651581238021e-01
6.228160969904436017e-01 6.818654211081448535e-01 6.222863329286529854e-01
4.080585326496717902e-01 4.572719576577101153e-01 3.971145547395882880e-01
6.483115592041471809e-01 7.172929332253871193e-01 6.396785925762193958e-01
5.742910264242462315e-01 6.357592016868038876e-01 6.167871300310997507e-01
5.459190900492396636e-01 5.364359766775309568e-01 4.900724963053183503e-01
5.874000937135878120e-01 5.919013750444617195e-01 4.924614888566634652e-01
4.760624161837174739e-01 4.887425166201554427e-01 5.492245854112109971e-01
7.154859626265729355e-01 6.601701366608739852e-01 7.028303748847231081e-01
7.840438330940981970e-01 7.758541250944596124e-01 7.429726189842611461e-01
6.901868179105881129e-01 6.255326364984425958e-01 6.121110155501289229e-01
5.205136207826220884e-01 4.405747110962185409e-01 5.097390388368377989e-01
6.809692684255846951e-01 6.209830214432241480e-01 6.112414626233313442e-01
6.500137435576665013e-01 6.803154097507371212e-01 6.694746287646534677e-01
8.011197949714158328e-01 7.245657988475071587e-01 7.721591729727574904e-01
5.588327495581361104e-01 5.250002080909011992e-01 5.128923370854141517e-01
6.926410266248719250e-01 6.800620906489627249e-01 6.432871650768589022e-01
8.033197446989581714e-01 7.668519739738332008e-01 7.474887262048345304e-01
4.507875214051916268e-01 3.548413949260414979e-01 4.073616982611187320e-01
7.691660260633663704e-01 7.734415672454302282e-01 7.705518493805577629e-01
7.835531843701437626e-01 8.623437218170867391e-01 8.000530143313602238e-01
4.713100563446583346e-01 4.567783081463277495e-01 4.407811849907315449e-01
7.336995533723060792e-01 7.598454154416954820e-01 7.122511006461473837e-01
5.993566855792801240e-01 5.499610599462660954e-01 5.460923845966372259e-01
5.574735854112380373e-01 5.114248249456296858e-01 5.157326647104747419e-01
5.896350470611215755e-01 5.396321399709761435e-01 6.211277830313824966e-01
5.813707882740050126e-01 5.369821672838392956e-01 5.383586171648493401e-01
6.951948736684944175e-01 6.353710283438742668e-01 7.026506488113674065e-01
6.918593249056284034e-01 6.947040617506222704e-01 7.341942793758371444e-01
6.996812450074868517e-01 6.969379061588796276e-01 6.872251593717327856e-01
5.374827053078758965e-01 5.001427861555968191e-01 5.348765472714582803e-01
6.366340677676042281e-01 7.172283637565898262e-01 7.276899048706295670e-01
4.041455668904161969e-01 3.716189339418604076e-01 4.340122836794968464e-01
6.338097799504723850e-01 6.387252372105969300e-01 6.195852902836201936e-01
5.912202802541409730e-01 5.838955251831311477e-01 5.973252487622444651e-01
6.971305721313478809e-01 7.354205571974684608e-01 7.612305225911296658e-01
7.058464624693425726e-01 6.822859697023520020e-01 7.158237674791275706e-01
4.932003903916344911e-01 5.438454578444315013e-01 5.381283899662463455e-01
6.623221824584736295e-01 6.124842790730313791e-01 7.093160591069836984e-01
5.311007524298073657e-01 5.161213030713419636e-01 5.123905267586364998e-01
4.912232845297664907e-01 5.204387646058867833e-01 5.169156235290435220e-01
5.694692553173368310e-01 5.925595164578173479e-01 5.852181211054625631e-01
7.584076672177456624e-01 6.291298396636801904e-01 6.864759611235631276e-01
4.139460664131058287e-01 3.920373525787279045e-01 3.783132985768661860e-01
5.782356390534023616e-01 4.896505298660434602e-01 5.141525263732513729e-01
6.246360692236192502e-01 5.967136849484773187e-01 5.637920159468131631e-01
5.147548797915660890e-01 5.002612290981387488e-01 5.193020159313729289e-01
6.966880828673042148e-01 7.156860413358255846e-01 6.640854247932090892e-01
4.765044366328361480e-01 5.581893982912137231e-01 5.749071127805862602e-01
5.380848929085567667e-01 5.458628975134743877e-01 5.509823686028558765e-01
5.415615060965198735e-01 6.144994389995719342e-01 5.079355180271247772e-01
6.406441349745185532e-01 6.090192439562577276e-01 5.627507146355300582e-01
7.172190880420777903e-01 6.569088512262299950e-01 6.528291961969201473e-01
5.297771749699221600e-01 5.179964778005694548e-01 5.309059582846431535e-01
5.664713560174921003e-01 6.401483813815359580e-01 5.741764978041774548e-01
4.900117125761659920e-01 4.659781109826560686e-01 4.826605784128342735e-01
6.351719679227837423e-01 5.765733463987787744e-01 5.732132354406996866e-01
6.228083604856826661e-01 6.187318480537384868e-01 6.406410353547622449e-01
5.983321854807893692e-01 5.912655480839325017e-01 5.936598870841293119e-01
5.749493102786579213e-01 5.759256291031110697e-01 6.202209941570508978e-01
4.509203631539001056e-01 4.502453272461061640e-01 3.650737951034498385e-01
4.818158720468794232e-01 4.560776242327285734e-01 4.711658914695090461e-01
6.304881611081466497e-01 5.971307526558758960e-01 6.610022324282787132e-01
5.842999991172149743e-01 5.274754076207929243e-01 5.444405624797276078e-01
3.929265090058556287e-01 3.722249095696016918e-01 4.537148775021254132e-01
3.822326545896186367e-01 4.214068697269873209e-01 4.521815401906805199e-01
6.075554937900157215e-01 6.271290377986368236e-01 6.527971584175519260e-01
3.288239754970592177e-01 2.862724710031502307e-01 3.302374055289586385e-01
5.991313133393524337e-01 5.969514925813670381e-01 6.339372646030662084e-01
7.493062783667261417e-01 7.168407031961013809e-01 6.701033621744533209e-01
6.660118928504020763e-01 6.789256054946700703e-01 6.819130279729276323e-01
5.990152895797452581e-01 6.235962859205937958e-01 5.888369027947344403e-01
4.930089901242563077e-01 5.277781373133431098e-01 5.414857585812686835e-01
4.224187995538008500e-01 3.461851977557649507e-01 3.143512039045340267e-01
6.714496278048743827e-01 6.086374079273579873e-01 6.361273110010376985e-01
6.843650859787696605e-01 7.221094773691389967e-01 6.827167407100219743e-01
6.080279383704363383e-01 6.202395465108173633e-01 6.264522242902740290e-01
6.928214502929046503e-01 6.600175168056674480e-01 6.790664483803819929e-01
6.324612944791094815e-01 5.816072529268987434e-01 5.611686478461900274e-01
6.332671165794910850e-01 6.397030539119650250e-01 6.116111558090381317e-01
7.229250619727669580e-01 7.128352859954034670e-01 6.735041969424686581e-01
5.474439833572941616e-01 5.541909764914059178e-01 5.326233423651987042e-01
4.748997520756785273e-01 5.107838378938852619e-01 4.870750697211067015e-01
5.126203454222111322e-01 5.252041826890260223e-01 4.457095137330255308e-01
6.706078931098307105e-01 6.590209160833055968e-01 6.758889030545627286e-01
6.866775951509707099e-01 6.956893191253519237e-01 6.433565121564529532e-01
4.693269847663769090e-01 4.391011849539275258e-01 4.745503170737808141e-01
6.533629887324685637e-01 6.582191384068368789e-01 6.194285263145860032e-01
5.451861615294398833e-01 5.459088019585296436e-01 5.434489156300111867e-01
7.936375513780868918e-01 7.222582595471209732e-01 7.637356759794945438e-01
8.061997132958689249e-01 8.240753713261878000e-01 7.612835484126114771e-01
7.851703929643223390e-01 7.288218189096216104e-01 7.477457810476766387e-01
6.540259140601285548e-01 6.185866633973092776e-01 6.420301529688934306e-01
5.653343417996535836e-01 5.288445981750884428e-01 5.366812326640864050e-01
7.832423731598106009e-01 7.412200609823582642e-01 7.696153138838163210e-01
6.897764777740453823e-01 6.724094571414177546e-01 6.614943796836181278e-01
5.606678506364197734e-01 5.676967612517094253e-01 5.169759145657186750e-01
6.170067762763792318e-01 6.160941750266162309e-01 6.402054234791049181e-01
6.586578421511679604e-01 6.325592904987524800e-01 6.651660065552490453e-01
7.050169740123251039e-01 7.309825821807707236e-01 7.560531683429541072e-01
4.651066717161552733e-01 4.190410153560179540e-01 4.100890114067788916e-01
5.463682171580278579e-01 5.871125431810174655e-01 6.164296094787354852e-01
5.310135391883844536e-01 5.341899803984678785e-01 5.054349035582276217e-01
7.055936766701829121e-01 5.922034456779828870e-01 6.513792376903859704e-01
6.749607000729893613e-01 6.808126921339149318e-01 7.238282258150012805e-01
5.619098287265440472e-01 5.434473938509761792e-01 6.082414299941510949e-01
3.780395070017842918e-01 3.841151964431068211e-01 4.322626495316149731e-01
6.304681994952022750e-01 6.888004338271501714e-01 6.285504119512116405e-01
6.970716583119662690e-01 7.047904792686322528e-01 6.952086466890966543e-01
5.205065532872469314e-01 5.478191180750866529e-01 5.367584888431963241e-01
4.736095256674186516e-01 4.860724056078060684e-01 4.381907181767853432e-01
5.761534071401727131e-01 6.236902559116859202e-01 6.007938021884372537e-01
5.233264021865851046e-01 4.614298890243514473e-01 4.841790843230764363e-01
5.713001319616092255e-01 5.001609147825207824e-01 5.441252239990644890e-01
4.654642140624780100e-01 3.451046162535056916e-01 3.935802800766550202e-01
6.464687300698686023e-01 6.717399270016085611e-01 6.502895710285075959e-01
7.178099285276691166e-01 7.154805650704728626e-01 7.352779445144125292e-01
5.235466456523449885e-01 5.005490847455352776e-01 5.041685622102636266e-01
6.277782360677174323e-01 6.309257611118272990e-01 6.593469987890659967e-01
5.050219248483135415e-01 5.860256197356973340e-01 5.990359035241071828e-01
8.633993099358912016e-01 7.769057676569401938e-01 8.021761481656366488e-01
4.849832904297904923e-01 5.272271671489425771e-01 5.090071726789100470e-01
6.904949089931553541e-01 7.405348713560315765e-01 6.667354599229455836e-01
7.704877356563759605e-01 8.303969536144243380e-01 8.174989683572763122e-01
6.503055541768825165e-01 6.032398242166635560e-01 5.676851544479779577e-01
5.600353682400932565e-01 5.769461439836800487e-01 5.127522698329787243e-01
6.145025278175748618e-01 6.286312876071457056e-01 5.932723820721823582e-01
3.598549436198126283e-01 3.839992046738274212e-01 4.206489316392984512e-01
5.331990495036930122e-01 5.518742614697980109e-01 5.312029015676862365e-01
3.935934874130777028e-01 4.108601775983656279e-01 3.521628284126770425e-01
6.809918634135485593e-01 7.121652547097931940e-01 7.688773410413830556e-01
3.513122685866393313e-01 4.099912813936270051e-01 3.728548866577135468e-01
7.009921768861228086e-01 6.776155129184008308e-01 7.376673468446450777e-01
7.228081726297855836e-01 7.259559407893004801e-01 8.021924853334851946e-01
4.995638469149985550e-01 5.869456509448567338e-01 5.066171069704634711e-01
8.215983061605891535e-01 8.405380693901909339e-01 7.656162289055841175e-01
5.322340445070856685e-01 5.521134509649819888e-01 5.742806055733249426e-01
5.969532804902871748e-01 7.226064318139884257e-01 6.162323450470712505e-01
6.356407487802423484e-01 6.914048968662150907e-01 7.161874241522951934e-01
6.394101063471296920e-01 7.055072786965547182e-01 6.337533558787016297e-01
5.613740006877393496e-01 5.198179180386384157e-01 5.877771059828099665e-01
6.911837068970597686e-01 6.944587407633456833e-01 6.694039231048345417e-01
6.954019376004523245e-01 6.931581921936244006e-01 7.092983880699383903e-01
5.549404231782778529e-01 5.547287821090230997e-01 5.440224717821703360e-01
4.292124804046641429e-01 4.930384302302869837e-01 4.966177867821598424e-01
6.213739783569707242e-01 6.196355965778073127e-01 5.609739852806121529e-01
5.636621780522143021e-01 5.480518056550539585e-01 5.418797166297437684e-01
3.985402930774141761e-01 3.712377427840178878e-01 3.877556856699497234e-01
6.678736769713239374e-01 7.377307259744310119e-01 7.505548710363157960e-01
4.045634232219486037e-01 4.559456841346512523e-01 4.788760617384253959e-01
5.541936656452436383e-01 5.708776246309110736e-01 5.832128635108085879e-01
7.666659128957297176e-01 8.598293708761594045e-01 8.115212149263661967e-01
6.475689671035782524e-01 5.556813144714857211e-01 5.759874460239368110e-01
8.286849418812519685e-01 8.507012870346204458e-01 8.349863727412687453e-01
5.487173696804036327e-01 5.328261722911187270e-01 6.037703639290676882e-01
5.264452525304504915e-01 4.501048875839092078e-01 4.705772866449901004e-01
5.682058313157880569e-01 4.942614044262164108e-01 5.854646617989972546e-01
6.062576232590225489e-01 6.089763198112487785e-01 5.834607100803426150e-01
7.686807304341610747e-01 7.580759883404147859e-01 7.597562295954429779e-01
7.169053499781176120e-01 7.192126254083367476e-01 6.835283436476190522e-01
5.242705822437853103e-01 6.062331556687028389e-01 5.365968793480742072e-01
7.290345303874554705e-01 7.391733347740806481e-01 7.170064542338225877e-01
6.313941858507149396e-01 6.319647921320298289e-01 6.300629684731103852e-01
8.352836936692559222e-01 7.836467317117185027e-01 8.935167502479596235e-01
6.160509352393889193e-01 6.419376751038602391e-01 6.650666470019079846e-01
5.717416669506747429e-01 6.817320724638875618e-01 6.733450782952440372e-01
5.163656868389963073e-01 5.341156394388465456e-01 4.925034461341146752e-01
8.372126887157353980e-01 9.038212299173883357e-01 9.601079006345268896e-01
9.050776095292414336e-01 1.014335349417359700e+00 9.118698989146282186e-01
5.153024688590606139e-01 5.956365294547184552e-01 5.645712710112322785e-01
6.152513027591857142e-01 7.026472968017409837e-01 6.949013683723357371e-01
6.144002071046407165e-01 6.285529276331172088e-01 6.309938937776470302e-01
5.689466258964014367e-01 6.002844603103777432e-01 5.602096862216231488e-01
4.936298196069190403e-01 5.278701076720671015e-01 4.868341185290498419e-01
6.215623132174942223e-01 6.076219466680792269e-01 6.655091112534412545e-01
5.649413059187008423e-01 5.297475039766749161e-01 6.018524531737037275e-01
6.943967490379564511e-01 6.740905985391034694e-01 7.192230670982725504e-01
5.700777752901687867e-01 6.406273393682409001e-01 6.268921611120975568e-01
6.060447612139919782e-01 6.028696031693081547e-01 6.644293994762529021e-01
3.076831986377203121e-01 3.326919749884783006e-01 3.431951990317422263e-01
5.266720464089411635e-01 5.034082290707164731e-01 5.191631631225325227e-01
6.355817871086761883e-01 6.749295268725608032e-01 6.270633128219688102e-01
5.146763649563093068e-01 5.497152137194073473e-01 5.159627916968972938e-01
5.029596811660896893e-01 4.205351017354070908e-01 4.830263601138249929e-01
5.801850719237572340e-01 6.411257952858276932e-01 6.415790418035683951e-01
6.118895357372664545e-01 5.855614798583844705e-01 5.869367584174211006e-01
6.381304687341851078e-01 6.170414037735415524e-01 5.799239333660199947e-01
8.205378356121951766e-01 8.836257794468511673e-01 8.855643970370793427e-01
6.520582776308367912e-01 6.269342767837055019e-01 6.851999536150866765e-01
5.850340044410986540e-01 5.664422468018458501e-01 6.309126133033353678e-01
5.945556291223269563e-01 6.214334898739052315e-01 6.480909173408369028e-01
5.584536336319453342e-01 5.848389520154075871e-01 6.148873095963888202e-01
6.517121090755305657e-01 6.320753952537834230e-01 6.243334493176612154e-01
4.748099843652284768e-01 5.078033499966793096e-01 5.307843050708881405e-01
6.100551549807140539e-01 6.144450149967465302e-01 6.615200444357576259e-01
5.337317048384410123e-01 5.929758671732131559e-01 5.582289174403883836e-01
4.326090049045518970e-01 3.976215223553871692e-01 3.936023598277568203e-01
6.513908989596515209e-01 7.065028424920923866e-01 7.247486081382822354e-01
6.695511757327735625e-01 6.435796221788026017e-01 7.191389923254972727e-01
8.307383464241445692e-01 8.695693897998145738e-01 7.493546993039998938e-01
7.015453795807682358e-01 7.149937756009636658e-01 6.565787476713172977e-01
3.541073303511023118e-01 3.271358908464805926e-01 2.790144120803866867e-01
4.981553479251590311e-01 5.227422212058367990e-01 4.706938810396898987e-01
5.228493613660470940e-01 5.430401066128347498e-01 5.680690307758097246e-01
6.542202314327816293e-01 7.427107604278102571e-01 6.401769145612424827e-01
4.883482544440632123e-01 4.630744307362484879e-01 4.808005719177024795e-01
5.484728509336369573e-01 5.389015101096161775e-01 5.704311043507506174e-01
4.828843156652530277e-01 4.858810244929170352e-01 4.994099083150662644e-01
5.970129619419766165e-01 6.475765756572546827e-01 6.809613498569724310e-01
6.182366796063126779e-01 6.081717234763066582e-01 5.827621302787060475e-01
7.019037588627283775e-01 7.205094572954845455e-01 7.843074915705561256e-01
5.915693525590699497e-01 5.632725381309868773e-01 5.654873788043850436e-01
4.421635285827261175e-01 4.304531945828798944e-01 3.727760642303631911e-01
6.547504384513513909e-01 6.760334262516981552e-01 6.249798638617196644e-01
5.017270128719402145e-01 5.723063749126144906e-01 5.534182264785504346e-01
4.503999684824979144e-01 5.590203382604697069e-01 5.304350445750916077e-01
4.069534125102342581e-01 3.213171496150519779e-01 3.301860710613819250e-01
