7.275076820474869477e-01 7.408028139924734967e-01
5.380456373411970361e-01 6.256585376700258827e-01
5.293344528209690258e-01 4.651206730909495657e-01
4.007923358181473272e-01 4.494685853280551147e-01
5.297851903191935774e-01 5.306140401348423685e-01
7.767303270170465845e-01 7.734826885418489839e-01
5.323912239496557675e-01 5.240098769734069517e-01
5.266072241683501520e-01 6.210400333300196696e-01
4.590489159855237200e-01 5.177479502136930201e-01
5.816647747692585968e-01 6.265961647759220599e-01
7.294936711862648471e-01 7.084684738967285123e-01
7.088631986763184178e-01 7.161218639136314179e-01
5.794045301894413802e-01 7.242574785920984359e-01
5.442696493136730540e-01 5.595926610566982484e-01
7.605957419952615872e-01 7.326156065498916625e-01
6.742975318035520083e-01 6.222141587058915846e-01
6.313183573541634175e-01 4.531821198494008218e-01
5.609301805830434473e-01 6.218123163244276830e-01
7.499194771288387740e-01 6.880301110136092246e-01
5.691993113676961924e-01 5.187616330007448484e-01
3.823146853469537310e-01 4.421620950673429973e-01
5.562692518176146628e-01 6.592811684134054495e-01
1.542665606809791035e-01 2.652695754695673647e-01
7.145770163614552084e-01 7.556048033167105382e-01
6.413561567859756840e-01 5.997152394961234867e-01
5.153281683355517284e-01 6.023424107732786581e-01
5.027190142379591720e-01 4.220401250951557048e-01
7.314689802625913284e-01 6.370740583116023537e-01
7.439355415319877096e-01 8.549157230590624934e-01
3.686170805620703206e-01 3.954042748100915494e-01
3.845730730217187809e-01 3.242795597017808507e-01
6.464148638604244601e-01 5.535501674431747565e-01
7.292143323198725380e-01 7.091072352623062347e-01
5.066245733327997547e-01 6.270662322777299513e-01
6.636834707725259852e-01 6.342805350703616396e-01
4.386505497342978455e-01 5.403285280299078286e-01
1.032521517891434426e+00 9.493402027760056150e-01
7.389204774291833200e-01 7.408778283608870030e-01
5.906641769468833347e-01 5.962320259725967242e-01
7.538057493817418298e-01 7.237143072371678976e-01
6.906098607289962166e-01 7.741489228755275009e-01
5.606554343141298968e-01 5.300160814232994788e-01
6.071503283304584553e-01 5.825106541242175417e-01
6.329764853378856415e-01 5.656800691565107009e-01
7.788970984350698235e-01 7.742613851839090788e-01
3.884061151337330764e-01 4.896790425366374655e-01
5.235614475406898949e-01 4.254268289211608489e-01
6.091668637378263584e-01 6.373686178859024887e-01
7.497054705614879522e-01 7.537462766727270891e-01
6.860330541384205283e-01 6.746127351025481556e-01
6.148705855945569843e-01 5.925886507694396732e-01
7.737561316042370629e-01 6.557530403309271838e-01
3.243461728703754265e-01 3.195952456500818495e-01
5.581105910216098698e-01 5.504635115742085860e-01
8.366208406967415856e-01 7.773709954691830903e-01
7.913694699255688914e-01 8.088304189757273832e-01
5.220893913372067763e-01 6.916211865731073383e-01
4.302297090883469011e-01 3.731379367473861564e-01
5.446861833931145869e-01 4.673132347153671762e-01
6.983488555028380951e-01 5.929119135085763048e-01
4.999322398746975371e-01 5.253762738629649265e-01
5.984202957217783503e-01 6.856558104868351045e-01
7.465911372228150045e-01 7.446321280897626460e-01
5.029801324162178622e-01 5.085642282167980310e-01
4.844790842125523689e-01 5.851283923191918923e-01
4.881711483650187922e-01 4.976969464984549174e-01
4.834643579194249918e-01 5.772883335254138659e-01
5.718180466828697295e-01 6.679730077729923998e-01
7.316844704346976425e-01 7.490108870504328387e-01
6.738223122587292391e-01 6.004653405570112845e-01
5.845850985316662918e-01 4.994380307929418006e-01
7.642942034290929332e-01 8.219841422675466802e-01
8.139923774293981173e-01 6.268507591773883059e-01
7.401739281547425886e-01 6.947989275624708583e-01
6.717163691992462660e-01 6.277254486324821414e-01
7.227781102522827794e-01 5.708009555431723392e-01
4.645902056619574116e-01 5.081975395882681878e-01
4.794555235724403119e-01 3.781492852766363266e-01
7.483691821641674791e-01 6.600698325595478755e-01
6.527871067887603962e-01 6.751499933423451560e-01
6.960420531407202072e-01 7.734400232405572728e-01
6.787595900713619956e-01 5.640020631260150852e-01
5.752112808183524884e-01 6.240297545414901226e-01
7.120039044867869649e-01 6.533772231359413762e-01
7.929682924167795743e-01 7.429553987837851370e-01
7.050031301365815573e-01 7.026737388672301687e-01
7.963765647329544839e-01 8.553149256076107987e-01
6.003206347021942113e-01 5.971319172927699315e-01
6.496019715843804887e-01 6.936728314681727126e-01
4.346377471964370520e-01 3.058856090785836979e-01
6.900154474674412564e-01 7.627972220658182367e-01
5.415205808412324462e-01 5.552405724426467959e-01
6.738994056992793080e-01 6.908037049747048908e-01
4.551659391131042676e-01 4.350693296331247795e-01
6.672147371259435911e-01 7.277578429912470170e-01
5.486446477291495594e-01 6.847560642018284405e-01
5.555064871479357125e-01 7.488125672768614072e-01
6.285356008816239681e-01 5.876286280880912427e-01
4.583971122818115695e-01 4.118586601140391545e-01
6.085234848646504657e-01 6.118787083157392059e-01
5.970175679024838367e-01 6.025064391462007229e-01
7.405392906062446823e-01 7.662384691514501078e-01
5.396355609469503101e-01 6.365192481398416202e-01
7.721007956131973327e-01 7.868134937679776009e-01
6.039506198978601414e-01 5.314114470717419270e-01
5.825812964573138242e-01 5.613137374280325886e-01
4.697500286563315863e-01 4.494544274171023424e-01
5.489462591110968459e-01 5.513840021401997804e-01
5.959436570415115320e-01 6.446977247352385643e-01
5.116489101307528653e-01 5.482243270418227787e-01
4.087462222958012648e-01 3.711527250073208828e-01
5.441068862387262728e-01 5.439930704007228668e-01
7.465798590676459012e-01 6.178223215175276950e-01
4.938662303898285200e-01 5.747390654358326412e-01
5.071036580445406061e-01 5.737157549830168568e-01
7.234609727231304799e-01 6.787044799878743095e-01
5.372973866220671635e-01 5.598222905832568319e-01
5.485553762865379435e-01 5.723384928844369446e-01
4.858196104172223251e-01 4.759671758062500313e-01
6.423059584589622117e-01 6.273152338777588932e-01
6.989647572950888899e-01 5.934916990057536035e-01
7.460895302072459989e-01 7.104554382417173075e-01
7.471756849204577167e-01 6.842482421585621699e-01
6.421479095575043372e-01 7.713882064947991113e-01
6.123057565130001212e-01 5.861591386723550290e-01
5.137191787072575844e-01 4.861835973788892207e-01
6.898216701513479876e-01 7.071011519155767644e-01
3.691112411271905702e-01 3.539041983303825023e-01
7.522938122429647656e-01 6.653766414423285536e-01
4.887785640544722310e-01 3.984639181702451238e-01
7.946236674458063698e-01 7.392489126703601920e-01
4.458869334030183262e-01 5.692585605069330201e-01
5.674476627841210652e-01 5.832951177957327316e-01
2.235565669990486892e-01 3.078963607531941538e-01
6.202135546795884968e-01 4.412943439556852310e-01
7.483792178658691396e-01 6.677018201300154443e-01
4.408173400339792103e-01 4.815818791937432897e-01
4.589729150684566661e-01 5.014020016972775551e-01
6.902213054835767414e-01 7.044653436180118300e-01
5.885192387997505437e-01 5.194965625497008910e-01
7.055783420595928002e-01 6.800291380675030917e-01
6.298826029704626128e-01 6.116355216550043439e-01
6.948468725035455984e-01 7.115679333920098548e-01
4.209227204662240873e-01 2.443697835887765346e-01
6.930323530742034110e-01 5.914027137256109290e-01
5.656047852914601881e-01 4.829818725945461688e-01
7.456240932296014368e-01 5.831577316721785476e-01
3.959510675550563796e-01 4.236323071687119191e-01
4.131351235303630243e-01 4.574651776009421300e-01
5.763903475067851945e-01 5.596065010020602193e-01
5.822991039256274481e-01 5.619072305447149196e-01
3.015349965150018741e-01 3.833582180569011233e-01
4.470028748214777137e-01 5.424687670705465870e-01
6.997344885272613890e-01 5.188005516055140820e-01
5.820159150691582850e-01 5.729927366872310524e-01
7.281169940387531847e-01 5.896544346265836234e-01
7.974218391585332633e-01 6.599527544209569108e-01
4.090303968957775815e-01 3.953154665132770917e-01
5.076227073737079598e-01 5.545174921690657621e-01
7.687179795797653981e-01 7.117863694275010644e-01
4.491648914892632516e-01 4.918613986003680938e-01
5.579671883446805092e-01 6.361320717153936544e-01
7.089188083031875420e-01 5.705266636502296373e-01
4.580123936761020254e-01 3.771882658915537423e-01
4.781653492135963801e-01 4.640082952330085164e-01
4.355883187498565956e-01 4.007155703046190176e-01
1.966614958686532799e-01 2.720177592819933432e-01
7.070722974656985516e-01 8.132654278716550111e-01
6.087122427455885498e-01 5.203229777906127618e-01
6.405356045154911859e-01 6.035621398651357383e-01
3.777564979306000659e-01 4.197650084028816675e-01
5.352707414048271106e-01 5.047776080912008689e-01
5.833328020248810253e-01 6.170698511593718516e-01
8.532535684059658898e-01 7.353195649856221205e-01
7.064979874158350270e-01 7.502544283248935297e-01
4.118406878692759676e-01 4.896174164228586090e-01
7.492323644551883710e-01 6.782011433507055820e-01
5.284530592279805816e-01 4.999987602497683592e-01
4.029610508633017507e-01 4.224271127151654759e-01
6.615944023218091052e-01 7.098652075157635410e-01
6.468679712484526334e-01 7.075971644500151925e-01
6.542608756711300044e-01 6.809424236447637613e-01
6.132290200455305929e-01 5.528928550374159201e-01
4.569483913432477173e-01 4.078137357108780892e-01
6.667423261870103479e-01 6.782768315049075847e-01
6.824402121044320646e-01 6.857166653321470351e-01
4.033846732248942968e-01 3.197044343589118820e-01
6.139013557298397261e-01 6.474119551134845940e-01
7.312918641353773896e-01 7.102502285790550651e-01
7.550137493675330713e-01 8.083933222034105359e-01
5.469888125739880147e-01 4.626538155180773271e-01
6.194862837664254496e-01 5.702644924744275645e-01
6.235492437712412128e-01 7.510740136660912780e-01
6.781803876953733656e-01 6.358300316618761272e-01
4.677420377046018762e-01 4.287069183988191368e-01
8.254155447137790924e-01 6.730567039437357346e-01
9.064773681263660343e-01 8.416742920859650035e-01
4.475968246773064374e-01 3.613536479569184889e-01
5.888294805290064104e-01 5.527920042966973924e-01
6.588519265754760879e-01 7.146840372904960104e-01
6.143381047749151280e-01 6.230334893852725875e-01
6.352988412916643624e-01 6.072869045281105160e-01
5.457058319233386579e-01 5.832913384919667932e-01
5.434410401881881736e-01 4.219597751102515670e-01
6.883005649354836386e-01 7.246803383564779377e-01
8.715037408169403754e-01 8.471460812731514967e-01
4.584749846096754511e-01 5.006016533383943479e-01
6.893531196030290298e-01 5.975299404300783435e-01
4.751079212734891644e-01 5.349758007031025775e-01
3.945153534831642439e-01 3.731628243881238705e-01
6.183127163645638635e-01 6.217804940857598606e-01
6.382932545481264652e-01 6.747666335868612864e-01
7.037934689416449618e-01 7.621689877546269365e-01
6.822259574420415085e-01 6.265924399072886342e-01
2.506825108784861422e-01 2.942311828359773784e-01
7.269678577759143279e-01 6.403206132467412770e-01
6.870202844652502083e-01 7.403005867184386801e-01
4.899305316871194749e-01 4.832407139126713713e-01
8.257678300474821098e-01 7.091824714986146860e-01
6.548946931246864001e-01 6.078865587303361462e-01
5.114932699885524903e-01 2.839560950040310727e-01
6.088996619101978425e-01 5.072199602419094067e-01
7.468669430763231754e-01 6.480566161073667564e-01
3.852991768875996814e-01 3.876505803356486424e-01
4.967894852160443797e-01 5.677771626137038119e-01
4.608707644418802429e-01 4.086500283640431830e-01
6.044684151195556243e-01 5.527582186333634962e-01
4.622733357284418698e-01 3.987254822232129126e-01
5.197764647756100143e-01 5.643416113619268426e-01
5.370962261237405277e-01 7.229116621337666748e-01
6.894593698728381792e-01 9.291019216807332448e-01
5.419364839413737256e-01 4.701949256003757904e-01
4.189121529223879259e-01 4.835419249702561650e-01
3.617942526560901095e-01 3.650431894296530810e-01
9.891643544095367613e-01 1.009863636873542081e+00
6.090287955717897939e-01 5.124752099125783333e-01
8.891617925743010575e-01 8.459996021122754284e-01
5.415460922875477978e-01 5.634516303592985720e-01
8.840583767196265041e-01 1.009274152520909240e+00
6.036979345665365315e-01 6.528696460313281325e-01
9.034206847550867447e-01 7.884619325864576922e-01
6.585342771133286810e-01 6.885205420837929857e-01
4.873395559418454148e-01 5.612542202397303726e-01
6.866662076995875275e-01 7.153308146245405119e-01
6.892950680769946992e-01 7.734336690517089608e-01
3.524080486233092113e-01 5.502187026873848197e-01
7.778088216974943236e-01 8.656841587858286058e-01
5.469267871289810179e-01 5.946049406133734339e-01
6.982946703300353386e-01 7.871420911746592752e-01
6.383707619994535287e-01 5.894299762796270103e-01
8.911232811272551402e-01 8.269548343677419755e-01
4.118717656312054776e-01 4.882877100140100013e-01
5.280476684619341832e-01 4.794884802426619963e-01
5.597608167302493554e-01 6.580460495421068812e-01
6.633053575824092718e-01 6.633264858894392102e-01
7.294194593692796547e-01 6.522546949895752233e-01
4.421097488585872259e-01 3.814905056233858227e-01
6.386473036744486631e-01 4.752072588435246048e-01
7.279744601770575807e-01 6.912344870719732137e-01
8.497913780792314409e-01 8.819797955348442908e-01
4.076952213820183579e-01 4.321830254570895868e-01
5.951392603526659553e-01 4.959320279931505038e-01
3.442997648742449623e-01 3.666403518446987864e-01
3.960536886117695943e-01 5.087816298684797456e-01
5.236441129909776837e-01 6.514277222664903721e-01
5.251517952529828337e-01 5.890143011119314265e-01
5.471649786528121062e-01 5.034317372468506413e-01
6.724554551495757204e-01 7.707350156494247040e-01
7.307239552386968207e-01 6.965553976829876870e-01
6.963609662375650489e-01 5.848761144316690919e-01
4.406579144661983416e-01 4.532239103975589933e-01
3.139416240144681791e-01 3.102144062430339244e-01
4.357869425054651802e-01 5.579190842511504433e-01
7.652896568712679315e-01 8.528338492429718976e-01
6.637396784037774555e-01 6.122913257964055500e-01
7.221121051105491295e-01 6.749847702247088188e-01
7.229495302933561796e-01 7.930608253756097348e-01
2.978032270208745835e-01 3.510082779211615156e-01
5.784440409534645777e-01 5.403695677585720336e-01
7.182348113380613297e-01 7.122932034387866596e-01
5.056283327782061798e-01 5.303135218512172733e-01
7.118779406138243671e-01 6.712749492195880796e-01
3.889931897654852477e-01 4.950759174187154832e-01
6.106871698424812811e-01 5.949608564491412066e-01
6.246163271637207304e-01 5.765484724545771877e-01
3.829236383866338467e-01 2.676850106002856555e-01
4.406101310788717584e-01 5.289642124402723633e-01
5.028447174880849024e-01 5.939903343056675000e-01
5.605745360296358060e-01 5.707319310058548423e-01
6.975434888449357773e-01 7.104669938602977686e-01
6.098535771263718930e-01 5.782385631965797357e-01
8.351489963908471648e-01 8.462719062453656349e-01
5.427887432552981339e-01 5.049624890107956565e-01
7.153089322748706902e-01 6.429526976824493367e-01
8.797252847965768563e-01 7.904799459775246895e-01
5.108787566794609214e-01 5.863198604729215058e-01
6.715974512088425108e-01 7.200457151671026956e-01
5.594058667916251837e-01 5.715242210630463449e-01
7.654932015577923243e-01 7.961901822427969178e-01
7.823573184164471783e-01 8.781558941893581327e-01
5.294509097967231570e-01 6.007010512346756537e-01
6.921213731808109060e-01 6.327914443499103037e-01
5.197019637940708536e-01 5.626668670493227831e-01
6.123863141253163000e-01 7.473437934066964328e-01
6.536682900546312291e-01 6.639425707060965243e-01
5.661125169358482978e-01 6.384664051273447605e-01
6.570626799321616085e-01 6.439236320947058223e-01
5.954723406874746772e-01 4.588389777344923925e-01
6.678568715676415080e-01 6.789662850444754261e-01
7.175224156738750914e-01 7.271356587342747702e-01
7.336807256319284321e-01 6.529109080520856256e-01
5.610547107564871627e-01 4.502580192430939987e-01
3.946175100444260786e-01 5.667617106804515581e-01
6.953929824409621485e-01 6.664838783155535573e-01
4.364420891658798984e-01 4.269692569518342973e-01
6.894446337522536217e-01 7.911146819939128827e-01
5.592727096361639338e-01 5.746725808047866702e-01
6.828860464911565842e-01 5.828093211067695290e-01
4.470468112246637760e-01 5.837931159379046164e-01
4.329112369962324625e-01 4.433856802510700579e-01
8.266935098235814738e-01 8.247487904635550926e-01
9.722607044118913855e-01 9.589466211546413543e-01
5.550897633251116181e-01 5.613145920438492587e-01
6.264774405257634848e-01 5.709849914986558916e-01
5.658835073065288102e-01 4.853691423081028522e-01
6.179165421209852349e-01 6.360681364813337568e-01
5.438247705986249958e-01 6.268866730877915572e-01
7.858578003856599992e-01 8.424549860313579330e-01
6.605950321772062761e-01 6.973190340144945765e-01
8.549155548733496923e-01 7.854202072615120711e-01
4.006173796605881354e-01 4.382133249404127073e-01
5.506138886483230577e-01 5.139425421421081053e-01
3.846172468425100299e-01 3.574677699832278788e-01
5.417783266626995387e-01 5.530548819382877790e-01
6.721433831219516541e-01 7.092006841794613603e-01
4.872154655864041617e-01 5.245808683123086569e-01
8.235324819355257508e-01 7.490139203568410009e-01
6.193908224013522368e-01 7.248633151572552169e-01
4.984263894365326131e-01 5.053998692464805043e-01
4.296384667114062084e-01 3.198005412538019177e-01
6.481462517255689448e-01 7.445890909000900670e-01
5.287273477400713517e-01 5.066911263836779700e-01
7.294210561747611621e-01 7.604255745198433836e-01
6.395136667750586090e-01 5.591548659651651709e-01
5.246195830839093244e-01 4.760874467482631434e-01
5.661979528985257026e-01 5.197707134203453094e-01
6.043469213537476792e-01 6.097719915916054445e-01
6.232852615180917155e-01 5.808321797047846236e-01
6.248807275426442320e-01 5.522584967251831234e-01
5.939580144239996473e-01 5.732000319918993947e-01
5.789708675034075380e-01 5.016245667883609816e-01
2.366922832424771250e-01 3.252035833590413150e-01
5.112563902146978201e-01 4.932243796785402701e-01
7.239315639155082804e-01 7.421492869622879907e-01
7.778775214559462414e-01 8.876692315544422174e-01
6.393951349149012975e-01 6.173775202103425341e-01
7.917716403103178813e-01 8.272586083189821249e-01
6.310945240395694489e-01 6.737357309151016382e-01
5.110392134793690921e-01 3.788685566301937535e-01
6.191344926216932887e-01 5.002442861981608591e-01
6.263004873926925065e-01 6.652719184049629142e-01
3.393918921040042780e-01 3.810494192889774534e-01
5.512386872059140686e-01 5.838453373597203289e-01
7.150739883206370662e-01 7.667450433760002459e-01
6.057659489769309236e-01 6.184903397965784144e-01
6.561385909860119048e-01 6.391861323427819874e-01
7.984341253222142498e-01 7.552280040773755587e-01
6.365592526445846833e-01 5.943508686704441768e-01
6.293185876780558186e-01 6.761261127999929066e-01
4.316892333277904115e-01 4.438169770258949542e-01
4.525465022985800667e-01 5.012056423383660642e-01
6.554204895546985599e-01 6.128330941068790283e-01
8.657247627619515384e-01 8.518900117624013113e-01
3.179755389344762762e-01 3.933768915180640979e-01
4.927848122160066735e-01 6.085402103768545734e-01
7.989632575901336464e-01 8.613649096687457929e-01
5.485067936295355828e-01 4.966278247117534295e-01
6.805823010135555462e-01 7.535658282391722862e-01
5.732263414263699675e-01 6.719205271128244616e-01
7.610582695163989886e-01 9.380313104409347957e-01
2.507577464480664209e-01 2.935847419584665663e-01
7.467369447989917752e-01 6.432072138232458602e-01
7.014488131793767955e-01 7.441317907608413496e-01
5.427985302589853900e-01 5.536917516406686390e-01
8.356720524728640243e-01 8.405444573094862371e-01
4.906463713713743457e-01 5.931562078847113506e-01
6.356395227357941602e-01 6.230051822878978074e-01
3.351601977346079231e-01 3.619216716745982110e-01
6.083360841436924460e-01 6.057116250035790017e-01
8.259964000538383422e-01 6.801982982609390271e-01
7.865155376920675012e-01 8.474265727824080718e-01
6.753789791895629113e-01 6.560457618486531528e-01
9.619046489466739347e-01 8.688202360082860620e-01
7.523455032804268194e-01 6.902642668032598072e-01
5.386377889953196663e-01 5.660708151945398336e-01
4.668571781090709027e-01 3.774837606899897891e-01
4.529015105506185024e-01 4.773069412952790080e-01
6.176493521554687893e-01 6.399674822520103890e-01
5.282290814611551033e-01 5.541242075986408944e-01
5.212248854629875083e-01 4.802284435604120549e-01
3.979946412347882267e-01 4.408592408750129366e-01
4.935905776872377415e-01 4.981958481263416005e-01
7.396960224417097329e-01 6.239632987137737619e-01
5.169162746176489964e-01 4.342221635525411183e-01
8.019470837681819120e-01 8.487987053148164929e-01
4.828418943802689212e-01 3.789000535986322138e-01
5.115013837719043499e-01 5.122505699860150363e-01
7.317255657783428013e-01 7.171586128111191449e-01
5.646904528883200935e-01 6.594306640477414216e-01
5.008105415524730653e-01 5.547684644998822634e-01
4.700275541698566983e-01 5.435172061851643033e-01
3.984476251277222492e-01 4.678870446997869248e-01
4.977881401779184478e-01 5.497143518971696619e-01
5.703580013207918409e-01 5.377163968248066528e-01
5.843423265540343969e-01 5.165181379827825658e-01
7.728437039421980348e-01 7.819218283352449284e-01
6.823615819139124961e-01 7.469625902134512385e-01
6.087044999980286697e-01 5.110818626194824077e-01
5.186828475687880191e-01 4.812381366433265972e-01
5.506643908614196059e-01 5.328349623949478753e-01
9.307149318299955398e-01 9.056381670169136866e-01
7.701276128496146178e-01 6.565792878609295613e-01
4.930660880508257460e-01 5.366482766397631110e-01
4.336084487737604798e-01 5.587024948070532515e-01
6.268278897317026699e-01 5.523073293113424098e-01
5.068596028945387966e-01 4.627045880435777248e-01
5.010049780120559015e-01 3.870780419133406092e-01
7.119473187323916985e-01 5.267882744391083616e-01
7.769436315023022788e-01 8.789127383829685725e-01
6.570791328013747545e-01 6.940827202651489447e-01
4.849289013526085768e-01 3.730361737555206725e-01
1.049099092062407479e+00 9.591163657655989994e-01
6.395097226235578747e-01 5.866681904282017301e-01
4.213559349264716647e-01 4.776036677581590451e-01
4.140357865688008010e-01 4.710059610872658897e-01
6.680308961898587805e-01 7.443060997739731066e-01
7.952367013791356021e-01 8.961374355205043996e-01
6.436841893605431686e-01 6.383334436828689284e-01
5.653416746825298267e-01 6.191284777020330532e-01
4.831584469033756157e-01 4.639703933965985128e-01
5.707635716734612563e-01 5.567975283703608946e-01
4.895898614072561328e-01 5.812824759675979669e-01
4.618876529124937291e-01 5.450429700214854956e-01
5.671428462248678803e-01 5.856585290012593648e-01
5.753424200867608418e-01 6.030661845778543251e-01
7.153280039336109564e-01 6.633722902885395012e-01
2.738177110197591579e-01 3.627644074937098617e-01
7.772395245222464277e-01 7.925944903443885581e-01
6.657013654629770905e-01 6.939814720929404768e-01
4.298418286685554701e-01 5.330569460772001111e-01
6.387305844933370835e-01 6.140410908030817794e-01
6.711571789040374769e-01 6.571639113449810887e-01
7.052136299248858986e-01 7.314814721900291250e-01
5.215111742015021701e-01 7.273338052140998489e-01
6.109954215710365899e-01 5.962546270664400572e-01
7.016482825811671820e-01 7.133426809781413525e-01
7.278522198986505654e-01 7.390484538174002527e-01
5.040487286658679178e-01 5.650021458420666498e-01
7.218551442471552448e-01 6.773418585918067336e-01
6.883077931682898276e-01 6.875834989448624812e-01
4.839687019304663163e-01 4.485690968871995365e-01
6.060583911851968875e-01 4.295414658081549431e-01
6.861673211132388595e-01 7.695076566053229428e-01
5.404328187033123898e-01 5.916797025200940530e-01
8.702594059239450175e-01 8.906197101051966936e-01
5.535537081172458018e-01 4.983706702506546238e-01
5.225294234636884694e-01 4.520246207052177057e-01
5.722979317276798428e-01 4.725685012022261544e-01
5.962967130992323783e-01 5.807269036730432488e-01
6.555296994420817258e-01 6.535842457072981171e-01
4.308253104241515086e-01 4.895768126448676316e-01
1.014508677923493751e+00 1.009147303961915432e+00
8.426552807932411460e-01 8.539298685938946365e-01
6.401764006720332967e-01 6.561802125795567209e-01
5.395620835529882919e-01 5.534154772231821839e-01
5.401974870782554339e-01 5.830142159650225642e-01
9.397029757843270437e-01 1.010363451643958799e+00
5.256107375695063810e-01 5.433445114809677401e-01
8.487827074713684139e-01 7.349732760579134050e-01
5.125179516183941963e-01 5.392097270017310873e-01
8.717203550725107775e-01 8.094546316004529452e-01
7.088841711853959282e-01 6.171178500701988145e-01
4.924496777762575328e-01 5.254404940908973254e-01
5.885177353137291956e-01 5.966848919452214517e-01
5.733180093033904967e-01 5.827900508465884144e-01
6.387340554550765548e-01 5.802114335280740276e-01
8.780344057511900724e-01 7.905541396151981592e-01
6.659636913639280786e-01 6.947470071588469631e-01
3.355475229121536729e-01 4.500008346437139317e-01
7.228417769305365281e-01 7.021524577663141864e-01
5.875032616508178984e-01 5.008868137739762583e-01
7.156056719631730401e-01 6.189231786202989971e-01
3.816248313280960480e-01 4.704096001111552350e-01
4.813221798710905497e-01 4.664012192985989569e-01
3.565988168160217353e-01 5.036190759462555455e-01
5.206452649825551449e-01 6.092567258235029870e-01
7.089552524637209308e-01 5.234522763580246041e-01
5.336443134504815777e-01 5.379724234342031508e-01
2.762658131914080828e-01 2.598740645462924714e-01
9.011191871763574168e-01 9.024556588590469941e-01
7.739035520300244775e-01 7.640579111541571100e-01
5.206419660038346109e-01 5.435413539949291994e-01
5.099073815581627311e-01 5.766649408132757948e-01
6.958368637706685567e-01 7.309826633245209981e-01
5.398862850558263649e-01 5.266380084196988776e-01
5.431530013535679213e-01 4.801689362835381836e-01
5.199272771432730256e-01 5.119678372014817569e-01
4.329982577396687127e-01 4.231558507499161292e-01
7.219260843364653235e-01 7.473612885212409518e-01
6.506869657949664321e-01 5.966917527734537652e-01
5.104290672279202523e-01 5.625401231164587346e-01
1.946334269948315210e-01 3.419295782652763682e-01
5.774391105589100626e-01 6.390822921546133184e-01
3.619520813441122753e-01 4.316753676855015209e-01
6.253997463947145175e-01 6.183281430987994653e-01
6.320930354820761821e-01 7.664192176253059596e-01
5.621699974577970549e-01 5.381884212064257378e-01
9.800575468789133327e-01 1.029732684202609549e+00
6.546656129374532895e-01 6.541916985718467803e-01
4.565813957270504209e-01 4.688359895049652448e-01
5.883131769625644658e-01 4.677905998461803772e-01
7.750407052026632160e-01 7.479147947500756066e-01
5.079347837888363859e-01 5.159576219287151932e-01
7.373770898413278818e-01 7.021526323809617054e-01
5.952604059010536686e-01 5.645406243412977032e-01
4.741375756076717796e-01 4.843122510531066016e-01
7.386760193990622447e-01 7.736555233124342568e-01
4.882955981162358516e-01 5.135780619716172612e-01
6.164248496659311405e-01 6.786435180751898555e-01
4.477084754315628912e-01 4.312167340549782901e-01
5.574109735752394990e-01 4.778445524724205806e-01
7.188605662355356252e-01 6.787376593340430642e-01
5.301417788652001972e-01 3.908293224455999804e-01
4.091154792908401339e-01 3.539629327624523869e-01
6.506254376437343723e-01 6.663750344719976404e-01
5.462283935411074154e-01 6.075527570175978109e-01
7.549543171049620804e-01 6.755365132836069764e-01
5.457611288771744285e-01 6.114979091058510008e-01
6.800039789976796145e-01 6.246255901595380022e-01
6.054324696935026173e-01 5.780507804289071183e-01
4.626702611409742594e-01 4.498453885954276088e-01
3.827661466204937968e-01 4.688640858812306300e-01
6.894750961008205836e-01 7.230675039722204156e-01
8.375528656916265691e-01 8.412659116366746348e-01
5.604342613513492166e-01 5.503878244844769840e-01
7.053647202766987201e-01 7.262601568817806941e-01
4.519369882952603001e-01 3.620520173743795311e-01
3.667277037608945300e-01 3.942951645027341079e-01
5.208925424235305579e-01 5.740914122792496466e-01
6.008689351227304298e-01 5.396083202143703295e-01
3.760970853433861505e-01 3.832867761912277516e-01
5.958272485773858929e-01 5.885929991708909181e-01
6.232875859142943398e-01 7.647274436237205819e-01
5.919557143569287305e-01 5.485589613767831718e-01
5.446888248181169789e-01 5.274460775942300117e-01
6.457607497552769749e-01 6.627551390840152878e-01
7.135523457187612495e-01 7.416787923420190554e-01
5.988034206098320489e-01 5.782554215493391769e-01
4.187061682092408366e-01 3.288650070283661297e-01
4.734596211887562300e-01 4.403258915076218583e-01
5.892236363624235862e-01 6.124077687520498303e-01
2.893171089919341354e-01 3.372815580803239510e-01
5.094862698355007158e-01 6.504722426714635297e-01
5.165545293199792498e-01 5.649739225876001525e-01
7.075933614237712721e-01 6.503198299894168422e-01
7.923686202299879966e-01 7.635057299022589561e-01
7.902580536070974437e-01 7.070322839992485564e-01
3.267047717149537123e-01 3.604208269083584160e-01
4.732743015719278468e-01 4.027194525146317039e-01
4.843955327626680019e-01 4.045451348511946987e-01
6.447204058318120046e-01 6.082013837682646029e-01
5.159771771260782680e-01 4.303279602789591429e-01
6.670185001943749192e-01 5.624610800043854386e-01
4.366078466976168193e-01 4.730031871841760549e-01
8.732298952004939885e-01 9.642741762060322852e-01
3.997686012795089172e-01 3.260481129727723082e-01
8.325539385437096263e-01 7.386535574551637007e-01
5.861542312650234177e-01 7.230716820258797917e-01
4.248438735416140144e-01 5.229534865453773218e-01
6.077865773516879511e-01 5.342479736389296185e-01
8.350214273711988877e-01 7.757198207777245003e-01
4.586736983537007539e-01 4.845266781748750473e-01
2.733419531705192917e-01 2.541243426315550891e-01
4.243189732929482094e-01 4.755573418996241752e-01
5.838752730569506388e-01 5.511321220802177789e-01
5.754990109192935632e-01 5.379864747702994832e-01
7.425344699260670867e-01 7.242129729979119857e-01
4.839072413153511776e-01 5.162784179977129018e-01
5.293539972049670084e-01 4.984809069927000347e-01
4.767506646362869582e-01 5.337654173648744838e-01
6.402854715422339194e-01 7.217005087238033134e-01
6.353174575154447723e-01 6.245321692837426664e-01
7.266500094600557569e-01 6.334241963745391724e-01
7.221752066697613159e-01 6.841404117791176631e-01
6.160744490061703660e-01 6.340106276674769559e-01
5.228063322006730740e-01 5.685188317244771472e-01
6.724534351870865567e-01 5.873161197719498627e-01
3.752635875467540960e-01 3.171567541213777264e-01
7.064530459745723689e-01 7.408413191622549299e-01
6.380602892605621301e-01 6.751849357137523766e-01
6.920691918548053101e-01 7.417683941461205022e-01
4.343739708954504342e-01 4.065869830147583186e-01
5.513556012941933648e-01 6.574281520784677202e-01
3.889099274823289987e-01 4.507397040346815542e-01
6.432713425625691261e-01 6.174714715044968827e-01
5.797513693226729048e-01 5.042483626638168959e-01
5.506857058320214771e-01 5.863970985529817215e-01
7.072252913641066119e-01 8.417745439924790851e-01
8.087729759415756003e-01 7.695610825472436467e-01
6.591402253436687841e-01 6.904414246022695378e-01
8.378861034212469194e-01 8.160719717548458041e-01
3.923521711221162889e-01 3.528215759913548855e-01
5.803317110700678683e-01 6.380367202296852724e-01
4.600639118191116594e-01 5.863075488147322378e-01
7.397204413726845562e-01 6.134114309072769000e-01
5.280953466134780117e-01 5.440711911895691477e-01
5.527116268362322060e-01 5.220710568169579791e-01
4.867167912654582484e-01 3.646194551039405041e-01
5.597903714839128630e-01 6.051978820512818880e-01
5.536234188981330462e-01 5.075468608715021368e-01
6.296364064739947697e-01 6.719076786244677635e-01
5.785919393536482769e-01 4.390899752089664765e-01
7.284726975230569890e-01 7.256152713573843505e-01
4.935311752866889390e-01 5.456973793608769219e-01
5.573844269092578241e-01 5.333047076935695241e-01
5.707909694938242406e-01 5.978810786287040990e-01
7.661878763728027786e-02 5.057112605160760110e-02
7.237725933524075117e-01 7.251495697788075123e-01
5.998703999920348418e-01 5.754210459166889668e-01
8.558493030083509368e-01 9.051420470684612418e-01
4.621898807735104198e-01 4.545282577590468165e-01
5.942636459061323428e-01 7.412038080717597843e-01
6.957669879144172675e-01 8.172193609969413686e-01
4.136319803686105412e-01 5.042828831392561773e-01
5.165580693589666428e-01 5.498802496086645508e-01
6.574213470348602151e-01 7.325621088604068465e-01
6.676375181646306833e-01 7.548892905390521824e-01
6.989808334532773282e-01 8.770269408738097239e-01
6.267566495488364753e-01 6.232387349914093599e-01
5.120896862122634730e-01 5.259743254934636791e-01
3.610604397298929902e-01 2.864607424902185784e-01
7.587584719897622065e-01 7.146605085005734992e-01
2.665860636905879044e-01 2.395702497535367181e-01
5.037697077413413327e-01 4.731454606677981678e-01
6.916368317324218529e-01 6.049996049382649899e-01
5.937500950601015681e-01 5.254965384407210838e-01
5.408571029902702332e-01 6.554706929411091565e-01
5.549901032865662831e-01 6.274373639814976311e-01
4.951247885854831443e-01 5.467929140578363656e-01
7.487546630938695102e-01 7.215175941193141540e-01
4.826093601590470961e-01 5.251583504318591000e-01
5.331570784882918579e-01 4.549290747722049000e-01
6.458678201676525399e-01 7.099077592608203924e-01
5.004176641172326523e-01 4.560955531655601081e-01
9.401067753676773942e-01 9.298169160402735001e-01
4.933450873764623767e-01 6.889383038636780476e-01
5.848002845173002617e-01 6.140207885193574855e-01
7.677647416861057561e-01 6.679217470507883281e-01
5.019683653537784229e-01 5.886118803852314896e-01
7.050218861570727302e-01 6.998607509100289725e-01
6.430790094267360146e-01 6.367984881249602047e-01
7.564366135511024769e-01 7.610974457060406539e-01
9.177504699777578878e-01 9.432304432601965605e-01
3.831657945335602000e-01 4.227715952210885919e-01
5.174282810595580706e-01 5.238981096330623810e-01
8.687092341437738785e-01 7.197922333351427504e-01
6.703446849301709642e-01 7.259804958749215276e-01
4.884171532381401115e-01 4.851537044759824391e-01
5.407670470175220956e-01 4.891073411400235216e-01
6.121825028804257496e-01 6.066732981903675270e-01
8.268063752649829068e-01 9.266941338787911819e-01
6.940170397857984286e-01 6.749800262299768816e-01
6.341992843146408987e-01 6.114012532607591144e-01
3.609126864395212908e-01 2.636165395741942308e-01
8.314372665001618090e-01 7.132341782024728127e-01
5.732566587484851928e-01 4.846744243351434611e-01
4.060879769707355647e-01 4.141673936617620844e-01
6.472402032598071342e-01 6.845206698523004230e-01
4.004606244849038266e-01 4.437550369575403719e-01
7.138381234600776892e-01 6.797445271089648244e-01
8.019413139774838051e-01 7.885978564057138929e-01
5.855124860278801968e-01 6.002786993955844252e-01
8.333295545761328915e-01 6.514159086446732472e-01
9.294121703100244325e-01 9.169006862073181274e-01
5.687624949497243065e-01 5.337724109267749650e-01
5.887013136758656451e-01 6.056736857627400550e-01
3.842630556379741935e-01 3.416942899237622178e-01
4.236093781400907532e-01 3.612778598305397826e-01
4.922540457914317824e-01 4.990932345746870724e-01
6.434489208920083358e-01 7.461237211803285474e-01
7.971194652716857565e-01 7.523855351083643672e-01
5.517957776033212136e-01 4.968104881012960772e-01
7.207795295268260016e-01 7.662157980300132731e-01
8.734668264395611947e-01 8.506904087437733297e-01
6.488411692391350405e-01 6.818092163946264384e-01
5.751585160653357454e-01 6.403330575632967259e-01
7.310394850245327536e-01 7.856077179085567685e-01
4.384657704115603183e-01 6.251365545750192654e-01
5.067673992312656805e-01 6.758514611720448650e-01
4.723604109948582597e-01 5.237968201072726870e-01
7.717774261060954544e-01 7.382975473387871634e-01
7.122551963604387693e-01 6.636032645848694012e-01
4.340285428950161895e-01 4.467453071611233173e-01
6.061887581031579764e-01 6.707502541230287996e-01
8.196967499795217993e-01 7.652062518533433444e-01
5.045780435820758081e-01 5.148238749154349092e-01
4.837278712498868094e-01 5.041764376894900535e-01
7.197761507636597500e-01 6.758905365894845030e-01
5.671572385223043744e-01 4.830740203582769565e-01
6.323494405488415682e-01 5.916277614898043380e-01
5.389337484631697706e-01 5.602554104542734059e-01
7.733156579518255525e-01 7.800946014934849737e-01
3.321993004501166968e-01 3.389188485589671451e-01
6.750653998503459707e-01 7.101495330437028741e-01
5.459126377848466660e-01 6.135612100157070703e-01
7.471269082132738770e-01 6.958063319917897616e-01
3.776233855636758063e-01 5.353453366275915393e-01
8.732047034468432001e-01 9.338259541406755959e-01
5.981956820204690217e-01 5.570727395684380578e-01
7.036912165996899171e-01 6.235300717286077488e-01
4.739305931647016523e-01 4.687359720843616850e-01
8.165275530294395789e-01 8.321363957623186813e-01
4.334831514490684601e-01 3.488905913068570674e-01
6.455118831096301468e-01 5.602708455083912353e-01
7.083934170807079100e-01 6.405928829573616090e-01
4.064714519819150329e-01 3.295630350236848916e-01
5.448117736710754722e-01 5.643771052988683090e-01
5.971618869368340299e-01 6.390988424533479151e-01
3.701560006170284134e-01 4.065153598735818385e-01
9.918221915371602249e-01 1.087787226073760882e+00
7.678799175954695855e-01 7.008080908146443466e-01
6.500386980851396990e-01 7.095271361644354124e-01
5.140804519319195354e-01 3.994105705287021579e-01
4.653982393939687379e-01 5.211761560905073809e-01
3.377656290217126434e-01 4.330630281503853873e-01
6.830435646674234418e-01 6.682483367326489399e-01
3.049291943385020187e-01 2.646951910302852151e-01
3.887704328322090230e-01 4.134297699927702574e-01
7.230142813821771597e-01 7.378900135504105062e-01
5.824823903609395170e-01 6.175081845132910363e-01
6.645457454553581611e-01 7.435102057042733970e-01
7.762952733959687102e-01 8.313108962688393611e-01
4.182119977643712905e-01 4.658346899343651093e-01
6.248799877045392304e-01 6.318413079991094250e-01
7.702953723398252572e-01 7.946816824859962436e-01
6.354595707672422433e-01 5.999941037979171776e-01
7.548514810094640870e-01 8.059984760547332927e-01
6.241838347117362185e-01 5.722297482715051897e-01
9.199015889872742546e-01 7.893550061521289463e-01
5.394697995463645368e-01 5.787377257992362134e-01
4.499844311527405605e-01 4.588644482302026706e-01
7.480303499598841555e-01 7.212306367776373239e-01
4.133062728441179723e-01 4.854391751097796859e-01
6.789295187326076508e-01 7.501260925922539347e-01
7.312203562200073614e-01 6.689507072603219084e-01
7.651963648552939645e-01 6.585994372078876058e-01
6.108325893376830296e-01 7.027534669106795251e-01
7.201884595807929168e-01 7.383772868512562537e-01
6.548353005962612716e-01 6.426763977037033282e-01
3.489132102942478775e-01 4.716037248616964939e-01
4.729962078388495472e-01 5.090137923171694778e-01
7.932224856096824483e-01 7.712975149256841023e-01
7.176805848789959974e-01 8.593852295884099046e-01
5.585620236312786036e-01 5.732672649778073337e-01
4.385123025313392153e-01 4.216974496491870950e-01
5.131937756166982112e-01 6.602170435694685313e-01
6.871306455263779256e-01 7.676290108109493637e-01
4.229902507173044501e-01 3.527819704710223325e-01
5.995971909006162504e-01 5.639686614272211296e-01
5.240270159066393596e-01 5.378943370973099380e-01
8.548596150199635479e-01 8.554777972810038156e-01
6.591168766674327939e-01 6.478904524826437639e-01
4.004494125505321245e-01 3.891709478662008781e-01
2.315089291148103023e-01 2.647028449008184126e-01
8.979143965852015574e-01 9.411172032743123639e-01
3.203659798878318310e-01 3.109500761462947183e-01
6.338109716085637002e-01 6.919116960655126158e-01
6.392164269098150609e-01 6.158391735454145088e-01
6.621157371734758268e-01 6.997959612891191394e-01
3.154935531666334669e-01 3.520102006774100123e-01
6.183354229547085579e-01 6.692386002499105535e-01
5.800522922700440676e-01 6.155184375786831863e-01
5.168774695887270454e-01 5.452424974705141203e-01
5.989459171211388711e-01 5.999531744770651986e-01
6.235790276413596400e-01 6.079227589653869446e-01
8.477099923165467565e-01 8.043649268499466487e-01
5.990407797744763396e-01 5.390687096256803201e-01
4.454023874517144543e-01 4.253834840219081759e-01
5.584153775896024685e-01 5.201829674828316596e-01
4.666732552121085065e-01 4.416491606890132204e-01
6.635323540407911391e-01 6.387012993852461129e-01
6.985176178045334749e-01 7.240670931282496836e-01
7.916503086480499718e-01 7.120172332824550310e-01
5.609225116485597740e-01 6.314184949708937511e-01
7.894947140348151926e-01 7.348194630744644407e-01
5.793217963283020522e-01 4.769481455735630759e-01
3.624005264338857613e-01 3.695909548881430862e-01
7.051912813213468967e-01 6.786917620732993983e-01
5.646279021600398851e-01 6.341333581353024718e-01
4.885287832366549399e-01 4.881246002496146819e-01
7.707026112775099413e-01 8.343296378760207688e-01
6.400692323977299480e-01 6.702850843593941566e-01
4.866906647888776805e-01 4.341644029136876304e-01
7.263548259514470695e-01 7.271170782456560788e-01
6.583437727377914328e-01 6.658743220100700189e-01
6.240019156640596032e-01 6.267890162978938529e-01
5.981778027338067183e-01 6.606312033249159832e-01
7.043882800667172761e-01 6.237291321578309899e-01
9.528772842486479266e-01 9.414227885368695592e-01
6.131893655163328516e-01 5.434148798022403470e-01
6.928022537029021599e-01 5.586583046055857427e-01
5.072463874562629371e-01 3.969791329717735073e-01
7.254246945591328322e-01 7.705993862387313653e-01
6.328279955174217486e-01 6.151296346959879147e-01
7.154556613397907716e-01 6.298726949381211471e-01
7.591894341116915967e-01 7.402580417365254295e-01
6.703323761024371219e-01 7.724917862250377798e-01
3.791743312960786927e-01 4.482418641483082444e-01
6.202651375882022311e-01 6.040730417375033134e-01
8.194172273947637475e-01 6.671688510231423841e-01
6.195291429023461749e-01 7.255802739802503787e-01
5.990871805034226893e-01 6.542453293408353465e-01
4.412061878159980743e-01 6.020713564309494448e-01
5.880059312386433090e-01 5.229460566393554499e-01
6.672958202876941858e-01 7.091239634213790666e-01
5.288928786772806312e-01 5.052601693874640976e-01
6.549167232723689391e-01 7.341804357051331387e-01
6.815461836415377395e-01 4.926164451406596090e-01
8.234326601613537466e-01 9.380223144134469671e-01
7.277417664384215890e-01 5.688796587106319524e-01
6.150201454786283772e-01 6.288400733361663164e-01
8.533002132929047301e-01 9.153738562356544817e-01
4.664400636358603802e-01 5.191154555976632556e-01
6.076011763308895031e-01 5.600236273602632320e-01
7.508184775951135537e-01 8.044650079081921978e-01
6.393782764385089745e-01 6.318761847805332010e-01
3.747435897579857178e-01 3.972337498600747585e-01
5.091597479414007310e-01 5.070464737291828783e-01
6.359546664051122233e-01 5.867024186793742269e-01
4.737159064307098766e-01 5.440989283953084898e-01
8.929887257837157977e-01 7.161400066950994736e-01
4.710617180116342118e-01 4.182932602342628314e-01
5.504911906865561644e-01 5.328043192457521116e-01
3.969267672130100122e-01 5.095631485215637024e-01
7.689416916909922461e-01 6.312992312072357448e-01
7.677932541293313040e-01 7.533787161258436171e-01
6.748033385944117724e-01 5.599382694762232715e-01
3.511294001431142231e-01 2.667405383796119800e-01
5.939086587284625463e-01 4.992494862434873060e-01
5.982202515462635706e-01 7.294754124722651056e-01
2.086120003047143290e-01 1.710004840399333981e-01
5.882597489576092409e-01 4.939586437112685746e-01
7.890555810009672877e-01 7.871042028232201337e-01
6.609078646423178771e-01 6.176342350009036419e-01
7.122496079476504649e-01 8.585496678252263481e-01
8.193743244444078311e-01 5.914235217927326094e-01
7.975067449606556558e-01 7.993425888108265376e-01
5.397174221268431493e-01 6.363855836627699825e-01
4.477136827284752818e-01 5.147871797930357873e-01
6.933818725996644394e-01 6.682068887130280244e-01
5.008766825704178416e-01 4.927907573815977771e-01
7.260585514964101872e-01 6.982434449280137123e-01
7.054314825006248180e-01 7.226158656688660420e-01
5.519295680275824179e-01 6.444681911027481114e-01
7.119253794990245687e-01 7.870412871281500244e-01
7.451333052028511483e-01 6.752165480614399362e-01
6.540399280011952587e-01 6.599641409659156022e-01
7.639751384067866580e-01 8.069325549141085352e-01
6.336346702746579185e-01 6.398926567374191299e-01
3.264188729318871496e-01 3.535108642879524754e-01
5.364762720834136411e-01 4.478880135780267113e-01
8.246083591981044902e-01 7.962132731482024495e-01
4.705724196056161324e-01 5.576527343718310492e-01
4.353180343805933550e-01 5.784224658662500129e-01
5.728735384121713681e-01 5.282263083518626834e-01
7.183611945657961684e-01 5.958165383005720184e-01
6.917044988410581130e-01 6.741868069444210132e-01
5.205411248005041847e-01 5.432458967004208938e-01
6.891931965952604600e-01 4.833458811884170925e-01
7.894257846943127932e-01 7.205189866730760118e-01
5.481119913236078833e-01 4.121157435071511332e-01
6.131673205374571500e-01 6.413673241848837359e-01
6.058993553470770621e-01 6.161394677747791260e-01
5.958096571402657915e-01 5.365167263819556887e-01
8.413684357726352037e-01 7.786317123561572462e-01
5.417328757725590194e-01 5.594875088749626801e-01
6.323675709356101349e-01 6.205248815411169572e-01
5.792095647906626565e-01 6.318669745262269766e-01
6.657581602369752050e-01 7.341749632534771974e-01
5.408755838302535812e-01 5.762309966847157794e-01
4.063897792824142097e-01 5.517845326812990114e-01
6.612637386775407355e-01 6.831724853159207855e-01
2.263546842568942563e-01 2.814607165467856720e-01
5.055250645247927332e-01 3.917305499476708697e-01
6.086528039808398738e-01 6.069293168012748207e-01
7.488342221309082225e-01 6.407809432795016358e-01
7.761308924991755509e-01 8.329723070115361283e-01
4.244406461948380671e-01 4.852215350661576720e-01
4.743485373962506024e-01 4.958362631866676251e-01
5.920325073530011695e-01 6.880967298626273765e-01
3.019252726961894617e-01 3.883072910770039576e-01
5.587270675557365340e-01 4.739087890804805081e-01
6.333985153391396006e-01 5.227719476193409820e-01
6.988433174071760901e-01 5.904922479925788226e-01
7.801122435528535792e-01 7.379143494617492749e-01
4.990037043313529930e-01 5.645734505828531313e-01
5.759430569235864938e-01 5.405844045989068869e-01
6.418588742777148193e-01 6.069711764167070589e-01
4.662752013428558828e-01 4.614458424874637310e-01
5.784732636436636932e-01 5.247362098402738040e-01
4.363657781692334425e-01 3.884744397826077056e-01
7.621237674126936090e-01 7.565666639535825189e-01
5.352602335551837065e-01 5.031561832028204062e-01
6.287501807944488874e-01 6.275168689147760936e-01
3.087456575818725568e-01 4.885453424393622068e-01
4.051413504642323304e-01 4.667302373711543217e-01
3.268044588095260217e-01 2.456894149651573656e-01
8.076208987563620045e-01 8.945692044150401756e-01
4.588044578746853230e-01 3.942938402579701518e-01
6.202390783503098914e-01 6.021944729937199758e-01
6.140542021829289432e-01 6.058960744007235721e-01
5.226542591758482903e-01 5.356622056750075522e-01
6.714155201072349310e-01 6.254452414823039597e-01
5.226392602890552741e-01 4.481313771807270419e-01
6.076452730145764924e-01 4.560850350697406852e-01
5.974218992450601728e-01 6.222817247528269480e-01
5.580172582846966156e-01 4.943343478227478771e-01
6.698691873599392776e-01 6.672582047541576467e-01
5.715346108494523403e-01 6.468027125301953895e-01
8.274943882141316820e-01 7.734411342198788120e-01
8.701075738496827361e-01 8.745296043173801381e-01
5.517642654674266289e-01 5.749344935716844684e-01
5.479642413405370061e-01 5.414488804796380172e-01
4.722114423488721346e-01 5.126616366718731443e-01
6.446745629906557307e-01 7.192105124518218817e-01
3.542856810072933516e-01 4.140820831483455478e-01
6.662759018820245682e-01 7.082307904838154311e-01
6.168520353979473070e-01 7.088661731718625125e-01
3.695526073302327630e-01 4.144028458140835980e-01
6.402157181442595935e-01 6.693680460971831447e-01
4.683786772386178132e-01 4.635826759955991028e-01
6.838167720154926243e-01 6.399342105202481257e-01
7.182184820808588110e-01 6.886099435282857506e-01
5.836417693681921204e-01 5.244413736283133343e-01
4.869018347492746757e-01 4.867006248347569008e-01
5.757068920887487007e-01 5.604220390410710184e-01
5.950894608354527771e-01 6.512247335859880915e-01
8.378177572344684965e-01 6.812700007342751274e-01
3.952102585439241089e-01 3.086022308460935060e-01
6.022275073240659360e-01 6.718366394400203667e-01
4.821411864490200982e-01 4.701692114000893263e-01
5.970569328210529880e-01 5.416137906566623750e-01
3.466607799672379309e-01 2.671856773657331208e-01
2.495765559860436411e-01 1.902519513073395452e-01
5.772427327816181952e-01 5.343650039674990859e-01
7.870992195384435286e-01 7.341715082124536940e-01
7.397649747727778058e-01 6.906400580780237553e-01
5.032500462161672017e-01 4.533802633721175090e-01
3.953287423822163804e-01 4.335766424537298436e-01
2.496038986311444330e-01 3.738081094442514685e-01
5.304222075247059243e-01 3.912534493651826928e-01
4.234406841489521400e-01 4.478278887471375813e-01
4.427973852320237214e-01 4.452886712024434201e-01
7.742854229815027134e-01 6.746104642275930763e-01
6.187894440043413269e-01 5.585446658570714096e-01
4.874207279535539561e-01 4.818886998674644095e-01
4.753389458541579793e-01 5.282462800474412301e-01
7.594318662716244006e-01 7.593177398187618277e-01
6.105073134383225408e-01 6.449692691135335831e-01
7.367520439581624059e-01 6.590251045913234629e-01
7.904636172848458209e-01 9.993025069915453251e-01
6.625957960347842457e-01 5.848244848818516806e-01
5.975350970919368621e-01 7.023424844770325137e-01
7.886467429920698269e-01 8.128689598367289104e-01
4.468101399465368440e-01 5.529263822893958347e-01
2.829202300146791971e-01 2.954156520109150752e-01
3.041143547969004102e-01 3.254363091881595782e-01
7.241842185852057634e-01 7.349992044893555176e-01
3.797681932029179364e-01 4.272691834169192737e-01
6.417072621492656559e-01 6.392070890695924490e-01
4.280117590039256292e-01 4.675356167937196883e-01
8.026737481977403998e-01 7.573072166254091186e-01
3.783231659161261362e-01 4.987823466312524268e-01
5.976178035029044988e-01 4.826966093653000112e-01
6.742738303505884101e-01 6.767820803654926998e-01
5.606959076417118437e-01 4.765967318138236708e-01
2.808056113626730688e-01 2.767468248044668289e-01
4.997724932421305777e-01 5.283130349739828535e-01
4.742270503378996360e-01 5.124128317843148483e-01
7.987241603364871878e-01 6.986326905756203853e-01
7.441272956500837310e-01 7.938368499430288328e-01
6.589326108530250137e-01 6.599912314007142511e-01
5.630434798777290695e-01 4.805361352083641346e-01
7.600838467521259245e-01 7.223792329403772028e-01
5.445401479852829407e-01 5.284462974022314796e-01
5.668293881227296493e-01 4.805997034554304603e-01
6.168321221547444777e-01 5.690518897489572625e-01
9.650597604905783999e-01 9.600611969833501291e-01
6.033547623687190997e-01 5.919519375743792500e-01
8.360688812056394914e-01 7.855163743100205265e-01
