7.260927835197635849e-01 6.991594040180392211e-01
5.756635467059446620e-01 6.650303404436049837e-01
3.500833840028962918e-01 4.488834294857975138e-01
6.913884777053922459e-01 7.691403135162511173e-01
7.248607916619027591e-01 5.603912890016553572e-01
3.680455839456260869e-01 4.307451281519132924e-01
5.532066485798391442e-01 5.695969242596042870e-01
6.595338840533718772e-01 6.643485566702828082e-01
6.205946714320575985e-01 5.593474483771643246e-01
7.452335427140612811e-01 7.223354031977446965e-01
5.390872380030765632e-01 5.709474301709630550e-01
6.812537793914545947e-01 6.944153972427224986e-01
5.733486592993921604e-01 5.032279313008745092e-01
3.714462377907555846e-01 2.870060905792390926e-01
6.941032593025393549e-01 6.725709432144160171e-01
8.570138525622069681e-01 8.141263808928375090e-01
7.619646573769952580e-01 7.663476241399188593e-01
5.310901164177642686e-01 6.257358506058469105e-01
7.246596200632557938e-01 7.861667036275545861e-01
6.268816840840373272e-01 6.241474751938563825e-01
6.021997730498056534e-01 6.190864239669640057e-01
6.716911172079692571e-01 6.300189054959067780e-01
6.113298416393500023e-01 6.970920543994447716e-01
7.191713610787403566e-01 6.248680738273318935e-01
5.720142980821081302e-01 4.093456392750168260e-01
4.631612509557325730e-01 4.693165441590704257e-01
6.405846201099584247e-01 7.427750533537137434e-01
6.986384939589431742e-01 6.991140540965765648e-01
6.138355400571405829e-01 6.320669168529121640e-01
5.243122329491840539e-01 5.270056700887002510e-01
8.027613019604413758e-01 8.699512616335303150e-01
4.406053098531452217e-01 5.461845067887185490e-01
5.650251702964635969e-01 5.404302175095229144e-01
4.655088397588962312e-01 4.225804733020687154e-01
6.755049886880112320e-01 7.086557190742429624e-01
6.548788163042048582e-01 7.844575737507085700e-01
5.944466396833771871e-01 5.444220794878174008e-01
6.926978749748562425e-01 7.198162743196643287e-01
3.117680833944233565e-01 3.997927717996054287e-01
7.316330908657650012e-01 7.071701808273337386e-01
8.380153702734389753e-01 7.403384769433545287e-01
4.681489719333054578e-01 4.899140474741360829e-01
5.750072576444887895e-01 5.739228418738003823e-01
8.731044805053223001e-01 8.940821265734171241e-01
7.174421187950983381e-01 7.285328262813508537e-01
3.682422020617784897e-01 4.283213367813887285e-01
3.103793616991193383e-01 3.651615744710016709e-01
4.214488350923318860e-01 4.541655766038782405e-01
4.395551740213844427e-01 5.049366535240980003e-01
4.895026481123312956e-01 4.973470826785996723e-01
5.175658036245355254e-01 5.017109153247590880e-01
5.198180793966161728e-01 4.168172323716403671e-01
6.970213754762593084e-01 6.960449235933070522e-01
6.058007853009977906e-01 5.986282639099550495e-01
5.651491839407108975e-01 5.987777329476390298e-01
6.120075823336107446e-01 5.904971805317752453e-01
6.973518870102025646e-01 6.995840266617340264e-01
4.712059887862592444e-01 4.639948295018093138e-01
5.788175534019642798e-01 5.276190311459617588e-01
6.540341454326912274e-01 5.102793315137144070e-01
5.763391906018582311e-01 5.011196682358509680e-01
5.772379664910742836e-01 7.177967295065117437e-01
7.512174045319804927e-01 7.874333501362199561e-01
4.380568054353099483e-01 5.730519043359594278e-01
5.163628852635160360e-01 5.907174383001676521e-01
5.126230880762625564e-01 6.143183679326060798e-01
4.476659073354429808e-01 3.807533186633415001e-01
5.843891460216538158e-01 5.342101089446723572e-01
7.268886362951321178e-01 6.418608707568391747e-01
8.499418452610507657e-01 9.591375350597215466e-01
5.196174956254033805e-01 4.859403158697241376e-01
6.737806717580624438e-01 7.441689029279713319e-01
6.577331589343049512e-01 5.465482574872784216e-01
5.929644734916805771e-01 5.908220641903361159e-01
6.685456643866822812e-01 4.926475203388140933e-01
6.615998628143227034e-01 6.429651269427905103e-01
4.520391576102703590e-01 5.437844349725915460e-01
5.145382387833637994e-01 4.940819385974472566e-01
4.952159000207143058e-01 4.548184066220751220e-01
1.016710787345952438e+00 1.093851031809085272e+00
5.940793060437716822e-01 7.160193671804999660e-01
1.488183567910828509e-01 1.303342482942801972e-01
2.247700879548231168e-01 1.003276920536722572e-01
6.195757669957021596e-01 7.542363948578524324e-01
6.799561881291709131e-01 5.852451892074173045e-01
6.907285389362974870e-01 6.983246042850220769e-01
6.225132596849064504e-01 7.370083222269919743e-01
4.134379043489802563e-01 4.957582804550583755e-01
6.609525497526184123e-01 7.623977624413084131e-01
6.556673230668051966e-01 7.007402290931513678e-01
5.924775052219606319e-01 5.588848831237682724e-01
5.637382423930242803e-01 6.023804730404770380e-01
8.939628423399862411e-01 8.556245109662589110e-01
6.166087232886648950e-01 6.594452400428748584e-01
6.376516661457639623e-01 6.723484913425220588e-01
3.725041011289311754e-01 3.122890947424509234e-01
7.696486950487924084e-01 7.619723316611601849e-01
4.081226809482741413e-01 4.401503274277228095e-01
6.275052588998248915e-01 5.829818127535293382e-01
5.290192056487794670e-01 4.942871002042318884e-01
7.227553449168968580e-01 7.012991249526303594e-01
3.311563042606686658e-01 3.321789254907123734e-01
4.394440918449478151e-01 4.220058161942366048e-01
8.647654341106557618e-01 7.983933671274067168e-01
6.122949301334699168e-01 5.622402892743225689e-01
5.718459276774442435e-01 6.274121636631649901e-01
6.480342665236856758e-01 6.127837071154956794e-01
7.703602336023954722e-01 7.717024683360237391e-01
7.499024535064431340e-01 7.486145713470668817e-01
8.639165279417898580e-01 8.495945427506762515e-01
5.606392340375817573e-01 7.153971528897312693e-01
6.327643972391198135e-01 4.944428022824146618e-01
6.615612179732698328e-01 6.109441967430065956e-01
4.374368156377788086e-01 3.717097370329238704e-01
5.335228268673420926e-01 4.949106045322296810e-01
5.262587605578787908e-01 5.901505147108403460e-01
3.943866688375063934e-01 3.750254465030341544e-01
7.393572831106925980e-01 9.004348361833639514e-01
5.578936796629766492e-01 5.747869862691973308e-01
5.288322866173370551e-01 4.958765606815944138e-01
4.205935062356518928e-01 4.788721513452172673e-01
3.116735993856749598e-01 3.234148855045014814e-01
4.511742121249804893e-01 4.334700548968569156e-01
1.078561583970739424e+00 1.013068843319163026e+00
8.469653222885246135e-01 9.977504778604319169e-01
5.869643976753066150e-01 5.762371093817809653e-01
5.834745451072769207e-01 5.977659698923545317e-01
7.343325382918910460e-01 7.123214375761501849e-01
7.857899033696029711e-01 6.936123587886546815e-01
7.442460907788613911e-01 7.621207444870211623e-01
6.713400836345772005e-01 5.879250501066338730e-01
6.429097888969610430e-01 6.023479362650356883e-01
6.830634076140216226e-01 5.743327172484120613e-01
8.788231432844892943e-01 8.149967486966362973e-01
4.926248851635131598e-01 4.965189101076211142e-01
7.794395269171043861e-01 7.417848985706156917e-01
4.926452419524348647e-01 5.122181640845765438e-01
3.410348748621794268e-01 3.278592512396019121e-01
5.629609217497220097e-01 6.121793784321205578e-01
8.903694589969005646e-01 9.132148326765668900e-01
4.372047257571275991e-01 4.540887927977699801e-01
4.067177480204794970e-01 4.335327983799161511e-01
6.596074469692118081e-01 6.248544482573991088e-01
4.138002420556603500e-01 5.491059247795249121e-01
7.685580183940965426e-01 8.074844635427189665e-01
3.600684564213928462e-01 4.387849794976830253e-01
8.409474089250926765e-01 7.640817446668827229e-01
4.129945390681814543e-01 4.019575442456291836e-01
6.275221691168469951e-01 6.348676018359052931e-01
5.111673923460954283e-01 3.951392071640750236e-01
7.397091855931100524e-01 8.727184075718564804e-01
7.705521479801479279e-01 7.788669353451685984e-01
7.917517125948478895e-01 7.961393614622014336e-01
9.617468443986554316e-01 9.663962038849882585e-01
5.202292988746733959e-01 4.746906268698986020e-01
5.570699370322160782e-01 5.640814202808523969e-01
4.536188717186149244e-01 4.718029631918144728e-01
6.866754854491808890e-01 4.985530959786302896e-01
7.251433651153873505e-01 7.246669154255267475e-01
4.334048569812217200e-01 4.354899158037969786e-01
3.155512258561524175e-01 3.891670459727794573e-01
8.901452161994829471e-01 8.667445431031586267e-01
3.515748686271434331e-01 3.627539971355082105e-01
6.294212411269840546e-01 6.469424720770261539e-01
6.599887017202246131e-01 6.525458171809432883e-01
4.798405980341522437e-01 5.551961519823205293e-01
7.485111462528266646e-01 7.291919768096675192e-01
6.219286452442062130e-01 5.728296804945608445e-01
6.352777961957030151e-01 6.098962700591792352e-01
5.543231794417589064e-01 4.714614517877502853e-01
5.045709565472619174e-01 5.616820992722789674e-01
8.524238363527338880e-01 7.942697215369358688e-01
6.928707326687005841e-01 7.247457980434043323e-01
6.318810784857877838e-01 5.821658500664388391e-01
5.781676420779024994e-01 6.381272881643536010e-01
4.956367477000719890e-01 4.640778278616258246e-01
5.673916841522901322e-01 5.775923209057571839e-01
3.709882806539128164e-01 4.588648982898396178e-01
6.401040925053981256e-01 6.826339011521386224e-01
6.289224822454261288e-01 5.774363644457377598e-01
8.222978065885691024e-01 7.743421064939648435e-01
5.485785723108883571e-01 5.377306906266478004e-01
6.729871086106260503e-01 5.066711217058099681e-01
2.857488096785117948e-01 3.052015545994538614e-01
6.331621819820032471e-01 5.905994521421178423e-01
9.199854114087289148e-01 8.396269859691449788e-01
9.282088558691741209e-01 9.175223371822653906e-01
4.113204721424135735e-01 2.543292384359357450e-01
5.785936951560379793e-01 6.077468874314602143e-01
7.272022452801250036e-01 7.123598682620662093e-01
4.315490887513467877e-01 3.858254580820636992e-01
6.303525580841212728e-01 7.043484270428784777e-01
2.686574573023230439e-01 2.000952488825240017e-01
4.765797440431010501e-01 4.801867535755806604e-01
5.633781148221013169e-01 5.716979102667811841e-01
6.937656167104699900e-01 8.563655224824702206e-01
8.522011364550448054e-01 8.101010546544304969e-01
8.726163632777440560e-01 6.953997459938009440e-01
3.686528996619196641e-01 4.185029777686924413e-01
7.409756304730833465e-01 7.368554705045645692e-01
7.168282632719338299e-01 6.739450080824282985e-01
3.434132004537089888e-01 4.392915020485064770e-01
6.449756670257014157e-01 7.667548939002593045e-01
5.199197311777306041e-01 6.202310277904896640e-01
4.542338073260187015e-01 3.606921116427772578e-01
7.511020611187657625e-01 6.799409735855570514e-01
6.404474044216139639e-01 7.176229026115692466e-01
5.256187687876899828e-01 5.497931145669175956e-01
4.618635954958759116e-01 5.581395142483831506e-01
6.939739097905999188e-01 6.620318713516375464e-01
7.118755389040943848e-01 5.554845055120117836e-01
5.755353710052184546e-01 6.404710386108625197e-01
6.090066534513683960e-01 6.747493793998705636e-01
5.887143489942715524e-01 5.825646410082575555e-01
7.016663817937868197e-01 7.884390297390445612e-01
4.072735540822676192e-01 5.609011818889004797e-01
5.105298617316210708e-01 4.984595592427206734e-01
5.525574549612309871e-01 6.126472723464363446e-01
3.470650073210487796e-01 3.253861014067249147e-01
6.861045791308484354e-01 6.838079859863055443e-01
6.760105043641125855e-01 6.138586783369676114e-01
3.801844553258325599e-01 4.140603414210389799e-01
5.125567924416827292e-01 5.390617313299745916e-01
6.047324750574966101e-01 6.354857286163778651e-01
5.721615905718481221e-01 6.038438949668422095e-01
5.595639817092661339e-01 5.106255152858285573e-01
6.073635555299876643e-01 5.586337630816127220e-01
7.904670220742402442e-01 7.192130467767747781e-01
4.877261166372848233e-01 5.958461979295903710e-01
4.483025621975997854e-01 3.888382604620604921e-01
6.464296894796492943e-01 7.911860131978838417e-01
5.018005676808747761e-01 4.568927501909475497e-01
5.811443435066678820e-01 4.904048791990991418e-01
4.782580987224805957e-01 4.462381550002180175e-01
6.554994609017500418e-01 6.432780343209795193e-01
9.783164940201573012e-01 9.090065327277504492e-01
7.137576497888240556e-01 7.138116306255946064e-01
7.018664163675375489e-01 7.482740657363325942e-01
9.190090589810181454e-01 7.768853305568247380e-01
5.991653811520492035e-01 5.052657790544023975e-01
7.876405204070382471e-01 7.991813896971637909e-01
4.906581695928661224e-01 6.464541013673440473e-01
8.629726717245270740e-01 9.416287856389186084e-01
4.746744289618829993e-01 5.612798568494521412e-01
7.572045062240654323e-01 6.697283373459527178e-01
5.130822686903645513e-01 5.697170546804722902e-01
6.905442479645641507e-01 6.350770765974372845e-01
4.910557474066116757e-01 3.954716109848822048e-01
3.945053493803795663e-01 3.620887571377480740e-01
7.581146622245575895e-01 7.468534735606167096e-01
5.863980002749744624e-01 6.828243968568614708e-01
5.610970404080860563e-01 6.363893860904209498e-01
6.738948032842843050e-01 6.363232105402242267e-01
7.257807976200789657e-01 7.140825435867454996e-01
1.222843255553423686e-01 1.156680071503374402e-01
6.905687772783200007e-01 6.982308668997836421e-01
2.969193481151419789e-01 3.042440975045784812e-01
6.701493366266197960e-01 6.997910361494958931e-01
4.954407642104236009e-01 5.111286616414675299e-01
3.038388704836095244e-01 2.633724507792498115e-01
5.890548576489808008e-01 5.212558387467188803e-01
6.667589892895328108e-01 5.568881274053844033e-01
6.838576129328511888e-01 8.520553029050857985e-01
4.101076806058913671e-01 2.659164030303860504e-01
5.680949244913767737e-01 4.096095585479772039e-01
5.842980474478961517e-01 5.966730288939582350e-01
4.421984558202686766e-01 4.560261792257916391e-01
6.449677213676208165e-01 6.413452691310033149e-01
3.847610712319335935e-01 4.859342736013263497e-01
8.428460561534250051e-01 8.144069834746876513e-01
5.253673102527104399e-01 4.917622071713114162e-01
4.819993710716590218e-01 4.586940706429265546e-01
5.906269823368059946e-01 5.755763855463040812e-01
5.808803810580788207e-01 7.237659442783680452e-01
4.378949241774753309e-01 5.346088047255046494e-01
6.434478758820465494e-01 5.179651381246017650e-01
5.914473783082776492e-01 6.096772738602309616e-01
4.291612166300908249e-01 3.593376764682147395e-01
3.505079435056220327e-01 3.355020931206997292e-01
4.326890239297092045e-01 5.020225624892842298e-01
7.552737589206929281e-01 9.202726920919349629e-01
4.731093892481715302e-01 5.636513789423504006e-01
7.306976001449105862e-01 7.384829154850742761e-01
6.350735586903158980e-01 6.691968152946393689e-01
5.931730735175859692e-01 5.657514290029330706e-01
7.631306147723366795e-01 8.193615701688869990e-01
5.477724903648010235e-01 5.912189406366693545e-01
8.006704981396672860e-01 8.067669853856342943e-01
8.443317376366903382e-01 8.909824178344283307e-01
6.417470463463786912e-01 5.979854448711016124e-01
7.196398681535265407e-01 6.626422621969736415e-01
5.922187536447278688e-01 4.993632643947634175e-01
3.480906851407632452e-01 4.278447780652648857e-01
4.174798679755216679e-01 4.987102081192503200e-01
6.488535120344619544e-01 6.580246123035099481e-01
6.188574226483485319e-01 5.491166213309364164e-01
5.941653827576157676e-01 4.989315912153989285e-01
5.365714536924645062e-01 5.387278940517085113e-01
6.859622223450888567e-01 6.943157299975860619e-01
8.439784429743810712e-01 8.567010468313183136e-01
4.753760615333116890e-01 6.646197295008057226e-01
6.104066650966104568e-01 5.309302971080165356e-01
7.093345631257452766e-01 7.096723112657752353e-01
5.523765236946640567e-01 5.041997039869032804e-01
6.479816964447016048e-01 6.266164647484371297e-01
5.027802065609150439e-01 4.743691950129621526e-01
6.755134332704443301e-01 8.069347573037316534e-01
7.671878459114302995e-01 7.504337232093964971e-01
9.345767491258862858e-01 9.073764550147320751e-01
7.487273484253281763e-01 7.179649504152486594e-01
6.440803676102287989e-01 6.943742540017473486e-01
4.638295602891777669e-01 5.404737940433181898e-01
5.405735086093865771e-01 4.841927975856590294e-01
4.644655119282147804e-01 3.987040539438800324e-01
9.332297692267268463e-01 9.435500281706559189e-01
8.523440666386945530e-01 8.202941085186827852e-01
7.389083919215899687e-01 7.703755405082326480e-01
4.557554166649384064e-01 4.387748107575502599e-01
7.665753996739133047e-01 8.130043628561434144e-01
4.358574925167635894e-01 4.652375641951225771e-01
7.836007271548749431e-01 8.117893858708836730e-01
5.414722194690382295e-01 6.012159078476955187e-01
5.234096913446304455e-01 5.321032077876162170e-01
5.958298767629852666e-01 5.440790156591182036e-01
7.388457630813657362e-01 6.846786911445189583e-01
6.945428628716644459e-01 7.113994939702653619e-01
3.177369041049390996e-01 3.246640694728152865e-01
7.388245084571440913e-01 7.377552713595145750e-01
6.768820621183824215e-01 6.426775203145009829e-01
2.513926514237420640e-01 2.431653964434793425e-01
5.503885948183646626e-01 6.191572952594128765e-01
3.979156034349624060e-01 3.476530485617357891e-01
6.212493426586529477e-01 6.248254978942027194e-01
3.741851017862029005e-01 3.998160738899565469e-01
5.553788844481234444e-01 5.917280930645217873e-01
7.925158819533030252e-01 8.032590080723965853e-01
6.117368283063555623e-01 5.329792129238564158e-01
5.302331435711166163e-01 5.448995475909844677e-01
7.536447612357850545e-01 6.605859340278379399e-01
4.522411548648754831e-01 6.114533469024761025e-01
6.659858311568115363e-01 6.866550962633301003e-01
6.078087072249009903e-01 5.385805782055983482e-01
7.811432549388300783e-01 8.533398752183255498e-01
4.414084268753248330e-01 4.493046859475610666e-01
4.806478858256811315e-01 5.246933817865999661e-01
7.981453823291591032e-01 7.746149230483556636e-01
5.489827620418631371e-01 6.062900959339542206e-01
4.704345933764313981e-01 3.619207044616940538e-01
4.600298391660267994e-01 4.595121059761657634e-01
7.814115039469857749e-01 6.995060689148475674e-01
4.928076824301198533e-01 5.210560427097737923e-01
4.929073419944493550e-01 5.352571481132366582e-01
6.160821122709726483e-01 5.919601644152937547e-01
4.256433360507390073e-01 4.087420803977186434e-01
3.056732074473861305e-01 3.995853534517668226e-01
6.392625058500317481e-01 6.902952100409939229e-01
6.397888314259622122e-01 6.116665793390297923e-01
6.307716220073745772e-01 6.435972459189077677e-01
4.772003129113025488e-01 6.393481526442249541e-01
5.391631856935505951e-01 5.718838524466332007e-01
5.757916443713657628e-01 4.829930188342774766e-01
6.772150989123444376e-01 6.846810185941192284e-01
9.070895066235293847e-01 8.471405460902718954e-01
6.733829223224711003e-01 7.339268069349779156e-01
7.978320331113671893e-01 7.318378311902998812e-01
6.896714199538038770e-01 6.224534840547744086e-01
4.904696811976626547e-01 5.524866668794384816e-01
4.370739480767731333e-01 4.845628858101509451e-01
7.784128246825763320e-01 7.266483671153292079e-01
3.848049938774279477e-01 3.658190055234376015e-01
5.929969981349023644e-01 6.489538411822344255e-01
4.357822645285460150e-01 5.258568310493465514e-01
2.708927448129447857e-01 3.256589408000571950e-01
4.573424047967634687e-01 2.930112453965594277e-01
7.056091879715591375e-01 6.270755526258431356e-01
6.910208736188858669e-01 6.046297975763319510e-01
5.822844758910135088e-01 6.792163786341949283e-01
6.394941553775213006e-01 6.448460109677309759e-01
8.305919604218608976e-01 7.599244606317591133e-01
5.907781844001135374e-01 5.874198455968878685e-01
5.028356496372947682e-01 5.107672452623295278e-01
5.753635430761793179e-01 5.544366148001190764e-01
6.463470085545250932e-01 6.609422339356996190e-01
8.039864221993636706e-01 8.138570740418621385e-01
9.773819461724888580e-01 9.634567946363952196e-01
5.746408484064096100e-01 6.193765762090295279e-01
3.347536297921268611e-01 4.924781066355414794e-01
3.594176916676203870e-01 4.334712124104200814e-01
7.225488734689806680e-01 6.662152101094249712e-01
5.238562081572624152e-01 6.033401006981493619e-01
6.449158913177603925e-01 6.194560096445200781e-01
7.316807064281586337e-01 6.640119168858541476e-01
5.245814588040574877e-01 5.470044325900896842e-01
6.491928916853048070e-01 6.221880656240607044e-01
6.906766850201544461e-01 7.300432172880115811e-01
7.714678610558109995e-01 6.671428375727601612e-01
7.096133847088614832e-01 7.516768483104687704e-01
3.299564314857833525e-01 3.870398573695280620e-01
6.488007298409590451e-01 6.666438892341575162e-01
5.861173251536672124e-01 5.251811751554792407e-01
5.187521953044904599e-01 5.099384435660274661e-01
9.538561798741620468e-01 1.001120258956497144e+00
8.461759455157777943e-01 8.444606607460525272e-01
6.938912438837110397e-01 6.927521785101438123e-01
7.832792512725634815e-01 7.628225649512561102e-01
6.357328633437862031e-01 6.851993456042213548e-01
4.740704218178072860e-01 4.988496524510026009e-01
9.093022311603006225e-01 8.502772346417476479e-01
5.861704964596826661e-01 4.126293748086019009e-01
3.767461985474324093e-01 3.821039718849548183e-01
7.472378408451112453e-01 7.076873562579555355e-01
4.870128980659932938e-01 5.211058748074980373e-01
6.483397842788419796e-01 6.082686114522485310e-01
3.621445693492834073e-01 2.890648525536518854e-01
6.081522839043914663e-01 6.831105152023527749e-01
4.657994083078338954e-01 4.757296932911016518e-01
4.076087431569735409e-01 4.675100951587041753e-01
6.247709844696898163e-01 5.720061864698575693e-01
5.212430704530794934e-01 6.571311942856328248e-01
3.130231537466141578e-01 3.899785966079366561e-01
7.500335992260867002e-01 6.713709838932790941e-01
7.190663736899641778e-01 7.071710503810034743e-01
6.235692026886788808e-01 7.189871032621854008e-01
7.030159367432365913e-01 6.502427442170172212e-01
6.320606585789484422e-01 5.446809115529068768e-01
6.957361370183822169e-01 7.165190401851918578e-01
7.169206528872776873e-01 7.160689907596874404e-01
4.312838463603645422e-01 4.415143211900774967e-01
4.898871916383042979e-01 4.209432976529795534e-01
4.591173724586959937e-01 5.097669142430832911e-01
5.892956646818713340e-01 6.303823217510792221e-01
6.769794888152073087e-01 6.251647068925808570e-01
7.156760797667330865e-01 6.711697572923415178e-01
6.342031963693063323e-01 6.222341328037880315e-01
7.577963214001711689e-01 7.371218407071123968e-01
6.253944646975386767e-01 5.899181702587663612e-01
3.886536704842207812e-01 3.888233158450515314e-01
4.624930520931413991e-01 4.102623434566219363e-01
7.780506015852788337e-01 8.349940554226871203e-01
6.131287621991892145e-01 6.395892915102063814e-01
7.230209557710800539e-01 7.101266320344152838e-01
4.691450583263639951e-01 4.344667601631994058e-01
6.166227417464973382e-01 5.491384998196879863e-01
6.759392711418901190e-01 6.826476287784448704e-01
3.019731048811979957e-01 4.435239947436276919e-01
4.117891014303869945e-01 3.913368659334775512e-01
8.219104832003644168e-01 7.801931353514440781e-01
5.125636461394490473e-01 5.049105047355241238e-01
5.771324241974198355e-01 5.286708501840842178e-01
6.051962758443736323e-01 5.840010324042115286e-01
6.990688123752439864e-01 7.982125430581590297e-01
6.231089111174191730e-01 5.387574295635896293e-01
4.753853248132607345e-01 4.918722610337778467e-01
7.295005070315486728e-01 7.411760638074512686e-01
4.474584179030041686e-01 4.528929501524258661e-01
4.719211238778259765e-01 4.745872560019677722e-01
7.018616784318544299e-01 6.905209418426797585e-01
6.352687158031028458e-01 6.232341339469805730e-01
5.612906205336022358e-01 6.244861048481867849e-01
7.494815246478496729e-01 7.482676320667491776e-01
8.119609281093580488e-01 8.069811680194178827e-01
8.761897367012185800e-01 8.243920418033925390e-01
4.947572284460143299e-01 4.995958232438169055e-01
3.774239417519125173e-01 4.926511275710865334e-01
5.423536793660667099e-01 5.459166918031460591e-01
6.740206977196793181e-01 6.151899537569865961e-01
3.766046262081499951e-01 3.312412515702837790e-01
6.837802094204312731e-01 7.006553831202284588e-01
5.043820710096265092e-01 5.681298475063196740e-01
5.590667112320628629e-01 5.756461777125323476e-01
6.012460978315944393e-01 6.113833348977105731e-01
4.370360421042444043e-01 4.861392573751376345e-01
5.076676312838638294e-01 4.828714345298525390e-01
4.718024355032452433e-01 5.414700739716495903e-01
8.787117001825378582e-01 9.742926268337844808e-01
5.791776700688912038e-01 6.267805253033443824e-01
7.934626120896707269e-01 8.065610602851102096e-01
6.865254971299580289e-01 7.461691492503504941e-01
6.706783154285754778e-01 4.824775366963557355e-01
7.349424390652586903e-01 8.012898504016746637e-01
7.197744341845166982e-01 6.430212388073976992e-01
6.366190778718276988e-01 5.547265063727868650e-01
3.528963491005440156e-01 3.811321756049729226e-01
5.602749960280243302e-01 6.565903649930694419e-01
4.760247856220868878e-01 4.973376302191023224e-01
5.618771677336981130e-01 5.600983486913447829e-01
6.008483909988721061e-01 5.649884723230192973e-01
5.275467632619476044e-01 5.020392948461350757e-01
4.626137673833500275e-01 4.546301645413517445e-01
4.890021912716575048e-01 5.597715911234990571e-01
8.534073772930702573e-01 8.027914246626192130e-01
9.092722071609501411e-01 9.246394581229465670e-01
5.891414912174284257e-01 5.344147888228265586e-01
5.659551251358525548e-01 4.020269999234675762e-01
5.088312024719832127e-01 5.807885956950613604e-01
6.413827419187286827e-01 6.327724472254697696e-01
2.534278187437730701e-01 3.156053186134993860e-01
3.868214113849110514e-01 4.446594952122380762e-01
5.010254088703455233e-01 5.189513787658758259e-01
3.091889768389626258e-01 4.765675222100290709e-01
6.721679151311078515e-01 7.878906681244716159e-01
5.935826209709332835e-01 6.014227796112964208e-01
3.832499031350697916e-01 5.834905423707038574e-01
5.803160504987221469e-01 4.761509690730650335e-01
5.382512893481643523e-01 5.336549784630224558e-01
5.664572427819474232e-01 5.646335499559274052e-01
6.134980034291437345e-01 5.703194778536917475e-01
4.472077390753945170e-01 4.607723208961388983e-01
5.216652785709570139e-01 5.439518969401173631e-01
5.166609311350724987e-01 5.244454100933870766e-01
7.797913322298789529e-01 6.164671312310520124e-01
9.676363024880008101e-01 9.744946554271582961e-01
6.197179042333071930e-01 5.279947625551495438e-01
7.478954058131451754e-01 7.635746422264265698e-01
6.000175287199035479e-01 5.950057792636430642e-01
5.510046510742858672e-01 5.197882710558403563e-01
5.982318992575922367e-01 6.435293083091760957e-01
8.720724955113736687e-01 7.788607483176688273e-01
4.778108560844974706e-01 4.924538829182913968e-01
5.059234248094196529e-01 5.229429359196752225e-01
4.410315761279269275e-01 4.284353635738579746e-01
6.668863173999491911e-01 7.491697433662974914e-01
6.015362722529541406e-01 6.231532697350495864e-01
6.482600146323337365e-01 6.376388169460688315e-01
4.142976736324582299e-01 3.507190824151717456e-01
4.816838875059327174e-01 5.701099123226031073e-01
5.052291236159442978e-01 4.095446146975499913e-01
5.313528722923910319e-01 5.133840795980155747e-01
4.870892595344392118e-01 4.431790340372515069e-01
5.072488604596208095e-01 5.068796724688717781e-01
7.542868347936740880e-01 7.053006003534064705e-01
4.343593854696836121e-01 4.660883906405001720e-01
6.492857860176410867e-01 7.144633164257885305e-01
5.254752794570678454e-01 4.860667243421319950e-01
3.696259396484776194e-01 3.549417075460482018e-01
5.225874541679793595e-01 5.115208334168188653e-01
5.809850336572769391e-01 5.993977960636375224e-01
5.874130125612783138e-01 5.962227118330908349e-01
5.208599938828678555e-01 5.959477890368928277e-01
5.118349329575030415e-01 5.747481652937503904e-01
2.373934017823663423e-01 2.414393902364475597e-01
6.008743881398738163e-01 6.140952881293059162e-01
7.727654674780757293e-01 6.918787359309017670e-01
7.735047284232223763e-01 7.504591163701244128e-01
4.081245226222843803e-01 3.171290608019609047e-01
6.190142497569927071e-01 6.277985215130751362e-01
4.296966551901482689e-01 3.988604832694367386e-01
5.634630150004871219e-01 5.735473510596718061e-01
6.219385607696996665e-01 5.588751371654605560e-01
7.706420886258026348e-01 8.968518746144368281e-01
5.627501424701418786e-01 5.311081226877695238e-01
5.341494569566678230e-01 5.796469843206850658e-01
5.380098169933468233e-01 5.599743848236732324e-01
6.470301058786235293e-01 7.009001846059929042e-01
5.430639020545773299e-01 4.289044815500959174e-01
9.214762918087751054e-01 9.099640828991140129e-01
6.152412553800973294e-01 7.484747594176116570e-01
5.540111950472267344e-01 5.063550102181525459e-01
6.367112349475743116e-01 5.466265514932375780e-01
5.274343384839728088e-01 5.608383107150269886e-01
2.371635951552343580e-01 2.095385172826485787e-01
4.683001020282120397e-01 4.416361127327693703e-01
4.651945532785096149e-01 4.828306825520224943e-01
4.041452742609858984e-01 3.520217310745410444e-01
5.186078380198132498e-01 5.870682585060519321e-01
6.674258279417569772e-01 6.126207721024582442e-01
5.896770428899071881e-01 6.063879223555908027e-01
5.568402869091787499e-01 5.265452657746362286e-01
5.643031431278446863e-01 5.185800849793511524e-01
3.758841765333533758e-01 4.120527945931397040e-01
7.035001742581583617e-01 5.665772787488958517e-01
4.653736337951217550e-01 4.841038735646139290e-01
5.357387372549786697e-01 5.135234074609751342e-01
5.785864167595876628e-01 6.070250402943165868e-01
5.187348726339908733e-01 5.236645370413615108e-01
7.427589829639074104e-01 7.284956691744719492e-01
5.142491387384382495e-01 6.073957229462330076e-01
6.411069091332205483e-01 6.776801347953805843e-01
6.066133802949019715e-01 5.778874498049603181e-01
7.482107516015703563e-01 6.253643310575376368e-01
7.210346969171170795e-01 6.420249953145678035e-01
3.751103783156928273e-01 4.808913495074106370e-01
6.710336745320323315e-01 6.968631768952032735e-01
5.652706903892410484e-01 5.801330319295983085e-01
8.898473063177446685e-01 7.966268916237672082e-01
8.992668719228837926e-01 8.635089813198768560e-01
6.077796679687432757e-01 4.727012160631772208e-01
4.457429727390123664e-01 4.554234885749811057e-01
8.834313330648284612e-01 8.292278160386212793e-01
4.414411694674992281e-01 6.197661599764655582e-01
6.967514358113295891e-01 7.482705397537083858e-01
6.606737064612946408e-01 5.998975248397362403e-01
6.284181761902004615e-01 6.472818607026348259e-01
6.542520768369980422e-01 5.608094655214787005e-01
8.105266389504152125e-01 8.961811109856655522e-01
7.778611984388611456e-01 8.295271953960180467e-01
4.769570005336586371e-01 4.346001267816954616e-01
2.820252781700124944e-01 2.757987059593891011e-01
6.131441197478016969e-01 7.176784421419789561e-01
6.433340674122653979e-01 5.812165826489337217e-01
6.479950901452297130e-01 5.654521217210949358e-01
6.487094346764076258e-01 6.409960593503377657e-01
8.430091277922390214e-01 8.277848009173284227e-01
5.037754543522769968e-01 5.478316627642247916e-01
6.874543987325678618e-01 7.233821809963039140e-01
7.439859442536250755e-01 8.196304540763871271e-01
7.031431102565778302e-01 6.549989888247923497e-01
6.367474072400465257e-01 6.352173520047781352e-01
6.649574572177646692e-01 6.280505051399812855e-01
6.328661659042353893e-01 6.698752023422858137e-01
6.894312534285861327e-01 6.855813172610253359e-01
5.535128986138911911e-01 6.415597747021924979e-01
4.675559995126923885e-01 4.807548155326398232e-01
4.465093045257634841e-01 4.919213172352461805e-01
4.401498082652471888e-01 5.724649960945759064e-01
6.582780698274437459e-01 6.370529297218112674e-01
4.837924853042206985e-01 3.607257991606274139e-01
5.865674026571239263e-01 4.556306340134819721e-01
5.486711877405237026e-01 5.722438797202751282e-01
5.715534844329609454e-01 5.444268676737084034e-01
4.598963927150136466e-01 5.636647442764732840e-01
6.805029068168469975e-01 6.362563704216791516e-01
7.667361769875545852e-01 7.423220692132413978e-01
3.081705324333431362e-01 3.684069080191498813e-01
6.015392315722949412e-01 6.394340741798578698e-01
5.338045089479034333e-01 5.424659209297358897e-01
6.847646617055749285e-01 6.798028037288124104e-01
6.222249537511764794e-01 5.746715367548661524e-01
7.562191590519443674e-01 6.943797576607059208e-01
5.545001766858246306e-01 5.820526684747824309e-01
6.603960986383961007e-01 7.604004509782031906e-01
6.851843144510358918e-01 7.474292006275724543e-01
6.550829184790243342e-01 5.898140911480829196e-01
4.800382969151466561e-01 4.246761693926254244e-01
4.908525365382988004e-01 4.772965057081320350e-01
5.303597506699714303e-01 5.674518352250051967e-01
5.205865125718401876e-01 5.631705515792310157e-01
4.413938026984720042e-01 5.366733980699658346e-01
5.677544638052522963e-01 5.789160962455293102e-01
6.974980884704691242e-01 8.016678632189013776e-01
8.242719792123207601e-01 8.275111610126848483e-01
3.053486066294150980e-01 2.593668069802170795e-01
4.731733275983263098e-01 4.196055469919360847e-01
4.918472251436186160e-01 5.537856563813169375e-01
4.312946183345793827e-01 5.447726074680985242e-01
7.120175042518597230e-01 5.810738331415967739e-01
6.843931214982894584e-01 6.262836926119568215e-01
5.602998617564730610e-01 4.328123680949285124e-01
6.445775346643333181e-01 6.008238998366631778e-01
8.307591960117874930e-01 7.673073993589980546e-01
4.576636788155249991e-01 4.413506086210095547e-01
5.590688506434730032e-01 7.045969290077666036e-01
5.718021611662107428e-01 5.096692440124108714e-01
5.083985660017654729e-01 4.341630620230145232e-01
5.350081392984098461e-01 5.186692441259954656e-01
4.542908407105983870e-01 5.835709709640419796e-01
4.464962964219446051e-01 4.653648426186761111e-01
7.272710450443871100e-01 6.601254956129520846e-01
4.716397409489354042e-01 4.909928169806062059e-01
6.553830033823084822e-01 6.027281948560854197e-01
4.147386723555479549e-01 3.182327832481443020e-01
6.625933749486013769e-01 6.532600358329897494e-01
6.943229282382624712e-01 6.586655926252217297e-01
4.157466354152143384e-01 3.404311546417655987e-01
8.557161515292904808e-01 8.098353265690997338e-01
3.642175444852630006e-01 4.455740138656006932e-01
7.138132687069856930e-01 7.295577081381140472e-01
6.244220944766282200e-01 6.580996974486724715e-01
7.826214178158128476e-01 6.562980555004542804e-01
3.711972491402939500e-01 2.374692043945654252e-01
6.277107795324755601e-01 5.861310681591526128e-01
5.537788683073026075e-01 3.819640350885208924e-01
5.733234394143109647e-01 6.261032661473728833e-01
7.308397561534513143e-01 7.471388038991447766e-01
5.130453738432270150e-01 6.470674621755385658e-01
8.749298433971517408e-01 8.017884164605293407e-01
8.177362798522986864e-01 8.403834897480926269e-01
5.061910907975146756e-01 4.826018560219037523e-01
6.313758610101031232e-01 5.145348881289696363e-01
6.381237830333443828e-01 6.520216130817682032e-01
4.200980026937766731e-01 4.621104804710510217e-01
6.983558675623898759e-01 7.445945382751703034e-01
6.288442337271219484e-01 6.620891867477017856e-01
6.199256781555182449e-01 6.472349729136865903e-01
4.364361189090814608e-01 4.791022439939321420e-01
6.685962473109053894e-01 6.744639743582240277e-01
7.076576464373446340e-01 6.669341785756813801e-01
9.753237931181387710e-01 9.757336552127867657e-01
5.466759872217882288e-01 6.300344811621708674e-01
5.148188427052844407e-01 4.551520261304950465e-01
6.976955687472216061e-01 6.599147059590889652e-01
4.454356972990890506e-01 4.555542225511290955e-01
6.190378166417767059e-01 5.602009229526008216e-01
7.031477410842460474e-01 6.546000687310741251e-01
3.790289511671725009e-01 4.339315187345689218e-01
6.793543422231562712e-01 5.779600065744814330e-01
5.232658525569260366e-01 4.442151929391712217e-01
5.951961852508660389e-01 5.235746246269223914e-01
7.670180842200381433e-01 7.629969113051261465e-01
7.119231690110693345e-01 6.811478799893394553e-01
6.327337060548869907e-01 6.499663832335260683e-01
6.960232665140962949e-01 6.930328803524866688e-01
6.468025531339973710e-01 6.231855998881776770e-01
7.566904743528019006e-01 8.394056831997208645e-01
6.240869953139694948e-01 6.157387588367705389e-01
4.488520434771202106e-01 5.668398386914484943e-01
6.733277897610092655e-01 5.744053949732104147e-01
4.797057170300712547e-01 5.161870070012710698e-01
2.988773347323507301e-01 3.375380337667185926e-01
5.868247136655779794e-01 7.069493210207085099e-01
5.948647420388671891e-01 5.788526255433724677e-01
8.666886404401784594e-01 7.369591363761806013e-01
2.961490436714078744e-01 4.307998574045935336e-01
6.012759317915596924e-01 5.624079661811867137e-01
3.242752146389646373e-01 3.246418847576801325e-01
4.721054185355845756e-01 4.486205297404101677e-01
9.320337452043544468e-01 8.093698375709096338e-01
5.909763799466285494e-01 6.869936554412567897e-01
6.905974369699419135e-01 6.284423173232251969e-01
5.699794478931656805e-01 5.229929246525493181e-01
4.946667850547523115e-01 5.235018907389551446e-01
7.074234638348158022e-01 6.701819986366068793e-01
5.660655211130178888e-01 6.476294603830454744e-01
6.679817628147503017e-01 7.257142208646937265e-01
2.569524526858106839e-01 4.012573516776319904e-01
2.714187902134869157e-01 3.507802682750302825e-01
6.387512619940548531e-01 6.712216422767688373e-01
5.031602059216190304e-01 6.402055593057182081e-01
1.933327951292257985e-01 1.804887602960587034e-01
6.379748461571859153e-01 5.472063958488546653e-01
8.764513046642629090e-01 8.893892533368731312e-01
3.720080350435585048e-01 5.009296636186710838e-01
5.315992629173393880e-01 6.148332029754703942e-01
5.798916021391566922e-01 6.554989816555223392e-01
6.369800748737405316e-01 7.069590320047033360e-01
6.690892578903115950e-01 5.956053448109432935e-01
5.433095161940675322e-01 5.181200847744455995e-01
8.301924045835711308e-01 8.110256633029908624e-01
5.848474768815855596e-01 5.302918233957217842e-01
4.677274030454442455e-01 4.606662032543648033e-01
8.509759655039246251e-01 7.921119411462747006e-01
7.148757673629256848e-01 6.466393138718490308e-01
5.493969510207170615e-01 4.380084595567881878e-01
3.281758259091425711e-01 3.682741628813775425e-01
1.798317993367010703e-01 2.783273750096750820e-01
6.290416493935535591e-01 6.609868196887185299e-01
4.447796062195828459e-01 4.015308342797777041e-01
7.630407036904780504e-01 7.611264973865081718e-01
3.704732463515213459e-01 3.411660760296094663e-01
4.042308651172430989e-01 4.886962233477270545e-01
5.414813277731238550e-01 5.716465432702104721e-01
5.769593672103807691e-01 6.388199257393467612e-01
7.678647695992699695e-01 8.013070446210579512e-01
4.226669341536360980e-01 3.097446591457320153e-01
6.543460766590992739e-01 5.547194970165206795e-01
5.735148327152768122e-01 6.574858080360914681e-01
7.254758111880958982e-01 7.441029561016170302e-01
6.102753129561493406e-01 7.598258478442083685e-01
3.964185310850137922e-01 4.064744055377511600e-01
7.785235519218604017e-01 8.252951812699799161e-01
4.763548377821248958e-01 5.004192365735734560e-01
6.153877282382915759e-01 4.897856060145562851e-01
6.205158099484374690e-01 6.972880589515567662e-01
6.875003898859780582e-01 7.143427646353889271e-01
6.512459333642501846e-01 8.053065966870660564e-01
3.022659830652721924e-01 3.493526605925766360e-01
5.422773880786335710e-01 5.685201123432515047e-01
7.767710693326203009e-01 7.348066588208758132e-01
5.079111073122183351e-01 4.936939432667136196e-01
6.665864780792444266e-01 6.153029513302042952e-01
4.765079314233193752e-01 5.415944004983095361e-01
5.343697826436154541e-01 5.968250685983037540e-01
3.626811179789121709e-01 2.312037010286936423e-01
5.624782587884323837e-01 5.666252399491776837e-01
6.955882127992228936e-01 6.278036919317492304e-01
3.572719261145007597e-01 3.275880409943853211e-01
7.965403620929903949e-01 7.461059703951492539e-01
5.145279144979584274e-01 5.610374584890907013e-01
4.199220826126764394e-01 3.784240830288874702e-01
6.318602671247296465e-01 6.252533047618792361e-01
8.552817653308923962e-01 8.549489814248063535e-01
5.613024896979745826e-01 5.773732942791762746e-01
7.594643511523084811e-01 8.625723831453695478e-01
6.146090767759605500e-01 6.887986525456487596e-01
6.598614860510139124e-01 6.784414410954073826e-01
4.273821861190368332e-01 4.239793847899013257e-01
8.017735705152985171e-01 8.634641883904833337e-01
7.509251431934121923e-01 6.750494597438830846e-01
5.059284881226385755e-01 5.861632497071290748e-01
8.853004689521635218e-01 8.388015086006483934e-01
5.621797715403809015e-01 5.938088063875603950e-01
4.246776936075290498e-01 3.723545911875338899e-01
3.855166855162859285e-01 4.325138410228933639e-01
6.803669428058244373e-01 5.884260325252220758e-01
6.240863653246611076e-01 6.491537544912204805e-01
5.070341978189865095e-01 5.560673281983412597e-01
4.910086641611832170e-01 5.684963756559554549e-01
5.157306446153745449e-01 6.612692635802598362e-01
7.538129942208682266e-01 7.055101687667022503e-01
5.333882471294200123e-01 4.530357351172603630e-01
8.164399952386474091e-01 7.723733664572038915e-01
8.645585633147657711e-01 9.019687959568311042e-01
1.946149495676262886e-01 1.494666259169273592e-01
7.003085460736804269e-01 6.803879816293767480e-01
6.519235880447111775e-01 6.376660048687572413e-01
5.111868817660396580e-01 4.992727269947090929e-01
7.667098901877026362e-01 7.338961360536638834e-01
8.791942978146203291e-01 7.628061280138298539e-01
7.346146443384343749e-01 7.737525851759287088e-01
4.712346713660781616e-01 5.074292327584387641e-01
5.510709253111329975e-01 5.737103052488676802e-01
7.879266486077618481e-01 8.216848422273779207e-01
6.205000402448807018e-01 5.924326890714938232e-01
3.587463728564920240e-01 3.496210290603657400e-01
9.172487418284611671e-01 8.474366463996569898e-01
7.555746609527707047e-01 7.589152089807624790e-01
3.237399937723023924e-01 3.340207185017026181e-01
7.394703922656733486e-01 7.633170030507576698e-01
5.231168909395593758e-01 5.866419566944569564e-01
8.340189968009056320e-01 8.008506197806984916e-01
4.576205889772930746e-01 4.835852621227607617e-01
6.621873969870389898e-01 6.438664662757574986e-01
5.683621285179690785e-01 4.895517199480154402e-01
3.799956056074144106e-01 3.699979066169628572e-01
5.147711732289513842e-01 4.884400165205985411e-01
7.516251639334304846e-01 7.090304159226968883e-01
6.186822194141669007e-01 6.454006018496131203e-01
5.319039677533266008e-01 6.718072128501493268e-01
5.808930195865336099e-01 5.879712895727917665e-01
6.013069667267794127e-01 4.592708941937533873e-01
5.134971644842321048e-01 4.692384575019826753e-01
3.901401452872746978e-01 3.552317589914049112e-01
7.025175659744795631e-01 6.671468345427724600e-01
3.636831572216092656e-01 4.150932815223312700e-01
8.452745438936155598e-01 8.641926570090108228e-01
4.694870786304929933e-01 5.893403866206385899e-01
5.841890023510224461e-01 6.362949963314908919e-01
4.393159972221343801e-01 5.505158120981220593e-01
8.031056204928149755e-01 7.041819141969557494e-01
5.385521222315909906e-01 4.956567329064029970e-01
5.365775166857333911e-01 5.961547973435032954e-01
6.930241379195488660e-01 6.600721852622656316e-01
4.725384339775048348e-01 4.696015312605047454e-01
7.384495671967278296e-01 7.463426566583774013e-01
8.308598542706880918e-01 7.803376163097185403e-01
4.588780965262491685e-01 4.049406821662887013e-01
7.129959987577221270e-01 7.354881655603675572e-01
5.276730687784816354e-01 5.648739134280540419e-01
7.299985327213474040e-01 8.137201552795791937e-01
6.973778746560388431e-01 6.449448255201797320e-01
8.697452140933618070e-01 9.495523886116080670e-01
4.817480583068785016e-01 4.884271700560665064e-01
5.903607575754757919e-01 5.202273877787456646e-01
4.529498425005492046e-01 4.322580545921587691e-01
7.001688844755211694e-01 5.606460289782329021e-01
6.029824487764043894e-01 5.743532761561223055e-01
7.339512219026080864e-01 7.346807225993703394e-01
6.197848661932698899e-01 6.923619115249233236e-01
8.098580101223762373e-01 7.437964444106224260e-01
6.826646764715885718e-01 7.587885435883982010e-01
6.730078945405730817e-01 6.601853613161445811e-01
8.447874225646152535e-01 9.318015524173988151e-01
4.463169004819285135e-01 4.172798784880089595e-01
5.646107536596484122e-01 4.920085327560258515e-01
3.666330492660348495e-01 4.548988739015462079e-01
6.509836278521503594e-01 6.783082130944955157e-01
6.385019394343389720e-01 6.673867629580425564e-01
7.532343004202601833e-01 8.149817032412955964e-01
4.726610609234227489e-01 6.044685650544179278e-01
3.727382845211146822e-01 3.445404411653698595e-01
5.576365338094143587e-01 4.382255956474495062e-01
5.829600024104395484e-01 5.567789662737321343e-01
8.954700157445290021e-01 8.162335203706789777e-01
8.116386344735357916e-01 7.538988458754156685e-01
3.139332227610255877e-01 3.795665234700235646e-01
6.192438008563931895e-01 5.737590158204359803e-01
5.797437635656126353e-01 6.085182109589335475e-01
5.362729765679205007e-01 6.946004860881686005e-01
4.928893372644385096e-01 5.182439371342488776e-01
3.617166785890287284e-01 2.291085883432394943e-01
5.529168833496396207e-01 5.202439256075508389e-01
8.225313406271183014e-01 8.881108976236292696e-01
4.363025122816601709e-01 4.749419227206705951e-01
8.010900091315125149e-01 6.986556124828362524e-01
7.565074934364135473e-01 6.553802701517881246e-01
4.581843187022612840e-01 5.085098419718432350e-01
3.518966198885765118e-01 3.733488613324530969e-01
7.166966991326898517e-01 8.116237619100258316e-01
5.515462637411313596e-01 5.236455845311275281e-01
6.246568873938468380e-01 5.808958034463344022e-01
6.973178037407693486e-01 6.785039481609084211e-01
6.447007159745962168e-01 6.101377933883432858e-01
5.710715958255236924e-01 5.056192843571463147e-01
4.749729087183421350e-01 4.073304308589885125e-01
7.564368789022866135e-01 6.872345543180384819e-01
5.313248207684110325e-01 4.397116469024551222e-01
6.962549191909359614e-01 6.594464596748472740e-01
6.238815640296540010e-01 6.208525205683201875e-01
6.994724103566151152e-01 7.191557069689383797e-01
4.885526124969241102e-01 5.700698992929867925e-01
5.579068094234536090e-01 7.093421042674736832e-01
5.660637353815283213e-01 5.734434020813385935e-01
4.403263465877716998e-01 4.699965339256435559e-01
5.883999866151123914e-01 5.049013410041005567e-01
6.538075549813181508e-01 6.191280916913896037e-01
1.417769527126955809e-01 3.030896415602788441e-01
4.156787556082104929e-01 4.442092492917592561e-01
6.500275510643238608e-01 6.852238121265019632e-01
5.764897965816285774e-01 5.610027282532746851e-01
4.930109857368805137e-01 3.415071389539715563e-01
6.316963234857114751e-01 5.174885925770406070e-01
8.190177548849119082e-01 7.922281802246741167e-01
5.374255059324622996e-01 7.200750312755527238e-01
7.761439822029960744e-01 6.716138577492085648e-01
4.130516922668401314e-01 4.735864265711370313e-01
4.876534614400915846e-01 4.557573362917187731e-01
6.720649763818344891e-01 4.947615236698053032e-01
7.365393001595295086e-01 6.799713433786458427e-01
5.456568109790355114e-01 5.583051253618670495e-01
6.145739268544222478e-01 5.339856165162008006e-01
8.344760903895351856e-01 6.595469760067034226e-01
2.426509651701183046e-01 2.119006968228468457e-01
7.324627432650687719e-01 7.008457019184346493e-01
5.256831153001605417e-01 4.473053627809337462e-01
4.330748081308604114e-01 5.178924951264486376e-01
6.091924846962123441e-01 7.208858925637812165e-01
5.357956545355155864e-01 5.462181082235693097e-01
7.786546672416959636e-01 7.379276478654029914e-01
4.554894930120949037e-01 3.990910209373610962e-01
2.375197277548312669e-01 3.532390386626306777e-01
6.148528541189594021e-01 6.983671483682419856e-01
7.167956234494053946e-01 7.451935296257671260e-01
8.928756526945255123e-01 7.774015044964942556e-01
6.676021596086360033e-01 6.566321761666648049e-01
8.499745709580452946e-01 8.741666251169559754e-01
4.632465800450538129e-01 5.192653713319953512e-01
5.232719515614845385e-01 4.897602782869077132e-01
6.211914834536252927e-01 6.172765326639672034e-01
6.758506956152687817e-01 7.766595714416086871e-01
7.149247329446790644e-01 6.329224162365592043e-01
8.657903026053257456e-01 8.310380611567040887e-01
7.243193815468832453e-01 7.358553581382921704e-01
7.266451159592545173e-01 6.855223452336519641e-01
5.849538774004241493e-01 5.396587958241729766e-01
4.074143681646347770e-01 4.835610016823688739e-01
5.479144867658271023e-01 5.531841331798151851e-01
4.595530924999959854e-01 3.811997991729735302e-01
3.899198655844224315e-01 3.314535533721680305e-01
6.410150241048461206e-01 6.426165189569613689e-01
5.686214985330131366e-01 6.681630421057238589e-01
4.467836064317203815e-01 4.179119905343611774e-01
6.706725103838757640e-01 6.214622829476799115e-01
7.694754670254239093e-01 8.269790221631688754e-01
7.043284344911844297e-01 6.465218994282166953e-01
5.726412243212889441e-01 5.708614996965867272e-01
3.947439776373737330e-01 4.113248144323031208e-01
6.501983161426593272e-01 6.007239842407142705e-01
9.078186628417511672e-01 9.194772153848252971e-01
5.078693124543454118e-01 5.573374367411894070e-01
4.053750092851182152e-01 4.037051542494671241e-01
9.320354103502349608e-01 9.274120630120971098e-01
7.275991726004937821e-01 8.245531644368568891e-01
6.002214165956463177e-01 5.413922468199887650e-01
5.918150218367999038e-01 5.166294842860517100e-01
6.541042613311719434e-01 6.586197173723818965e-01
5.428633129227180554e-01 5.646615654302598042e-01
4.942061925814829615e-01 4.744086207068461403e-01
4.463266648954195559e-01 5.551990226996332822e-01
7.530387017471849020e-01 8.362178929855939025e-01
8.051793507030944319e-01 7.674565716925070280e-01
6.323855258595030282e-01 5.754332429800872450e-01
6.613642061096247637e-01 6.764004454316179249e-01
4.140299254664813189e-01 5.429051849529230589e-01
3.396222961507336935e-01 2.910692041621089077e-01
6.548867299963360145e-01 6.625613845112204858e-01
4.194191888867387363e-01 5.329062380175551006e-01
7.652194399895955179e-01 8.996556986591968119e-01
8.283679765770735060e-01 8.301585423274013831e-01
6.337011109810781750e-01 5.199951723942974890e-01
6.190850130108203064e-01 6.311261865188644293e-01
8.087024317412467855e-01 7.571178698704421617e-01
5.907765308988498498e-01 5.351598591791354442e-01
5.216265392183093708e-01 4.904440452738619838e-01
8.242146326687336266e-01 9.541671983801907064e-01
6.678820044005182588e-01 6.573496292703608912e-01
5.633211261464255992e-01 5.170743468352362315e-01
5.198535334741019032e-01 4.908925192986382524e-01
2.766264944274349769e-01 2.883782135462537588e-01
5.388277410982327265e-01 4.893299897224174799e-01
5.733680951210826660e-01 5.399445046013424676e-01
5.193843052816241590e-01 5.495252849685065000e-01
4.954541553591300107e-01 5.351155250259208573e-01
1.004308712123329173e+00 1.059188153006128008e+00
5.405735108782178111e-01 5.129109422087633208e-01
7.158163663864475224e-01 6.809866906187661550e-01
7.654606947313495890e-01 7.294727541818815109e-01
6.207918610859807229e-01 6.417471758722789188e-01
6.825728572344095246e-01 7.257431728414233119e-01
6.265912154566812831e-01 5.853113760472183902e-01
2.842417817113489509e-01 3.337355884799163563e-01
