3.522037099993249321e-01 3.675477155956418107e-01 3.818247591098714033e-01
6.659263390293899132e-01 6.603126424617752344e-01 7.059761114819844696e-01
7.326179070669494031e-01 7.338264222884632870e-01 7.907610704272737268e-01
6.686065963698178960e-01 6.780831699450007299e-01 6.095120528354429634e-01
3.699110317828791517e-01 3.788751806540964218e-01 3.882258715705290686e-01
5.180903654152040350e-01 5.741760577286076916e-01 5.681498031426225337e-01
4.708707783447504402e-01 5.103440352924627499e-01 4.470812015004138606e-01
4.789719846251833668e-01 4.912240047112296226e-01 4.347030802221795720e-01
5.459219914983951538e-01 6.112525806788517979e-01 5.795124897494853267e-01
5.304756098711729262e-01 5.226816741017540346e-01 4.787990156562914601e-01
5.854010909563670539e-01 6.083734680103316528e-01 6.386350534049967109e-01
7.838169167091628697e-01 8.129752974315505032e-01 8.282283374406752552e-01
5.180728027551224635e-01 5.415440929888993837e-01 5.548489238008471602e-01
3.901847255462088659e-01 3.821720914549239234e-01 4.029683039425663860e-01
6.994121700597966118e-01 7.119915789954754937e-01 6.936903008628535483e-01
4.466850827982953298e-01 4.026683620382277007e-01 4.256877700751279248e-01
6.101963316833708406e-01 5.957706893408153404e-01 6.112243773790551060e-01
5.551405960806123918e-01 5.695199683934605295e-01 5.076423969316902207e-01
6.039960455761557157e-01 5.880460992879669169e-01 5.902276589151070896e-01
5.380022589253444787e-01 5.499892225512055255e-01 4.937175890591876115e-01
7.515648785701737333e-01 7.086010683052215153e-01 7.526600650065833342e-01
6.104781431650669887e-01 5.679843919609975922e-01 5.799804534722019511e-01
4.887136335952846911e-01 5.028884351750140258e-01 5.076671159687201618e-01
5.995271339993603066e-01 5.770926675998058197e-01 5.520245657094061675e-01
6.087692589508838514e-01 6.441416357782743241e-01 6.075558495049354635e-01
5.095408450495941821e-01 5.180283034482546789e-01 4.751409281771487025e-01
5.462713251510440404e-01 5.619114071482127493e-01 5.452368614306792871e-01
6.171367170283903469e-01 6.504538626222777786e-01 6.512748899217211118e-01
7.276818240274671723e-01 7.286781116770558731e-01 7.363435271875833354e-01
4.336891094470051722e-01 4.180378276020175754e-01 4.318631253031780526e-01
6.699803444702980837e-01 6.811647933503566232e-01 6.808389256789322275e-01
4.327602448795330181e-01 4.813339203041598346e-01 4.369531431813378775e-01
6.743664816267160855e-01 6.406252747050497076e-01 6.463524334468574439e-01
4.203619664426541114e-01 3.994258957357502693e-01 4.403829242153797785e-01
5.928863060894509207e-01 5.972496555276762820e-01 6.565445244573798744e-01
5.798540268272953657e-01 6.234799142695535146e-01 6.461799619657182525e-01
7.478019516937820521e-01 7.428753832517365208e-01 7.480321155791155308e-01
4.776784049029835222e-01 4.292470351338436019e-01 5.149281936502607682e-01
4.191001619291526703e-01 4.058581839180658291e-01 4.228793903278471600e-01
6.112816987196978413e-01 6.335406172379001166e-01 6.622441288722519248e-01
7.173989425863919189e-01 6.907830207387831711e-01 6.781858290208777618e-01
6.341057436167207850e-01 6.741349328332639779e-01 6.707954573668599707e-01
6.404511636645673356e-01 6.208706164284832907e-01 6.720331269335708679e-01
6.374522366129951045e-01 6.346851916944478145e-01 6.356618179906309285e-01
4.117280749064906042e-01 5.155457519018934454e-01 4.792787767805237187e-01
3.918169991937858199e-01 4.264686756746346452e-01 3.930887538110782731e-01
5.937949160422071326e-01 5.877500460973561491e-01 5.819936310769899812e-01
6.185053937863074225e-01 6.245955692081917032e-01 5.627489582512665844e-01
7.790668085373735341e-01 7.278968611240280717e-01 7.490206917086447147e-01
4.121066096245674104e-01 4.195351072628224487e-01 4.247945689897581478e-01
5.602281451975898996e-01 5.840615995682603145e-01 6.191860038471309613e-01
6.823553704228498828e-01 5.841703722936665288e-01 5.734138304954725651e-01
7.107566015740308663e-01 6.142094711248089478e-01 6.077220468697295264e-01
6.243972694689025049e-01 6.238135067780611331e-01 6.563203225293586796e-01
5.398727078950404934e-01 5.769808124639632663e-01 5.135108139506396885e-01
6.788712271961473421e-01 6.426599462927401474e-01 6.608573066315298616e-01
7.608236581258780440e-01 7.735889019047924586e-01 7.335372315165702428e-01
7.279452073383014810e-01 7.429426268667370659e-01 7.269403281220052637e-01
4.620760790697261422e-01 4.691023104359484108e-01 4.604930249070784409e-01
7.533990491903227449e-01 7.183237967589999329e-01 7.991390494739787353e-01
5.127918404092273175e-01 5.169659995051860690e-01 5.358698022886044798e-01
7.366227491259205173e-01 7.265418706421387096e-01 6.764926641439205079e-01
8.171248795901681072e-01 8.190384301829006786e-01 8.394504693275655072e-01
6.047395727042499392e-01 6.216176603507803655e-01 6.405023714994475537e-01
3.322345442551411510e-01 3.410924024034915347e-01 3.219890111667491062e-01
6.984985747380301202e-01 7.727995549963030397e-01 7.130734141679743177e-01
4.785285292220349818e-01 4.436524136375389338e-01 4.758531020204811446e-01
7.938662405393550614e-01 8.079422502273876372e-01 8.398840676044382336e-01
4.711964828190032817e-01 4.628387765044047475e-01 4.938472162651572073e-01
4.131969068130384448e-01 4.213930530484020220e-01 4.219094322703942357e-01
5.839570156313927951e-01 5.986939657354519717e-01 5.890927162951240526e-01
5.168095505172209947e-01 4.860473818425739001e-01 5.014761950594975870e-01
7.300117620028830911e-01 7.710641633228796366e-01 7.124573415684870570e-01
7.700796686637753075e-01 7.695621601535056477e-01 7.762830399148922256e-01
6.388809536163934100e-01 6.254028438447546412e-01 6.142323924110555389e-01
7.291012428796580513e-01 6.958783411878161074e-01 7.360458243336587270e-01
4.797885573452637109e-01 4.543242310263992390e-01 5.318284298053752579e-01
7.518376140505363958e-01 7.598482786114530985e-01 6.620075121397479556e-01
5.685943970155918903e-01 5.312652240489924571e-01 5.281194809545950442e-01
8.353368703435248843e-01 8.514790498487478931e-01 8.408222544660960418e-01
5.466584850559292885e-01 4.967005559020822303e-01 4.806929335815259829e-01
5.002031399451101201e-01 5.732099552979169621e-01 5.707746727438424150e-01
6.541492421278871650e-01 6.380207544266742747e-01 7.080483316988192000e-01
6.493248272249408926e-01 5.879370220909710953e-01 6.069946414668268009e-01
6.071318866167211281e-01 5.885096172744030962e-01 6.236891265271030660e-01
7.045959855248669079e-01 6.775266210565464853e-01 6.048920129969699300e-01
5.155477030754337386e-01 5.741697011905744219e-01 5.346193111354194949e-01
6.277706363018320523e-01 6.324208667538098183e-01 5.479330396508653722e-01
4.998079416915224282e-01 4.992573459630234023e-01 5.134354269367114032e-01
5.731059768493329543e-01 5.626859552656885421e-01 5.765006620328434472e-01
7.318178360336413668e-01 7.225902452634811457e-01 6.917411512910695004e-01
5.010352021098900543e-01 4.899165079062565153e-01 5.084555463132671704e-01
6.329315347422792559e-01 6.552828018080913974e-01 6.264226068410656545e-01
5.892631231054576979e-01 6.731997620190209863e-01 6.140296058500762655e-01
5.033108368102077179e-01 5.498455804509403411e-01 5.445838005642508195e-01
6.710819444476926465e-01 6.795059671915786303e-01 6.126704753475282761e-01
6.764131129319715940e-01 7.023420984526450583e-01 6.996457450873461159e-01
2.999786477154333109e-01 2.563661735120417728e-01 3.073378212675706433e-01
4.649499448997755913e-01 5.304707904074621450e-01 4.836041752621519363e-01
8.247508432737450379e-01 9.401471181381990672e-01 8.935546481417085962e-01
5.474813245383239879e-01 6.417791363916923730e-01 6.149342740641698946e-01
7.015262048271275752e-01 6.320490296596801283e-01 6.484235492853461791e-01
6.143094099623686022e-01 6.153691597694945781e-01 6.099965238974499604e-01
7.375394024678735283e-01 6.643009576267113747e-01 7.344141438356964757e-01
5.528260110375001757e-01 5.581373178582178518e-01 5.638724909707207855e-01
8.802692328147403433e-01 9.438213203530226858e-01 9.253660973792865452e-01
6.502561800877104670e-01 6.057407262358953659e-01 6.266931387957465072e-01
6.476910361663064108e-01 6.614593914554116605e-01 6.383568327468809311e-01
6.043546331415288186e-01 6.396038580115803729e-01 6.305870892122105165e-01
6.074651529858692278e-01 6.164408647833782284e-01 6.047276687081146740e-01
5.853168391849722374e-01 5.631942212182284857e-01 5.890790967534668132e-01
5.477791888532744791e-01 5.473492789739560216e-01 5.399232425831689275e-01
6.198677013730106156e-01 5.746155014423190988e-01 5.351879035478361857e-01
5.382675649790861216e-01 5.691862378508268927e-01 5.663551584104978831e-01
5.548994630814101381e-01 5.779804588683802313e-01 5.252956514984559178e-01
9.014428491363360996e-01 8.332990356096006135e-01 8.599395183779026119e-01
5.932457993154072184e-01 6.012999150121127734e-01 6.225130093533355335e-01
6.248278375259530559e-01 6.095117506413556541e-01 6.265778852197448900e-01
6.064472373726191856e-01 6.458626365055748497e-01 5.634534371882347070e-01
6.933760305204813568e-01 7.049906169342314843e-01 6.691406182972245986e-01
6.377895169965758226e-01 7.167970472842053464e-01 7.169199332739597530e-01
7.404096833343837281e-01 6.745712477173261279e-01 6.733547310850205303e-01
5.251372994560168372e-01 5.451723284021703364e-01 5.640218775803186313e-01
4.675888566698819249e-01 4.798151569965404817e-01 5.165100980388562801e-01
5.401569976803609618e-01 5.061338963722697981e-01 5.399608937006552534e-01
4.861583112904899195e-01 5.159413430895064545e-01 4.945297481662096484e-01
4.112579061761091892e-01 4.290045069730243354e-01 3.857284537639566468e-01
5.499444721134556513e-01 5.583600367427560274e-01 5.450288985003425291e-01
5.886853688464726009e-01 5.628848755030397832e-01 5.755798479924872924e-01
4.907709532771238337e-01 5.142680490237997448e-01 5.325329412771110382e-01
5.734505005159986624e-01 5.143365748250813274e-01 5.377819208455689726e-01
6.959364939772632042e-01 6.382231256973112110e-01 6.522051915904976127e-01
6.081790134605781217e-01 6.148088774596949246e-01 6.230925131212523560e-01
7.621865048584427482e-01 7.002875689064427256e-01 6.942014925517674406e-01
5.687700229791271544e-01 6.109906601073110677e-01 6.068553041109294721e-01
8.413287190380129843e-01 8.474247832060174401e-01 8.028549800820132809e-01
6.303640440106580423e-01 6.641014350715999104e-01 6.346788983123458072e-01
4.627726600257558998e-01 4.571635336984774534e-01 4.354634130629211897e-01
6.518356243122143123e-01 6.641848810023861516e-01 6.548474210736587864e-01
5.907952601938537551e-01 5.858068603294167564e-01 5.950330751585246603e-01
4.667856548547069107e-01 4.704981220663331243e-01 4.855532292760811885e-01
4.971019865231467438e-01 5.009713840992522371e-01 4.582201662341371939e-01
5.618771710195954450e-01 6.325488551709345098e-01 6.172115122366977902e-01
8.079174217132657487e-01 7.396182112172112744e-01 7.277731395984131657e-01
5.821192640597411261e-01 5.409768089095663424e-01 5.804366189134226861e-01
6.201018949606120767e-01 5.910354700704106845e-01 6.062058776660300685e-01
5.699552088400885452e-01 5.338459222656782854e-01 5.921926004319761905e-01
8.538644879793553244e-01 8.131295049470071978e-01 8.556486128332154717e-01
5.321972558007636023e-01 4.711575260893982042e-01 5.214736558158218349e-01
6.607679844437867045e-01 6.563020137349067085e-01 7.114128566589988933e-01
8.416406147925168391e-01 8.421828905595077908e-01 8.053383134227806162e-01
7.629789295385308590e-01 7.123045649384357469e-01 7.459756041887887212e-01
6.791589988519346477e-01 6.808054164927505036e-01 6.852577295604691532e-01
5.708252343282415042e-01 5.660198727155697496e-01 5.676276103819698493e-01
7.030538439270355155e-01 6.420471694004999952e-01 6.850031701563777942e-01
5.895963321460083728e-01 5.758186552524148238e-01 5.854960154797737015e-01
5.962419633726562251e-01 6.426361801718200040e-01 6.509324365389315137e-01
5.340254924422422889e-01 5.150949168903334874e-01 5.644158666202379049e-01
4.890361659875323563e-01 4.698650113413917473e-01 5.406861492123627988e-01
6.922450533914495940e-01 7.008667980909961681e-01 6.777014053098018298e-01
6.656167649711199896e-01 7.111552244662117106e-01 7.421472886212260311e-01
5.364193218849716560e-01 5.052893449354948219e-01 5.704281716899792798e-01
5.765019765491941062e-01 5.100828314813991016e-01 5.550982035077044463e-01
5.377380521653241097e-01 4.932189274174478832e-01 4.599427236825954779e-01
7.086226705085189037e-01 7.118025074003699881e-01 7.478460529885482266e-01
7.753077231993900087e-01 7.673987690689014762e-01 7.336461416239093980e-01
7.885847991860062134e-01 7.098745055033337525e-01 7.239251314316711428e-01
6.443829239217153670e-01 6.385485818727903995e-01 6.342604167627070577e-01
4.802151608961179874e-01 4.326776684531264960e-01 4.126946710256567119e-01
5.464357332340726847e-01 5.331544421534974987e-01 5.662070764506844656e-01
5.774476189038089124e-01 5.558530780361238266e-01 5.490966158114404250e-01
7.736470903540509925e-01 8.129458883218300125e-01 8.099538621937942828e-01
4.835238108248640088e-01 5.358139268357399176e-01 5.128571362173758308e-01
6.437416852916564292e-01 6.505202978108347578e-01 6.412997379020433097e-01
4.836026877556811598e-01 5.257387138279937533e-01 4.945475513521597200e-01
4.112714149108520623e-01 4.180232558794632625e-01 4.706949225085419464e-01
5.307594716328832840e-01 4.749780145448969648e-01 5.622172774539591078e-01
5.063612817432781021e-01 5.661539175220462461e-01 5.498309160372616411e-01
6.419205133360842419e-01 6.390231884601638157e-01 6.664228068676500971e-01
7.031277651167441300e-01 6.917450923640763305e-01 6.515732288429638697e-01
6.000040003335180838e-01 6.207376736699270481e-01 6.392805919156208105e-01
7.166248782026192199e-01 7.242841908190579270e-01 6.845287551271362902e-01
4.862970628547025886e-01 4.163425803030418870e-01 4.815334858069609814e-01
6.179503800235530697e-01 5.811673907220886726e-01 5.774482465815951038e-01
6.902810711176730063e-01 7.413060302903051735e-01 7.611689367483099877e-01
5.521451893160455038e-01 5.346959717755019881e-01 5.094999585562476341e-01
4.465472207762031243e-01 4.324831688583248290e-01 4.432066654330210631e-01
6.663055367693966335e-01 6.936256862518250799e-01 6.543212250811620834e-01
4.993812339194512173e-01 4.917463254726456845e-01 5.454468209460480166e-01
8.465538064788981076e-01 8.765075642191121341e-01 8.634713401245016628e-01
4.989537732820564786e-01 4.566241274747510070e-01 4.984937763493257346e-01
5.296069852221680918e-01 5.100990202193600442e-01 5.586858502935588833e-01
6.805547983253943389e-01 6.813341553739403755e-01 7.156561230686316888e-01
6.088666374683250337e-01 6.585993715546759608e-01 6.217768811395308903e-01
5.817026152974753561e-01 5.437205257377244472e-01 5.348156229103118164e-01
7.482924324399774507e-01 7.027886151493993871e-01 6.952463796109600302e-01
6.379697270182485003e-01 6.710625934719988139e-01 6.632758029027786550e-01
6.072792644034572529e-01 6.212387403394112884e-01 6.295300602628970399e-01
7.149362751039819441e-01 7.339324295648278484e-01 7.223428001638021456e-01
5.325842248153345171e-01 5.795740344526395527e-01 5.822646797046225897e-01
6.539775676771218960e-01 6.690333892502318136e-01 7.448907887697854280e-01
4.860993933283757618e-01 5.043337834519459051e-01 5.095196644493578120e-01
8.206842573166044374e-01 8.892598992873347319e-01 8.678780798766233540e-01
8.722467081860832971e-01 8.865738820491559924e-01 8.555807186786342777e-01
4.541527053724235818e-01 4.467581749969188887e-01 5.082325503440898729e-01
3.532390236432728647e-01 3.251994697875029150e-01 3.349961644067265820e-01
4.623380045175752850e-01 4.549216377569619829e-01 4.067489554078926317e-01
5.834153228233291966e-01 5.847044727702764844e-01 6.062400188198096007e-01
8.887583280634639982e-01 8.906672150870985627e-01 8.734792803829811714e-01
5.775147819818844397e-01 5.599359406734870648e-01 5.788114374542521201e-01
6.714512940248738015e-01 6.634920475940598861e-01 6.921330887189895975e-01
5.714417867732686229e-01 5.862104282935877153e-01 5.774893538675627269e-01
8.212857974171090536e-01 8.117616767995606830e-01 8.699759773676891683e-01
5.770714802980806413e-01 5.805753008804604987e-01 5.238956988235959900e-01
7.932205237830897149e-01 7.548688996292355347e-01 7.531181006706710868e-01
7.732190754919910924e-01 6.833405858671811606e-01 7.233310328309892068e-01
3.037412989541661279e-01 3.207910800672503226e-01 3.176901059500639724e-01
6.071447867874839588e-01 6.443202549369634324e-01 5.630694990846404346e-01
7.126844822816650327e-01 6.981154017974169346e-01 6.996069706492373808e-01
6.014395971151551556e-01 6.380586725672481307e-01 5.870193877992755382e-01
6.024766465802129378e-01 5.287658621185369334e-01 5.642231825556838221e-01
6.800167381275064038e-01 7.212588630844097848e-01 6.940388516620142889e-01
6.464172726524620716e-01 6.556905168452632493e-01 6.374770293785245734e-01
5.702918980121240988e-01 6.026851048815667911e-01 5.720857157502560186e-01
6.480877478096139788e-01 6.477055252921791739e-01 6.465798782541137824e-01
6.418220543741174344e-01 6.563731297548371924e-01 6.492759284931333141e-01
3.062291290163530744e-01 3.117721381776998313e-01 2.849184578602477202e-01
6.183252133983493382e-01 6.290023434836058414e-01 6.328677001916158673e-01
7.357842654248858416e-01 7.467302006280323035e-01 7.701505387389950830e-01
7.050891399905395707e-01 6.940121042600553292e-01 6.883128500057635879e-01
5.430511191281814920e-01 5.408727624081692831e-01 5.687325298647393224e-01
6.477179072788737946e-01 6.764677958559375259e-01 6.621826268655665038e-01
5.372563856627019518e-01 5.350251179644061050e-01 5.327393655441838849e-01
6.010666883745784395e-01 6.292533449268014056e-01 6.119817250859149738e-01
6.074171978879603362e-01 5.968290001946127132e-01 5.930342633976970479e-01
5.387224361354537860e-01 5.406938471253743828e-01 5.414372310980152259e-01
5.136939236283017962e-01 4.993122629489916697e-01 5.171042842410304985e-01
5.511229464361497854e-01 5.184550808884478279e-01 5.191513533928439061e-01
6.926959113928484735e-01 7.359291448751060782e-01 7.445729049419365086e-01
5.931309262267410176e-01 5.642977658361583160e-01 5.561052840638263106e-01
6.832140978701679579e-01 6.748333358235378832e-01 6.673942117339323188e-01
5.682419653236397972e-01 5.364052699370538413e-01 5.358758063019045670e-01
5.647625659792712138e-01 5.758800643583090739e-01 5.348426392170819721e-01
5.994116166703107318e-01 6.367672721877503106e-01 6.046514928086517138e-01
5.239286784521350882e-01 5.271746114246880222e-01 5.484724781081251610e-01
5.809301671265240108e-01 5.772649503048512543e-01 5.920807597506954068e-01
5.529439414973779110e-01 5.173578984323777830e-01 5.638493636207253523e-01
6.718154689821357328e-01 7.022384033115065538e-01 6.377282969606807850e-01
7.059601694641122194e-01 7.200705686188880739e-01 6.912150614567852402e-01
7.414940139167328637e-01 7.290560329377708815e-01 7.207573968593488090e-01
5.855902521186644449e-01 6.737463694970230454e-01 6.795927507751838847e-01
4.996255547993159740e-01 4.868011295052617204e-01 4.777922777540202781e-01
4.297420277725986781e-01 4.608460058163972306e-01 4.217732180854343871e-01
7.858335897442836337e-01 7.353973620703893044e-01 7.605738130195441871e-01
7.779523829187497963e-01 7.063072021813531221e-01 6.870657100723074340e-01
5.853560307263897533e-01 5.702966972988124938e-01 5.670950138648592764e-01
5.874752718846530941e-01 6.317888141062804053e-01 5.486577340591634044e-01
6.150683691614436954e-01 5.801917494489663429e-01 6.127256797857761894e-01
8.360429924994005058e-01 8.136712062660732547e-01 7.773298051883812398e-01
3.013583832276477970e-01 3.099803306965017713e-01 3.126825785639915645e-01
5.398232092929116099e-01 6.059330592318590281e-01 5.843901142236093138e-01
6.869752956826626900e-01 6.526456094862034263e-01 6.526600975833555252e-01
7.192413096533464278e-01 6.916532335921065089e-01 6.493055683035110492e-01
8.322839638699934817e-01 8.140422835314010674e-01 7.897533940186820534e-01
7.872955872157630930e-01 7.306700775943266724e-01 8.033678373946184781e-01
5.036718309359717871e-01 5.056230870265607802e-01 5.078225541187667558e-01
7.903971481027525225e-01 7.254883250216775936e-01 7.259512232051306135e-01
6.756510203027147332e-01 6.452312523101674246e-01 6.242406575297217985e-01
5.810764856309647008e-01 5.713530594395515028e-01 6.143395802783488957e-01
7.261338438833583320e-01 7.562525516113733914e-01 7.411941761783036320e-01
5.859891232697929109e-01 5.811097286244475413e-01 5.445207794687677572e-01
7.082025328895235061e-01 7.085872343850441180e-01 6.924420150300278909e-01
4.412286667096946835e-01 4.429096884624634800e-01 4.725639167026356446e-01
5.632098106695825335e-01 5.841026741376392772e-01 5.964146780855325014e-01
4.935134775467624468e-01 5.027166545490550087e-01 5.094864778375667314e-01
5.911796039870824693e-01 6.302502826224356536e-01 6.569530818755029422e-01
7.005936260527868553e-01 7.198654863218614253e-01 7.125292622553932587e-01
5.242577816525124668e-01 5.408648974606731219e-01 5.282756362675625761e-01
6.966865563017563545e-01 6.788347544600048522e-01 6.871031664924807103e-01
5.558445295035536748e-01 5.316875260747226939e-01 5.605327668235051686e-01
6.579495067014474730e-01 6.352798900780340929e-01 6.468717624530311294e-01
8.031929086817836128e-01 7.682496954066762029e-01 7.384022331133514028e-01
6.881538017793217277e-01 6.445424948456525138e-01 6.843491407082543665e-01
5.499099134741218808e-01 5.344580564250406285e-01 5.456029357109507538e-01
8.312610534366174919e-01 7.647228769036860108e-01 7.886159056546160340e-01
7.421905601148395260e-01 7.684758111843341677e-01 7.392437700347979090e-01
4.408361091877673887e-01 4.783026386622607484e-01 4.318703419884310502e-01
7.135586380162574072e-01 7.534973229545505191e-01 7.132287712240501509e-01
5.959137988358571558e-01 5.718524810013139170e-01 6.340593543919630370e-01
6.584198462862710377e-01 6.095249448815396320e-01 5.939247087840917594e-01
3.891477241549521349e-01 4.282324122015603862e-01 4.115603975838681983e-01
5.385067482422842833e-01 5.532720485104484220e-01 5.671347181059933629e-01
5.739304896748396168e-01 5.675428867256164800e-01 5.240781150511623077e-01
5.864225582396545011e-01 5.944703053191833231e-01 5.769897461988248155e-01
6.088188090964170573e-01 5.953060662533651293e-01 5.667623243379107389e-01
5.469565575166492888e-01 5.509722991056248409e-01 4.981876590083413325e-01
5.542822163505179978e-01 5.830484166379632516e-01 5.783570551143355498e-01
7.211748967713895730e-01 7.323805686778175339e-01 7.016386416217340605e-01
4.164194409239771466e-01 4.229054282216146987e-01 4.019093202237747353e-01
7.531856108488151902e-01 7.526318794875382912e-01 7.119814673697930640e-01
7.537350612771972491e-01 7.320374191787586415e-01 7.191098204579304820e-01
6.591654482315421060e-01 6.323772115071681910e-01 7.013218535928854580e-01
6.847577308112836603e-01 7.199843605087440368e-01 6.585575029404898695e-01
7.104105597282747153e-01 7.248091678765012924e-01 7.033886444181505215e-01
4.909144101896164014e-01 5.210935085767597341e-01 4.774410697974832973e-01
7.024505686458295539e-01 6.703752938597951072e-01 7.027891522373731492e-01
4.055708012624189562e-01 4.663803125209046718e-01 4.454605869342480040e-01
4.821711373187192451e-01 5.267867071456662220e-01 4.922392589015979758e-01
9.257031733344183166e-01 9.273395653844030972e-01 8.527149574676509136e-01
8.165952457167489076e-01 7.809036951708878682e-01 7.921408559537219674e-01
5.410332099162792341e-01 5.671055894940898456e-01 5.785396767653824268e-01
7.963843608109943961e-01 8.082090107065468265e-01 8.421281467278635136e-01
5.543528696605125594e-01 5.782753522126017343e-01 5.470809600931076933e-01
4.802502676987543961e-01 5.016975129185694549e-01 4.924387301980082676e-01
5.409607647277134834e-01 5.526037786068294100e-01 5.668196504770676158e-01
4.395800230163534605e-01 4.960714998560336597e-01 4.969000333772979894e-01
4.281287430216882406e-01 4.412397658891609176e-01 4.369742010148362499e-01
4.547353606531923109e-01 5.153721582647294852e-01 4.731709588138265365e-01
3.843848668124752455e-01 4.060175376067101105e-01 4.644446558080517207e-01
6.876603272525165789e-01 7.002825257248543878e-01 6.704725550922649990e-01
7.804119502750381798e-01 8.009785694742580509e-01 7.803890845316358016e-01
4.768865633891563593e-01 4.462233254499664570e-01 4.864885574894248221e-01
7.818392081110602243e-01 7.796629258932579187e-01 8.074484586611782033e-01
5.694993376484025482e-01 5.533505323808817211e-01 5.476895294911555689e-01
5.639458031352764245e-01 6.166848813902486848e-01 6.127317031324049923e-01
5.516626116024354598e-01 5.921749796205706406e-01 5.623175767799958313e-01
6.836896943116759218e-01 6.635247462909581451e-01 6.874218426361098366e-01
4.799702939222661446e-01 5.132949728689653046e-01 4.263703384572347654e-01
5.193028168374386189e-01 5.239070614272064441e-01 4.447879439752053243e-01
6.886801597820103593e-01 7.353887517082613456e-01 7.567378059485663222e-01
6.460847344444476947e-01 6.848130601462661948e-01 6.511184538327569049e-01
6.855899892629303549e-01 7.504565985950161222e-01 7.116387624407436441e-01
5.991222037884459395e-01 6.066723704304061160e-01 6.271929861349917479e-01
6.792706223688366185e-01 6.891164901596377179e-01 7.017876199820931582e-01
8.311384504329497602e-01 8.551031876942050136e-01 8.694007279489868179e-01
6.442866638597922746e-01 6.323445311159486826e-01 6.291833257796184409e-01
6.467918053431992442e-01 6.385529491805532754e-01 6.583142975857109169e-01
7.455081128393192813e-01 7.510045912279368352e-01 7.024509813849929563e-01
5.869143931419724680e-01 5.453902507890849849e-01 5.308628787498790302e-01
5.998503834634630882e-01 6.043877437566985700e-01 5.861884145833923254e-01
4.886122545398362549e-01 5.223505927828615558e-01 4.739560830985974360e-01
6.601731919684851180e-01 6.386732395592421563e-01 6.608843233390341299e-01
5.179363813767362545e-01 5.461690830872304447e-01 5.343912948628156689e-01
7.767707634705436348e-01 7.748338408773496333e-01 7.672488802437136268e-01
7.671624240466575761e-01 7.376865354742178083e-01 7.865666553288335194e-01
5.900553569325653891e-01 5.916450551912597611e-01 5.708885791339493032e-01
5.360690413267316101e-01 5.151708895935604993e-01 5.089358674766948365e-01
6.445364658016442538e-01 6.215847676221135654e-01 6.326545869944369960e-01
6.573494669186423778e-01 6.143846763972109493e-01 5.928576354834339535e-01
6.522592491724947816e-01 6.759311542142587559e-01 6.147266776031551361e-01
7.244097497691414089e-01 7.524676443233878631e-01 6.445643497783388742e-01
6.536276158286074001e-01 6.162165337808040988e-01 6.516921388514662628e-01
6.669245274883169872e-01 6.454865287163115140e-01 5.945768882525519494e-01
6.071576273746345231e-01 6.966571397399108356e-01 6.452771581395121414e-01
5.529296178952523011e-01 5.591245491709113669e-01 6.097917497549659727e-01
6.770533376383959245e-01 7.275073953467140475e-01 6.624359430834962925e-01
6.556971943880213205e-01 7.265003744187462642e-01 7.138097695574074919e-01
5.761385360598697547e-01 5.581950707436046377e-01 5.770731404572242429e-01
5.976530604370662303e-01 6.242046633039295411e-01 6.181942246231875160e-01
6.717930776336783483e-01 6.967886837846841708e-01 6.737181541562891063e-01
5.356227467790123375e-01 5.403430000885591777e-01 5.352218938683482863e-01
5.305537731227163434e-01 5.441071323772429524e-01 5.976244197424530613e-01
5.093758824695752141e-01 5.012108450189735054e-01 5.151227907389615002e-01
6.931343989777740688e-01 7.169102330491199382e-01 6.053735573732524911e-01
7.262589510408837823e-01 7.696056166651260577e-01 7.623613623508054271e-01
7.262877723222672666e-01 7.085163163084930993e-01 6.961159443485236409e-01
7.103285461982797866e-01 7.146548298315456016e-01 7.024544982935713167e-01
6.676434348118058804e-01 6.101402904523514081e-01 6.771163834199118714e-01
7.397963522591654018e-01 7.088591455916937178e-01 7.608834177881008687e-01
4.145048507974976038e-01 4.165087618788595458e-01 4.320682525680791253e-01
6.532027425864125325e-01 6.425211303074502833e-01 6.177218534491695223e-01
8.259059691689194516e-01 7.740633881658557369e-01 8.193574383983150966e-01
5.414525523769193605e-01 5.996825097975807539e-01 5.422971636582503141e-01
4.563643366754773223e-01 4.406666033833150919e-01 4.296636688128228077e-01
5.143840122225646905e-01 5.274204532440183169e-01 5.130926626350169606e-01
5.255190226815755761e-01 5.555740146813137326e-01 5.432406863392820195e-01
7.170382549770694114e-01 7.260653891182834441e-01 6.812717528463937411e-01
5.530514434060708195e-01 5.249443673669951238e-01 6.111345288290679356e-01
5.790393702334714066e-01 5.778078211877737402e-01 6.291970117640847127e-01
5.684957707684473727e-01 5.821928358675753090e-01 6.057768582902268717e-01
6.476476762842504620e-01 6.484142110932153980e-01 7.165133835674736273e-01
9.582616242689743213e-01 9.508347836354994476e-01 9.395200833218811942e-01
4.430942497702829441e-01 4.638595315982872447e-01 4.847864669609223687e-01
5.513378206738382969e-01 4.849577500975653099e-01 5.072833200607027582e-01
6.759469257769639139e-01 6.314114158126992171e-01 6.378332585908821351e-01
5.617786171449137278e-01 5.272291896409430079e-01 4.762091477674075812e-01
6.987977949181217729e-01 7.111706912216870791e-01 7.190188616235586583e-01
5.654522727850632702e-01 5.728345895753701456e-01 5.436418122711692558e-01
6.928266868230433806e-01 5.969823753700373992e-01 6.015996253218082179e-01
3.480235683966457771e-01 3.793186419834717604e-01 3.066842103671585940e-01
3.673323089215220216e-01 3.739260679724563108e-01 3.711078087524290470e-01
8.924644969080418599e-01 8.885725401841785276e-01 8.905231246285425506e-01
6.386241239556025295e-01 6.099997748958438937e-01 6.457328042950553071e-01
7.069941822425924727e-01 6.847709629512848117e-01 7.057302045566594684e-01
5.310309986084014167e-01 4.961513219878652126e-01 5.233024295107294721e-01
4.244740742908317266e-01 4.430099636480162584e-01 3.855807221019002529e-01
5.367101190289692569e-01 5.038516353267128434e-01 5.165286976383541839e-01
5.135333355494420271e-01 4.825377358828046859e-01 5.095864205378082268e-01
3.483000278786489989e-01 3.180736034151000480e-01 3.083194950810842494e-01
4.570748095916066789e-01 4.411579100816140908e-01 4.591614926805125396e-01
7.650881905008255490e-01 8.134587972111925191e-01 7.938335851172448887e-01
7.359855503716954406e-01 7.364990485803647458e-01 7.172865834567042631e-01
5.237758636221288011e-01 4.686143235650318539e-01 4.915135468773836336e-01
7.364516517872152779e-01 6.824004984774661997e-01 6.949349838368310550e-01
6.046444746520995839e-01 5.992683233028320844e-01 6.476124980685109556e-01
4.394099957656872335e-01 4.638465467497860373e-01 5.024495200701857289e-01
5.964323211440781813e-01 5.579880122431555289e-01 5.849934793663197352e-01
7.061616710042235567e-01 7.307587917440682146e-01 7.019887300649653161e-01
7.282938938784526695e-01 7.153593684421850618e-01 7.177689337449006945e-01
6.117096851571171001e-01 6.170940353128359090e-01 6.258660412284144936e-01
4.565706605677605778e-01 5.089551868992202577e-01 4.784718720360360833e-01
7.667151877069019461e-01 7.243360749430390877e-01 6.966595344327118910e-01
6.122780865770549585e-01 6.183716818391389314e-01 6.192470929662948764e-01
6.132774194608970886e-01 5.311181941981929500e-01 5.845917260352481160e-01
9.592305232448674612e-01 1.005778540639135299e+00 9.106287572996734081e-01
6.753969347777306620e-01 7.063827296027301861e-01 6.248498076981834348e-01
5.002428407044819947e-01 4.884458776170133576e-01 6.175236920201329083e-01
5.267982112105775716e-01 5.898442703155918343e-01 5.056630461361636408e-01
5.895431494259277816e-01 5.780659325161437989e-01 5.509770937837871196e-01
6.449074142739290583e-01 6.931437021556154932e-01 6.919837103307976411e-01
6.307080877435460309e-01 6.768212675371385600e-01 6.736768213523857129e-01
6.365553302201196750e-01 6.221371015680143834e-01 6.720951073048435642e-01
7.621044852463272345e-01 7.889503882806702117e-01 8.182069306127661701e-01
7.910709396660461357e-01 7.172366325374432972e-01 7.253564379247339211e-01
2.999548401024457189e-01 3.247290314590479676e-01 3.165426483703726035e-01
4.934726841638358841e-01 5.149599637844322064e-01 4.917532056831329101e-01
7.012920816070731256e-01 6.885079374693732213e-01 6.257741144049645543e-01
5.131670741212860376e-01 5.358594787264058246e-01 4.886277874683802591e-01
7.646864687976826502e-01 7.572780342055115410e-01 7.617710375033849290e-01
4.447602323456746887e-01 4.597876498716488847e-01 4.417001856579630958e-01
5.804273379527924437e-01 5.730155893473958262e-01 6.382975464043995073e-01
6.301976605505538176e-01 6.640143943154341866e-01 6.441492847218678319e-01
5.217966056543938969e-01 4.894114814389134427e-01 4.847547091906238004e-01
5.539305604127795490e-01 5.777172442643545569e-01 5.239693654774141285e-01
6.321323089456688527e-01 6.408213848125844381e-01 6.346411108461168515e-01
5.049351116939888584e-01 4.595503357386852006e-01 5.135415161476082346e-01
3.757638986545329129e-01 4.060698537420420196e-01 4.094449152854000573e-01
6.133111412219877101e-01 5.593657728447369859e-01 5.993118973159496932e-01
5.861068479728981373e-01 5.381420696528544934e-01 5.688644357789393036e-01
5.392621884042168023e-01 4.893936970015437260e-01 4.739008829920109411e-01
5.372631151066277200e-01 4.784547757274870139e-01 5.024329268957447026e-01
5.249229311335811277e-01 4.879299307146450215e-01 4.816007434205030746e-01
3.761003598132158232e-01 3.336687421146523058e-01 4.035111385492989311e-01
6.784401687441433682e-01 6.589597261577947451e-01 7.105191086915809695e-01
6.519319913269809863e-01 6.656461887250368914e-01 6.705131688320811190e-01
5.549479788763203025e-01 5.905440944030749817e-01 5.800627067307660978e-01
7.383485653777026592e-01 7.146387921149872646e-01 7.288052144927367193e-01
6.523685322400186726e-01 6.532478496896710896e-01 6.513297629653813647e-01
5.269099642277538242e-01 5.191852957673583902e-01 5.560012357662965643e-01
5.407309525541219575e-01 5.291475971914990639e-01 6.262871112738095380e-01
6.599739353273511577e-01 6.292130819518133578e-01 6.569395661096354422e-01
5.403466450096682250e-01 5.215115910212765327e-01 5.156604700365094995e-01
6.106610598507357102e-01 5.802396268935086088e-01 5.992283885333823390e-01
7.019071784680906978e-01 7.127302450840974357e-01 7.147133495531893255e-01
3.722955627665650025e-01 3.711782692876401946e-01 3.486391686505869170e-01
5.328085852843092995e-01 5.659022865690706006e-01 5.770749940649513299e-01
4.514911257855213078e-01 4.909904498498874892e-01 4.656582564508744970e-01
6.606118892327789149e-01 6.598530397586226393e-01 6.706824590361566418e-01
6.598779017744733633e-01 6.729069100403520798e-01 6.220510740008731165e-01
5.800040863455218076e-01 5.944163635720424166e-01 5.893958641824824651e-01
5.831311877046191361e-01 5.731036703018379530e-01 5.440005953468847189e-01
5.384896871471269719e-01 5.113790987985594727e-01 5.396084585399559819e-01
7.307966672308171541e-01 7.578030176640164761e-01 7.327858514347433960e-01
7.028037092692716037e-01 6.535382508837226379e-01 7.031424020517903495e-01
5.580694151011744708e-01 5.979095047816306296e-01 5.382968287357556836e-01
5.222118417503396337e-01 4.817496547602280743e-01 5.271612868844580690e-01
5.730202885144792813e-01 6.240235668766447308e-01 5.525387769476953759e-01
5.310572560661575015e-01 5.980183313795115474e-01 5.250207774871429312e-01
5.318850704342519276e-01 6.039750906998868629e-01 5.810983726681256956e-01
7.531710128509168101e-01 7.480239580326594195e-01 7.336758809697608852e-01
2.049944486399662147e-01 2.293867722210709281e-01 1.618904903313463650e-01
6.830072165173773913e-01 6.392867184348985932e-01 6.569744205886580701e-01
3.963648934869620777e-01 4.084341311533854491e-01 4.394896115458007957e-01
6.572132514583775009e-01 6.767675981234104743e-01 5.930569588577857543e-01
5.733287767481458630e-01 5.863940677340383489e-01 6.013528375355592370e-01
4.665216662178130469e-01 4.859613876057836124e-01 4.486148703290966933e-01
4.213888770767367786e-01 4.577944995770691916e-01 5.071289114317329982e-01
6.103497430268826074e-01 6.323910935208786332e-01 6.472892416847590980e-01
5.932121748791858717e-01 6.578298546749684617e-01 6.348523752124372033e-01
3.832259140262577746e-01 3.646770506461601280e-01 3.555471887612136617e-01
6.924665701687370278e-01 6.749301425079653471e-01 6.509806144376789616e-01
7.638800132805471099e-01 7.800157763468754668e-01 8.076108830037663777e-01
3.133222785679221079e-01 3.402414055485160072e-01 3.386167839810543811e-01
5.185724170066478012e-01 5.677481655447176312e-01 5.008560864356739195e-01
7.687189292884712977e-01 7.719011389150463032e-01 6.988372650920090523e-01
7.722925697079523477e-01 7.450327748860393617e-01 7.815087257350842309e-01
6.735333833621107713e-01 6.955766707041884933e-01 6.838177760752824907e-01
7.955778221043666720e-01 7.382646611356884492e-01 7.211667303353926917e-01
5.829539710359596949e-01 5.671446300248753625e-01 5.646534177004343125e-01
5.170384449868034027e-01 5.695695325202320136e-01 5.269470877440751710e-01
5.012850746371474431e-01 4.982227214206540467e-01 4.535047267758215983e-01
6.420622463411208569e-01 6.588259668798839286e-01 6.586284726697924086e-01
4.106184289473086557e-01 4.201941673812661926e-01 4.487404161317042894e-01
6.461677866460876496e-01 5.811161274154068579e-01 6.393583559341794453e-01
7.191780145689873338e-01 6.453405858796824601e-01 6.643984479355845574e-01
6.225644365299638494e-01 5.993664817516485277e-01 6.558558749928928844e-01
5.951480038640957204e-01 6.887260861878620188e-01 6.125296168149356735e-01
5.828461865622209803e-01 5.588080505829019495e-01 5.967179840771764665e-01
5.616049889511804949e-01 5.345634293034485784e-01 5.248106473672113914e-01
4.184770166504830913e-01 3.854915803617431358e-01 4.046506137889031574e-01
7.115675341069919169e-01 7.420920612433008490e-01 7.121849702441437335e-01
6.880169825228299452e-01 6.356092391922700813e-01 5.911572138199600035e-01
4.478963875271371742e-01 3.803603574621028938e-01 4.697146639404183310e-01
4.120636662373269310e-01 4.689330902961764691e-01 4.269944622995885952e-01
6.117645297708904639e-01 6.213931646052892610e-01 6.479323472900070380e-01
5.884374059407397883e-01 5.773948534121858822e-01 5.820081770794867104e-01
4.436686732315309745e-01 4.688191116719640505e-01 4.759192612251887944e-01
6.556664195324931610e-01 6.558405747576016021e-01 6.546418173084148640e-01
5.691950440517065113e-01 5.289691911569442961e-01 5.663851977303099305e-01
7.079387515020596489e-01 6.549016875505062618e-01 7.189369840777452003e-01
5.273320029099110018e-01 6.029208355656421325e-01 5.465312663667452053e-01
6.411899085568001366e-01 6.519348381389983293e-01 6.822741580298332664e-01
4.751865929610971095e-01 4.531948565942432450e-01 4.264883242672642405e-01
5.210528297330345726e-01 5.615886226651591873e-01 5.866737951240827975e-01
8.408217350169434612e-01 8.590265575240588758e-01 8.286395434442705987e-01
5.019305438259606955e-01 4.886362780717091181e-01 5.464809638008425452e-01
4.980413674172142202e-01 5.286396468423228967e-01 5.588332353815824716e-01
6.065433250478192706e-01 6.237492761296580257e-01 6.425347740859115309e-01
7.084564161673774230e-01 8.328472114496059397e-01 7.755002021485261077e-01
6.088966726721444234e-01 6.725131753546966795e-01 7.142582271881936506e-01
8.394690649001220750e-01 8.409369550715702912e-01 8.438847373446436428e-01
5.344674551124899420e-01 5.443082341157688964e-01 5.729390496956578982e-01
6.925394314191237743e-01 7.189889839421759188e-01 6.722493301509085972e-01
5.776523880070426609e-01 6.220707706274416493e-01 6.131680385251171428e-01
4.713794330199874705e-01 4.795728833042994244e-01 4.624168495102309318e-01
4.333807587312153986e-01 4.890161028403070542e-01 4.408307763627685172e-01
6.038414938876539573e-01 6.157575751032565714e-01 5.759370755634232175e-01
4.439642341733486264e-01 4.510353302114836205e-01 4.343529634781705950e-01
5.647832318457842726e-01 5.106903367674180405e-01 5.108635270035850606e-01
6.291382944908415764e-01 6.717740500301792039e-01 6.079690842646220394e-01
6.816622556624325480e-01 7.526520220429889774e-01 7.632849959483509750e-01
5.271390945055772770e-01 5.765719829672371066e-01 5.100457587663839165e-01
4.450158739387877760e-01 4.682080226692544866e-01 4.462000159139278832e-01
5.231184325505654487e-01 5.696124426294291165e-01 5.917607939464383238e-01
5.622018048807291279e-01 5.639548350601009119e-01 5.308557157010347360e-01
6.877433321093013863e-01 6.600451873773229838e-01 6.579934792482774464e-01
6.670974476642822504e-01 6.415038169965751047e-01 6.757171093440645926e-01
7.229271023111683014e-01 7.397863247196840852e-01 7.578056482942366889e-01
7.042559394193677047e-01 6.846669203652576696e-01 6.864333792720035410e-01
3.838726660629953047e-01 4.324592709439464278e-01 3.905018770865958944e-01
6.485674293928260781e-01 6.345690396865738547e-01 6.387633525232822018e-01
7.060432419657837189e-01 7.535314573921981784e-01 7.787598402337434500e-01
4.905576303039369535e-01 4.147639954006554497e-01 4.505683831986578292e-01
5.879532955256770999e-01 5.573608471764451844e-01 5.918078999023673736e-01
4.245576645170124896e-01 4.779912437251674917e-01 4.318302599507189976e-01
7.805222720178586204e-01 7.838953739595522219e-01 7.419461186842722933e-01
5.910083188597811121e-01 5.931415761163194578e-01 5.886250809140702867e-01
7.730133493028567004e-01 7.799225863107595025e-01 8.211924139750242935e-01
4.276846414336241131e-01 4.771033484490567189e-01 4.537548068952529934e-01
6.680924816261775145e-01 5.753978252893172662e-01 6.448478050093885416e-01
4.465370615626504947e-01 4.396825461947909131e-01 4.628695604171785827e-01
6.855719546969468725e-01 6.500995480701265983e-01 6.443822526027304098e-01
5.480630716735507280e-01 5.261699491747070523e-01 5.527669777573999133e-01
5.465153076297792900e-01 5.021739103959006467e-01 4.763983631154867782e-01
4.106182995224892940e-01 3.723660585138012236e-01 3.951016245181934172e-01
6.197140111853955968e-01 6.051057277587749139e-01 5.821312227189647803e-01
5.677403962881329980e-01 5.355182773120166217e-01 5.412179656044237008e-01
4.846303841492564102e-01 4.732757598517177700e-01 5.006169078000889394e-01
4.851658519409959847e-01 5.377142776323448059e-01 5.675768333170636559e-01
6.116488965656305954e-01 6.186019076205240275e-01 6.478281810216811598e-01
7.052585737515030262e-01 7.286934416370935974e-01 7.477238970463302437e-01
6.975904507478249972e-01 6.799562384038082552e-01 6.809864809129855256e-01
5.333329571078858633e-01 6.247023091680544704e-01 6.167149990203437682e-01
7.292668702602762565e-01 6.897021702052155145e-01 7.095524114307957264e-01
5.048610275626035371e-01 5.436890305437789284e-01 5.333145630754324573e-01
6.290525814163332452e-01 6.116951246925140806e-01 5.725793436712558471e-01
4.441262089828437731e-01 3.763790164078827383e-01 4.126422353544696442e-01
3.524177248731151790e-01 3.757416667794364895e-01 4.077318017764672842e-01
6.630626733413311769e-01 6.920891761315057789e-01 6.438306686775457921e-01
4.712971493791958122e-01 5.161086879164560326e-01 4.925017180333289279e-01
8.178584451343949846e-01 7.674393664190641839e-01 7.866467182163859873e-01
5.863016144146150355e-01 6.267005687181179674e-01 5.837964353270153062e-01
5.374502576989246272e-01 5.590129113236418368e-01 5.513984867504548859e-01
8.193763009713012080e-01 8.624177747596634136e-01 8.431805809655507078e-01
7.370524665771206463e-01 7.750122635540360738e-01 7.640794793937429885e-01
6.784868600589986087e-01 6.966204931274181389e-01 6.458030462142047012e-01
5.756807991048279449e-01 5.969847479069947394e-01 5.730164273544982034e-01
6.901103128536809628e-01 7.158510631668270063e-01 7.150114066654903455e-01
5.465884502260470734e-01 5.382835652088477918e-01 5.904835246976877228e-01
6.606802620357897782e-01 6.728167114885752476e-01 6.872260533729360743e-01
8.124021510948190583e-01 7.866356674564157769e-01 7.370535295547496757e-01
6.455837923593694683e-01 6.429146856729618387e-01 6.509436198625659920e-01
6.538704542526210250e-01 6.423729300501362927e-01 6.695584689755695873e-01
6.347990832510996828e-01 6.761313582830836832e-01 6.521357704731162164e-01
6.377068222579077572e-01 5.734648853338352170e-01 5.963091515997537284e-01
6.412571514740015299e-01 6.193910884927954497e-01 6.006118011298366977e-01
5.049887318344117304e-01 4.819559037458984174e-01 4.942389253656002124e-01
6.160648927090861537e-01 5.609234581168386358e-01 5.813658591078175730e-01
7.759923484768683766e-01 8.399495209303808885e-01 7.929133993430379501e-01
6.759755053510346778e-01 6.611514655801249418e-01 6.839259913990672901e-01
7.359313777448740490e-01 7.569672445656435711e-01 7.056818204710584297e-01
4.283449354592300251e-01 5.133873265278829923e-01 4.873284479210955866e-01
6.294814284814803651e-01 6.002090729677526104e-01 5.949110641431999413e-01
5.794404064179669023e-01 5.972635111989609280e-01 5.534760457209912943e-01
4.995847257165081379e-01 5.940008397482534619e-01 5.286596587935841196e-01
8.093412638070015541e-01 7.892534619746355284e-01 8.071589176250479891e-01
5.379134585671071500e-01 5.431157307017723257e-01 5.226995451073273014e-01
9.614382873615718861e-01 9.631395719685080792e-01 8.792941884227318816e-01
6.366975107089953845e-01 6.076374300298938991e-01 6.078556237328273104e-01
7.042890468486291411e-01 7.370890138792256518e-01 7.538474812667097513e-01
5.903294819486260003e-01 6.064880533600820467e-01 5.304706841188019384e-01
5.861478994111788410e-01 6.130472577155127167e-01 6.310878801633070800e-01
5.774627236025395849e-01 5.941145281113853205e-01 5.628696521097203975e-01
6.388926351847540319e-01 6.021794888337965723e-01 6.519108298524812772e-01
4.936194464543220972e-01 4.591714072994961815e-01 4.834676099256249859e-01
5.670865174820113319e-01 5.592260232449500768e-01 5.502246469267243478e-01
8.091611539601519798e-01 7.930074475052336647e-01 8.273830996643720681e-01
6.765700591390103602e-01 6.577316352050549542e-01 6.244032241381948234e-01
5.737523602136566092e-01 5.498386405125043064e-01 5.653232848526953402e-01
7.487147988795073150e-01 7.441627954601204298e-01 6.636225006165441531e-01
5.122287168317294359e-01 5.670299880096348888e-01 5.937286991597590102e-01
5.285266636873058310e-01 5.563524111509575709e-01 5.185417525252848936e-01
4.749989961355839951e-01 5.128140793632893768e-01 5.008917995511025234e-01
6.435311044401934577e-01 6.227105071158001159e-01 5.915878188067184018e-01
7.540656436937253071e-01 6.960820792058941553e-01 7.074190314356137987e-01
4.009400857853469557e-01 3.369109766877255163e-01 3.634688246861061955e-01
7.182771037247855928e-01 6.768450412545751194e-01 7.315030554460243417e-01
6.405284048181096868e-01 6.921340367750833389e-01 6.303089601111702134e-01
6.765597204176906354e-01 6.528796200011607320e-01 6.703697668317062375e-01
6.436201649362797150e-01 6.688106582236070796e-01 6.417149828021535551e-01
6.048615093141821442e-01 6.270165196611053871e-01 5.948585988844092842e-01
6.151337628790386480e-01 6.129218753100695860e-01 6.208823373982214067e-01
6.263847736090367713e-01 5.349856564883638255e-01 6.128853253271767665e-01
6.150892066207716002e-01 6.452367404515179095e-01 6.313277656807412264e-01
7.127289714518100228e-01 6.962948502886051605e-01 7.039636563228167665e-01
6.782851288513674914e-01 6.982797327018487321e-01 6.802107204180720679e-01
6.202779309947284991e-01 5.966491107550345729e-01 5.917117782328699116e-01
5.488088616438322465e-01 5.405109006419660522e-01 5.053250487832904314e-01
5.296525936109472976e-01 5.726226652785080251e-01 5.854982489220893482e-01
2.822125334372969641e-01 2.819078773161136087e-01 2.874821244066296799e-01
6.590621013881220458e-01 6.727023901703447217e-01 6.969801880396783167e-01
7.209747155623039694e-01 6.940712383674536579e-01 7.263261252856465511e-01
4.503759382964724889e-01 4.417154279248268756e-01 5.112039877312967162e-01
7.355195752760848027e-01 7.154688775551439894e-01 6.830238061935193228e-01
6.739092941273971960e-01 6.706550196009164466e-01 6.809136206503194622e-01
6.282029225159236896e-01 6.091400720579325245e-01 5.801427966792347402e-01
4.789957157798642173e-01 4.970478820209261461e-01 4.651781395988081047e-01
3.206399923071293623e-01 3.756208012208526736e-01 3.555514609114230895e-01
4.330987136947799243e-01 4.495768015594671096e-01 4.062784538162461101e-01
6.083160473177743333e-01 6.718404115469893689e-01 6.716103274212725793e-01
5.505353277855840055e-01 5.182184107437166620e-01 5.570193838883815696e-01
6.182078012986668147e-01 5.964402611677436239e-01 6.328437399439348354e-01
5.162809876064395898e-01 4.665171079609383709e-01 4.455695503119977974e-01
5.448285954247357177e-01 5.334183928036166922e-01 4.858601065009783837e-01
4.901393382288099509e-01 5.015352843611167177e-01 4.591156993949268572e-01
6.292543984421590242e-01 6.241368639421541742e-01 6.445005703335215941e-01
5.826092423453999025e-01 5.215617833102781375e-01 5.893006550314353609e-01
6.507716335988353862e-01 6.907214035462938551e-01 6.685083477146388509e-01
6.894713011359567822e-01 6.717294632697177192e-01 6.869779256629165998e-01
8.361619512897170425e-01 8.117462739714683684e-01 8.133755034301912712e-01
8.155809814791434853e-01 8.125748482154244723e-01 8.284308733993114293e-01
5.346782079156601197e-01 5.204038792568586036e-01 5.536371397702504193e-01
4.444253288188892981e-01 5.194742420755986689e-01 4.716196184147850023e-01
6.397975611761816950e-01 7.021019532008564434e-01 6.829212029004750883e-01
4.784044139429129983e-01 4.782873106665663787e-01 5.154542514426236899e-01
5.957479278958791591e-01 6.126532430421602893e-01 5.942295032624302920e-01
5.370783694275335085e-01 4.775589605804300697e-01 4.726362066936855011e-01
6.102465209251515255e-01 5.956765487921659163e-01 6.094924879017602493e-01
4.842354771296280558e-01 5.167400349793598302e-01 4.837423796055792535e-01
7.112181203161448417e-01 6.495874480047986177e-01 6.694368280973754803e-01
5.131177556643947701e-01 5.435238494926113439e-01 5.057364949144053101e-01
7.286703084716407153e-01 6.748927451963444568e-01 6.720100216456496023e-01
7.286882622052057723e-01 7.178015013351849438e-01 7.575199130970382555e-01
5.723222412503946588e-01 5.459302185753024395e-01 5.925134938760986403e-01
5.952408142437068950e-01 6.333992044175432712e-01 5.673071891603471695e-01
5.110234222083537281e-01 4.839185520122485373e-01 5.120767769701185523e-01
5.027022818209269106e-01 5.173764860737360971e-01 4.968196701226840206e-01
6.583870723144236159e-01 6.370261355599294850e-01 6.429794469131417944e-01
3.842322232930409642e-01 3.871003162718967827e-01 3.945239836179303961e-01
7.426721871933885666e-01 8.346682795665066878e-01 7.924434137547839985e-01
6.071478279807017708e-01 5.849777526013256734e-01 5.707407585220047874e-01
4.770012125758597565e-01 5.161335801320918737e-01 4.847485295194395860e-01
4.999663142080014722e-01 5.267074859680386245e-01 5.242465843825567795e-01
5.233450231890215409e-01 5.185396409165692333e-01 5.073691912145883443e-01
6.557530331626122422e-01 6.959343688103938330e-01 6.758774279677416397e-01
8.271255935739383336e-01 8.806118350101337366e-01 8.207640014382375782e-01
5.383493884340334601e-01 5.495923887573468392e-01 5.716792648524346987e-01
6.365073613719256507e-01 6.208507426822750253e-01 6.500873972177599880e-01
4.130902604634362207e-01 3.678159847249249936e-01 3.644505097156895967e-01
3.849214772511597715e-01 3.725533792871317251e-01 3.796953428306369949e-01
6.966603845609659063e-01 6.471355403268773676e-01 6.673488551779249711e-01
5.346348001274809913e-01 5.480547382404953316e-01 5.482886544772608284e-01
7.768957338705581028e-01 7.895645992990134587e-01 7.444572177979627003e-01
6.364917313138032107e-01 6.354407111403317376e-01 5.993000990356249780e-01
6.573369641951790632e-01 6.753327155852457686e-01 6.344399474531978722e-01
6.132202119174575694e-01 5.998277547552856026e-01 6.246029608167762426e-01
5.736232646394036072e-01 5.802392039218222664e-01 5.796679406565973247e-01
6.296108755714224792e-01 6.117499579910553598e-01 5.773592242653353690e-01
7.155815239110573378e-01 6.289630046157851373e-01 6.565233680771749292e-01
6.349116414536493114e-01 6.612717666807472749e-01 6.856935221306175166e-01
6.806058295235226652e-01 6.965544159519894141e-01 6.620261559803758411e-01
6.633164483536054812e-01 6.927654642457580225e-01 6.842627286145439580e-01
5.575245065253313648e-01 5.828338435317922395e-01 6.119838199861067363e-01
6.624800990477920370e-01 6.420258921413889430e-01 6.535616345349543055e-01
6.157633499208792216e-01 5.844612630381630369e-01 6.332765099028550004e-01
6.199069919730161304e-01 6.059649789314351942e-01 6.246810630324952651e-01
5.904064081950389786e-01 6.262701935461816305e-01 6.169033380423517565e-01
1.018959373719527717e+00 9.923999044722401353e-01 9.751023745170244172e-01
4.164911403981753635e-01 4.159342272652563066e-01 3.947491754995796076e-01
6.195910149176701021e-01 6.218237393132298729e-01 6.379216603542895436e-01
6.850704658193046415e-01 7.062630713750960298e-01 6.856209648079152341e-01
4.522957730502902840e-01 3.811082414883485980e-01 3.534089094330571945e-01
5.341992794150393076e-01 5.049509472671698251e-01 5.916257518931162807e-01
7.669925491010096685e-01 7.763872506238457261e-01 7.989683678882326667e-01
6.287207298941015488e-01 5.859549468357367896e-01 5.980439492494206144e-01
7.216019008425886838e-01 8.076581496554398054e-01 6.987449231438707109e-01
7.318354896118017816e-01 6.648506586639806315e-01 7.021739312528877397e-01
4.869723762695596925e-01 4.878669731276145671e-01 4.781032522823501774e-01
6.289774811966585277e-01 6.015096974254962037e-01 5.779572910589169110e-01
6.493387131836344528e-01 7.140229097668211455e-01 6.794008076183883915e-01
5.718871479386589129e-01 5.568779832012948905e-01 5.436405069175893612e-01
8.027508927642081904e-01 7.773558779019019704e-01 7.817204117420317733e-01
7.414485031986426389e-01 7.547972288186599599e-01 7.452500048659748133e-01
5.192240000903967090e-01 5.071630038142048713e-01 5.427124273290571121e-01
7.206666170929049153e-01 7.613253994972093430e-01 7.503298468592256576e-01
6.143642793897062804e-01 5.961028087395771058e-01 6.043957275610224444e-01
5.140989903110119164e-01 5.272712947588347188e-01 5.347712271889989433e-01
6.916850079705436638e-01 7.260321369275010150e-01 7.172399158537456909e-01
5.551725702085783531e-01 5.411255701260679896e-01 5.466378300936913792e-01
6.325506784689178819e-01 6.507641765404424961e-01 6.381540861943074683e-01
6.249350571334088000e-01 6.683720495984167842e-01 6.262061880696285776e-01
5.925076046169229782e-01 6.231828223135187361e-01 6.206356482864257007e-01
5.702972738427199983e-01 5.583979103597443983e-01 5.693381171799909435e-01
5.293615163632945375e-01 5.727895776961555718e-01 5.735878691870975876e-01
5.221459988909024075e-01 5.796929714089059660e-01 5.602243421924293365e-01
7.920131744816066854e-01 7.523854625486875447e-01 7.850087415569326765e-01
6.252682455412688078e-01 6.060170814509405757e-01 5.788651985547799139e-01
5.408815917318713362e-01 5.611664454260757440e-01 5.325259787751811524e-01
6.355841617034825308e-01 6.308781655140037747e-01 6.867090744861027440e-01
8.294369480115917348e-01 8.318652386344986827e-01 8.227486009175396520e-01
7.031232428392463207e-01 6.157832750600940042e-01 6.015424688586972213e-01
7.313583704452029099e-01 7.135893338163212807e-01 7.330028374684653958e-01
7.208029738164610789e-01 7.297566836825385428e-01 6.917019852757610998e-01
4.990919341577841895e-01 4.794270323910055920e-01 5.206088084743604183e-01
6.097589320571449312e-01 6.009348629500099737e-01 6.097801678789573909e-01
7.852332617780317658e-01 7.628790407820570385e-01 7.669090861800148540e-01
7.372933374600664225e-01 7.092352436438653651e-01 7.090310582236407644e-01
6.121092372591970809e-01 5.846230204473250591e-01 5.652473154424246804e-01
7.480708930061189532e-01 7.695954004502514323e-01 7.328038759565386195e-01
5.458955214681211476e-01 5.280041390494980558e-01 5.213765984632953154e-01
5.422065187527771446e-01 5.500111779224126085e-01 5.208265275586948517e-01
6.109360771995139272e-01 6.529538980257063585e-01 6.008844323728034231e-01
6.733028375300201818e-01 6.336210062390048581e-01 6.353292308150282341e-01
6.033979056948042263e-01 5.888683568588286565e-01 5.951820972930473852e-01
5.015394865127404955e-01 5.427942701862044084e-01 5.352829801128922149e-01
6.302802165227140430e-01 6.362738191480145078e-01 6.151138615400226772e-01
5.226304272730621925e-01 4.909137438359190142e-01 5.224061968638018527e-01
6.710476268167333558e-01 6.739139150145163626e-01 6.378266455048536843e-01
6.272044530108920046e-01 5.846332867165952019e-01 6.046800388910227309e-01
5.274064538251244105e-01 5.487254767853920745e-01 5.595393584328534065e-01
5.958889343006380512e-01 5.988536078232290505e-01 5.881492361482111297e-01
3.495710499135473159e-01 3.203868552491541677e-01 3.403712939771410539e-01
4.571802470899340998e-01 3.920381505972914127e-01 4.286790928313607973e-01
5.775644357542789598e-01 6.093611953428004213e-01 6.616489366729818578e-01
7.167519710400435118e-01 6.810647569704111337e-01 6.864498482498037069e-01
6.158286092203513196e-01 5.475558675111502627e-01 5.944219719900023513e-01
6.226886599235137432e-01 6.420971619959048304e-01 6.566587727687670517e-01
5.378311020222662497e-01 5.481879622957565035e-01 5.495348396545968184e-01
5.640333944384268161e-01 5.317732541789318423e-01 5.412732304432812391e-01
7.681214778842780921e-01 7.576548189187136684e-01 7.934351023881330844e-01
4.055953974261664041e-01 3.571427908970756238e-01 4.302808714951304458e-01
5.463117402879814621e-01 4.422131595126274073e-01 4.987424477307698667e-01
6.538949845767217939e-01 6.394869443857513769e-01 6.537695488362061935e-01
8.157945850317179781e-01 7.853136390086722374e-01 8.403058109408708676e-01
6.921145145056847303e-01 6.955802459703184226e-01 7.015605794625540126e-01
6.019392555344577067e-01 5.527705182251271276e-01 5.426179531101584796e-01
4.214141123458794991e-01 4.415415058781825830e-01 4.365072368465908736e-01
5.092745359129490224e-01 4.708082778941612978e-01 4.850104753920135847e-01
6.714227159814032397e-01 6.600799666431574897e-01 6.375888293674648599e-01
6.692339221965150076e-01 6.889175065322754588e-01 6.483265370155695262e-01
6.058540171195666568e-01 6.250824726973054357e-01 5.990257683728315019e-01
4.216237144168265560e-01 4.104840344501048399e-01 4.140477533977857671e-01
6.448104847974431841e-01 5.987139204799055703e-01 6.063536995758052051e-01
5.627861468954259427e-01 5.461682641515558378e-01 5.194005604679482468e-01
5.141847722954233646e-01 5.520854355747242259e-01 5.434191014176973367e-01
6.539847557240415776e-01 6.741163668441820800e-01 6.899571436196724195e-01
6.899403950599737323e-01 6.908936196084921599e-01 7.194009701493472297e-01
6.608373276339464253e-01 6.490337454482794088e-01 5.968118219760204513e-01
7.957787202809604166e-01 8.347056691600052147e-01 7.911054177423860745e-01
6.803749315062788128e-01 6.461541938047644651e-01 6.630755606424618698e-01
5.094727513047720979e-01 4.946343212466889350e-01 5.297438565318077774e-01
7.077009034460586268e-01 7.246941032613035683e-01 6.994498750938208387e-01
5.059987062224238219e-01 5.117657247764334505e-01 5.155113445924550675e-01
7.375345175192126179e-01 6.770993659840754963e-01 6.298757984267104870e-01
5.754539670881572144e-01 5.622820910410344375e-01 6.143750897714689296e-01
6.014433586759074801e-01 5.796934693790524173e-01 6.068626349287915556e-01
8.331519702296484864e-01 7.887744782439763958e-01 8.320531484638326036e-01
8.359104071028181648e-01 8.745696617910198034e-01 8.168391030239644524e-01
7.905404412617027532e-01 7.805459684427924483e-01 7.859565562520088866e-01
7.799336760367715504e-01 8.406529319386999433e-01 8.143444649962072734e-01
5.472151110055754053e-01 5.351389089849979408e-01 5.279472136891915079e-01
6.115294486601077217e-01 6.105897428535678184e-01 6.124912823833391640e-01
5.140562440703784208e-01 4.570381373743996889e-01 4.901911701994076109e-01
4.603660406331105404e-01 5.199906872367467958e-01 5.171491416369053962e-01
5.882903693713706916e-01 5.443583552536666037e-01 5.227242274144537904e-01
6.161631573314623189e-01 5.995063267230715809e-01 6.255898502238483871e-01
6.857017380258156880e-01 7.095486729822412242e-01 6.850424247631011765e-01
6.115955092710333441e-01 6.755392921066007972e-01 6.171778223520357765e-01
6.342995710172192325e-01 6.629589834658925485e-01 6.913078051787328038e-01
4.956304444769948914e-01 5.196689735215729300e-01 4.880369255641652249e-01
6.430817534244418487e-01 6.251545852485657084e-01 5.646741934853837241e-01
5.368634827912981411e-01 5.748549934317603860e-01 5.799792926636951895e-01
8.389452268982087180e-01 8.378881148837845627e-01 8.674572026197465702e-01
7.454162577613637763e-01 7.370604771278800316e-01 7.233418788758148033e-01
4.030294197624902930e-01 4.396264665957532181e-01 4.181884606759747602e-01
3.331783822438496578e-01 3.187032401374039758e-01 3.184480306721596543e-01
7.434659617261987208e-01 7.714900261328812014e-01 7.786160955199682432e-01
6.943152625970326897e-01 6.208199019711702071e-01 6.690225842550656665e-01
7.167316937260520548e-01 7.615956232245566504e-01 6.723159646266664291e-01
6.502597286192226544e-01 6.633300103116743784e-01 6.481385505786100287e-01
6.427535718679081578e-01 6.062804501668758173e-01 5.676118829776597430e-01
4.721381361325428516e-01 4.507114791075878535e-01 4.547857365300473909e-01
4.570502122762834518e-01 4.276850026795585569e-01 4.478786175998502594e-01
5.670159493890515323e-01 5.712507245335290973e-01 5.688018603015406738e-01
5.419224176666938009e-01 5.510446031883291518e-01 5.089925947782141247e-01
6.345675035040952983e-01 6.632347779363622076e-01 6.323403373474664191e-01
7.074569515143871445e-01 6.676207603352002362e-01 6.794158796150210344e-01
4.864283186402034165e-01 4.681775680370258153e-01 4.702395885911523910e-01
7.041641109389619180e-01 7.056819201370302386e-01 7.362163583273051426e-01
6.465464759954195895e-01 7.021416952659628175e-01 6.870405882901077232e-01
7.515658803728937354e-01 7.794416956352459014e-01 7.902557788386741500e-01
7.397709454105534377e-01 7.068270255807082014e-01 7.109437250862099544e-01
5.568870280356340574e-01 5.262366943787287754e-01 5.514933908210976066e-01
4.876550831577796674e-01 5.268068227074835796e-01 4.201032341454066232e-01
5.770139116562976733e-01 5.962875344311227011e-01 6.189920183640166274e-01
4.942077174793979566e-01 4.282094377962503695e-01 4.774659339977941341e-01
4.038471525625421665e-01 4.488001752020673307e-01 4.325834946414733317e-01
5.040546452404260913e-01 5.266833629826440655e-01 5.272211006430985725e-01
6.457326217044481176e-01 6.640576591592233235e-01 6.389088090284671395e-01
6.141953469205826410e-01 6.552531788139931423e-01 7.001035088868419187e-01
8.228296634722424008e-01 7.727895609207775518e-01 8.508104402467244753e-01
5.669700882516116591e-01 5.452076135668265655e-01 5.502885846382129520e-01
5.320351838830430502e-01 5.463831607300497772e-01 5.230926562331527085e-01
3.095958578639216308e-01 3.550743762589441133e-01 3.400068257465668209e-01
6.237252316599181112e-01 6.350990445337866275e-01 6.475702101117953857e-01
5.330930053013827052e-01 5.289946659807316376e-01 5.243183241220379376e-01
5.679671542584785460e-01 5.684612791892170724e-01 5.867733681198589180e-01
4.648593209816564431e-01 4.453023804971572019e-01 4.657750517927958245e-01
6.345255079100969864e-01 5.892556478862447378e-01 6.427163953304007027e-01
5.047408014596918013e-01 4.630538742835106358e-01 5.216853205167312213e-01
5.424801738491945580e-01 4.400287579914636260e-01 5.373075006040948232e-01
7.539894845000408852e-01 7.758602445587622354e-01 7.454140971735206955e-01
6.595296380842112782e-01 6.711945105899953523e-01 6.897950229564489000e-01
4.909809652452827855e-01 4.986685447860586540e-01 5.093121794823523008e-01
6.475479463727725760e-01 6.249471796367859211e-01 6.530290851320152967e-01
4.589899628258085063e-01 4.826637129503165147e-01 4.659946936431711428e-01
6.293619875328163582e-01 6.448368197688867376e-01 5.962973681950896054e-01
6.356908649301514780e-01 6.831482050892346836e-01 6.224494553567769817e-01
6.706560984708426210e-01 6.618586120302705211e-01 6.520781748097559394e-01
5.556343626266696534e-01 5.811681996042765697e-01 5.808936835500555507e-01
4.310415236431435204e-01 4.199485072446083045e-01 4.164595607863595950e-01
8.240032194101403196e-01 8.528109559254495320e-01 7.751997377814322521e-01
4.704445953050898077e-01 4.479771127309027934e-01 4.784595840937959088e-01
4.808202537836195334e-01 4.537762654122991512e-01 4.465987828908318247e-01
5.504911465531974191e-01 5.413158622348043236e-01 5.477309338685875106e-01
8.295390211685111925e-01 7.712999823301042168e-01 8.110559315456485896e-01
6.815512842032653840e-01 7.212214526032871831e-01 6.334067170143545811e-01
5.104004029185584823e-01 5.092762323383044354e-01 5.381992612990701419e-01
7.335230059408944792e-01 7.191962905448940901e-01 7.144969145759398899e-01
7.302092538275540834e-01 7.084150730094440629e-01 6.982272283801717050e-01
8.045233264293536468e-01 7.453527754692031992e-01 7.709766784140051898e-01
5.020058905095047264e-01 4.823130772413002920e-01 4.499827255738886311e-01
5.047374819269745405e-01 5.206838482493452158e-01 4.909258038302936056e-01
4.961627884838755165e-01 4.975009139329320540e-01 4.483283200672618651e-01
5.915655648863958893e-01 5.584405895202053660e-01 5.811146544045400208e-01
6.758944105456854423e-01 7.036291307944269047e-01 6.766797263568626875e-01
5.368836347051835212e-01 5.078385121268607083e-01 4.981055203681635235e-01
4.338819764609877505e-01 3.920476216316829965e-01 4.357836446651359719e-01
4.951126003873896897e-01 4.694643984311989149e-01 4.494519910719222411e-01
4.966116595286398927e-01 5.484521094739055469e-01 4.978258387972632204e-01
5.850201550212525969e-01 5.976389600136358116e-01 6.043177918724610409e-01
4.955225648714111086e-01 4.709505059871464394e-01 4.647159893559680288e-01
4.860970543382842068e-01 4.463634582120491467e-01 4.753307333043856886e-01
5.064844364325453707e-01 5.020985970528880626e-01 4.886727608508238396e-01
7.816906382349316784e-01 7.789993480025828587e-01 7.985519199132824486e-01
6.927375645763280687e-01 6.254293273417348420e-01 6.602022337983346478e-01
3.737120326771109502e-01 3.056497149347067177e-01 3.860782219121061676e-01
5.246881128480345158e-01 4.780112376158399679e-01 4.990872799654079150e-01
7.473094041395828002e-01 8.234541228905948307e-01 8.141784163815801723e-01
4.887669102725289427e-01 4.751796915863321091e-01 4.503104990617024517e-01
6.068918181545501778e-01 5.465870404511938840e-01 5.986156963340011350e-01
5.783295488946706975e-01 5.864691321978818817e-01 5.678975386107778522e-01
5.107749757650634770e-01 4.897535077049202656e-01 5.402754629973557376e-01
8.498552393969843743e-01 8.612482145466806571e-01 8.255360024067345259e-01
5.681568108600734135e-01 5.718444428385637268e-01 5.106767670681935378e-01
6.643483185409260194e-01 7.310554778880272719e-01 6.768414344788113990e-01
5.359638152201591232e-01 5.980453440911241980e-01 5.707488925393270351e-01
4.523619914990071877e-01 4.234265526367296251e-01 4.282453421346191780e-01
6.288858853771126523e-01 6.503503805672175009e-01 6.765694741539493018e-01
5.175519872838737490e-01 4.690069543791706153e-01 5.129972234608225490e-01
6.579744368383753095e-01 7.280560943493865622e-01 7.151098972381656482e-01
5.126592423607084781e-01 5.010010802591645662e-01 4.928468146290380658e-01
3.108948199467864715e-01 3.237717537827227710e-01 3.499837060400520783e-01
5.262783415721219438e-01 4.483740916481131489e-01 5.200452062588023505e-01
6.203132698718392124e-01 6.001060003246838637e-01 6.062730548488275417e-01
5.703189179520922192e-01 5.260724465629276203e-01 5.766900005903764503e-01
6.302260786714823926e-01 6.175663214337387963e-01 6.345140562982806154e-01
5.079740075360619223e-01 5.646677432195650326e-01 5.743557702782260410e-01
7.112589282304272453e-01 6.934390665442152768e-01 7.520077898805452854e-01
5.659587683048575846e-01 5.321014168745906714e-01 5.935162249966152714e-01
5.566497862642604266e-01 5.247293011694408316e-01 5.244116959621910601e-01
7.491554550625850739e-01 7.327384343577953985e-01 7.584282377078751525e-01
4.866537100427114626e-01 4.806470414445208617e-01 4.827429668509455873e-01
7.668698357856383874e-01 7.106206279727248498e-01 7.645771553863363046e-01
6.068149306326848791e-01 6.605954524401292938e-01 6.201578816165093100e-01
6.643769121691334156e-01 6.771866155697593426e-01 7.033406311890851859e-01
5.195277169589522792e-01 5.039989333482073341e-01 5.218880553143561141e-01
6.380728869237158873e-01 6.373001902031236732e-01 6.304500335972497149e-01
3.643500555269996721e-01 3.227398609070744051e-01 3.426288409786140132e-01
5.540486097075280059e-01 5.953679822786469567e-01 5.484862725019451490e-01
4.128746955377272099e-01 4.185090738813152522e-01 4.228704045602225681e-01
6.880971493751638635e-01 7.265407992790310354e-01 7.020531771321188996e-01
6.833149481863028951e-01 6.567206665785568775e-01 6.465465987564579242e-01
6.151833834116264832e-01 5.756840370139931773e-01 5.870768312422829371e-01
6.674411380133652427e-01 6.572564811824960218e-01 6.999205713752726377e-01
5.590909267160434348e-01 5.235945157704371411e-01 4.946173196457762655e-01
6.817216466870075209e-01 6.663166822560067093e-01 6.525463365922082870e-01
5.892700833287513040e-01 5.606028170812927813e-01 6.146061195458069060e-01
6.080770020885523097e-01 5.915247486649617414e-01 5.511311782339062271e-01
7.319242178336011762e-01 7.083350290552691275e-01 7.390386899652048314e-01
5.858271967316779349e-01 5.824914425345258939e-01 6.254629431542508833e-01
5.390106141356364455e-01 5.719859270540789131e-01 6.090609931452704018e-01
5.180365842758503092e-01 5.605946892858687525e-01 5.051280812198933878e-01
4.318888182478273219e-01 4.619856370374819665e-01 4.056832221931567228e-01
5.158967294723650898e-01 5.380183283459158972e-01 5.424886820923640052e-01
4.913789574772871593e-01 5.047426755311494873e-01 5.032132158646157594e-01
8.315560180253639411e-01 8.157636953590132745e-01 8.462664023299779625e-01
5.650552465015513670e-01 5.684572641804462867e-01 5.808061835641176174e-01
6.939285493372039371e-01 7.378046988059581146e-01 7.079025109116218184e-01
7.146090096804025293e-01 7.336745273694714742e-01 6.951688392014645501e-01
6.816930033398702626e-01 6.929635801232199022e-01 6.522193256845475462e-01
4.381604528274730681e-01 4.014368185108270759e-01 4.080812821100037180e-01
6.492498811530725833e-01 6.979220836411295092e-01 6.179628785620442377e-01
4.254339431375708247e-01 4.790904564046133962e-01 4.187544028055636414e-01
6.802418974735118251e-01 6.798160301107757375e-01 6.675292492411940559e-01
4.626136419474047856e-01 4.966308670464000818e-01 4.293062106472274042e-01
8.192571876964147570e-01 7.571275644085441181e-01 7.526858267899820820e-01
5.062436857962887560e-01 5.314539288363868685e-01 5.300574082971017953e-01
5.371214077436125001e-01 5.648409241460450314e-01 5.609809900502520374e-01
5.405094967570953646e-01 4.997958927951347552e-01 5.257345804105240106e-01
5.831324524446140911e-01 5.259512191022319705e-01 5.876632505284614671e-01
5.245851028948869121e-01 5.307386555880855283e-01 5.570813822854582265e-01
5.709360905607070436e-01 5.097851504077520746e-01 5.092791103780122119e-01
7.127515164807516346e-01 7.421530410769362485e-01 7.220994201116065492e-01
7.790219536547727808e-01 7.767356958110531728e-01 7.972707720867232561e-01
6.386818745345678172e-01 6.732593297699792645e-01 6.346460229246747575e-01
6.007688318400589145e-01 6.448037345609174409e-01 6.298939651835373521e-01
6.886097305425362691e-01 7.444971433900443580e-01 7.402001305562893041e-01
6.419152886630218324e-01 7.056580338910375394e-01 6.498938246822441034e-01
5.670932083336470697e-01 5.281573521626690138e-01 5.472792274863786943e-01
7.091876926791603752e-01 6.850936210132830828e-01 6.747850945974582793e-01
4.204905688639404282e-01 4.622246302492976633e-01 4.135543071882685218e-01
6.884325538170283920e-01 6.756725091685710227e-01 6.705051476459539250e-01
5.020807344607658429e-01 5.265016999284215515e-01 4.889824871557751362e-01
7.104557281956478398e-01 6.833434378965888012e-01 6.976071907076326628e-01
6.415173373487297326e-01 6.267895712883689852e-01 6.216368622648348330e-01
6.757690506675939623e-01 6.614589051286863253e-01 6.307389481786016550e-01
7.525596132030626384e-01 7.585365794561130803e-01 7.729477023426019056e-01
7.352153461579723492e-01 7.248545331230451527e-01 7.276413700160034859e-01
8.315518884731722959e-01 8.205754725155617324e-01 8.120359343535319407e-01
7.827740631657983394e-01 8.833542433660263038e-01 8.301383100048049801e-01
5.486817304256143002e-01 6.014221702666679992e-01 5.511476945556469387e-01
5.380629398923861828e-01 5.702583623620958164e-01 5.111936954078650786e-01
6.402678662211411798e-01 5.944822542672926202e-01 6.328758860729165603e-01
6.190716409481901161e-01 6.577949106355329700e-01 6.829177075105250516e-01
7.577220007193904427e-01 7.318945327393413525e-01 7.723057976064137131e-01
5.239093413032830382e-01 4.806491179164133487e-01 5.127906436216286279e-01
6.345335475631985744e-01 6.310958118871593525e-01 6.079207060687646935e-01
6.979144754495144598e-01 6.558550491318345665e-01 7.036127758100770846e-01
7.390078413878992114e-01 7.587484104477383307e-01 7.466202109837047907e-01
5.502916953137207967e-01 5.519983121165370488e-01 6.029346119938207016e-01
6.160217716508132879e-01 6.585229937337845341e-01 6.097634015463214707e-01
7.246880489850558993e-01 7.707685391295989730e-01 7.303579503112758164e-01
6.389271394713581520e-01 6.407589067230738955e-01 6.401628481661379988e-01
5.746810045984181992e-01 5.811492776733439003e-01 6.049274019501915678e-01
7.803154048726054226e-01 7.941722791699576955e-01 7.255822239628337833e-01
5.843574138724532130e-01 5.748113923680782111e-01 5.824789352739963011e-01
2.723992508923638312e-01 2.943314967789776859e-01 2.936213899072560030e-01
6.223776375339957756e-01 5.961123883101783205e-01 6.331778234843095099e-01
6.299644165829562104e-01 6.056648613005976012e-01 5.733778950011639841e-01
6.736563215409359096e-01 6.901810444801507183e-01 6.719946665561048471e-01
6.329039703492149727e-01 6.574932434877653886e-01 6.467043480662598709e-01
7.114524883016539736e-01 6.739153553448136158e-01 7.036934406113969365e-01
6.320663305594416137e-01 5.907423844335883967e-01 6.092352571580570419e-01
6.729563606513858653e-01 6.443720315905726581e-01 6.339218584498513831e-01
6.048550783635074923e-01 5.724242064480046244e-01 5.682731873768332997e-01
6.594521211755486334e-01 7.213865831207090240e-01 6.991140189879524458e-01
7.400968817415777279e-01 6.723631478429030750e-01 7.145660879158909351e-01
7.493601834640639670e-01 7.641806214471770220e-01 8.117307456806683863e-01
5.164773292345704592e-01 5.171716403440224097e-01 5.553659042202921947e-01
4.960369448087530442e-01 5.156709912137127372e-01 5.092837960364459127e-01
4.886626080403747019e-01 5.332735244092112747e-01 5.702686137539866307e-01
6.603905159126629565e-01 6.510037554624233946e-01 6.521328876657201956e-01
4.287180422859873663e-01 4.308069818115828897e-01 4.726846532481423502e-01
8.309433364190250693e-01 8.138869649283007046e-01 8.317859340916210487e-01
7.114119355242380927e-01 6.663189386073450349e-01 6.909001925717239700e-01
5.488540005951538792e-01 5.978894543748213275e-01 5.652224686614547577e-01
7.323439514594869415e-01 7.339527449830576256e-01 7.427981071680022085e-01
5.964030707444203383e-01 6.446639325408272114e-01 5.934196698295111094e-01
6.254422836962743038e-01 6.346241360488998895e-01 6.253110238857512160e-01
