6.638618101707686181e-01 6.718439308241008767e-01 6.924864105464276776e-01
8.476461374944982419e-01 8.468610246833884192e-01 8.433614678649301588e-01
9.661699457661059309e-01 9.482005217560993682e-01 9.359679007858077160e-01
6.022927162068230089e-01 6.639152942169301852e-01 6.313548214248685397e-01
7.287323535549140585e-01 8.040942867775031644e-01 7.141018679320230156e-01
6.251958150917243939e-01 6.449225044295290310e-01 5.774248377395553300e-01
4.978885173166418543e-01 5.537938690829549149e-01 5.850551396009934235e-01
4.861912795336619242e-01 5.155861412622528839e-01 5.012194835806430548e-01
6.133610578099427668e-01 5.885096315711884074e-01 6.118482370712883256e-01
5.558070530699684708e-01 5.457379190371648425e-01 5.593763047300382985e-01
6.104697345269011199e-01 5.332800826273765837e-01 5.633235990069718202e-01
6.231549113813732443e-01 6.091307647240495893e-01 6.079042807825397743e-01
4.623642773783197546e-01 4.848067241716299547e-01 4.999639347279667967e-01
5.513207190721334250e-01 5.395164959681155725e-01 5.463469994069717339e-01
6.135911378032357089e-01 6.125374999208815785e-01 6.199782836886187365e-01
5.322516647369648357e-01 5.498970511631019464e-01 5.213976418290336978e-01
5.352503516708072562e-01 5.006786005217097602e-01 5.055923682023564236e-01
6.324467565382525525e-01 6.730875741926610756e-01 6.947304906134846858e-01
5.018838108052535718e-01 4.234850116393831243e-01 4.567105711408124824e-01
6.916156177218559797e-01 6.667352701369835266e-01 6.089487856843084357e-01
6.135600910140568409e-01 6.063783256693533463e-01 6.296157257243669703e-01
5.840209288586936109e-01 6.400632039641483972e-01 6.479462021991613252e-01
6.479670387465605863e-01 6.636159940741351848e-01 6.836076588826337508e-01
6.544291526164804917e-01 6.413758636206152719e-01 6.632176511949465780e-01
4.082433588571383609e-01 3.948497776998470266e-01 4.401285250179922115e-01
5.173280764947881805e-01 5.299000976103857008e-01 4.856375604603743734e-01
6.130815474381909880e-01 5.491142901657868336e-01 6.015144135212230347e-01
6.377916221104508177e-01 5.967672000718754477e-01 6.507090589740368580e-01
5.972661456061967300e-01 6.756042591001742981e-01 6.178563267929234604e-01
7.076300747899267884e-01 7.114308970895858453e-01 7.287658257748130808e-01
6.150801656771185399e-01 6.274964710003124724e-01 5.713666920222639778e-01
4.592415933867547428e-01 4.663339265122422028e-01 4.973482712119555726e-01
4.215390282111544096e-01 4.286719026869519333e-01 3.552096712748705198e-01
4.985531961553995028e-01 4.439492863844954340e-01 5.087326299475501967e-01
6.891958693227688837e-01 6.149100533467201091e-01 6.570030412392210417e-01
4.373173368583201936e-01 4.974457115300759402e-01 5.273317755965386544e-01
6.393605974269166436e-01 7.006760272563252734e-01 5.859911595103073356e-01
5.316614439822646698e-01 4.956055260826822684e-01 5.569807257650553067e-01
9.242427326424663692e-01 9.426831466993654818e-01 8.361864975133729283e-01
6.199631375009008183e-01 6.084519744501343252e-01 6.446131580987901621e-01
6.694630378856920583e-01 6.703930971961536978e-01 6.020275216535465601e-01
6.012651435018359081e-01 6.241115007405436677e-01 5.700810239189343376e-01
5.794216937423947167e-01 5.698216361250424411e-01 6.363896146096220674e-01
6.629390850703034133e-01 7.567537540974276222e-01 6.422100984863479134e-01
5.131131109530830958e-01 5.080814780169574663e-01 5.219332407942446350e-01
5.586972399057246186e-01 5.192595971349371897e-01 6.070857641877001054e-01
5.700455389357670377e-01 5.858822258603150201e-01 5.858536676635378582e-01
7.086829549447192234e-01 7.652723978719438991e-01 7.623937216542631123e-01
6.546188066236744429e-01 6.604450050902600511e-01 5.441026492598032283e-01
8.332220185415210034e-01 7.660523731608761544e-01 7.969588093251224192e-01
6.805351408463204965e-01 7.207593634797500037e-01 7.536622505258234739e-01
6.361145145466902129e-01 6.466104854483124553e-01 5.894653925128785499e-01
7.474386713117117109e-01 7.479720229148093535e-01 7.511780568636428068e-01
7.975223706860998796e-01 8.449986292517874809e-01 7.790976257232546942e-01
6.347980718543023704e-01 6.574358115130285451e-01 6.759111244804668628e-01
5.706344937079396162e-01 5.813092155795352989e-01 6.083970058712913076e-01
6.271218967355283169e-01 5.682742776600708812e-01 5.803148656608166922e-01
4.051354114883391477e-01 4.243504466373490547e-01 4.019763401220857180e-01
5.914973603400003332e-01 6.021556614314287348e-01 5.796125048829093851e-01
5.339151948808669168e-01 5.954070364135634064e-01 6.152519880343453318e-01
4.771572402616353070e-01 4.347962048690385828e-01 4.688190817234899055e-01
6.110509672961813576e-01 6.641775765461475078e-01 6.113157916651809076e-01
1.936784353836422112e-01 1.820414158555742623e-01 2.376636665766241885e-01
5.139159384343759962e-01 4.720952350599369463e-01 4.899767666656739684e-01
5.894478348777248966e-01 6.581759477345905385e-01 6.589847495988462311e-01
6.700623226163161528e-01 7.549866202053683306e-01 6.652777941431364805e-01
6.419744750396175759e-01 5.941542238493403572e-01 6.204502735781328715e-01
7.289876558140604423e-01 7.401642528551470868e-01 7.946262580962093480e-01
5.630501631954097919e-01 5.074282402925222035e-01 5.355619241780416040e-01
5.823049581920437534e-01 6.109453933090950306e-01 6.282359629037744808e-01
7.120195862381277774e-01 7.017725244911807714e-01 7.769673229287399341e-01
5.168865310249222134e-01 5.237995375324584479e-01 5.455716624511675050e-01
6.630311639877268792e-01 6.093854547002106603e-01 6.043358809123372533e-01
7.008954576810879633e-01 7.400243428383117550e-01 7.101065312307722754e-01
5.003626881909539748e-01 5.063370761240956197e-01 5.544599955787418155e-01
5.511424560162420105e-01 5.032844708437236303e-01 5.269996417413362888e-01
6.294338406871381464e-01 6.195191703603375455e-01 6.225665664341702987e-01
5.562316554956199255e-01 4.500450862829228904e-01 5.419776596772865052e-01
5.580686648454642462e-01 4.939271809771330624e-01 5.442197508523317628e-01
4.902488047944246197e-01 4.868977882101065968e-01 4.859895024612997383e-01
4.905380984045533133e-01 4.561695147429525865e-01 4.794732395219008514e-01
5.695911314901396238e-01 6.062160680229556897e-01 6.566373006229629938e-01
5.734603565896945199e-01 5.794884693766478856e-01 5.265404092922231216e-01
6.575924640276825661e-01 6.316653663524399720e-01 6.355736319534661671e-01
5.799048927603951409e-01 4.680885848906872759e-01 5.313059450195433131e-01
7.066028137791650066e-01 6.595650851750092247e-01 6.805954868680438308e-01
5.151566548225199327e-01 5.248941281060836017e-01 4.731888240613413843e-01
5.762724856628560488e-01 5.904787350836058213e-01 6.015917176875330563e-01
8.717025335945224329e-01 8.423718214648061586e-01 8.489599341403162303e-01
7.061632558210988453e-01 7.360540807905426863e-01 7.318831766687711182e-01
4.751518809211363603e-01 4.884698916785716882e-01 5.285110672662368669e-01
5.881256832318286776e-01 5.563090703406383675e-01 5.340353281627793214e-01
7.428265781045424454e-01 7.789438843526245160e-01 7.214639230412399629e-01
4.006492542865204842e-01 4.027589193374187526e-01 3.826287876969184931e-01
7.626842249679725017e-01 7.006951096284178560e-01 7.701088940183877796e-01
5.079745126129470156e-01 5.301013512695564867e-01 5.701978911747191958e-01
7.038332865571176322e-01 6.934019870663397089e-01 7.343774921572127079e-01
5.751909915916167959e-01 5.543221169477170474e-01 5.578454767409861681e-01
4.203009555700248367e-01 4.071931175888846011e-01 4.305419615171390268e-01
8.331651762046080600e-01 8.921062224185808409e-01 8.642871077956778558e-01
4.873115555283512590e-01 4.396160134048485713e-01 4.848305337391552450e-01
6.169895894513727219e-01 6.362623775615505739e-01 6.434362510933593349e-01
7.335786808713615770e-01 7.027056889577185661e-01 6.207454050579196414e-01
7.250145756042765122e-01 7.748326469983626286e-01 7.132002725651223063e-01
6.835895414132927561e-01 6.381713795599686101e-01 6.747215581210102009e-01
6.000142957505519847e-01 6.614932049823964988e-01 6.700290987640001861e-01
4.782814896481244471e-01 4.238393225409474163e-01 4.858887765537894809e-01
6.594306321243488256e-01 6.848957186441176903e-01 6.487472251246000354e-01
4.399233661806199458e-01 5.114376034656953340e-01 4.782047845226451432e-01
4.777878416783299942e-01 4.070152659877024903e-01 4.473129738047641468e-01
4.717718715146194675e-01 3.909156878845170269e-01 5.160740198164298631e-01
5.908541601668501064e-01 4.662407304119579599e-01 5.258313206348050883e-01
4.828548449598715764e-01 4.674108502042764735e-01 4.770927418678662657e-01
4.421048499533212772e-01 5.073778125683916507e-01 4.434111587152290701e-01
6.758796121262843348e-01 6.291171384526210719e-01 6.632150067400498505e-01
4.058463729986743207e-01 4.279822396237559778e-01 4.053684353486775027e-01
4.342820843980778056e-01 4.375750626713100222e-01 4.218749904446085219e-01
6.288372527664163325e-01 5.655373137024923835e-01 5.803646375328408435e-01
7.847765399805384234e-01 7.696709875327315542e-01 7.402642805393326864e-01
5.977530040962687474e-01 6.366349195858024279e-01 5.999405278081211268e-01
6.325507130119453203e-01 6.840317145461586312e-01 6.950796639550744782e-01
5.976427388615257463e-01 6.033432781225431807e-01 5.970457006323982574e-01
7.310593428235825364e-01 7.085010086403673579e-01 6.610690291313835454e-01
6.167949732537231222e-01 5.819231932103088312e-01 6.173101156274112267e-01
8.581643256537848652e-01 8.482099313759641213e-01 8.553427233115601380e-01
5.143225982336606661e-01 5.429251189789565668e-01 5.109670383548209349e-01
7.325709230824455354e-01 6.380231842283475840e-01 6.961379276641320724e-01
6.878573989077264583e-01 6.700327852178555865e-01 6.964621295871158413e-01
5.223664612483228664e-01 5.950081433193877833e-01 5.414187804156277428e-01
6.958986728306391090e-01 6.784660778797761971e-01 7.134738007450879271e-01
6.383777357093378679e-01 5.795987545992941081e-01 6.281493038526799744e-01
5.026897287541056691e-01 5.075043848564170235e-01 5.300841165082468276e-01
7.127920259411564263e-01 7.122491405584652213e-01 7.746213249042724902e-01
5.713063601969752270e-01 6.289757500753421215e-01 5.811984825942738686e-01
7.821396084591939468e-01 7.310813088681292760e-01 7.199259120609236007e-01
6.495313199373142776e-01 6.157548977891482700e-01 6.792368829655792695e-01
4.954597016685132749e-01 4.826891491949760193e-01 4.164050005325375392e-01
7.721966095043553135e-01 7.493198524368097635e-01 7.471235161633230648e-01
5.326633385848567048e-01 4.502427603348783114e-01 5.188895777932298614e-01
7.258510312663081221e-01 7.282517855480821201e-01 7.136537662983878372e-01
5.123044276947169573e-01 4.751215153767727184e-01 4.643513791534430446e-01
4.882261755869858333e-01 5.373754875187869429e-01 5.096784011368588052e-01
4.619064178543827448e-01 5.367848990582361202e-01 5.207120063778748476e-01
5.524116088523887136e-01 5.321545606564950237e-01 6.450818875636041838e-01
5.500195758230633780e-01 5.512250293057719963e-01 5.309396703415449892e-01
6.749079583114203640e-01 6.143990332405676602e-01 6.347820413886841040e-01
5.527036887043723645e-01 5.242468663037528342e-01 5.497238648291653540e-01
4.506717012485813578e-01 4.195949254400561101e-01 3.865635443979770214e-01
5.165308986301763161e-01 5.280650359304087660e-01 5.765905115058382879e-01
7.582033667494603169e-01 7.506998045630477456e-01 7.571443673315437772e-01
5.493112419942464131e-01 5.186607663911266819e-01 5.469055027900221466e-01
6.506247937964658723e-01 6.391394313110932979e-01 6.264351998017176903e-01
5.236597706048810030e-01 5.672823730670412123e-01 4.920014721386438139e-01
5.719163152973505415e-01 5.707935886574775353e-01 5.560153061467769664e-01
6.405789744479518655e-01 6.374507327703783366e-01 6.973779248670968212e-01
4.294257572495645547e-01 4.447465269041845359e-01 5.595862345972149043e-01
5.641797493971564270e-01 5.663454569081999290e-01 6.014729457752214792e-01
7.306965459411844943e-01 6.856475618665371918e-01 7.788499148311844866e-01
7.895932371430536278e-01 7.740166654164259974e-01 7.132075327424207689e-01
7.324542360977499555e-01 7.511260476769602290e-01 6.703512167832029744e-01
7.763152209638166656e-01 7.318778356013858621e-01 7.336488092170688757e-01
6.321321191718405341e-01 6.394191866921945522e-01 6.537697281335022037e-01
5.973319605559224144e-01 5.021736105069501965e-01 5.010029639560523718e-01
4.459879681115925809e-01 4.253742155821736426e-01 4.131103270450415255e-01
6.068589155029355808e-01 6.550086780830014499e-01 6.426787140439923496e-01
5.876837880718226437e-01 5.872034390166128714e-01 6.088680782698032701e-01
7.283994860904017266e-01 7.638486142072183904e-01 7.120997430412123741e-01
7.208905921052827237e-01 6.351540862837207202e-01 7.344256107781966803e-01
7.445430818039678877e-01 6.902019922842461686e-01 7.131742709339886632e-01
6.572846208911277133e-01 7.326616625707500496e-01 6.853272335975995055e-01
6.319710237883978676e-01 6.905137375073064909e-01 6.020436432664786341e-01
7.758151704055661346e-01 7.905407237720479818e-01 7.628519460412030995e-01
7.257827615682691524e-01 6.917090522150382004e-01 7.677533608082018901e-01
4.538087005417796860e-01 5.336033816758393167e-01 4.699027273836822172e-01
7.419736615578503836e-01 6.705667922470363029e-01 7.167996253284164565e-01
5.696240971721873159e-01 5.307879091366660695e-01 5.843224319134603384e-01
7.760697995684973094e-01 8.015798932220526973e-01 8.507652822479002674e-01
5.762138661398117367e-01 7.425018642537052349e-01 6.623029005287739412e-01
5.549442211634677546e-01 5.417673518177027470e-01 5.128050713705788466e-01
6.665769069122998713e-01 7.504191485111413318e-01 6.129395005385337436e-01
3.858048376459743412e-01 4.500215825615422882e-01 4.653928448912509341e-01
6.836299106877679055e-01 7.699994963778619139e-01 7.135554332073646977e-01
5.272547101566337213e-01 5.801206233863220874e-01 5.356388805738826475e-01
6.135076609778558065e-01 5.808219033982614521e-01 5.562371265103853712e-01
4.128274683206554219e-01 4.442474871799179104e-01 4.750787250084153590e-01
6.099216401505465068e-01 5.621790686562748718e-01 5.651370720751696108e-01
5.831971313247716893e-01 6.117838339837479156e-01 5.272892712958214823e-01
5.277634765628058666e-01 4.713129503157265643e-01 4.496401883395549359e-01
5.983821800072257613e-01 6.997951169193978860e-01 5.709354671194163400e-01
5.008648666362399693e-01 4.767846534456043339e-01 4.905361205746830433e-01
5.383685527608470522e-01 4.985698971192841222e-01 5.344874806511016319e-01
4.913733650412778209e-01 4.944203819806886613e-01 4.908216734159599470e-01
7.952426720126214432e-01 7.245867152761117369e-01 7.194021454512573577e-01
5.497870990837171457e-01 4.938355587098027799e-01 5.011087493945645122e-01
6.131248556768608138e-01 5.808894218409251797e-01 5.501878380576390448e-01
9.253469082218891417e-01 9.184605446501455939e-01 8.614406762088946401e-01
6.369160478239009882e-01 6.717721921357399095e-01 6.517028970186232728e-01
6.956467621765390907e-01 7.176697747031357544e-01 6.495840057995698746e-01
6.621547449066930158e-01 6.909080485294852858e-01 7.326465746493404652e-01
6.442853571269634427e-01 7.262412100056983011e-01 7.241145289679414843e-01
4.977062970944239328e-01 5.545591460250214322e-01 4.620706887841710686e-01
5.043873384133930049e-01 4.683490242533624448e-01 4.623962498495641782e-01
4.269576157157355945e-01 5.203226201396253803e-01 5.071260699785329340e-01
6.051051086183559802e-01 6.144577962748418720e-01 6.638854540231312606e-01
2.910313223846967556e-01 2.824440331971433404e-01 3.227506092260839510e-01
8.055705668033434907e-01 8.106741428018247042e-01 8.045497224234448019e-01
7.933805336086874327e-01 7.355564840629968959e-01 7.950658011118110213e-01
5.296703209083516439e-01 5.244444031842799836e-01 5.169587376559310332e-01
5.770245843288116516e-01 5.946849037531876103e-01 5.670981319651472452e-01
5.556447394778400994e-01 4.987402116637836835e-01 5.210700547553125395e-01
5.168963148449829959e-01 4.590018531958283687e-01 4.961001483117848943e-01
5.380824928434904120e-01 5.192113768750921121e-01 4.640520036554126593e-01
5.865794992354887993e-01 6.308814907932189797e-01 5.663626420988046029e-01
8.101206919335177670e-01 7.479225181598387895e-01 7.125227294800334787e-01
5.783886644492715057e-01 5.270030164708113807e-01 5.388684609742788734e-01
5.539487435993822873e-01 5.499718864119844675e-01 5.231205148816346906e-01
6.898264947656713719e-01 6.820709814353743683e-01 7.284103677339716088e-01
5.021026306805156381e-01 5.507872854502640081e-01 4.628894616223443448e-01
6.266382549478768382e-01 6.205406612782299325e-01 6.100685918213137882e-01
6.270701076354123771e-01 7.024199910713694317e-01 7.074481575821457424e-01
7.220316051796894508e-01 7.748041213278147321e-01 7.527568289023925940e-01
7.040106704691045936e-01 7.403410799616307880e-01 6.894465459930336770e-01
5.583453498501468326e-01 4.924245138484880102e-01 4.416460454240219158e-01
5.463249290263457736e-01 5.634925139636061120e-01 5.593802363754201146e-01
7.157392481132208717e-01 7.255340395616669547e-01 6.696962204005144637e-01
6.042736876541732194e-01 6.191628696001524323e-01 6.182421984763020184e-01
4.109765666997699518e-01 4.670353816439800632e-01 4.539315021127321437e-01
9.049162325466043599e-01 8.560370605122109566e-01 8.757369440741048505e-01
6.978540113442636139e-01 6.714987167543856605e-01 6.780721526687529810e-01
5.281316539975488000e-01 5.278015259180180996e-01 5.637861459344624127e-01
7.254515787894044720e-01 6.119501288271246286e-01 6.457798227025425275e-01
4.049252499744610545e-01 3.697067472094957008e-01 3.240757594922931695e-01
6.769873480593645576e-01 6.432446811758617544e-01 6.805775792344905817e-01
7.442260656613878256e-01 7.171191371680898374e-01 7.897752704299909610e-01
5.161131249892206840e-01 5.087190752024772777e-01 6.044316291391496065e-01
6.244878294235352012e-01 6.242888040563318031e-01 5.623419880120015257e-01
7.219263592098097426e-01 7.633352160700951350e-01 7.173392625959232882e-01
6.454635940548952844e-01 6.689621061016509662e-01 6.791272996523722849e-01
8.303317786090802510e-01 8.309778198313043651e-01 8.319207466869221745e-01
6.308805848857461651e-01 6.576239832014569853e-01 6.012535046763575197e-01
5.127825181905881768e-01 5.353821626395235400e-01 5.099665289624044640e-01
7.623525819710162965e-01 7.825157037073322552e-01 7.778029649629745190e-01
7.461612536129675899e-01 7.604972413673122267e-01 6.725989171474803241e-01
4.893805676832901908e-01 4.513035062425175270e-01 4.291450887637428546e-01
5.136805658675112074e-01 5.267047320761032436e-01 5.061158088547774714e-01
6.286273859376819706e-01 5.990378913990396237e-01 5.415354358405796154e-01
6.093095464869260347e-01 6.756903320355612808e-01 7.029063817402672054e-01
7.699278607956624443e-01 8.368274964217183864e-01 8.251512247947198064e-01
5.953559382910049713e-01 6.215102069387178352e-01 4.850717378395811297e-01
5.727769260095365578e-01 6.001308897615329485e-01 5.888078990290529502e-01
5.785732441780304658e-01 5.706117454253301080e-01 5.851382015894638355e-01
9.293666711301430405e-01 9.307609175709213867e-01 8.590549306094801274e-01
1.478158190298319852e-01 1.881176375319193739e-01 2.036425462466786573e-01
5.124889738258852079e-01 4.678511822979902757e-01 5.171059801188130356e-01
5.782090320910899806e-01 5.739800261738687848e-01 5.791036354538008357e-01
5.483744715902716393e-01 5.790437057039999891e-01 5.009078406084215285e-01
5.325606211283242519e-01 5.807078948420467679e-01 5.370407799625481760e-01
3.760799646945913732e-01 4.204453152439671659e-01 4.774439987747055580e-01
5.390790402116018010e-01 4.725508030585989228e-01 5.222858280913622586e-01
5.752034661868309362e-01 5.668208396874581112e-01 5.448709769455131191e-01
5.912865647445384454e-01 6.228075716333986156e-01 6.242029897573017072e-01
7.371768009167752878e-01 6.914407314121636672e-01 6.029042077625145213e-01
5.234841057301777845e-01 5.623490486164752777e-01 5.645453414415162463e-01
6.279091603409258093e-01 5.881979215566158770e-01 5.488928643348347514e-01
5.576642761508604496e-01 5.789194558593590001e-01 5.731373143239529844e-01
6.322244453116562246e-01 5.923284054108342023e-01 6.179171866018094983e-01
5.240996242330628885e-01 5.314695421964945599e-01 4.781032633520793662e-01
5.556871963865853692e-01 5.739452094663372028e-01 6.507151011155835052e-01
9.987445437557633809e-01 1.059506333326392546e+00 9.906722798449487666e-01
5.026992590495270585e-01 5.506165179906307161e-01 4.653885985071451459e-01
5.604080563692965811e-01 6.458828040853097363e-01 6.396314657267229142e-01
6.581995287980050291e-01 6.252111071876046422e-01 6.686914405072837964e-01
6.501543883402959301e-01 5.391811041185011755e-01 6.846675339211860667e-01
7.250447120350531627e-01 7.648000514398762828e-01 7.356539668519619379e-01
7.287548313086180674e-01 6.674300974465509073e-01 6.875567470101580092e-01
7.111898380980092860e-01 7.153834878247613549e-01 7.177796602861377107e-01
6.793759105335498427e-01 6.150453784682677894e-01 5.546672069227768231e-01
6.669864766088969832e-01 6.886643636060333362e-01 6.316393711107843867e-01
5.482840097043629735e-01 4.985879846503458168e-01 5.524916522892214799e-01
4.956669905761282857e-01 4.861565385064037237e-01 5.108430051425881802e-01
8.005032086833263616e-01 8.213014642077105520e-01 8.216675897530578698e-01
6.744636567626477452e-01 6.542850568951935619e-01 7.092216842457609305e-01
3.569968434293744330e-01 3.970716263827694381e-01 3.692677292661485922e-01
6.738249256301573897e-01 6.595129663803643849e-01 6.545277382937204624e-01
7.160977784813852276e-01 7.190535707467037296e-01 7.131815651772711595e-01
7.430745275934742544e-01 7.379501317689172168e-01 7.354028717010201444e-01
4.604939403825982769e-01 5.371234021607013132e-01 4.139024880402725759e-01
5.046686541893821154e-01 5.849682887734970471e-01 5.931465994810793951e-01
4.594252411656953305e-01 4.454409175883178307e-01 4.268888737800931032e-01
7.150211970077831047e-01 6.955362739626854696e-01 6.636923519297843743e-01
7.493243721584592620e-01 7.632564179977660013e-01 7.407493665551744266e-01
6.789319722648485822e-01 6.702835521992686063e-01 6.116010341422065677e-01
4.532443350727999309e-01 5.110973411742342210e-01 5.172708382362229962e-01
5.627895893514106573e-01 5.469892925266285344e-01 5.552303007288190706e-01
5.663037804342683224e-01 6.023138039874593730e-01 5.422446815755308513e-01
4.201631256777784151e-01 3.786441547569512345e-01 4.568649774611244774e-01
7.353835295007450368e-01 7.375166237269105141e-01 7.398192954059290560e-01
7.294045779013218489e-01 6.246483273696735727e-01 6.282224506555622590e-01
6.701368523632962315e-01 6.468943862886027407e-01 6.510411983963988458e-01
7.454640994792897102e-01 7.536605803025702155e-01 7.524399191421510258e-01
5.413349274888740181e-01 5.792105206322225586e-01 5.229147941123780674e-01
6.218184637872711251e-01 6.570694512840979939e-01 6.539995348191255387e-01
5.464208123667276817e-01 4.838119201203936459e-01 4.979964754714363839e-01
5.477690310789286032e-01 5.410232118660490697e-01 5.283923249183325455e-01
6.078251378896458723e-01 6.140790307456516217e-01 6.101305567232906402e-01
6.538897490116504230e-01 6.990544441552937194e-01 7.773841536844572353e-01
6.927458225629296029e-01 6.955310871670159489e-01 7.142708906699823945e-01
7.206849059243420896e-01 6.975993147720618293e-01 7.167677132227533443e-01
5.757552029954524642e-01 6.038232749794082421e-01 5.295084975012726014e-01
5.560123319775732709e-01 6.427339792803968832e-01 6.298727183062082791e-01
5.230787549802773384e-01 5.203233096528210311e-01 4.630884079157905897e-01
5.408327627965522355e-01 5.341746460487696302e-01 5.104196061330222856e-01
5.593105789310721665e-01 5.633941630399427192e-01 5.208244360672987794e-01
4.549725642209820342e-01 3.954267888039454393e-01 4.186834723693791394e-01
7.676302798810548111e-01 7.017572385801731372e-01 7.597186188245300675e-01
7.623713122280445509e-01 8.339528566015046440e-01 8.276697108656230206e-01
4.951518082353268402e-01 5.829190400520707360e-01 6.002065677467750549e-01
3.986048119238729259e-01 4.128147930797303466e-01 4.581645136294317244e-01
4.802746842127082472e-01 5.118903459065473616e-01 4.440982855956502329e-01
7.820568825806917257e-01 6.985916269401948320e-01 7.703872495788702812e-01
5.828070481093002853e-01 5.725546475141234382e-01 5.391519191575956382e-01
5.723292133638836487e-01 5.428951305909239800e-01 5.745662755848441883e-01
4.707218076995881018e-01 4.895120614516936808e-01 4.788099988288337938e-01
5.124925642874623710e-01 5.560734865570363672e-01 6.020924344527670558e-01
6.480330241364400390e-01 7.579184117872412862e-01 6.560350589544963196e-01
4.527712856371486905e-01 4.434105834912832611e-01 4.426292610467023048e-01
6.378976676919081434e-01 6.856048428771351899e-01 5.875314788416500233e-01
8.392145652061301364e-01 7.619930317201178971e-01 8.102131212390640824e-01
6.579986067630072544e-01 6.205110370952884313e-01 6.177042544905636534e-01
6.665976247802918309e-01 7.196931718961200319e-01 6.896434085152294280e-01
4.159999206376539527e-01 4.899451696949150281e-01 5.194487674544615574e-01
4.506760075804017718e-01 4.929091151675589755e-01 4.686249825302863936e-01
7.081491340932928313e-01 6.588567985078602751e-01 6.265775639060091606e-01
6.919172772666583038e-01 6.207986462816100781e-01 6.567484145960511555e-01
4.278538401297992677e-01 5.193329378969681054e-01 4.821595254643141204e-01
5.065276514891492443e-01 5.596469624977457036e-01 5.099896485238021304e-01
5.703984614576279588e-01 5.462436770831438082e-01 5.583015550148331396e-01
6.133690409656513687e-01 5.956629472993445473e-01 6.191411131081491215e-01
4.908668002858958546e-01 5.520159413933382053e-01 5.922722846177884692e-01
6.183170474236108216e-01 5.559346586621772834e-01 5.617919756893272609e-01
2.925158723321799603e-01 1.620218765095010893e-01 2.504759983927378197e-01
3.902664553987557627e-01 3.950282294966084295e-01 3.806448939777183349e-01
5.141243347614301573e-01 4.902966070859920977e-01 5.852339197275150395e-01
4.429689087595044539e-01 5.074562190445768284e-01 5.153647089136877968e-01
5.493454717277235222e-01 5.303698438897641587e-01 5.865725240469853441e-01
5.924788682754080771e-01 6.068949848745320841e-01 6.433481266990112024e-01
6.503286530111509478e-01 6.672947784505991464e-01 5.879341979016201591e-01
6.703578200532822606e-01 7.144913421412163457e-01 7.100497702347019491e-01
5.075215556354379931e-01 5.148566114519547154e-01 4.934866471235180851e-01
6.963942554913321592e-01 6.400671997723196283e-01 7.201815147427265140e-01
8.016109986805112220e-01 8.726316130277246286e-01 7.700543227769715005e-01
4.808112183185017097e-01 5.392090539195979471e-01 4.799653798815913253e-01
7.615304707038373921e-01 7.269197459637859460e-01 7.626352284762656364e-01
5.966572666919307544e-01 5.860044910525017414e-01 5.420118881797535426e-01
8.580736123841501417e-01 9.237945416751280892e-01 9.103670462603836722e-01
6.775109181410765569e-01 6.429773059729674278e-01 7.046314068204545533e-01
6.921397329606643334e-01 6.143689300912303919e-01 6.365625921124826725e-01
7.127171356200254770e-01 8.111467189602636907e-01 7.450165946160187680e-01
4.722204870547401234e-01 4.595786126091279677e-01 4.258250573291714747e-01
5.188119781280831067e-01 5.189414851032362330e-01 5.401043166746344326e-01
5.324385099153459144e-01 5.497095049531629529e-01 5.904872011198385451e-01
5.032802903400461769e-01 5.136210642256285874e-01 5.243043412589137864e-01
8.296439448161885277e-01 8.163248914281746593e-01 8.011418625494023393e-01
5.254850434730554687e-01 5.136111938670072652e-01 5.057238106912860243e-01
5.260485560584792220e-01 6.253917859527988732e-01 6.608931891910544421e-01
4.955599580627530476e-01 4.470538452281845876e-01 4.528119395715689555e-01
8.038965912652613621e-01 7.917945320055517211e-01 7.898428289703461891e-01
5.853649506380805834e-01 6.717798538217799598e-01 6.126683196379786311e-01
7.345167835378627608e-01 7.041157662003680873e-01 7.319291427868905853e-01
5.606566278461229125e-01 5.296730756923028194e-01 5.228379927750054224e-01
5.841469831215396757e-01 5.680483926322281718e-01 6.193152562717271215e-01
5.276573754191206111e-01 4.895590655373157074e-01 6.005754882885080415e-01
5.453988169046506407e-01 5.672007727706942504e-01 6.004195886671893634e-01
4.979825511537232519e-01 5.258511796238773961e-01 5.679515414483918834e-01
7.049234473577331572e-01 7.027080772319695967e-01 6.427442469922298729e-01
4.064703080533065283e-01 4.040872672021950107e-01 4.282199979467817830e-01
5.090097868005948323e-01 5.067723942658451941e-01 5.050545022867849454e-01
7.374666987891020931e-01 7.260651099405484032e-01 7.840815718721539929e-01
7.774226554217076313e-01 7.081574889509059112e-01 7.904859831292944117e-01
7.430560986418491831e-01 7.413435916251400748e-01 7.808912985932251472e-01
6.002411568390991770e-01 5.715125723510845468e-01 5.877598267743057159e-01
6.198603097510533289e-01 6.219118970589453399e-01 6.571851202154307403e-01
5.895499628158538119e-01 6.105216142914658972e-01 5.352986389625309371e-01
6.677676421320788425e-01 6.429226819384817881e-01 6.373190764926007779e-01
6.004057988522814027e-01 5.955605785781648009e-01 5.760530819494865673e-01
6.925922268400909187e-01 7.193631840454519644e-01 7.053006103526701098e-01
7.027908081661896622e-01 5.637083068452621859e-01 6.789279778778100072e-01
3.386875007280176764e-01 3.337437018816238332e-01 3.549123487667507626e-01
5.809641221756302043e-01 6.128696039646321925e-01 5.874447372012301383e-01
4.365487036177835289e-01 4.309698499348998402e-01 4.008362190225912003e-01
6.899901283191796075e-01 6.347210815869706035e-01 6.701894862887115556e-01
5.877660337277127445e-01 5.788555555484581339e-01 5.894907428451439113e-01
4.513145337128671164e-01 3.901721505000709245e-01 4.726763919696896354e-01
5.125130618405819849e-01 5.323790513792471257e-01 4.818571414968521038e-01
3.915194193492027019e-01 4.541585183631939304e-01 3.866045719747567277e-01
5.524677245553557547e-01 6.446593908270382700e-01 5.866536989028043880e-01
5.069342623905715994e-01 5.029739008738126627e-01 5.587044694713221293e-01
6.697114151097273149e-01 6.564681889011395599e-01 6.579284332995894991e-01
7.434366148054882828e-01 7.109482759400395091e-01 7.177152789745978589e-01
6.690431575141244647e-01 6.956172363730365182e-01 6.354908382263672051e-01
6.064796936475238542e-01 6.284624023854977759e-01 6.078652589525777028e-01
6.632127190073499046e-01 6.286180737292458298e-01 5.586171209830831375e-01
6.652706844181925927e-01 6.569245272899014720e-01 7.228970616036854979e-01
3.474026050563618351e-01 3.754472560594119823e-01 3.733251489102061282e-01
6.616031913523179320e-01 5.154257435027652656e-01 5.160288446890729519e-01
7.089553950652712766e-01 6.375153603582157658e-01 6.601278346110748263e-01
6.120977314586485418e-01 5.998871321961930514e-01 5.735228906203225785e-01
4.981247926177564955e-01 4.674445624003936706e-01 4.420467475177221606e-01
5.547238209901049766e-01 5.712132574337318580e-01 5.259607589122312632e-01
5.875047611142839576e-01 6.216253627767241996e-01 5.983396731749253128e-01
5.649798972859642054e-01 5.024023061607325591e-01 6.032391372999484913e-01
6.342482582721726825e-01 5.688636042273006455e-01 5.852502088597251184e-01
7.629315807783438874e-01 8.576825549548972027e-01 8.470951983456207479e-01
5.798540048402348601e-01 5.222706850037490689e-01 5.390685214102405309e-01
3.721422694665832420e-01 4.217890667588107267e-01 3.568434830384974998e-01
6.009243703355130473e-01 5.476935382505505601e-01 5.238037004490375681e-01
7.300335541322534594e-01 6.629009329127115713e-01 6.583775668720827090e-01
4.839644339508766824e-01 4.378821516235350542e-01 4.407073228731426262e-01
7.424574409404240960e-01 7.908180809120012311e-01 7.493622650737463697e-01
8.709520251288982440e-01 8.694331141155593468e-01 8.963197273069565263e-01
6.314503700644674700e-01 6.258099354695230154e-01 5.867890309270018534e-01
5.949420642988489938e-01 5.771594421787541451e-01 6.257110019291968195e-01
6.299355610794322713e-01 6.345333853171996052e-01 6.265129937091580281e-01
7.682311308569058639e-01 8.129518461744154045e-01 7.758491750968826706e-01
4.452120026322679558e-01 5.237939625631596874e-01 4.881092610208028759e-01
7.783264484900164204e-01 8.239652643173892566e-01 7.897324035900576966e-01
4.857770621222156082e-01 5.214663339131982989e-01 5.214747712560047210e-01
5.777138883992604113e-01 5.782052112541757882e-01 5.388975897236097934e-01
8.364405033000058554e-01 7.960500353397370610e-01 7.748853625902383246e-01
6.145602040704168934e-01 6.124817481859213819e-01 5.867553996238927816e-01
4.727100915447031149e-01 4.319471149506419749e-01 4.978780532424890715e-01
6.041074821126560801e-01 5.664929245077864328e-01 5.977694285471570890e-01
5.772425780176794197e-01 6.411500560278602379e-01 5.701571192719534498e-01
5.633172050567822886e-01 4.850006883329127105e-01 4.793115385090206959e-01
4.410954360060543866e-01 5.073633226259731677e-01 4.696591057892025578e-01
4.934926049592354702e-01 4.952755896954977866e-01 4.578317822566409512e-01
6.334013163020832948e-01 5.645623111624284984e-01 6.949776062387142961e-01
7.483342742827344685e-01 7.993274688419274021e-01 6.903370601192357903e-01
7.808771356042302214e-01 8.204522320992283513e-01 7.675549269194666957e-01
3.707856685664439045e-01 4.382182325468061967e-01 4.534865363636745306e-01
7.340653142648225771e-01 6.475492004148443170e-01 7.104475773951137718e-01
5.344601331501660502e-01 5.386822454016554351e-01 6.197650041126598897e-01
6.764237189647345216e-01 6.477398935258145141e-01 6.309794393825155501e-01
5.402309129784668151e-01 5.151486952653810958e-01 4.984295443151178229e-01
5.491562926467753458e-01 5.143342534850287029e-01 5.516310776760958712e-01
5.712113256537570960e-01 5.242500678534763869e-01 5.465657737666260729e-01
5.659829297706171491e-01 5.941888811014788274e-01 5.105043943285174635e-01
4.796120362289768568e-01 4.926507726133848020e-01 5.206009665093881411e-01
5.282091915625307665e-01 4.856003266170625388e-01 4.901537913896311105e-01
6.262002798709931373e-01 6.885286484206870616e-01 6.206958230726949965e-01
7.353281227315592306e-01 7.020139957261418706e-01 6.951509812920687592e-01
7.906604641768792963e-01 8.462679100173169378e-01 8.406653265796732999e-01
5.543337803576329215e-01 6.569894685834850590e-01 6.115285866893275246e-01
5.252173546840943619e-01 4.590130320974554201e-01 5.500879231421228477e-01
7.002345319486503739e-01 7.049328115890287627e-01 7.375348021886761751e-01
4.654363735310911854e-01 4.114715993757343537e-01 4.803956411578857444e-01
7.491294235874685903e-01 7.115768894312575199e-01 8.159586378490986114e-01
8.107911447041521447e-01 8.674273996152731536e-01 8.279636346926391166e-01
6.726509936083336916e-01 6.852776419778059402e-01 7.218146952481969691e-01
6.431478152509114699e-01 6.372504106602195906e-01 7.218618002566578040e-01
6.502063740427825866e-01 6.179545857290296151e-01 6.022080719902640489e-01
6.350894491499454730e-01 5.630804182221564869e-01 5.983445201904936672e-01
6.138332583636830764e-01 6.249673043579572207e-01 6.791361223015511817e-01
6.225862587255504010e-01 6.854955958596467003e-01 6.506242750459488855e-01
2.957547281699598463e-01 3.221745159107466394e-01 2.536137895779004281e-01
4.901863095561737604e-01 4.645054395824153581e-01 4.745509386486646553e-01
4.981320334893445390e-01 4.747541554309782086e-01 4.871306484426377592e-01
6.596332561471223155e-01 6.934863085003353245e-01 6.241046884214664914e-01
8.603636218282161297e-01 8.812211473602478140e-01 9.377544738055060281e-01
6.077241462887926771e-01 6.578372175792432941e-01 5.891304186301826729e-01
5.286186241486136028e-01 5.426456858958335072e-01 4.598144519095585525e-01
5.506210732300096389e-01 6.284278376777219233e-01 6.566293828896544449e-01
5.703538593484770436e-01 6.045371938187211747e-01 6.456979069347146272e-01
8.171210528402984563e-01 7.611728609305801196e-01 8.239720028332917501e-01
6.905494998236803017e-01 5.749673045267595928e-01 6.491901977596984397e-01
5.432585772322519047e-01 5.419767273179696421e-01 5.306015130126612300e-01
5.670358746392742955e-01 5.800052033198480617e-01 5.870203949485049977e-01
7.918737971786223850e-01 7.863338616988240215e-01 7.435542089332820570e-01
5.685052413484367184e-01 5.972963481161677191e-01 6.192987203302495747e-01
5.113689318682352880e-01 5.386172598509952891e-01 6.096242576716083272e-01
4.700414896545972443e-01 4.750722784960712541e-01 4.584133177403851289e-01
6.433678493905625739e-01 6.352174826609785496e-01 6.088718250920357455e-01
6.190537676008823764e-01 5.639438020209778246e-01 5.266754799180520807e-01
7.393018155961710303e-01 7.488094859049917451e-01 7.528626245674701067e-01
4.427702391798488679e-01 4.709138845278201813e-01 4.378433565994249710e-01
7.166776118113801219e-01 6.753655052545427528e-01 7.205277489379359190e-01
5.563646786807538991e-01 5.855922169284363266e-01 5.858425908209550226e-01
5.616505696425520000e-01 5.567570446481678870e-01 5.790952135539902956e-01
5.926598818509862809e-01 4.939587329791927939e-01 5.318396095873028084e-01
6.858707065094278299e-01 6.106021644504816548e-01 6.307303932589235496e-01
6.676070829055296141e-01 6.823109023617103253e-01 6.785052659353317805e-01
6.949096704904540456e-01 5.936575508884962549e-01 6.394643788475100621e-01
6.011834665669383293e-01 6.197762483673331380e-01 6.227743334546509413e-01
4.499795948674686352e-01 4.585542005313120173e-01 4.611883168177328685e-01
4.492249863021015033e-01 4.340800806733751682e-01 4.700241378559714689e-01
5.727291152585470835e-01 5.613195377476006831e-01 5.572088676197879398e-01
6.739151350387830863e-01 6.507623796367670854e-01 6.278112107208885240e-01
7.413836322627714859e-01 6.994089857666607735e-01 7.233376273733448381e-01
3.463503856871000819e-01 3.465782835218609859e-01 3.849697809287271344e-01
4.974690035310307956e-01 5.652178425421670038e-01 5.789374728461808006e-01
5.621702725361220621e-01 5.809603774561704626e-01 6.067760730509732525e-01
6.328639457954303715e-01 6.325738372312442737e-01 6.112078355226152615e-01
7.445360097563802348e-01 7.906670078905863042e-01 7.773989775605454344e-01
5.177035702603631773e-01 4.873930036195679993e-01 5.202886605170657930e-01
6.174115119790070105e-01 5.738672998753298060e-01 5.589796998641706205e-01
5.701715009297282366e-01 5.659941031022164282e-01 5.757187379628870838e-01
5.170974644763403072e-01 5.243881331674069557e-01 4.684025860368936645e-01
6.520258133172471826e-01 6.484566779068798859e-01 6.245247992020465100e-01
4.070468969255509606e-01 4.993519709366245896e-01 4.507226829600032847e-01
7.735946968728603101e-01 7.971220948004363871e-01 7.185696035837759732e-01
4.921356628204911488e-01 4.988131857483296128e-01 5.139731643597179600e-01
4.986373794292140449e-01 5.134062692972033437e-01 5.308893778964463017e-01
6.126903341214599008e-01 6.605451707549879758e-01 6.641733401839079454e-01
7.541760384144035045e-01 7.368509069482791496e-01 7.824491621548972375e-01
6.987989227634008316e-01 6.525211310984677660e-01 6.922699285783949774e-01
6.869771209210081553e-01 7.263464272948915168e-01 7.543862666986167476e-01
5.911397432672098606e-01 5.910403254878311419e-01 6.051842373533118380e-01
5.916436965643663282e-01 5.680427513985930599e-01 4.789107493215230549e-01
7.483830190143556660e-01 6.815683775662058075e-01 7.480276889966106513e-01
3.857107257768583319e-01 3.923233168889711520e-01 3.440107651430021063e-01
8.118949445763308237e-01 8.723400720269242070e-01 8.355304987256759741e-01
7.240723841195444432e-01 7.128791597716729322e-01 6.569898756656503691e-01
5.297196963759975841e-01 5.739737578754738889e-01 5.498064788608079123e-01
6.589117587808873688e-01 5.810766305736426718e-01 6.179775733958829953e-01
7.736449110940066820e-01 7.711565806545866986e-01 7.339123391872713897e-01
6.239754798835652760e-01 5.932772610884756714e-01 5.997637515282974174e-01
1.914470624186170589e-01 2.408948890239576979e-01 1.995198733004212299e-01
5.846006615702107334e-01 6.601773972067489504e-01 6.214948151789218000e-01
5.145496158633512396e-01 4.855143697298247019e-01 5.385714016892154676e-01
7.814171663704916337e-01 7.540180356449678323e-01 8.062738084053152621e-01
7.313559426509844696e-01 7.268291263977417760e-01 7.472443099653293119e-01
5.780353824143790176e-01 5.972197128422932488e-01 5.198864499116950810e-01
4.543127129169129419e-01 4.644049671189280915e-01 4.067657791416223745e-01
5.916298760442727511e-01 5.667346311872845099e-01 5.263352266896772491e-01
4.940940463380673053e-01 4.781753146497066398e-01 5.074973304446450673e-01
6.863087027405065932e-01 8.508428658172320080e-01 7.383333857257374788e-01
5.633194592274710644e-01 4.918819087329660555e-01 5.056464696275405624e-01
6.708410570207381518e-01 6.007288380924696858e-01 5.680584604819387540e-01
6.632242082703994068e-01 6.359189489621036584e-01 6.886176469441998016e-01
7.864390908034359917e-01 8.087646791949549829e-01 7.694551980676996861e-01
8.456553242813962257e-01 9.305077559255690023e-01 8.228216399790013735e-01
5.428288069487325895e-01 4.627538995477175621e-01 5.523999418068339384e-01
4.569273296488141067e-01 3.753540526364415042e-01 3.479162691337067126e-01
5.816079697544247473e-01 6.006374563164733615e-01 5.574659662516043834e-01
6.457225427109324345e-01 6.552919736851812171e-01 6.659988623463978241e-01
5.070382323372626399e-01 4.190411929693779736e-01 4.623105663187488390e-01
5.297756841965343133e-01 6.052666432449543832e-01 5.543199379632302026e-01
7.737150918862146787e-01 7.137760627518878742e-01 8.106823610938539426e-01
6.721923641660003668e-01 6.868931681445892279e-01 7.748189688888708071e-01
6.954468444214532141e-01 6.821036560104813962e-01 6.572109482234642641e-01
6.112007641527020807e-01 6.478740152879602920e-01 6.200291815369803894e-01
7.061584801219944474e-01 7.348430564453358738e-01 7.343726256705009892e-01
8.054136288499199603e-01 7.982065467136661985e-01 8.248035912969253758e-01
7.491362904107106147e-01 7.662008166390900099e-01 7.623949662867844923e-01
6.539028081487309185e-01 6.025167691142797599e-01 5.934218677487448357e-01
6.058941682563939723e-01 5.883986983016963324e-01 5.857727373507146673e-01
4.838268882955534811e-01 4.623248453721240936e-01 4.960768108049664060e-01
7.806744266023073475e-01 7.021865259964926720e-01 7.643904578851884457e-01
9.399522341263131242e-01 8.406793720669635261e-01 8.330564412994407864e-01
6.007043529465757592e-01 5.491258353005553650e-01 6.071429968750871042e-01
4.910366947511691227e-01 4.859816575788150628e-01 4.583569615471363989e-01
6.705715793937330194e-01 6.733914001328450416e-01 6.716923762552712285e-01
6.610109129483208168e-01 6.440463077881581899e-01 6.114674415821307329e-01
6.208174482621701129e-01 5.430078877754734856e-01 5.615881002949214551e-01
7.137184573567365575e-01 7.999165069030328423e-01 7.555924653263542679e-01
5.206673747354935156e-01 5.484784127840390822e-01 5.634183248361710472e-01
7.152151432467771519e-01 7.251627164355951560e-01 6.859694578372242946e-01
6.251821241263644247e-01 6.041605863794146103e-01 5.923862435995368436e-01
5.301109533291378240e-01 5.525071765362348231e-01 5.234775436306258189e-01
6.042165713490371681e-01 5.646610920900886343e-01 5.711245036249659179e-01
5.331549326016584711e-01 5.585538391030936411e-01 4.838680756706399966e-01
7.295631304231200431e-01 7.234444022832038357e-01 7.871391445084274796e-01
6.418097127906852162e-01 6.724702966163152995e-01 6.272904595967757624e-01
6.472342859789528280e-01 6.610064806081537014e-01 5.792453811768596417e-01
7.347048126446522609e-01 7.331807653734172536e-01 7.383678874774387557e-01
5.704350823811416005e-01 5.661717522710923989e-01 4.942859874375158946e-01
5.695565415204651982e-01 5.410553175181032071e-01 5.411428027876773461e-01
4.674690295547068164e-01 4.988757335232784640e-01 4.949474228311639412e-01
6.294337048895575215e-01 6.440822325550540350e-01 6.294740640956808519e-01
6.837513388793277080e-01 6.329304891536753352e-01 5.906015106427303651e-01
5.789858065861244185e-01 5.527418155200991556e-01 5.910101142485897352e-01
5.118785042478168901e-01 5.296539968821052380e-01 5.324508275844589411e-01
6.325126000816646554e-01 7.295800311061186871e-01 7.015695398669543614e-01
7.833036228801598666e-01 8.156582871054117723e-01 7.178867917206015470e-01
6.145613815540543756e-01 5.786352385161954714e-01 6.091594258391628269e-01
4.148013714055551748e-01 4.414628682975683671e-01 4.157842233210853888e-01
6.426501963671076290e-01 6.658609399765142989e-01 6.399648536791981979e-01
3.762982970031733543e-01 4.461906645699275642e-01 4.175625362607367497e-01
7.220841822545388533e-01 6.889132896294268837e-01 7.718917720970466245e-01
4.394410565096669163e-01 4.253144825643901394e-01 4.411027679806512891e-01
6.493129709403608896e-01 6.473508496007785995e-01 5.926618604369565668e-01
5.489743860096776285e-01 5.660997416640636271e-01 5.811881777473687505e-01
5.697285663886459961e-01 5.740667040019157286e-01 5.841768181598003817e-01
5.498827865842944584e-01 5.487891944319706061e-01 4.828460478933087052e-01
5.210502549864919342e-01 6.360633364186524252e-01 5.979143452586652696e-01
5.595983981838229537e-01 5.265672417249810389e-01 5.422313805796148412e-01
4.630635473177615591e-01 4.669468752210642060e-01 4.629766785099740378e-01
6.269492784716784728e-01 5.129115083836025546e-01 5.520455930405614442e-01
5.735394532442820159e-01 5.627269899500956241e-01 5.783387210378700960e-01
6.154901265127243892e-01 5.085023537287082229e-01 4.829861877354411082e-01
5.588089253250511090e-01 4.945367327716603811e-01 5.370787112099547622e-01
3.744765905265912687e-01 3.654960767910086505e-01 3.307899168366266740e-01
6.794553637778321109e-01 7.159610755316431208e-01 7.419746785779707254e-01
7.445699572314464776e-01 6.791972984824360404e-01 6.693086618663377507e-01
4.194218372712631426e-01 4.519027857956113281e-01 4.145859363559982746e-01
5.192897541699362796e-01 5.261221878123979456e-01 4.966191626226011957e-01
6.764238953927126374e-01 7.150150506779289206e-01 7.071650323408714689e-01
4.414689818110373865e-01 4.321278713894283752e-01 3.984296631774209563e-01
5.670753182885721611e-01 6.163467159200815004e-01 6.060132289250174109e-01
6.715062132379726600e-01 5.891967923855737643e-01 6.826102401139142462e-01
4.543267244985130793e-01 4.304793463703791012e-01 4.378535284980642484e-01
5.382373457588334187e-01 5.814410826585767467e-01 4.952181506773493114e-01
5.548586612147338171e-01 5.786833164864497725e-01 5.450120867881141917e-01
5.879094572126175589e-01 6.992892400614908466e-01 6.279408957729105678e-01
6.855846246537653510e-01 7.204059188135404357e-01 6.375284066906939939e-01
6.669508839184373761e-01 6.491022320518515798e-01 6.212406301765739380e-01
4.017906837861782154e-01 4.353781236171449520e-01 4.839067270534091469e-01
5.598970473467032027e-01 4.516837373336317074e-01 5.027371680279701938e-01
4.434365673472084324e-01 5.362822528364880048e-01 4.694670100924390743e-01
7.337290678587690129e-01 7.076837367092960740e-01 6.927896711236669613e-01
5.252596882829291269e-01 5.079487983460256872e-01 4.976904888251005299e-01
7.855827259903682691e-01 7.713093392668123327e-01 8.202579462857446657e-01
7.122345010581792035e-01 7.579042260149448929e-01 7.467098284806404918e-01
4.327119244611724036e-01 4.954419614924759907e-01 3.796197676206254923e-01
5.840966604381814253e-01 5.975159572122354934e-01 5.880235037719577784e-01
7.190819401833160596e-01 7.455323020129360767e-01 6.938634060605199938e-01
4.333512209063499765e-01 4.302560060860090019e-01 4.221303760594457555e-01
4.802181103956102981e-01 5.208676704401292712e-01 4.521551860592807892e-01
5.949534978188433243e-01 5.480624157880243930e-01 5.712819934404772537e-01
4.906096231699327292e-01 5.111106971071315286e-01 4.645196802360063715e-01
6.592084753054180402e-01 6.429189760852359603e-01 6.103509050448412410e-01
5.319343379638229452e-01 4.584713737197204653e-01 4.791155701747642492e-01
6.849636825257784389e-01 6.028335377980972298e-01 7.121204539491501340e-01
4.314638639165795375e-01 3.735545449523919870e-01 4.369745646284823315e-01
6.556597516904696388e-01 6.600149337712010178e-01 6.602733560475254615e-01
5.708275014246724233e-01 5.105761645184647701e-01 5.045355578595769330e-01
7.693702185724996534e-01 7.831999786336220071e-01 7.585691068722825170e-01
7.476594166066771185e-01 7.063893742121351016e-01 6.754691758396174084e-01
5.071755150478581831e-01 4.707069334387919968e-01 5.772127098642474419e-01
5.505225373545016287e-01 5.367582574742221224e-01 5.461316202817181331e-01
5.287937683573543657e-01 5.664954089762607170e-01 5.579417132106140320e-01
5.080456326791921162e-01 5.422556700432343835e-01 5.084982507611807145e-01
6.403297213930371212e-01 6.855914464811916353e-01 6.064485424720510442e-01
7.356387030464094368e-01 7.027689153741979444e-01 6.830572763057368713e-01
6.249695951933187388e-01 6.363108862746467143e-01 5.594511420826268067e-01
4.115215992598584838e-01 4.033195072109684309e-01 3.786283169927633363e-01
5.310380371727724258e-01 5.881391548289015558e-01 5.825227580032394936e-01
7.365390513274492346e-01 7.218695764568238138e-01 7.248774013544968531e-01
6.038657539961146403e-01 6.329907033693782381e-01 5.755866478831359601e-01
5.299870494384220088e-01 5.656426020288474188e-01 5.063878168975896044e-01
4.833395399423122685e-01 4.689944163023971324e-01 5.044647004778799460e-01
5.238364116061433595e-01 5.003357580364502510e-01 5.196084450865920967e-01
4.330771022410051518e-01 3.728356974358288389e-01 3.475923367081535376e-01
4.876654914896569881e-01 5.117719197565946398e-01 5.837781893968965186e-01
4.893690452488771991e-01 5.131771673066213291e-01 4.801624091436866859e-01
5.787229272055767204e-01 5.491797327759269098e-01 5.100164722781441728e-01
6.128473216579450877e-01 6.765011729410874697e-01 6.290760524917852203e-01
6.024272397222851794e-01 5.456644571088449247e-01 5.666642018047877150e-01
5.996694442242298528e-01 5.206232598378685017e-01 5.788187122864495437e-01
4.997563242998828703e-01 5.204863304519971035e-01 5.505242663376528345e-01
6.104497639313014590e-01 5.885658659048766950e-01 5.434629584035397531e-01
6.921468616381115657e-01 7.029345768734281963e-01 7.133188738648639227e-01
7.249379353589400221e-01 7.401417860178199915e-01 7.453664432187565581e-01
6.530371929910813167e-01 6.450299251474396200e-01 6.817580398649263351e-01
8.527766800897893518e-01 8.690211689803291062e-01 8.884886800308168242e-01
4.109850585234655074e-01 4.120322717415650371e-01 4.468881538880479232e-01
4.296160648584887443e-01 4.270883585176182273e-01 3.977391316589247161e-01
6.607936694516565179e-01 6.399599385004405283e-01 6.802336021421064860e-01
7.209487220078190095e-01 7.467353423228426657e-01 7.603259217302180684e-01
5.703584445112813706e-01 6.448042315660846846e-01 6.090953177810313202e-01
7.154688397614566986e-01 7.035666155648053754e-01 6.484441787653416611e-01
4.592968923943345216e-01 4.408887263788937028e-01 3.960898473259190089e-01
5.077836143247024259e-01 5.312557795380635772e-01 4.758166333537879877e-01
6.837929349218708763e-01 6.999807727483069453e-01 7.319940606670241046e-01
6.125040027343834348e-01 5.881595107410597656e-01 6.287937641460729088e-01
5.677000245138118517e-01 5.781300345314926981e-01 5.771720509234807839e-01
4.183290275704799055e-01 5.010806596172664440e-01 5.080503056945541163e-01
5.373973418524025103e-01 5.244036491539090239e-01 5.621150266862234846e-01
9.275768934367726315e-01 9.150104597516277583e-01 8.776904201969538688e-01
3.955043677590510121e-01 4.519193469286759690e-01 4.712759974141618180e-01
7.107051681887381900e-01 6.369495999563238309e-01 7.187722002361401907e-01
5.197003420966589404e-01 5.304785739655004662e-01 5.556967674183750372e-01
6.806872979063783857e-01 6.114267616687081297e-01 6.206033625558369238e-01
5.349913509273334089e-01 5.864659785959613902e-01 5.193967093558321535e-01
6.801485067443694410e-01 6.813834705382085799e-01 7.269298145012758061e-01
6.551242896522783132e-01 7.250321001706822033e-01 6.757559646996426084e-01
4.321432490708621010e-01 4.497920761424294978e-01 4.037501722511990243e-01
6.176357118545793279e-01 5.885765805604743495e-01 5.518286140085360003e-01
5.685752648144036803e-01 4.775790870997362880e-01 5.212016875260707671e-01
7.445789638139586053e-01 6.568315816933500972e-01 6.466780536908435240e-01
6.120218486101205446e-01 6.527786205181502766e-01 6.747731812556196918e-01
5.340151534468944305e-01 5.458238350064239519e-01 5.238396769565490940e-01
7.865439225765750164e-01 7.171972942576843035e-01 7.522692006303661749e-01
5.853998440510824741e-01 5.789085439271982603e-01 5.938402603461319096e-01
5.544818366290157341e-01 5.987162505541129276e-01 5.800195260799974051e-01
4.696626759365445936e-01 5.310699053922706137e-01 4.821486659167663058e-01
7.337728796557221322e-01 7.563750331203620281e-01 7.438034955026940898e-01
7.061387982451676759e-01 7.322435398322975075e-01 7.175869668002852197e-01
6.644713820611962696e-01 7.216061690696049524e-01 7.006922964384254549e-01
6.304251493308032916e-01 6.138356649574643331e-01 6.235538935862205978e-01
7.552332574131412901e-01 7.500151073548630976e-01 6.709049011969562271e-01
3.417541777992397223e-01 3.765306207238927061e-01 3.865718856998753838e-01
5.637141913967822493e-01 6.107548340367301432e-01 5.717440587644472272e-01
4.304311509352481413e-01 3.556768544666648046e-01 3.774233337514922848e-01
6.809734496777772872e-01 6.471363935835483527e-01 6.390162080048247262e-01
5.755068514015507786e-01 5.673330446356321666e-01 5.609701009486687262e-01
5.763987975063133984e-01 5.779353450721603780e-01 5.508110958077507835e-01
6.290387948030343734e-01 5.841629861699332293e-01 6.752212196942420919e-01
6.925262613601343986e-01 7.546365359704954034e-01 7.485475319510896952e-01
5.605698406020416247e-01 5.391249638879367367e-01 5.748586207498850298e-01
4.989727177566327110e-01 3.938208998866840060e-01 4.096339100213692297e-01
5.802579080599212791e-01 6.222067019489544437e-01 6.141781754204576060e-01
5.813454422566468605e-01 5.886375238638171803e-01 6.214965975390633890e-01
5.717479762770962814e-01 5.296408985345200104e-01 5.708841549688004058e-01
6.886684233322819537e-01 7.407449562599037751e-01 8.262990672450810647e-01
5.788422940637297787e-01 6.050438365616314096e-01 5.753220740688652635e-01
5.981785952027285358e-01 6.362645003196083504e-01 7.291426854389178036e-01
5.143404508299003197e-01 5.308709000126748956e-01 5.629203189625721082e-01
5.382303041723146553e-01 5.412945958755719378e-01 5.226566678755847351e-01
5.685564240740542674e-01 4.869717376817696564e-01 5.142565830817292793e-01
6.211793246622997478e-01 5.687608510807709017e-01 6.172157162780322892e-01
6.980231376533040377e-01 7.806234598411687653e-01 7.217554543050469507e-01
3.731250095826626478e-01 3.401607947965345491e-01 3.726874242955930949e-01
4.885504704566862588e-01 5.255993117378330304e-01 4.856973179975261345e-01
5.548704319952969533e-01 5.911866548758654138e-01 6.073303594999192034e-01
5.268422394264957731e-01 5.642452778387286871e-01 5.244521681306676397e-01
7.609863012688556916e-01 8.408554067379524488e-01 8.772489884434888641e-01
7.112245837248046820e-01 6.836275160789382355e-01 7.667946189321892536e-01
6.081643712998758833e-01 5.806665678683547993e-01 5.592303535935372327e-01
6.857855605592498849e-01 6.492312945233911226e-01 6.319896891923317828e-01
4.958995548407612031e-01 4.648780145434840416e-01 4.142791876215166091e-01
5.655177054202658038e-01 5.330350230013445323e-01 5.649588442847679470e-01
7.507298529263323195e-01 7.054150427586975969e-01 7.176929680776189535e-01
6.075207924664455250e-01 6.380793164534084294e-01 5.734227978557276950e-01
7.957987479263599617e-01 7.517042095090887832e-01 7.999086211275109326e-01
8.437671191269620063e-01 8.776472699668123045e-01 7.146194006476530580e-01
5.255296182167423780e-01 5.533046565975723308e-01 5.759468240914643600e-01
5.945363518319329854e-01 5.962146751509821430e-01 5.577696401504327328e-01
5.284609329875201711e-01 4.869621061051113697e-01 5.881865478554954008e-01
6.336259859764291624e-01 7.120211249353654015e-01 6.607230004134977408e-01
7.006304787899417796e-01 7.241021752036431725e-01 6.841963308255233356e-01
5.077391137378730601e-01 5.064384526683698429e-01 5.140275140165013745e-01
5.706880878927442780e-01 4.896533445431499043e-01 5.743561917810311446e-01
6.519151673026281069e-01 5.744068041223385768e-01 6.427247768433513864e-01
6.932863247263952866e-01 6.771366178239167644e-01 6.753215699238391823e-01
5.759182384567690383e-01 6.184013810985106163e-01 5.601650387978450718e-01
4.485436333599640557e-01 4.968185393769632419e-01 4.733700287173676080e-01
5.591111488836264520e-01 5.753974970574771142e-01 5.614559508026103485e-01
5.552752553339499464e-01 5.296732972131612538e-01 5.424763831155844374e-01
5.381898917585322684e-01 5.111525725407248810e-01 6.110870443449563094e-01
4.718885639149206224e-01 5.738913014387145850e-01 5.047073347679764677e-01
7.087908126814264076e-01 7.496039707583418421e-01 7.610340717682190226e-01
3.971537079749875021e-01 4.193562912903683326e-01 4.709563037545307917e-01
4.775618774894023755e-01 4.269643713837266152e-01 3.922659238050635877e-01
8.042502084912449556e-01 8.160209815875064665e-01 7.947205240830115258e-01
6.235409406632417273e-01 6.686173504232195697e-01 5.984230717341481043e-01
6.255016531743688990e-01 5.815509505025011627e-01 6.512876446485220683e-01
5.379264898563778097e-01 5.269153133395364508e-01 5.569607687654664074e-01
7.147826848571774416e-01 7.182317562823372636e-01 6.439338867709381020e-01
6.876239249766973316e-01 6.819587750068435428e-01 6.827944882271037574e-01
5.029812582998436366e-01 5.566944211014958066e-01 5.264226224016191891e-01
4.430093715379377350e-01 4.090548876840327530e-01 4.592543728730635877e-01
7.188806226645714226e-01 6.718409457488082603e-01 6.652588834579804544e-01
4.732607753326687483e-01 4.435135188080648883e-01 4.226908733701321141e-01
5.609693846010944673e-01 5.618706652230344156e-01 5.686332300196212941e-01
6.710722280033664111e-01 6.548563265559180779e-01 6.575165052187447179e-01
5.720741260834601993e-01 5.643057261844943717e-01 5.902521896267716173e-01
5.250009054663982155e-01 5.421910444679423069e-01 5.800304367425948016e-01
4.931125665927709734e-01 4.894323787347852894e-01 5.248170697746797897e-01
5.886780680947040212e-01 4.745043036365679812e-01 5.057898971799322796e-01
6.006570538326667652e-01 5.573289666896849015e-01 5.766967705220568119e-01
5.195256811067697766e-01 5.465341992792938086e-01 5.663882443029883973e-01
5.528930522640708167e-01 6.078290843647257136e-01 5.731909920460993568e-01
6.385090248587227402e-01 6.029359598054219171e-01 5.630063072586509731e-01
6.791103875438794235e-01 6.455701675400760120e-01 6.505148304109699131e-01
3.640662690514406830e-01 2.921753962727212661e-01 3.301061076446915044e-01
5.011210408004564965e-01 4.301599945803566416e-01 4.709666695019925076e-01
5.438124639031266527e-01 5.432467442750000819e-01 5.599946440122534064e-01
4.761270861679979260e-01 5.599343337820145150e-01 4.857006974255854148e-01
5.829372401246540880e-01 5.572234287102039163e-01 5.209794321518250726e-01
5.845668588808682342e-01 6.387814407794281113e-01 6.115564423560778673e-01
5.403568624342344195e-01 5.800122453426104219e-01 5.714234282860823910e-01
7.470382447950068006e-01 7.533166888413445061e-01 7.698868070254822893e-01
6.085975477622420637e-01 5.777007747921814040e-01 6.061816659485308456e-01
7.022543799982730039e-01 7.565445930941220309e-01 7.119849836956831934e-01
5.681898733633902188e-01 5.532628432826703913e-01 5.750820782334300496e-01
4.732783068603152454e-01 5.089821016852168478e-01 4.282513376148709972e-01
5.625895891551268013e-01 5.362511582246100028e-01 5.835022803712376360e-01
8.352251390086219418e-01 8.609323444134553416e-01 8.672273216895963754e-01
6.131773534081194077e-01 6.426048071934132855e-01 5.515277926760754346e-01
7.172817402483995242e-01 7.192972159253899767e-01 7.077145595699460001e-01
6.091883597581115861e-01 5.279810679773973003e-01 5.819634653472637309e-01
5.717561879206940478e-01 5.256720976728554984e-01 6.099306884262041262e-01
6.881837998455735406e-01 6.823081349009025853e-01 6.951175735337375983e-01
5.711208178212742181e-01 5.147838721350220803e-01 5.511936087816343699e-01
6.711046251448857802e-01 6.202347860340714503e-01 6.020662876543610986e-01
5.805267646888119248e-01 5.970325947985524184e-01 5.291484876019298955e-01
6.402335140705572858e-01 6.654885448025945616e-01 6.203082144987372981e-01
4.837491110680280926e-01 4.900740346714610451e-01 4.336989605206972853e-01
8.108163970867008352e-01 7.403600058511634607e-01 7.739406772256695044e-01
5.644615256652736335e-01 6.545795438393625654e-01 6.145937970551779150e-01
5.489507034073991543e-01 5.049358910502858011e-01 5.538721581462787702e-01
8.030356615941016685e-01 8.096929792259930370e-01 7.742337545958810630e-01
2.386122976747075408e-01 2.721657638456286277e-01 2.596104625610374250e-01
4.596393488807797856e-01 4.766162538545046790e-01 4.884362480961791375e-01
6.272467239249762683e-01 5.471990734026093151e-01 5.060486312249683483e-01
6.698051339506269075e-01 5.902643316702714804e-01 6.746188747600531110e-01
6.844828588222411359e-01 6.625415416115886247e-01 6.446115081752024079e-01
6.884046456880535958e-01 6.739814030884664353e-01 6.519479012264247642e-01
6.383716627494603335e-01 6.464494438943773069e-01 6.702337685084207575e-01
6.327176400354622698e-01 5.153859697376044213e-01 5.956620710126807605e-01
7.300360881521262835e-01 7.192166697051477486e-01 6.463987723394902796e-01
6.079630051843172289e-01 6.701379002995805356e-01 6.527836418384020956e-01
6.232450482535162317e-01 6.082117923966089412e-01 6.486432541072587599e-01
8.508139347192605895e-01 8.605856814729950788e-01 8.152918780178166624e-01
4.039617196790061260e-01 4.120805648095203777e-01 4.786455823564869094e-01
4.035147622309696591e-01 4.440894098331384932e-01 4.348766934656426719e-01
4.709082311817474054e-01 4.938437051356057150e-01 4.926939131222515811e-01
5.492999307022474742e-01 5.864557312275137102e-01 5.855376231729549907e-01
5.188308436486868125e-01 4.926204642414818702e-01 5.475880736592723119e-01
5.782950309294074831e-01 5.815566763998619715e-01 6.059272025818266405e-01
5.992709060298941903e-01 5.799252691230095680e-01 6.336692509841794774e-01
2.652693026176852764e-01 2.875724103129686515e-01 3.125021047362122606e-01
6.289163779276184529e-01 5.952130301424078951e-01 5.113634216755758022e-01
6.057762003381709226e-01 6.753953383537880661e-01 5.761866176457532962e-01
7.882796544478144485e-01 7.729908567025380872e-01 7.836244831077946449e-01
5.921509752232284596e-01 6.403149994920754873e-01 6.412711197899406690e-01
7.042411230590457372e-01 6.158199305044677052e-01 6.343473299962670842e-01
6.659908354361158134e-01 6.908683442906902172e-01 6.399332220197464505e-01
6.453896200743471923e-01 6.508578076501922993e-01 6.423800172702575084e-01
6.256341769225386429e-01 6.132280039474410360e-01 6.281786656362967625e-01
5.817454605496313880e-01 6.017676215733341882e-01 5.251779627176448306e-01
5.460426515089374933e-01 4.920273305811361797e-01 5.065042937398754885e-01
5.694583535687445242e-01 6.026732064642938980e-01 5.879888441116774001e-01
7.158358569246658920e-01 6.753755262203010590e-01 7.366723083795734262e-01
6.594864411295878748e-01 6.973162720446792751e-01 6.843160825319016816e-01
4.541625293445826772e-01 4.255094180779545598e-01 4.527915565583659485e-01
6.325749805210754140e-01 6.700798668194027918e-01 6.728695983326477004e-01
7.721066133856381297e-01 7.695886405670008257e-01 7.827246345955445328e-01
3.783357860181910115e-01 4.461429988351950371e-01 3.628387724748255438e-01
5.842351714782697547e-01 5.114082726774983323e-01 5.170513617830470032e-01
6.829430261452549278e-01 7.258579363114747718e-01 7.406162191780578663e-01
6.320110462237098492e-01 6.655032480279515772e-01 6.334806761565924260e-01
6.324496740084949442e-01 6.454113946914720179e-01 6.346036989921304272e-01
3.158949976820297212e-01 3.527306903551474804e-01 3.787696395759607149e-01
5.867506856763222700e-01 5.982895712745984751e-01 5.212781303028332092e-01
8.600706291053183961e-01 9.219455457379216456e-01 8.905637570942545045e-01
5.082023441370975281e-01 4.908568788219251910e-01 5.461188150634498362e-01
5.960590039334434653e-01 6.589741804484103849e-01 6.361495768473751644e-01
8.846032355592824414e-01 8.104976750537601360e-01 8.740782222319954942e-01
6.701253891850809108e-01 7.217597952274574791e-01 7.188399698826674067e-01
6.436654130484141811e-01 5.927236227658780887e-01 6.103781885765872106e-01
5.093244127624827478e-01 4.422423133479902457e-01 5.407881574518138557e-01
6.415587438191473479e-01 6.210697418803207137e-01 6.080700541869900055e-01
6.619265749490401696e-01 6.078926898868126649e-01 6.067754850767710373e-01
4.090185728882099192e-01 4.703520000948949731e-01 4.462600843316595345e-01
6.193602741056061234e-01 6.259324422183797365e-01 6.548103631046677808e-01
8.441085104146223150e-01 8.852512243737480357e-01 8.655184570900339436e-01
6.174210123599450650e-01 5.640719665438168606e-01 5.791869810901723037e-01
5.760202170602338745e-01 6.170877958830682797e-01 5.383599252808006774e-01
7.510487118239406179e-01 8.078657775151223408e-01 7.188867802023148901e-01
5.738915103923081240e-01 5.450911383981774661e-01 6.097509102825594551e-01
5.677278920291142228e-01 6.650006662600861373e-01 5.992253874398500990e-01
5.791600274051109665e-01 5.861264154649662439e-01 5.097513973704042023e-01
5.894203251725328441e-01 6.041289484489426043e-01 6.282942871322810818e-01
6.405923782225363405e-01 5.913204762248422952e-01 6.107492643098496599e-01
4.368181110910234755e-01 4.832822938918928668e-01 4.888292313225117147e-01
5.670420680871308683e-01 5.319772233348798451e-01 5.508860479734164484e-01
6.633292707647165942e-01 7.081075890511471238e-01 6.696930216827949867e-01
7.263345526057898294e-01 7.544894721494819212e-01 6.851157891083712315e-01
4.330480648624005502e-01 4.473117548056960158e-01 4.433371810941521551e-01
4.089013645383105522e-01 4.762325025743490703e-01 4.810699817501582487e-01
6.028478374194475853e-01 5.844198733314972527e-01 6.895649806723460618e-01
3.743232963564427362e-01 4.187588599555123192e-01 3.993987134859311450e-01
4.779005468194276185e-01 5.117439925235406362e-01 4.810982600567632606e-01
4.980651796010215349e-01 4.717712781827380075e-01 4.710142817782875801e-01
6.159632097084102309e-01 6.018016411048533465e-01 6.265641854240385777e-01
6.283268720896515447e-01 5.436326232443556838e-01 5.687470135731433896e-01
5.475433048331513897e-01 5.807550869962258000e-01 5.314711397798639325e-01
6.659243063863918843e-01 7.324844589397143668e-01 7.412378679136292225e-01
4.889949096397157580e-01 4.692633500606507857e-01 4.273970657849869847e-01
6.005563033799364847e-01 5.707568604603293627e-01 5.850984664383103162e-01
6.319234534437215833e-01 6.158707774862609563e-01 6.616392948897537041e-01
3.978170267989249442e-01 3.449241662088599059e-01 3.500087754128815010e-01
2.958696689315613582e-01 3.127145104309870804e-01 3.151762053834064603e-01
4.795235814976735456e-01 5.406320520725915735e-01 5.048951846920347597e-01
5.921504168007564184e-01 6.002743691792726821e-01 5.706388005795701712e-01
6.001924914340373007e-01 6.389580298004187142e-01 5.731139941546885552e-01
7.325994464534951733e-01 7.782598034800417564e-01 7.931646434655380551e-01
7.603113973463536679e-01 8.069374879974329229e-01 7.379374129454892017e-01
6.321570940297213115e-01 6.853491435017879940e-01 6.662087965763410224e-01
6.405852734535260051e-01 5.637188557187861049e-01 5.882779996268927558e-01
5.760011614896451970e-01 5.559091354824777786e-01 5.345356530583718069e-01
4.642190926883281721e-01 4.763959158335063782e-01 4.760396003810599130e-01
4.612110577408423118e-01 4.891960367115457675e-01 5.250752786442174358e-01
6.456355897480765549e-01 6.673793429052342630e-01 6.571445087954473907e-01
6.156547668415354169e-01 6.897997541172455893e-01 6.208449013042872666e-01
7.039880120021960730e-01 6.307051036967500357e-01 7.052259596664893770e-01
6.453425312496136046e-01 5.821343781698258280e-01 6.548906726984218274e-01
6.694469618770195751e-01 6.254076249985361935e-01 6.318387858021377035e-01
6.470395739665162349e-01 6.383240221105147549e-01 6.351974691429526088e-01
7.973462634006830418e-01 6.895567851832019590e-01 8.384906196567168957e-01
5.758598406656824098e-01 5.686842493321746517e-01 5.266801430172224352e-01
6.023883249055633771e-01 5.808647804018326477e-01 6.506681658064600304e-01
6.308048024374024454e-01 5.542574255958577778e-01 6.447114011258364696e-01
5.033456085235209487e-01 4.244530617507584203e-01 5.211268611874104728e-01
6.593725435425005221e-01 6.719379555749266375e-01 5.445690163425870312e-01
6.552181607801793595e-01 6.915869933935979708e-01 7.721659704512165989e-01
7.811091968037436883e-01 7.216085368157614255e-01 6.897438738806174197e-01
3.433710901038661278e-01 3.294244046598366893e-01 2.926367544991799741e-01
5.447953377670605724e-01 5.512407709959066260e-01 5.856138570508768737e-01
6.401917258554891133e-01 6.128880519340420552e-01 6.584797389986782878e-01
7.561446660064610192e-01 7.833085093198963733e-01 8.115045718135072139e-01
4.613466440816292868e-01 4.532767559002774949e-01 4.870922026590748799e-01
6.305899468685985942e-01 6.429331848084466339e-01 7.111314681002447458e-01
6.478475347895996661e-01 6.016477714107147934e-01 6.133596810054966486e-01
4.032762999506191992e-01 4.014357728661931968e-01 4.740532741976508646e-01
5.374188779308818331e-01 5.501921487988269410e-01 5.273230398619110915e-01
6.974140627814281457e-01 6.837783904917812405e-01 6.866840658610039450e-01
6.102167912717834097e-01 6.569155983147604294e-01 5.841336439713384898e-01
5.965388636975806902e-01 5.563811315030554594e-01 5.950433416746403470e-01
6.444711553577159302e-01 6.040682068269688232e-01 6.395307893697766977e-01
5.820845309094625497e-01 6.583557892818890922e-01 6.558408632967130947e-01
6.226606231052139728e-01 6.680420876832207089e-01 6.861877171883162818e-01
6.052420472042104871e-01 5.965247122635887189e-01 6.459608327841768194e-01
5.334767342448527572e-01 4.999940675996013550e-01 5.072617490092565795e-01
6.027651141894101450e-01 6.090076841517664263e-01 6.134182529262309780e-01
5.600666689948988752e-01 6.102972014125898070e-01 5.634933895219357280e-01
6.160774752595370440e-01 5.945344158780137001e-01 5.595269039268145894e-01
7.089963700884508446e-01 7.159203932863121844e-01 6.619762421843855549e-01
8.718652720428168301e-01 8.783961398824251532e-01 9.050785807878330980e-01
6.115463472295996628e-01 6.085630382246045578e-01 6.231884944413017546e-01
4.925885390136484632e-01 4.978927857194543338e-01 5.304259715603182324e-01
8.517587604698981796e-01 7.909804021395913098e-01 8.227255432136338920e-01
7.275913664779991574e-01 7.000291395189163213e-01 7.023587662598744785e-01
6.454545056437914763e-01 5.926110401659470117e-01 6.570779519640879140e-01
8.195387462059341432e-01 7.115762311710603916e-01 7.888170832114254072e-01
5.630190698267512062e-01 4.989305773060951910e-01 5.096148516143693685e-01
5.515261545570675494e-01 5.588093892085158609e-01 5.819156146340102032e-01
6.828684780264675513e-01 6.884181792915053943e-01 6.477565721182280134e-01
6.910752851840595845e-01 7.678316786614135525e-01 7.887992817471343177e-01
5.233920759720948057e-01 5.329143818820296641e-01 6.423475868263222033e-01
5.008120166611431667e-01 4.636660600917710262e-01 4.964456347702454475e-01
8.910282376551547090e-01 7.552342215416244509e-01 8.371431676515947995e-01
5.290953500439630197e-01 5.466834271312581706e-01 5.746932124628884031e-01
5.420064583316918094e-01 4.909452468929419444e-01 5.296617741950507829e-01
4.343797625756346537e-01 4.173121632192572927e-01 3.900136997732858157e-01
6.748323397183563221e-01 6.572361027853610427e-01 7.185289192031921734e-01
7.519684516316841316e-01 7.257984671089909856e-01 7.979046083670296996e-01
5.858603475279048345e-01 6.334688368845297068e-01 6.121447160588378011e-01
7.080806394513571300e-01 6.698991551953648038e-01 6.243956100970345924e-01
3.850942073727896542e-01 3.996184809940167559e-01 3.824246021864362577e-01
5.116405125712704116e-01 5.952595066736994234e-01 5.890329975808649143e-01
5.282304421755411594e-01 5.680415504127103166e-01 5.273157336605539536e-01
6.748442939716856603e-01 6.208482463549459540e-01 6.532340327154021464e-01
7.182801796601534505e-01 7.161661449562894965e-01 6.802679652353197381e-01
7.268642109315447408e-01 6.602415005669290959e-01 7.109116893192960474e-01
3.075147177898364670e-01 4.001707922623840008e-01 3.364869323397757794e-01
7.554594532420313424e-01 7.586424560141300510e-01 6.734877736811395454e-01
6.324475533149790385e-01 5.991074538340809275e-01 6.600208566366174701e-01
7.060899696617494170e-01 7.179444019928713505e-01 7.378576977952000515e-01
6.594138042874652106e-01 6.062844633583027720e-01 6.593097624479438146e-01
6.805474465064849099e-01 6.652745270705283653e-01 6.927081270260069257e-01
7.200949772376352698e-01 6.932943532577937606e-01 6.436528130707259709e-01
5.847784984019176457e-01 5.665765140355005780e-01 5.329491753720736469e-01
5.847360375367356422e-01 6.168105538050927539e-01 5.421381105469409434e-01
5.471829148922647823e-01 5.948540659011705145e-01 5.610205701302488634e-01
5.506095996106533663e-01 5.837378692690843307e-01 5.935398893697412248e-01
7.181913527455148216e-01 7.632168622766636323e-01 7.066030631761081038e-01
4.851554140570998874e-01 4.601954090172963863e-01 4.731470891494578002e-01
7.367390078118795094e-01 7.614081091097774090e-01 7.028751355806484025e-01
6.653446192389873559e-01 5.977239238862319670e-01 5.918275212427471788e-01
7.955698801637076656e-01 7.984367107490669691e-01 8.210882585683360047e-01
5.821761060968813073e-01 6.121253265681885214e-01 5.562409409183447506e-01
5.518594344268556995e-01 5.533694106988444883e-01 4.970373280491968693e-01
6.936145547755162566e-01 6.421113010179654301e-01 6.899422533155785686e-01
7.662050137079277068e-01 7.918091249976580981e-01 7.858108332413985542e-01
6.005646876190178229e-01 5.672918003406384191e-01 5.862155674953953843e-01
4.761172013101983569e-01 4.892569096070941703e-01 5.077147898766063427e-01
6.846718294840756780e-01 6.943964575003906958e-01 7.242706216124901175e-01
7.466180739151434542e-01 7.682211418131690284e-01 7.170993284943534274e-01
5.028824104780672544e-01 4.828946813150856165e-01 4.917569523314646029e-01
6.273817077008952969e-01 6.691303178832878062e-01 7.420701831030575013e-01
7.403301379657871717e-01 7.429040765026119209e-01 7.611256156117394145e-01
4.936942631697124884e-01 4.854630814265232241e-01 5.468191178781764972e-01
6.503915541573928039e-01 5.869228925905354277e-01 6.122626746463187830e-01
5.350246525420896404e-01 5.721299441805608454e-01 5.811402274470014451e-01
5.840770727192153844e-01 5.800174664564755611e-01 5.532778815088003066e-01
4.908441400911511820e-01 4.390446755971859072e-01 4.783566890628899726e-01
7.214935007166363157e-01 7.821390024388451545e-01 7.217399589571613649e-01
4.595713032560542199e-01 4.331609970571108081e-01 4.719623723537418880e-01
6.021524802961029099e-01 5.933575830477891833e-01 6.222653981749597385e-01
6.035238452060442960e-01 5.685751770717384357e-01 5.471375091865243734e-01
6.614022026299347656e-01 6.190171481061993441e-01 6.444265764034771138e-01
4.607833044924329879e-01 4.614739361494924474e-01 4.146599339368873260e-01
6.590603261326618556e-01 6.734934342015741482e-01 7.635577156588605474e-01
5.401259529609745424e-01 6.748100510789961648e-01 6.592310581223935761e-01
5.092957311590763370e-01 5.113123457387463988e-01 4.811544906039926794e-01
5.160119268370531032e-01 5.252011058143967182e-01 5.121643322107636287e-01
7.923113911420389677e-01 8.176256415930015509e-01 7.435658565788123564e-01
