0.884432520874
0.00490965662748
0.253184580262
0.0353723312193
0.355039287471
0.517611723863
0.937422044582
0.570744527289
0.371370357688
0.820645649232
0.834846892472
0.0122050691182
0.820855215871
0.488711164674
0.951890579848
0.885379080002
0.944186181818
0.946804087928
0.370578549308
0.851297947717
0.945067653392
0.97177155382
0.832704982774
0.660036430309
0.528009792193
0.999447639467
0.441415609373
0.988291587621
0.438992431662
0.844506954948
0.678387866014
0.817195634263
0.604916215335
0.999269063432
0.270803053265
0.306840381206
0.692675307492
0.500806011986
0.238966510494
0.181097683671
0.540141867544
0.73616316556
0.938772927042
0.481273404488
0.695575813545
0.0838274826732
0.144888766539
0.916563035007
0.98054671098
0.998313605864
0.0983516630982
0.191500896739
0.255139588551
0.70523125624
0.544122518009
0.387832951122
0.656726008372
0.305404839702
0.600044576848
0.642611309876
0.503731229522
0.0483445212839
0.516012830319
0.527787845807
0.963572435365
0.237663588567
0.834043357923
0.81775312702
0.216642839655
0.0633030031273
0.926812032782
0.444514585744
0.603763342471
0.975225475682
0.553051765879
0.0291491822792
0.32109398917
0.595651960395
0.404490804029
0.918998333291
0.358584215663
0.994737991331
0.320102356539
0.718276422433
0.00145383143435
0.916089492716
0.700161980935
0.210527302346
0.221544366484
0.536412151036
0.126543674266
0.17076254032
0.868450370968
0.123145862681
0.946302258698
0.2398059801
0.732240430562
0.217840910226
0.16748333499
0.541732753065
