0.901682725657
0.686952351925
0.842188846809
0.0420038255563
0.917310056584
0.104116658623
0.630922371631
0.177407254005
0.166465657036
0.497889842512
0.509408211572
0.0609937332806
0.58461679604
0.224331147465
0.802593955063
0.172559929746
0.646205101718
0.654738917489
0.224124638513
0.0462059678576
0.122102432712
0.548883157631
0.91892571815
0.638618616362
0.717497238942
0.782732506338
0.274182231111
0.424318107267
0.976572895752
0.473785375816
0.254735013372
0.788488911777
0.955324772878
0.593984132157
0.639078113126
0.613035331377
0.960746862839
0.621699989049
0.612679889085
0.0871281852082
0.428962933297
0.241860315272
0.871664667049
0.128739390194
0.241537103496
0.221741241227
0.314849119033
0.398350785002
0.940725373557
0.988745415417
0.595547673328
0.55786374501
0.580954755068
0.344467132955
0.796935182969
0.630629177225
0.874938837499
0.134287455905
0.189663838624
0.0590959459157
0.897277975659
0.161777166728
0.580036715837
0.874939414034
0.987065918248
0.312990300662
0.292389722364
0.775753844671
0.404534308368
0.0234481561135
0.326566129398
0.301549539066
0.361872094955
0.0294216615995
0.260011612913
0.155386604201
0.214830376328
0.547574531779
0.0880210643562
0.990397193191
0.871460935477
0.125904664226
0.588404206819
0.780281812258
0.481351060194
0.586129343324
0.548173012254
0.0191975009877
0.187489682225
0.539553999412
0.00130045882258
0.403708371831
0.592031331368
0.597492044195
0.80308332453
0.161731435247
0.633130771678
0.603345457798
0.900027582611
0.17215412481
