0.0133419973069
0.131038326849
0.0150236774665
0.281660028938
0.790144127888
0.447634386181
0.979933923677
0.142977402059
0.91190140433
0.86706715093
0.305582440978
0.931477716455
0.110769309715
0.0307935010442
0.688248425963
0.918131520674
0.760558651423
0.774892070064
0.43764139185
0.0163723263891
0.415751699802
0.426917892976
0.566158255144
0.485949493303
0.61772886776
0.87174792061
0.095767573064
0.234455811422
0.41583556838
0.664332122576
0.93038716941
0.607218445526
0.841133294817
0.596067604257
0.743944413589
0.173039252115
0.162399923377
0.166334820239
0.530102147105
0.280762898603
0.429809302249
0.114998663276
0.949696130552
0.684533778135
0.946214271813
0.0544970822138
0.919664068331
0.384581103684
0.256722353639
0.0848245305303
0.704684062513
0.227898505366
0.984924313148
0.366600661661
0.290622273364
0.412335688326
0.616586474604
0.223005717516
0.348316780754
0.375706127981
0.30192318486
0.399912425477
0.940488884259
0.864579791964
0.399123397076
0.477996673366
0.0991711747424
0.924931927189
0.514556046844
0.635919325123
0.0374433446127
0.0102637918591
0.262272309869
0.585923524159
0.839641002327
0.156480179367
0.468555472088
0.434301509483
0.79890397549
0.555923785509
0.0342986509404
0.936113900303
0.865570882585
0.991982163779
0.547693134784
0.754998621195
0.571640113114
0.361650478612
0.0287576862757
0.715261367292
0.470616621611
0.0367177639863
0.106139128151
0.539040010139
0.595117616114
0.401154397659
0.107108102233
0.60993553785
0.909107029176
0.649145307214
