0.331711063891
0.312614959162
0.278989911116
0.716609378218
0.927426799486
0.984455279598
0.586983883617
0.325896706898
0.818838318885
0.333893383031
0.442117955912
0.668673481995
0.131968699786
0.646823791899
0.187118416919
0.532954284896
0.0202354398883
0.541963466875
0.382687011045
0.175871772805
0.394886851088
0.940472061474
0.146871311561
0.384144217556
0.337933449826
0.816767802849
0.149244818027
0.860018577566
0.469017632482
0.769273001564
0.532141109451
0.751411830199
0.978439836636
0.61083612573
0.57565291891
0.0811988702732
0.921955719693
0.0530849370947
0.633656257496
0.0747074539339
0.669623137032
0.838067087476
0.342076641864
0.163399442178
0.223195400682
0.901783778637
0.626335703627
0.313649407001
0.87851899548
0.337701137436
0.955746643173
0.357831080932
0.928721654774
0.715283779012
0.0891467738897
0.769743978725
0.147407874681
0.243635229262
0.661687911561
0.975022434364
0.589241889778
0.250591491569
0.0162855144299
0.0903502540986
0.345657625634
0.847244735631
0.189142107225
0.926451935408
0.696629139542
0.212525371436
0.854400128601
0.479959089056
0.244928116996
0.515047314933
0.514931231881
0.550268614102
0.601724978127
0.722476629562
0.0420017258232
0.518737884073
0.429766647656
0.294659787294
0.528157444641
0.682068855804
0.849298002988
0.716361174909
0.483886431326
0.381092517578
0.762124714736
0.209227768715
0.74501384352
0.798811437685
0.524864055473
0.0037590609659
0.447897240976
0.483586512414
0.161352872289
0.0506243371179
0.727840549616
0.619958046649
