0.0226403422062
0.476522470078
0.632432325452
0.534255547737
0.15227210431
0.351357259427
0.386333449085
0.959643464389
0.362126409321
0.944893252009
0.620327815331
0.226735454053
0.178763694266
0.877593833782
0.255854622867
0.152757038958
0.127597255639
0.296210224684
0.95500427077
0.242056687782
0.638280262414
0.0221456017244
0.404790411109
0.434649652752
0.460653145577
0.287705710393
0.0323859229073
0.019131067548
0.543853308937
0.499337879346
0.655760627949
0.331400316276
0.5444422172
0.109766138844
0.852042939513
0.266821881548
0.542398864933
0.483994184384
0.0894111023906
0.317512005379
0.230912086948
0.626214854799
0.651904327926
0.276020129753
0.531550104649
0.277591007236
0.0556971937794
0.124448955895
0.678799858594
0.09819494256
0.72640366566
0.289556714215
0.370642852346
0.0864973647105
0.494979770884
0.728737015614
0.428762155125
0.779917002196
0.348081518973
0.499313073601
0.319032531453
0.0941123217581
0.947141729241
0.195310851098
0.32755293602
0.299275105313
0.617281691525
0.166140853378
0.265777900003
0.121849539786
0.1842661855
0.921642629052
0.989265715357
0.178106499228
0.498430960614
0.170383254576
0.798407589166
0.757840541897
0.0453551069279
0.948658169193
0.0993544767268
0.376212356361
0.454959751472
0.407534754338
0.225444260176
0.595109985026
0.162188024245
0.597367237277
0.707765722649
0.636942911938
0.0811622644109
0.385349312087
0.601753471196
0.0717600790333
0.353542258476
0.571472064312
0.396821378136
0.891769128483
0.941049437735
0.812990874716
