3.07096081897e-09
5.34331801028e-10
2.17808934111e-07
4.86618955908e-07
5.86975701378e-09
1.99170588439e-05
9.65689986754e-07
2.0486734531e-10
3.07327707727e-09
2.67648125885e-10
4.10954825725e-10
2.35003523863e-07
6.2172489379e-15
2.44570566457e-05
7.094477672e-09
2.55210908184e-07
8.28108092876e-07
1.69313832243e-06
3.34772533028e-08
3.22075699444e-13
2.5279844329e-08
2.63438160175e-11
2.70621303144e-11
0.000813288516467
9.47165126748e-05
1.09912079438e-14
2.38101654937e-06
4.67464018472e-06
1.86801095259e-07
1.04754971364e-09
1.96715976841e-11
1.87326727121e-05
1.00253139124e-13
6.42950608531e-07
5.99485616704e-08
2.76252432041e-09
2.72745775187e-07
2.9488489337e-05
5.62816460103e-12
1.80149228868e-10
1.37479377049e-06
2.94209101526e-13
7.47203970142e-07
7.66275931596e-13
4.47168714501e-07
2.98893848782e-07
6.67390587239e-11
1.74336415304e-08
0.000412480252913
1.16792565619e-08
1.31454914731e-08
9.7640800889e-08
0.000341679366638
2.49611442626e-12
2.04362523093e-06
5.98560385136e-05
4.60745722686e-08
1.24254828648e-10
1.50391851195e-08
5.2106063908e-10
0.0
3.1875388995e-09
3.95864430125e-08
1.42966911754e-07
5.46755973829e-11
1.34895457093e-06
3.39273109606e-09
1.68930957334e-07
3.03937930379e-09
4.94367026316e-07
0.00171364225568
6.11951567753e-07
3.46630502079e-11
6.19780834296e-05
0.0
0.0134616078603
1.20203237064e-06
4.91902883759e-07
8.72812122577e-09
2.00802707795e-11
4.03287747641e-09
7.85947030568e-07
7.21022844721e-05
6.7444938523e-12
3.46519080097e-09
0.000119859844903
2.11386463889e-13
0.000855947958541
2.51075052515e-05
9.86212800314e-08
1.54279256037e-10
1.19953497801e-07
4.49215786791e-09
1.0178183163e-07
0.00176580095338
3.78362471912e-05
1.69657921045e-09
2.4211864702e-07
1.1761598806e-08
3.00920494611e-06
