0.358645790433
0.371505476319
0.414565905801
0.225077888664
0.00864566042453
0.0370359147724
0.480687498981
0.919093838509
0.61966591359
0.719098097406
0.141648368289
0.207757863136
0.0268567372634
0.622894665012
0.605692074619
0.360925429675
0.960778542218
0.527135245912
0.396810073447
0.644357998101
0.13116633613
0.29749765544
0.703362353212
0.0105189924241
0.834074892593
0.1194277902
0.146678730344
0.0914896503564
0.470769284916
0.156057630927
0.15600943974
0.0292303825645
0.341294228584
0.349697578405
0.813915980076
0.219865019484
0.0176547448149
0.210886948941
0.0937660166223
0.338133511472
0.20688235382
0.540557116796
0.139297560349
0.574924532087
0.407955274569
0.248567382618
0.021713600007
0.225145650407
0.370998964251
0.155629778321
0.19061116538
0.214737435182
0.373657127934
0.212220037591
0.218429121071
0.297904114296
0.194698304354
0.314027511107
0.184042170274
0.249925224818
0.00103316276882
0.162930067049
0.835705006875
0.501411950747
0.169170269366
0.0436630030009
0.2526641682
0.3502017367
0.667964042959
0.443952784147
0.523337299091
0.987208767576
0.376245169645
0.0232713584406
0.174141182514
0.230952045696
0.86609098359
0.756258602557
0.0486277533611
0.789051262674
0.0813068945241
0.304947581952
0.851131915528
0.827561946494
0.385086370196
0.840846495928
0.344669287846
0.0827800260816
0.59340586745
0.571037586307
0.157902793407
0.214142536893
0.628606749529
0.339796271318
0.00305804112132
0.203104203567
0.342099287318
0.23160840844
0.929390716173
0.910403862433
