0.552784564167
0.944327583328
0.427073023186
0.396544600944
0.0250660955183
0.949822949658
0.176454887281
0.336161699951
0.560111930106
0.971979138153
0.802193381419
0.827048484742
0.852709033286
0.481277140153
0.728702886517
0.608572864023
0.333621850043
0.063441248473
0.902285487489
0.998439206169
0.963582211396
0.628811627012
0.553058311177
0.488733993273
0.129637566534
0.852279916696
0.95993505546
0.587088435846
0.601609937114
0.100857711698
0.13953518252
0.601910895048
0.00178315708154
0.458656886044
0.842002575531
0.246427689009
0.778649282071
0.897441920088
0.188673215729
0.796548849002
0.383914432102
0.489012024774
0.073029241628
0.177319723998
0.0603032586475
0.0736431865232
0.340390496893
0.33421714706
0.196350426898
0.511756738112
0.0954902739777
0.122482882693
0.127828058469
0.757557391405
0.373621791726
0.885947129679
0.477551442554
0.903949250289
0.644744600466
0.692702982272
0.437023566639
0.304996114945
0.0449292066439
0.79871059395
0.514889488066
0.626216175533
0.129792774491
0.0972724473383
0.628552782442
0.114638965277
0.0343923296755
0.585674123586
0.429576831373
0.482395673522
0.544834696962
0.426519422808
0.893919963893
0.320582966687
0.924903441076
0.764090262716
0.49706522952
0.219310331869
0.395045470466
0.824441252516
0.0146973312993
0.702994977168
0.0232317640404
0.440938265183
0.0976258400776
0.418767253245
0.93116684203
0.463709032093
0.458988320922
0.661258455934
0.659688226729
0.97585976031
0.0199071744501
0.0444888652586
0.203200459315
0.705948039331
