0.130068370807
0.885950826766
0.830274808929
0.668416143
0.167153417667
0.435653323194
0.615120378687
0.269146139433
0.12106872994
0.442606689651
0.43380556734
0.729035438468
0.0863840797139
0.722970213141
0.814999273145
0.890328200383
0.770344948941
0.397387842851
0.069654765003
0.0306642942542
0.201238085239
0.265202311537
0.0412639113993
0.189653103477
0.397081274591
0.943465402682
0.683097173058
0.812548946191
0.910768148761
0.459482675029
0.577820827067
0.641037908221
0.228705269524
0.0420906335916
0.603602244417
0.720563586639
0.548707792384
0.338037224331
0.383916722936
0.868029250544
0.442479159925
0.453055839581
0.57186287154
0.774256042503
0.324754656922
0.0234822271532
0.532463884398
0.852314474168
0.961591868113
0.169237319425
0.906481297868
0.661611887074
0.631864590484
0.676554214267
0.514647968627
0.536427594239
0.674759400554
0.737433202875
0.762523223562
0.598921082904
0.1506101432
0.482288109563
0.319482317525
0.228783574228
0.68508981856
0.565344308183
0.115280926017
0.038947132063
0.161312070211
0.471875349671
0.333276880762
0.871856306767
0.676210514182
0.310310309019
0.141573025621
0.854978663167
0.393218526249
0.808423121627
0.800095310125
0.888946156753
0.622818297171
0.645533151668
0.441684563512
0.71576835675
0.6630364062
0.972964843021
0.32919029828
0.320360361003
0.775343936387
0.426766439772
0.00699652440959
0.017803939727
0.608721729272
0.171513154423
0.4991821986
0.166117064243
0.656093800433
0.452974928125
0.327909519911
0.913522612411
