0.0739911829169
0.279992794506
0.127691118759
0.938155852752
0.377373795206
0.516420656662
0.877981106884
0.746163863845
0.32439229599
0.160793483963
0.460067825782
0.67581072192
0.760419112153
0.507153108336
0.604947288309
0.804009872928
0.45453676554
0.0166812907715
0.702790119419
0.39383006963
0.518984010916
0.267716819122
0.00281721037147
0.421151331263
0.673309579264
0.454771657477
0.603572915287
0.082289200851
0.43198768797
0.705585454266
0.894720108864
0.700110245915
0.597185246446
0.433639999389
0.525894086017
0.796428292474
0.106780523107
0.944023124676
0.521970933897
0.218000416622
0.790013626522
0.820018735739
0.955096333806
0.0996168907486
0.968266105364
0.289757209404
0.94315902575
0.424996765418
0.221231541333
0.743317376088
0.828224571959
0.657793751289
0.196446171053
0.490614846939
0.67153563512
0.303285865024
0.629313724695
0.710934390733
0.252393607055
0.360521790657
0.0376838881459
0.753811873355
0.660560771497
0.797543169913
0.593910458143
0.242407276057
0.244826299024
0.583797611034
0.542001348576
0.535446433661
0.446224580906
0.0411266328093
0.826246046512
0.829199136891
0.103587223627
0.401900766337
0.31518781988
0.81379911201
0.317670702353
0.160732593966
0.0211802559671
0.326297851937
0.622575703855
0.875976168294
0.80331975701
0.730249863536
0.398079469174
0.676633319546
0.337776129842
0.278381015666
0.123761465569
0.700953513141
0.713864249781
0.48749553581
0.495438947487
0.424725528573
0.149622948464
0.480560950603
0.267034878371
0.473909391901
