0.696773436951
0.813410690206
0.675069117546
0.989843983149
0.0876078055601
0.209312366791
0.986432656623
0.302236134486
0.961809776131
0.45651630069
0.0298727360604
0.932608178557
0.364880661086
0.0403178845857
0.236141593318
0.743911823278
0.683445230113
0.355676745997
0.970807148614
0.576475310652
0.40987804399
0.546316117595
0.2161134187
0.69082403228
0.342458488339
0.5768620801
0.811472298573
0.588282783956
0.44223418468
0.408037597029
0.706275808084
0.277307368004
0.712570442323
0.642552338368
0.953680474197
0.379908229977
0.246236094221
0.178431741934
0.314103012508
0.502069641687
0.0700826390837
0.837904743291
0.553468303551
0.868107946348
0.542303659438
0.282522476449
0.877761076067
0.662251041489
0.218301178213
0.83723119312
0.242096364513
0.119635129383
0.842987051479
0.0795179468217
0.741548585705
0.406938806357
0.173382841982
0.691678447703
0.366279097213
0.994046401617
0.0664032452991
0.574568692453
0.678589663759
0.616588633424
0.320734519728
0.0130782980809
0.132605772617
0.871502503122
0.331438826524
0.978195814647
0.60127510342
0.00770605740559
0.0322527313696
0.491047539074
0.139195219604
0.474745812915
0.572617013929
0.744216386248
0.427034002152
0.679175375239
0.210058510754
0.296619575442
0.852269666472
0.131562077817
0.0779591575983
0.846509981975
0.446606513845
0.281466828903
0.810317775695
0.307299503115
0.350472140759
0.699456294684
0.607362401168
0.116594544964
0.588740228563
0.750130855176
0.95744214649
0.222980576343
0.641130737167
0.580097807678
