0.597717576337
0.982299432402
0.235983158111
0.624255302814
0.960290229596
0.922955927464
0.029675578307
0.094249960709
0.956769869322
0.135817098668
0.680878262889
0.893291978197
0.207384262734
0.984699781803
0.267170455189
0.456136932545
0.265344802505
0.520737194023
0.435882090973
0.245976001572
0.101601605878
0.525037549595
0.682868011674
0.430763202868
0.310777094301
0.440803573865
0.380355459662
0.178178733946
0.510142069429
0.990857872796
0.538664889679
0.893305734505
0.0317841908966
0.0596088635754
0.783402003259
0.0268551612922
0.515962642016
0.790950913633
0.618897739176
0.0124276183818
0.233957857644
0.991288230927
0.933277498573
0.270999119258
0.0372119608308
0.0699817810389
0.398197830856
0.75362224468
0.0506256797296
0.796273667397
0.524876870036
0.261834327575
0.199464064283
0.932141535626
0.739589716981
0.152068771523
0.452249847327
0.929829124063
0.670864818175
0.990871094044
0.420655228472
0.556487942014
0.680857650005
0.753261522945
0.177349008483
0.0121001710835
0.31725895925
0.524290700046
0.0131337091137
0.530871160072
0.937686810755
0.751198300939
0.0297813322631
0.632279338118
0.396970443954
0.252594613306
0.70390841945
0.1777280377
0.085327810317
0.595098389586
0.282859044239
0.514893541411
0.82449878625
0.283894600727
0.582211648463
0.0405776816813
0.13357099406
0.906681681871
0.136255280132
0.288268356765
0.502766963368
0.225889703292
0.157156767888
0.606294483837
0.734149829995
0.720106256472
0.360666673452
0.348439770277
0.207909278665
0.383227949286
