0.348390687306
0.398712856608
0.516536498255
0.932427605872
0.301091498522
0.737176612841
0.602705435526
0.53639915818
0.792006788808
0.538774695408
0.0814087081599
0.651461692647
0.695811027399
0.0882031384113
0.59602528749
0.157770983774
0.261681126492
0.305372252669
0.650639493806
0.298339400579
0.388094035057
0.768589740118
0.238511028464
0.616162779932
0.677093106539
0.897180459128
0.294135283505
0.418225746708
0.661573817975
0.201866409235
0.311240125675
0.116986782962
0.559246870419
0.510071388986
0.0914264938543
0.194872393064
0.564259016734
0.165300189051
0.126461097712
0.461313132211
0.515616683165
0.262218920238
0.853487918642
0.412369236551
0.0765143543323
0.528188092723
0.239295297315
0.240946383369
0.479898964629
0.0365634381006
0.123170070351
0.0612027315732
0.905494675125
0.515324528683
0.899208383199
0.513727595381
0.608747946
0.565505649118
0.720428787957
0.652708421819
0.0643165904728
0.678841809363
0.896653197781
0.16492576308
0.718710032745
0.55783533686
0.308153641727
0.418238501901
0.81500774429
0.393492654858
0.262352959792
0.68003725805
0.0440335350913
0.458793900981
0.460428275371
0.80174501
0.603066520268
0.797246978608
0.153591431422
0.175116133439
0.379266841989
0.63410009635
0.586817044512
0.0398297453135
0.426247554821
0.399612722565
0.192667710172
0.472609420561
0.520583641183
0.457387990694
0.789884125873
0.461595680302
0.481178129313
0.309454077343
0.774011580267
0.193999359965
0.585925252826
0.515533797583
0.00517745099186
0.162305679194
