0.032686043649
0.625604766721
0.101256110711
0.927849436106
0.672967846691
0.758944620406
0.827891370876
0.242455543707
0.0521751545912
0.344834368169
0.545890699922
0.607984805562
0.356233046547
0.578416869243
0.929291833431
0.996652627109
0.363538705721
0.0261581808275
0.758175746628
0.360412864029
0.534900599989
0.0217976371949
0.00824625941749
0.103403734741
0.276388958705
0.496214646219
0.0947349029433
0.181143167146
0.287650931339
0.565345072253
0.535571246234
0.212247551791
0.332010685613
0.93463503649
0.485990248734
0.474821654156
0.560038180895
0.966599089341
0.774124604102
0.604865960829
0.153429284176
0.241590004284
0.195546338118
0.730000136738
0.989705602365
0.0798462586832
0.832862341827
0.343210679746
0.0123368128741
0.0265387852291
0.980966022314
0.658064459834
0.354445023178
0.18616896978
0.490571365079
0.554796155558
0.889331091316
0.658258309123
0.786484377419
0.903862597165
0.253532235277
0.657856339778
0.397970654419
0.844712153979
0.878443287152
0.24192233956
0.241525637316
0.494982246963
0.480045722562
0.911816965017
0.313138994321
0.129723996745
0.406012559895
0.58286447708
0.631277202961
0.666604846329
0.928530652554
0.206781196255
0.0649544846621
0.760861644018
0.0520225386767
0.24710017731
0.370630939901
0.975566051987
0.791823126698
0.232927504309
0.494221659221
0.94694465022
0.11625761018
0.434990012446
0.0326529388098
0.920842071823
0.614206441027
0.630329027764
0.263376030494
0.380951982089
0.231568312008
0.439430059017
0.687594553421
0.264800326483
