0.814087308686
0.0695558693793
0.79986620487
0.763066284927
0.556618261943
0.0472670589456
0.0803586908722
0.979953438989
0.909440245053
0.548589672772
0.652783182128
0.859695619839
0.924303320506
0.137849978973
0.99199182742
0.646040722852
0.843614885158
0.0253835999761
0.802584821221
0.5699808272
0.492871947135
0.294355003454
0.98206234365
0.0860571260023
0.958876436172
0.653635587651
0.145468557218
0.990480173558
0.675196086281
0.101330755808
0.501954953548
0.596901300198
0.471895092691
0.308760778011
0.591705514844
0.541307620738
0.235366400466
0.914273926459
0.672525556639
0.579965549834
0.421525373078
0.0806618449106
0.451956145549
0.0928121722945
0.965280005576
0.648959909358
0.518387776264
0.474644882436
0.82964668859
0.316671403795
0.63248607011
0.634045128921
0.475741161976
0.777947561014
0.672272375166
0.306807876209
0.227617210176
0.555402428537
0.695375966202
0.485686952993
0.618694707666
0.467114779947
0.790341058123
0.797272407135
0.789935463595
0.673371184528
0.527592301735
0.841800124522
0.974443704926
0.222507015792
0.480799004708
0.360494502221
0.85038556357
0.337756101827
0.37787247033
0.991649213817
0.695289815081
0.151074161723
0.21672322228
0.437280829815
0.231305764533
0.83505805156
0.804126059172
0.115487481251
0.73025197827
0.34763079444
0.0215844303019
0.890737403016
0.803872885553
0.749912962538
0.694844648842
0.862826227143
0.0488848915016
0.499699128154
0.678237013282
0.938992848428
0.062188044223
0.399978726469
0.736544910445
0.877788862841
