0.152326769848
0.058949335996
0.338752880075
0.82064321035
0.885801308804
0.778628614644
0.897102589195
0.214471321749
0.348603957466
0.10762084838
0.579797054884
0.242081350794
0.988415204951
0.218108824474
0.385446694929
0.591121708766
0.815796504743
0.283628826671
0.618197014706
0.130209834439
0.291206419829
0.0655280290548
0.121300201708
0.382555122667
0.808919218848
0.694426480409
0.0403989487116
0.565354328196
0.349635277162
0.332090779639
0.773140927252
0.295179031449
0.123949044169
0.946597297931
0.461667082967
0.811915575971
0.823779370247
0.692142442943
0.651798129014
0.737574133325
0.434695766817
0.109651941744
0.585516139556
0.162739757679
0.973395512367
0.667244836991
0.996959184336
0.895866840466
0.081220270786
0.0057425258413
0.316990596066
0.722615328844
0.330276281039
0.214047643583
0.613457298402
0.310577204573
0.956688683116
0.134016928946
0.396953410033
0.976199289112
0.423264088226
0.946008838724
0.800819329562
0.380127939602
0.632373705519
0.235679016245
0.0951709098177
0.857908454701
0.36865785812
0.974485672192
0.583628018435
0.0240878122727
0.943827589705
0.796538442834
0.0838384765442
0.84160151086
0.934536306818
0.459792787423
0.295776464523
0.872330411238
0.0158083505137
0.612415255251
0.0526792847078
0.496688146017
0.659161601223
0.33806640879
0.677074961653
0.919500757284
0.687745930495
0.218158403394
0.749854933211
0.432353958858
0.0140462956544
0.631505932007
0.808368658103
0.486748837935
0.084551567329
0.446209573444
0.691705671789
0.201306623978
