0.0724780773303
0.0599546478946
0.236798801279
0.485815117147
0.279299389521
0.175742981607
0.609421210283
0.966844579484
0.369474935758
0.903302449389
0.88652485507
0.843688720216
0.893594003119
0.90377451197
0.293360552176
0.601436997721
0.423573462146
0.00824609803537
0.524397732022
0.739157965847
0.679516297318
0.90537955937
0.187227653568
0.487195309945
0.967675466767
0.487791637519
0.260755828428
0.357090861818
0.443309139342
0.499997734447
0.949130424497
0.973395950639
0.766040885343
0.983306256211
0.489658581259
0.558881060198
0.501830205954
0.177047174425
0.0590384316397
0.337743509808
0.315941288388
0.245167006784
0.897261622749
0.279693711042
0.0873541403752
0.409882075929
0.255598411311
0.625646688853
0.240554001757
0.817788322772
0.950447370435
0.739673798785
0.319310224618
0.367024147978
0.575926573892
0.219949084533
0.0303926116502
0.140955773024
0.710485735326
0.894484348498
0.665437767529
0.0343708903519
0.737231794061
0.0239149609121
0.387731664647
0.99387024935
0.149048573808
0.135119337967
0.290346099659
0.515942112562
0.0302872308322
0.89295227761
0.416855772902
0.853506288155
0.569074662378
0.482585723436
0.684361379542
0.916384117131
0.503322660709
0.9030330378
0.215279438446
0.380433482998
0.1255649509
0.97044595824
0.834948928398
0.415132270995
0.106540996078
0.757090321189
0.668748830691
0.522808974525
0.254848597515
0.11993861207
0.538252051746
0.789137165453
0.966217160603
0.57216618651
0.284003427942
0.721865252157
0.874852680521
0.82175818513
