0.159814918554
0.172541434315
0.17452933724
0.985957757591
0.256104354879
0.318155593523
0.979578164385
0.282569515042
0.881111850026
0.303260849029
0.683840865283
0.934212435837
0.732918830413
0.349255501399
0.360054581561
0.577507680197
0.376635883282
0.721446056924
0.839853422497
0.91735773303
0.556814446017
0.234192597079
0.0980419514697
0.305894306714
0.210120366474
0.820455090224
0.647758349353
0.415087956722
0.588822206488
0.0203789319808
0.665653258407
0.569085066293
0.763849449537
0.473328374632
0.860225357826
0.0735286701896
0.00382598219908
0.307074163276
0.486126369467
0.108202694591
0.364533889253
0.374334138716
0.654416622893
0.391079565738
0.0630811808248
0.745354726681
0.960482490971
0.751330906573
0.0106002088283
0.304141851436
0.38606618599
0.519385770709
0.411048476494
0.515421251349
0.833678273622
0.139363221458
0.640494979119
0.215119098754
0.487000206407
0.541235082354
0.220442806293
0.0919903967408
0.859992827484
0.663215433476
0.248402797659
0.0381753978375
0.617994331376
0.187880398563
0.165404018967
0.55885879137
0.569573705519
0.144801186525
0.144811292345
0.269349038067
0.0135803700242
0.409182744626
0.459817977293
0.902208863398
0.931643875399
0.645556457083
0.70041049098
0.79378636507
0.719418192555
0.129480186888
0.269677750625
0.62661494483
0.53629633252
0.910577616122
0.761645514516
0.595379912406
0.469664332413
0.646224796104
0.240210049569
0.116605484649
0.736608980531
0.854123732362
0.944545625419
0.599551510703
0.311440380605
0.81412086749
