0.131742695099
0.500289743825
0.117162898529
0.973027356293
0.193786686357
0.159138961456
0.944825349376
0.287695597568
0.955252611672
0.359131911468
0.181982688831
0.824532194102
0.485476396478
0.177289333361
0.232146128591
0.614034512401
0.258109142917
0.710462647187
0.821179865387
0.987260962104
0.738233516357
0.229636145077
0.143671676409
0.572689129679
0.172213477425
0.344951258163
0.927130489926
0.486169965558
0.436108947013
0.0345174027286
0.382739571251
0.663603803889
0.609604906203
0.497924374594
0.894110342703
0.245762501721
0.188042796239
0.282310781252
0.0397945581195
0.183540082355
0.431200984593
0.633310465537
0.402485197282
0.492339406174
0.572748122679
0.808343247443
0.812066769106
0.966985311758
0.0857183981351
0.922837051352
0.0839591371144
0.607048703911
0.309165251482
0.232806945561
0.513258049224
0.476212626111
0.355132654524
0.22795404143
0.531986678186
0.835622795491
0.120380574185
0.434117796073
0.834142140474
0.463080629963
0.311151691733
0.0769010664307
0.340268891593
0.440712444418
0.286557758502
0.683858326872
0.257452134051
0.0504877165621
0.460593197205
0.523623847753
0.0721075098099
0.442734929197
0.703730269721
0.747371601707
0.720470895121
0.911743297111
0.484591290107
0.679170462394
0.738563782438
0.104915538262
0.592533865898
0.750165495204
0.712536836827
0.683746741297
0.637705500128
0.358474072716
0.352581113659
0.342712636147
0.307530002241
0.130412546341
0.772157407795
0.791354936229
0.930816083998
0.801868878638
0.317828433068
0.684196655438
