8.217676707378038792e-01 6.942264512971834112e-01
6.752341488901600908e-01 6.019105958837911441e-01
7.050850068680892813e-01 6.452901004761294468e-01
6.186374958347911068e-01 5.947977773947488167e-01
4.412813303829935530e-01 4.321429271486152413e-01
7.914029774883826196e-01 7.476766554519700403e-01
5.127289022693310994e-01 5.485092610537423141e-01
5.448083687436344746e-01 4.852656049690030060e-01
6.271449009713416789e-01 6.155533249712503707e-01
5.210033356250152181e-01 5.470982028167552524e-01
5.891658281501443994e-01 6.834663198063459788e-01
7.284461737438594486e-01 6.902468339023972721e-01
4.233887513013332438e-01 5.528843610554717847e-01
6.293999649816582886e-01 6.678781034298989505e-01
5.010817238529591267e-01 4.700718864278724540e-01
5.053116389070058112e-01 4.249776545545342898e-01
5.266843926495217154e-01 4.936815367179742675e-01
8.256770389473350180e-01 7.858165792282886253e-01
8.019303640016619550e-01 7.818200690700254363e-01
9.272355333603330418e-01 8.494666587124750645e-01
4.559853818310358187e-01 5.125075050534472210e-01
4.880691399265395525e-01 5.578898123011253318e-01
7.309507604892797605e-01 6.550783096778709513e-01
7.730301747818939528e-01 8.281651901315965070e-01
8.010138448778082454e-01 8.403696367366889630e-01
5.897621430752409966e-01 6.711666593296256034e-01
5.924189846631211509e-01 5.775848257901223803e-01
4.710537980020453874e-01 6.497173323653987476e-01
5.337499945843761084e-01 4.317043600193106734e-01
5.494166154262956070e-01 5.576151058105049962e-01
3.777479823054554764e-01 4.584107767348704066e-01
4.709036565002012731e-01 5.319813699408516561e-01
5.595467096127360040e-01 4.880108888821165780e-01
7.296726463163932808e-01 6.745346558460104669e-01
4.410960469669069073e-01 4.508759050166993299e-01
6.942119104734674195e-01 5.446389942133456064e-01
4.113888209517102545e-01 4.620389811112828315e-01
6.749943568114601389e-01 8.289540551986031014e-01
4.523326225803674938e-01 4.453869794088741174e-01
4.327681166204225827e-01 3.375585850972183666e-01
4.894935874223269034e-01 4.938257766526378822e-01
7.796826184513070412e-01 7.923936328097636039e-01
7.462780055285725966e-01 7.608965156001580299e-01
8.194711824465941152e-01 7.666461682206562323e-01
6.694292790132260196e-01 7.481069430747823157e-01
5.511998484898482653e-01 5.717298206387070314e-01
7.466963095518236448e-01 7.188072430617452602e-01
6.122503009239612659e-01 6.664664715844428322e-01
3.271135262454393233e-01 2.670481669442636985e-01
4.507336451597708238e-01 3.216964650665682934e-01
4.876605032122753869e-01 4.844745712914637625e-01
5.452312029405379512e-01 5.259681508640010605e-01
5.896472583962933944e-01 5.665035264534933335e-01
3.836715473860723979e-01 3.517699009447027847e-01
5.698002591202410150e-01 5.596983614724498901e-01
8.829227083846213908e-01 9.363115404143758091e-01
4.439537515939478984e-01 5.383080506985342684e-01
5.793443427195837936e-01 4.660157512759269816e-01
5.201529076343687219e-01 4.603636575648125673e-01
4.865382679005610944e-01 5.771717917880480053e-01
3.782876896004321310e-01 5.492736212123427997e-01
5.040679001662903280e-01 5.654593675042224321e-01
6.650626830336439088e-01 6.737569963648089022e-01
6.507693238910741140e-01 6.347858788514202377e-01
4.259468669249275030e-01 4.412512906217528896e-01
5.891280011828696761e-01 4.680305375184155570e-01
4.926883037543323129e-01 6.540899756985023572e-01
8.251941052643332331e-01 8.888504633727292159e-01
8.191648693650663837e-01 7.370797329849554380e-01
5.575030238811565786e-01 4.718341577445092083e-01
3.688187438689664588e-01 3.327192456547475863e-01
8.031529926944901421e-01 7.448795367816135604e-01
8.478572584195025463e-01 7.348757525477924712e-01
6.462151556597212076e-01 5.983305463173721472e-01
5.293058417142844085e-01 4.782512160789978428e-01
5.570851455362014759e-01 4.741210065939805984e-01
4.954337482978673490e-01 5.021463911384672629e-01
6.929274394689339811e-01 6.924340747588937361e-01
6.610056056184528961e-01 7.193108098895913960e-01
5.017725543133846333e-01 4.759144215290078694e-01
6.633663316202241811e-01 5.355370971574381356e-01
7.863436026536502199e-01 7.907273033651983640e-01
5.837590213161154562e-01 5.485675418461570807e-01
2.500471087067270282e-01 4.026061053229540998e-01
6.945937822526204730e-01 6.277443306207670659e-01
5.997189263989569641e-01 6.609444911475853557e-01
4.285925442087868964e-01 3.900168577005063142e-01
7.233396078799310125e-01 6.993746408786465363e-01
9.506472057189573333e-01 8.922601476383021923e-01
6.234261397145333117e-01 5.756826825654393076e-01
3.634828363254836159e-01 4.175312585713087943e-01
7.655608533028819274e-01 6.185758591514172178e-01
7.445540407376511904e-01 5.936291754067228865e-01
3.954825568888383769e-01 4.466509763519271869e-01
7.492637882236078406e-01 7.191123240743856337e-01
6.071240281373635472e-01 5.939231896614680650e-01
6.151517762755134289e-01 5.886275956461595182e-01
4.981748728610261856e-01 4.788572001553018098e-01
4.540379524052867710e-01 4.667967869293688787e-01
3.507098992182181019e-01 3.591446140425220146e-01
7.122427240159157069e-01 7.088382470066436625e-01
7.190574601424211121e-01 6.509031819405992625e-01
3.682277647216420924e-01 2.887665700888149001e-01
5.679735356690109871e-01 5.748320582450283656e-01
3.937812837069402661e-01 4.202948832153524106e-01
3.268954903677250834e-01 4.065408866823438383e-01
4.219897918369229783e-01 4.930706904837534044e-01
5.846434137311866674e-01 6.458293576426044069e-01
4.863712415725238714e-01 4.716200248325685962e-01
7.529005870546100487e-01 7.563806656651678173e-01
8.556484772688082163e-01 8.678970299645254460e-01
5.644002331687894003e-01 5.944634597370272999e-01
3.534119950829203716e-01 4.113256753372104835e-01
7.020747142120583595e-01 7.381430418297937335e-01
6.280667113127194057e-01 5.984287851603746766e-01
8.333793651898270261e-01 8.419102653384579193e-01
4.172230101416971038e-01 3.844443320536286568e-01
4.859943045922879845e-01 5.023530945424345973e-01
7.822000397906347935e-01 7.118563253292766735e-01
2.207303490057926088e-01 2.375098279068986462e-01
4.383362462121013770e-01 4.722476470475980848e-01
6.676730080365597120e-01 7.529207965409715486e-01
4.078850111049903693e-01 3.483796812756683736e-01
8.643574481876106219e-01 7.210776825810563118e-01
7.553209528843524145e-01 8.145320777092380782e-01
4.690568199366387248e-01 4.487516613617942296e-01
3.762653946897720481e-01 2.926550263717543343e-01
3.995878121771635483e-01 3.484611615226376191e-01
4.908466249701708417e-01 5.291554470230099838e-01
5.349829482363718247e-01 5.415503327908320896e-01
5.799539916758827962e-01 6.232933883144370357e-01
8.693932807834756638e-01 7.963784583985520360e-01
7.032798810496335706e-01 7.325227096083587464e-01
4.528612839872664386e-01 5.202028461895653599e-01
5.443436420561874600e-01 6.569510580813305856e-01
5.645314203461967439e-01 5.746056199120436192e-01
6.966701229264524731e-01 6.365396643222429596e-01
5.235372611271447152e-01 5.324929653379784078e-01
6.901437117716939795e-01 7.134418130749464737e-01
3.958386318612363564e-01 3.606873963703046693e-01
7.583528374341121925e-01 8.179023364509485639e-01
5.888402073794127833e-01 6.300435377740134513e-01
2.756013458241092784e-01 2.104103973238473091e-01
6.914980497580573982e-01 6.013765845570078206e-01
4.526889634225875758e-01 4.971077258225232720e-01
7.389209023378437990e-01 8.805755386463467449e-01
5.300546713780286412e-01 5.326702621859807918e-01
2.895384198703453982e-01 3.185223950070704135e-01
4.351209801455562243e-01 4.271949649568116403e-01
5.956947860129386818e-01 6.196791498719005364e-01
3.572050892748206419e-01 3.387315818236459330e-01
4.314476150336928884e-01 4.083593743678919363e-01
8.855007882268364217e-01 8.501334604242025694e-01
6.389779878936436841e-01 5.792967209159167741e-01
7.513660073208991985e-01 4.972222799955730022e-01
7.659175930254703557e-01 7.233871128096588388e-01
3.431235840786527325e-01 4.350008320339698864e-01
7.598068488485812955e-01 6.914743208656325413e-01
6.729270117699799325e-01 5.129010732599801337e-01
6.104075106391344541e-01 6.237130506450598855e-01
8.089142426109866557e-01 7.921298175424801302e-01
5.829238771254696694e-01 5.745455160531018901e-01
7.959456738667042286e-01 7.640135911351285669e-01
5.296185990134222310e-01 4.651351812747208658e-01
5.673303532046876096e-01 6.150828983462566235e-01
4.636099614357055976e-01 5.039620332049120632e-01
6.336630672137691933e-01 7.125059770160474537e-01
5.542381601714947426e-01 5.507793324771308452e-01
5.191131677784508458e-01 5.041392989127122526e-01
6.135576289426074581e-01 5.356083520429693046e-01
5.610177043215709425e-01 6.281320148677072002e-01
4.329464880350383793e-01 3.274052672712341461e-01
3.355305576128856937e-01 3.563188912814880260e-01
8.104070424432553432e-01 7.529231045758032481e-01
5.955621735232563552e-01 5.621289333300978353e-01
7.417790858542174792e-01 6.544204510765991856e-01
5.175465535267088635e-01 4.719757289056125682e-01
7.866605306421554644e-01 8.058580030532889182e-01
4.586083449176891480e-01 4.600043949561767875e-01
3.512537503250372506e-01 4.408182512493755700e-01
5.953424811301342157e-01 5.320655006355652361e-01
7.354768299205725057e-01 7.018144919758515510e-01
5.758531966325617368e-01 5.406654756479716273e-01
5.704169653185295896e-01 5.113698602107996649e-01
4.813884070821284333e-01 4.844922106929677175e-01
4.324317792797332527e-01 3.847778162578913697e-01
7.350945724085888866e-01 7.565282946093903060e-01
8.997296201522547721e-01 9.389430715228027635e-01
4.522146280988305622e-01 4.953241208057758693e-01
7.669465035426183963e-01 6.960998567837701767e-01
5.177245187656536185e-01 5.607737861660071488e-01
7.166189946387281351e-01 6.177403605452503887e-01
6.260113712215572557e-01 6.547610438445200520e-01
6.483143897415601931e-01 6.374511128995621334e-01
7.389787082730765455e-01 6.961554402779650541e-01
6.533512681499979990e-01 6.964900286645125949e-01
5.289273352539830553e-01 4.743477074127493975e-01
5.904741018186384638e-01 5.671590575158457215e-01
8.013168530340482043e-01 8.531304338930496556e-01
6.158879735683930878e-01 6.019783799349147646e-01
5.687008959196040436e-01 6.172850803953926491e-01
9.066873096960809120e-01 9.430951910834818319e-01
5.656914557039672831e-01 5.753041814556635325e-01
5.726550056540291589e-01 5.775588628817804882e-01
5.962413890911195669e-01 6.541549504530059789e-01
4.437347128044608069e-01 3.558480058060217721e-01
6.943856117378096604e-01 7.091951473683245633e-01
7.044463374898154440e-01 8.073298881100990920e-01
3.109837097886923307e-01 3.774872912520151336e-01
5.378288716532453329e-01 7.308339156446239659e-01
4.001949334833799776e-01 3.442813014689835027e-01
6.011491715857781859e-01 5.293571328176620572e-01
5.946548144880554609e-01 5.602272517084641024e-01
5.970775685013863798e-01 5.735552916572171922e-01
4.970731747174709780e-01 4.475921524644365657e-01
6.387775201475239806e-01 7.245030536919604414e-01
5.934965249881269944e-01 5.633006199654637669e-01
6.667182727352867211e-01 6.256676385120432116e-01
4.992828112406465513e-01 5.877762962010090186e-01
7.126246662332864634e-01 7.141130244948235006e-01
6.459654441836034655e-01 6.119271152834092620e-01
7.496827050705323625e-01 7.945472764769994090e-01
6.003594153272175937e-01 6.014858651411256751e-01
5.797840260686590863e-01 6.151431765223795978e-01
6.343153368253573454e-01 5.954982204711836147e-01
6.974272102383316518e-01 7.607975014644234868e-01
8.805111162005473391e-01 8.830300988942595408e-01
5.861188834512713886e-01 4.700374148980743794e-01
4.943479235226321267e-01 5.470639654276402419e-01
6.981243094882179090e-01 5.612204798001501072e-01
5.048586009086931670e-01 4.781829676696010001e-01
5.764354346593485445e-01 5.985243005566682761e-01
1.769409535438232761e-01 1.451189915202443226e-01
6.847153252272565327e-01 6.701531503778676013e-01
6.766614975730947945e-01 7.018562590244629140e-01
5.237932839597425616e-01 4.632648075080719186e-01
8.905360099091860215e-01 8.388128966065732106e-01
4.436120144511661589e-01 4.176768524719075559e-01
4.932117185919682734e-01 5.683659902111527495e-01
4.430099225944512664e-01 3.689361539227014042e-01
4.681043455111696394e-01 4.775846142719114562e-01
6.054652445868436983e-01 6.862808873156399647e-01
5.885685313301909360e-01 4.073158161685397904e-01
2.864449071432112470e-01 3.854860902643878484e-01
5.481944389583790489e-01 4.921447206066504876e-01
3.840665224247119536e-01 4.285588865308419537e-01
6.722548969843898936e-01 7.213255689158598605e-01
4.579337239061316844e-01 4.826440291615476386e-01
5.948909800404567072e-01 5.871087014480025346e-01
4.208428442839378114e-01 4.339619959433538288e-01
7.195398555863469214e-01 7.555448998540584826e-01
6.280143961943192021e-01 6.536626255447097744e-01
2.196092407497167165e-01 2.796271817221681055e-01
8.699297943877919437e-01 8.325971589492706659e-01
4.480638619726997618e-01 4.420989685711425032e-01
8.382620650283395536e-01 8.177267373862974198e-01
7.774544231382763959e-01 6.837205237654896406e-01
4.163751886709596284e-01 4.420700626021025204e-01
9.936992990119655200e-01 8.988844602611985035e-01
5.035215658268631378e-01 4.487449099887140247e-01
7.075836413760550059e-01 7.320547848561025361e-01
5.691436141758280387e-01 4.889008144009313606e-01
5.771216929694592546e-01 5.165581453676056922e-01
5.825060058593707346e-01 6.062728525554130776e-01
5.903616990785957030e-01 6.391179893652857436e-01
6.534116270427355877e-01 6.617669922756240775e-01
7.480804946583001769e-01 7.478364178201719614e-01
5.217464545618959448e-01 4.289878845225152948e-01
5.965039068101178898e-01 5.324561987746188052e-01
6.898147952434161567e-01 6.845989803567380516e-01
5.304074439262698171e-01 5.140367801953527049e-01
5.889475785498262672e-01 5.591830053474723394e-01
5.240130422744747607e-01 5.850758997425734576e-01
4.350949442070056739e-01 3.821464985991323005e-01
5.576773621667201475e-01 5.250707569904236038e-01
4.828958487363105290e-01 4.922947789157863241e-01
7.383765872098108085e-01 6.717365606685629098e-01
3.171383116940462710e-01 2.817970995062136774e-01
5.742902616296741147e-01 5.760452427806987963e-01
6.146636848725587354e-01 5.958740293377210451e-01
2.859997717077580881e-01 3.510864542644947517e-01
6.056503948689353489e-01 5.550849369389965204e-01
6.522935935837530508e-01 6.490494524433487733e-01
4.815633257984733295e-01 4.986490672865714902e-01
6.637474321724798898e-01 6.920883688433239200e-01
6.565113508466837722e-01 6.241480628640605488e-01
5.784952111354977333e-01 5.442916886183137848e-01
5.853348893516502338e-01 5.746390439377854209e-01
5.649263761499838665e-01 6.661710954504183047e-01
6.331792659820687508e-01 7.635598412315889316e-01
7.104960541335842983e-01 7.221244351580551335e-01
7.106588240789898370e-01 5.852152415926116236e-01
7.872747651288998227e-01 9.192110243255251500e-01
5.915120186966176252e-01 5.858774363300500720e-01
4.979969781311127663e-01 4.994367717066812151e-01
6.965226020573297427e-01 6.971187358047236104e-01
5.363204659334508406e-01 4.807033255880392986e-01
2.680044178911878405e-01 3.647370569524134853e-01
5.244014835083429249e-01 5.380180415355940715e-01
4.901538083005257396e-01 5.188487019819084667e-01
8.007140223322056771e-01 8.490773869406323948e-01
2.753807461199243023e-01 3.700203885196550746e-01
7.523368182373273427e-01 7.278100548804604664e-01
4.904728803135559034e-01 4.138778569818675757e-01
7.615519795228989919e-01 8.137627323748733987e-01
5.695744011702350562e-01 6.575650623628195302e-01
8.025131817924676669e-01 6.583724475379125751e-01
7.090684103168319874e-01 6.286150287239126166e-01
4.909505040967134804e-01 5.820991245126316826e-01
6.325940435715202703e-01 5.721716432859851320e-01
4.963058851993609188e-01 4.295421684292072273e-01
4.978953838684334610e-01 5.259281057306592899e-01
8.587575119248651578e-01 9.235302046158377909e-01
8.693480482644716512e-01 8.556629795415583439e-01
6.849476272387152731e-01 7.267777924459312144e-01
5.989801451863897563e-01 4.461346715602804158e-01
5.038654035376549656e-01 4.569210800031739406e-01
3.764344605079461004e-01 3.882767407847519947e-01
5.651883228895739908e-01 5.553800321885362656e-01
6.907504994425618383e-01 6.980775592000151297e-01
4.885836619119830471e-01 5.459796718293205009e-01
7.097476715515113055e-01 7.838741267387597800e-01
4.026067833414309627e-01 3.245060981703754566e-01
4.920774093485059120e-01 4.576947841380543669e-01
5.786786904271223886e-01 6.833610325700500976e-01
3.244999242849569421e-01 2.929549723680426321e-01
6.310648375931680043e-01 7.108248171267992355e-01
6.255950584522045332e-01 6.393760057929127605e-01
5.457215863234459174e-01 4.687388271408208795e-01
6.248809374984395371e-01 6.303232351302426872e-01
4.430395035627554545e-01 4.231570476250372526e-01
7.853792624093292041e-01 8.590740403505519041e-01
9.138077337956247437e-01 8.343706394609677890e-01
3.909941955147402948e-01 3.912845465563076774e-01
5.346218240078997042e-01 5.965139501592169324e-01
4.381056446380860447e-01 3.663928202608389140e-01
6.920370639392017242e-01 6.013892675560645884e-01
7.404349425066062418e-01 8.020187870685927534e-01
5.428096561205455473e-01 5.638983129801031779e-01
3.384694860151704621e-01 3.748713878846410275e-01
5.662290269493281958e-01 5.205401378993363970e-01
9.028600633636327810e-01 8.682229107035861482e-01
5.935650185173380056e-01 6.198021314796127168e-01
4.208506976975374125e-01 3.874812250663198232e-01
2.223263546178190775e-01 2.002001883625232903e-01
5.889591937973503999e-01 6.874987255213700355e-01
6.618060018465223848e-01 7.001025990949774069e-01
5.045963258702478305e-01 4.177114085712456681e-01
6.860961070610118728e-01 6.372554394998646288e-01
7.914583070745788707e-01 7.577395840828655693e-01
6.906546315207604536e-01 6.327154626264872572e-01
6.025557485485188991e-01 5.608924781148252325e-01
6.962792717056468517e-01 7.721599128116244382e-01
5.079104501932871774e-01 4.875484264499180820e-01
4.608498416253646313e-01 4.572194090291513136e-01
5.217016366176118192e-01 4.540423487306844974e-01
4.959576509903851349e-01 4.375416487829659751e-01
7.886950845802761512e-01 7.193800539107940706e-01
3.301479456098774801e-01 3.733694340934771150e-01
6.983818099632523868e-01 7.858305974756474299e-01
7.255257018017602366e-01 6.619351667297033170e-01
8.741881891306619856e-01 8.746288385207097171e-01
6.929554790127570030e-01 8.033749346093408406e-01
6.549012818557480298e-01 6.559629021725614795e-01
8.393920679511014393e-01 8.931342261228588653e-01
4.325303202191246865e-01 4.642782679120407985e-01
4.279834116384257370e-01 4.417083618746135421e-01
8.084083317610795127e-01 8.246438226642200942e-01
6.791309189753007569e-01 5.505205420803778171e-01
6.415875349157054153e-01 6.774803697165630023e-01
5.934573764587479650e-01 4.857559149091007500e-01
7.198971311415319763e-01 7.168653674969903689e-01
5.826268520895229175e-01 6.501861630818633886e-01
6.545036598842526310e-01 5.805729941982433751e-01
8.267392505959459958e-01 7.183394398210357634e-01
4.214985553838142551e-01 4.675378211401458040e-01
6.326599605557020611e-01 6.833851875416790955e-01
4.463006561577803621e-01 3.924456117257794086e-01
4.875730898104282396e-01 4.647179415949357351e-01
7.060547492687609950e-01 6.598666815573801525e-01
6.684516344839562807e-01 8.004629701178397339e-01
3.944167872004059605e-01 4.205099525031885666e-01
4.728950031148917432e-01 4.366721221662430708e-01
7.722462715999921512e-01 6.802066576811650611e-01
5.965554329049442828e-01 6.543056110833338490e-01
8.205467365239075272e-01 7.760074918807698952e-01
6.026281486932513198e-01 6.260124401436822916e-01
5.844044223785941350e-01 6.586396615491642015e-01
7.329037501700494950e-01 6.895278795497372659e-01
7.112386068133803585e-01 7.894710703669568508e-01
4.526061770541446871e-01 5.020435474415245736e-01
4.918280087197501316e-01 5.378298148798401623e-01
6.403990639683816433e-01 6.413192732851349387e-01
5.113845214103446279e-01 4.140817326912191731e-01
4.396505274268945329e-01 4.463086001661267788e-01
7.158226667064151449e-01 7.632279094682596909e-01
6.113358368580389390e-01 6.093052277849196896e-01
6.769109306141798399e-01 6.932242380380519986e-01
5.378149183248399634e-01 4.695244270920472807e-01
4.552344991426134357e-01 6.223418312386721496e-01
6.489413985275369612e-01 5.262491759052763118e-01
3.197801963658994384e-01 3.260705040585148429e-01
5.208855881709006930e-01 4.366851599361901148e-01
6.200909272252467241e-01 5.673810960029533890e-01
4.747395492716189325e-01 4.607757222106624861e-01
6.598342795437945885e-01 5.289043212169448616e-01
6.503767527611350463e-01 6.946498078947549448e-01
6.237943763503432937e-01 7.019169118542800678e-01
5.209876996447250219e-01 4.575979550441011123e-01
4.633253006355582682e-01 4.293866052257289678e-01
6.166782921728573008e-01 7.268949054808921950e-01
5.393246120434606050e-01 5.944951299943826983e-01
4.749149448922480587e-01 5.607244491756790961e-01
6.158372649821378664e-01 6.440784027998874839e-01
5.895518752996667944e-01 6.709409386651313811e-01
6.083256721122629607e-01 7.100401985415110140e-01
6.954462873734971184e-01 7.081368014565861957e-01
8.094587294340047645e-01 8.670609261142419033e-01
6.812643714091386471e-01 5.715151585088722452e-01
7.232677831494496168e-01 6.147327564579396775e-01
6.249086061109009327e-01 6.190117438282226603e-01
6.906362743263066983e-01 7.215191586700214765e-01
5.251619150358620702e-01 5.891155888486833136e-01
3.389616761918554655e-01 3.985233865678829979e-01
7.101088856764889989e-01 6.231996047133385730e-01
5.816768896264196131e-01 6.575506517072094992e-01
4.859009409943180202e-01 5.211086181693900254e-01
6.667495580442247549e-01 5.728419796388578566e-01
6.950263711606685657e-01 7.767529768125935874e-01
8.668842591506107365e-01 7.972748052686593478e-01
6.291233954013718543e-01 6.314463721942010777e-01
6.898473576126024076e-01 6.358168030564838036e-01
4.410866799897734114e-01 4.545478997429385770e-01
7.808710592731439304e-01 6.878658107598117910e-01
4.573731214392901534e-01 4.240789674558080313e-01
5.410626504311408791e-01 5.601784149583497463e-01
5.246737007767249272e-01 6.865787162947284417e-01
5.980698620668730703e-01 6.899789829405374997e-01
5.543700068032060280e-01 7.521044037559982964e-01
7.911570019980205259e-01 7.519226821324764831e-01
3.643506183559893086e-01 3.579169021832577235e-01
6.472599907627194504e-01 7.235722969639113433e-01
5.727242938786842874e-01 4.385938533658267358e-01
3.686645593894345985e-01 4.354490069651643647e-01
8.071160908710999227e-01 7.376586830037332732e-01
5.331152573046101795e-01 4.685697416982702590e-01
6.131122517553019291e-01 5.687215286727170804e-01
6.770459888173389063e-01 7.867575315783613688e-01
5.605643810938206739e-01 5.165361354798584381e-01
7.266918205399247599e-01 7.348718649506645884e-01
2.947807356524874134e-01 2.190762930121167573e-01
5.475399883104133947e-01 5.620334450150189509e-01
7.832847729064553732e-01 7.985144353305202447e-01
3.770149600248744459e-01 3.416792930640666359e-01
8.929932103877922245e-01 8.650130385134424671e-01
5.230700373853458540e-01 4.405124696327862854e-01
6.426135052849824003e-01 6.542084318399528087e-01
5.618535869849055064e-01 5.646744723047560921e-01
4.605908042096749644e-01 3.873496439304781602e-01
4.643418364517710173e-01 3.819769083623950068e-01
5.598435808130056701e-01 5.548247220157759285e-01
7.464011195911574026e-01 7.982128397922069185e-01
6.613339880353135136e-01 6.380257209447750544e-01
8.193731674516226970e-01 7.426767655236612420e-01
7.505603963731984907e-01 7.512915036678687875e-01
3.269044303870142221e-01 4.422073352636539667e-01
5.782914484009014089e-01 5.144650899543050659e-01
6.857862470465987403e-01 6.809724438924138479e-01
8.309754538777196498e-01 7.470205155595261992e-01
8.657183401101675724e-01 7.818471125581194503e-01
5.868540897948133495e-01 7.136049847974370586e-01
6.242524623613467938e-01 6.345601127146114351e-01
6.366867055396120412e-01 5.659925261938291152e-01
6.756092084392147923e-01 7.785624203440589808e-01
7.575913520083004116e-01 6.969471086436678231e-01
6.646766389605993641e-01 6.871965710897336432e-01
6.960016253465373115e-01 7.453582685093609328e-01
5.689065283796350680e-01 6.015299853172062505e-01
6.438761942468034238e-01 6.056404183469756841e-01
3.844403132821762603e-01 4.506382314276175527e-01
7.164346822457048347e-01 7.975805354850935558e-01
5.379234610726519872e-01 3.986467083779122733e-01
6.230474227006433940e-01 6.958374008239808228e-01
4.322130636177187735e-01 4.237712991136543539e-01
7.146301889251083228e-01 7.490517058019263708e-01
7.575800089803642612e-01 6.715795924733242162e-01
9.279254417386366693e-01 1.052959637638492874e+00
4.909573795934177864e-01 5.168817021804043010e-01
6.354935195183037955e-01 7.100904653355744056e-01
5.974535833593536127e-01 6.153011817862451549e-01
3.950218078188646453e-01 3.780974214951278167e-01
4.293837284156167833e-01 5.498733563858925200e-01
6.282733943668201704e-01 7.059765364744792215e-01
6.483587841020567177e-01 7.487322960600820698e-01
6.526448027062875523e-01 7.113871641978563032e-01
5.379179016371647970e-01 5.316686373360116624e-01
7.677530494066184819e-01 7.324786721399696443e-01
7.040554502753102462e-01 7.560526068317441339e-01
3.304949350595204338e-01 2.869328319379934600e-01
6.850019353190608395e-01 6.827241265884436139e-01
4.265969691307093803e-01 4.478693289050206805e-01
6.416889704299457708e-01 5.883111309343509454e-01
4.550299186141956720e-01 5.040232527536462337e-01
8.488873833720277373e-01 8.473331767051212049e-01
5.986089279234112492e-01 5.907586572227077060e-01
6.225416998820216818e-01 6.818023761943643457e-01
7.610073110639827831e-01 8.793222073114288495e-01
4.985750019004333566e-01 5.953100417541783429e-01
7.016453416570255230e-01 5.969135261367680689e-01
5.774599378132982963e-01 5.130091450997238400e-01
4.061685896758661096e-01 4.288773958486168381e-01
9.135844637690596626e-01 8.471004559646436727e-01
5.900704951525572728e-01 5.694874349727379048e-01
4.696216589174137535e-01 3.741194572735868085e-01
5.020379819233989904e-01 4.211311190285198514e-01
6.331107538751613584e-01 6.288012812684523611e-01
5.420726507223376789e-01 5.851331824626475608e-01
3.953602734512156047e-01 4.594276435476737364e-01
5.768921135773887876e-01 5.398363552062137583e-01
5.952944784693110503e-01 6.660839409225423058e-01
7.796836083405179751e-01 6.499492885830174815e-01
6.334417744962047570e-01 6.419747098332703183e-01
6.875957976810159744e-01 6.887041923355886608e-01
4.401811487606129836e-01 4.066440988230519693e-01
7.953112647926476875e-01 8.413172782408218087e-01
6.436773515560405556e-01 6.662602785500411073e-01
6.431703056933815166e-01 5.258091294542264205e-01
4.340975915857492873e-01 4.245286038496395853e-01
6.552687783127584265e-01 5.842209826076192325e-01
7.342490070848862738e-01 7.804549592340973563e-01
5.801357347421014499e-01 6.348834583464886272e-01
6.642508974828944535e-01 6.119605037437330086e-01
5.428699175334791294e-01 5.722569480863189950e-01
4.858034157683147614e-01 5.067826048559749275e-01
6.798565425545384233e-01 6.989447589285513462e-01
6.198466956093386937e-01 6.501513250016843770e-01
6.647657558460267069e-01 5.937857225494564961e-01
4.065937376774387269e-01 3.924559205768836656e-01
7.357016054189370324e-01 8.122006303470680200e-01
4.248514081621566074e-01 4.249676330746912090e-01
5.405539489891701965e-01 4.738497778557901885e-01
5.712505156028153674e-01 4.942096488005539023e-01
7.715952532180134771e-01 7.134187959054298922e-01
5.514662069780600362e-01 5.465034079670290090e-01
9.032328438819225980e-01 7.470615562373985608e-01
5.504925169930882101e-01 6.351587054719384229e-01
5.343495576791803536e-01 4.894018299239188963e-01
7.423471657641094179e-01 7.663568903978701385e-01
5.977702892493027553e-01 5.932285345892333028e-01
5.562758688603089974e-01 5.958948378452969541e-01
4.892920092376518704e-01 4.513826892864931106e-01
5.320189611560198761e-01 4.890342227799065467e-01
6.609885993487630840e-01 6.451664605755059734e-01
5.774508101266129234e-01 5.711852895229261318e-01
6.622428890212767039e-01 6.581676633008953781e-01
8.367056182111312079e-01 8.511904605030637949e-01
6.143276294155183281e-01 6.713962255683464386e-01
5.199063168658277778e-01 4.715858932546685978e-01
7.144595243438761623e-01 6.663073985353210604e-01
4.002763807665022378e-01 4.378126513301939249e-01
5.320534433808454811e-01 4.981131563395432837e-01
7.010081184380951846e-01 6.900797477166724647e-01
6.724638654179824204e-01 7.308044283605303892e-01
5.211243807077304835e-01 4.763297249361029828e-01
7.560925671095840572e-01 8.310087442387360523e-01
7.114210376458629526e-01 7.341931131757377660e-01
4.678182243854030475e-01 5.096034043650039536e-01
6.956563757751497157e-01 6.164479346263547210e-01
7.877223288055305028e-01 6.871408602482226291e-01
7.324284185590060892e-01 7.203266094064030289e-01
4.686482905541312083e-01 4.853048483247766609e-01
4.452878161456214068e-01 5.738626156304914572e-01
8.237501848668852267e-01 8.579732072074076621e-01
5.875460737582651749e-01 5.228876386645895380e-01
5.956859273061373417e-01 6.544441986883610118e-01
7.220421332043219786e-01 7.985258588328777440e-01
5.899578902658536572e-01 5.774748719934142960e-01
6.507667092630529115e-01 7.082567201932210565e-01
6.568392604201948037e-01 7.549431319051204126e-01
4.280126300606595935e-01 5.213688791727250083e-01
5.289740584345915542e-01 5.733980747943817624e-01
7.202134110684406121e-01 6.460834722653934215e-01
5.349962834280368451e-01 5.408534080616613782e-01
6.884306694934132498e-01 7.206023203356282103e-01
6.525755808505840916e-01 5.661648710790320171e-01
6.355828397589082801e-01 5.559540738810340166e-01
5.465603242941307061e-01 5.343477041969210140e-01
7.289680819114552346e-01 6.513329842148605220e-01
5.885284969844382097e-01 4.948466495367880302e-01
6.998063873259167122e-01 7.471846111547814084e-01
5.225752319017592518e-01 5.538428487750465257e-01
3.739468932834728587e-01 4.343328211033654629e-01
5.050247631078228494e-01 5.685315447842429482e-01
6.804684021338115452e-01 6.693654888228947053e-01
5.253561170221296983e-01 5.029099210343508375e-01
6.022340340925088631e-01 4.683997158694150342e-01
5.986532454751978261e-01 4.677670330855147607e-01
4.404526360404125152e-01 3.969144138557998414e-01
4.579141339754758677e-01 5.987827082063953421e-01
7.591946485183018734e-01 7.539221285134629635e-01
5.946199353845452729e-01 6.558508230601794997e-01
3.389725668002088743e-01 4.364933491215299832e-01
4.437509617700206577e-01 4.334704269847113323e-01
5.819030734131224181e-01 5.084741881079893888e-01
5.768361581400632820e-01 6.043543399862861820e-01
6.621694220832213817e-01 7.589851928417395976e-01
6.424369669247701475e-01 7.295539687032869258e-01
7.485264389125322326e-01 7.147121832590547230e-01
9.201834290747118450e-01 9.235393078018206969e-01
5.670286082746830436e-01 5.096969679279147458e-01
7.302889684484393795e-01 8.137999259656348849e-01
3.180458127477320818e-01 3.820474119762103382e-01
7.480983420490939784e-01 8.099633440913124316e-01
6.813018206877652361e-01 6.305957110831732493e-01
3.328408728165858643e-01 2.608687181852302195e-01
5.325830918073064524e-01 5.079195249183763305e-01
5.487060228763894765e-01 6.092831976885756395e-01
7.693522831795616135e-01 6.415568477223170252e-01
6.952911827482085583e-01 7.690865671069347931e-01
8.340998869959982409e-01 7.371966994907733772e-01
7.901810296196036809e-01 7.897527701925211030e-01
5.753485533330638946e-01 6.083186911206200920e-01
4.874550304665564715e-01 4.790551749415595806e-01
4.739172865849367589e-01 2.962483575648673928e-01
4.077679662822622508e-01 4.873437483772978251e-01
5.610425054757426366e-01 4.859815127624333431e-01
7.477586770539658145e-01 6.702481195836077488e-01
5.263945746204219400e-01 4.628086500551515936e-01
6.822595190838524060e-01 6.759271849725400072e-01
8.952347795028048338e-01 8.970100997579533164e-01
6.994626916191308830e-01 7.486438125887648898e-01
5.550011931477186744e-01 6.074514728852403733e-01
7.886292418655658221e-01 7.143615942497876237e-01
3.134997581603968242e-01 3.677598197888821141e-01
7.935044913253966881e-01 7.647111771795683799e-01
5.251010893892593678e-01 5.605138044014885690e-01
6.711311996240448829e-01 6.755093617097204239e-01
5.994794852850678923e-01 5.883742486773541058e-01
8.277589763068247120e-01 7.906175309120293537e-01
5.180479892922073004e-01 4.772261478286678460e-01
7.195457321859776156e-01 6.925498541193647606e-01
3.971213196292658898e-01 3.551953369285163475e-01
6.020804990045377503e-01 5.097056324840992803e-01
3.623744650221007446e-01 3.224603592776509875e-01
5.985774137956640928e-01 5.441146335297475378e-01
6.059973004842602595e-01 5.431455353575733724e-01
6.868630011068775909e-01 6.341097122835662736e-01
5.543393583465262564e-01 5.091481720413216783e-01
5.256307190121922712e-01 6.317551011437261277e-01
3.551769651205778366e-01 2.413068125781622220e-01
4.443033398432592040e-01 4.871223555128696425e-01
6.497872694650942416e-01 6.781134865407548729e-01
6.022008931666330556e-01 6.034358121930872842e-01
5.721175147657667770e-01 5.762894099995355957e-01
6.331462923773536478e-01 7.034633879251479538e-01
5.760309834668018159e-01 5.076809997345343994e-01
5.759338328451524269e-01 5.676625522128828649e-01
7.062050281149589992e-01 6.744582202870750276e-01
5.032195838495759910e-01 5.766289045563738336e-01
4.137091088528682126e-01 4.666658667995252086e-01
5.964192522362179449e-01 5.237301724603842246e-01
3.334050326846506596e-01 3.014539690557445639e-01
8.175452522332141703e-01 7.657669851126703842e-01
3.735350606574974752e-01 4.333920330448451375e-01
6.141467390224204514e-01 7.083829037091522451e-01
6.122523675800859433e-01 7.046270855348326645e-01
3.984663246756425248e-01 4.245791694629159063e-01
6.831186410200780212e-01 6.162581930016406417e-01
6.787354276007451226e-01 6.396966904810776899e-01
4.568488151805519260e-01 4.407412947991071195e-01
5.543682073771665220e-01 6.460034309360376259e-01
6.129824807526350616e-01 5.664536127347358230e-01
8.245825055944918658e-01 7.021680223683518518e-01
6.642358445358091945e-01 7.170069860742664947e-01
6.357851488571644172e-01 5.494327168599451028e-01
4.270732840310992873e-01 4.007538598512876971e-01
5.550135089773936548e-01 4.943931578669457094e-01
5.241802914714878137e-01 5.454510967485145523e-01
1.814188294213823216e-01 2.853440695269019445e-01
6.286709537965393668e-01 7.121466677765782016e-01
2.091453696439548593e-01 1.975013864298310606e-01
6.985166130958238018e-01 6.971820643146082741e-01
9.679098951080022939e-01 7.393988166198337542e-01
5.712784735696909699e-01 5.830183436750926429e-01
5.861791171704985315e-01 6.180613307068375528e-01
3.612048075050223184e-01 3.395408383242399242e-01
5.535768735915119754e-01 5.917906076906044310e-01
6.198736298092569763e-01 4.872918887709768443e-01
7.306284709147430334e-01 7.484902965771358385e-01
8.601599864683217023e-01 7.988057094113235612e-01
7.513749953823668504e-01 7.617066605722829786e-01
8.467266316511593560e-01 8.327920134071608027e-01
4.025106398607412039e-01 2.258734584749713115e-01
6.550438017228195076e-01 7.066929163482078557e-01
7.740062728303666040e-01 7.968703108218523345e-01
5.869351620932311553e-01 4.267793124922639181e-01
6.276186183929627349e-01 5.893435556166765066e-01
6.010029131491986254e-01 5.693858830418140338e-01
6.060151661753196972e-01 5.990162001140675319e-01
7.109652878671224308e-01 7.882671177298246068e-01
3.527002096900425099e-01 3.083852897981222418e-01
5.879956348104777852e-01 5.597339314937952448e-01
9.283453501256017093e-01 9.244386297691221666e-01
5.357866787238417805e-01 6.049289210664433591e-01
5.135314424236598896e-01 5.717738872757875956e-01
4.527105769553618764e-01 4.881571104188116017e-01
9.086642127021086202e-01 9.341179756939864687e-01
5.018156839934333480e-01 5.931732989883333751e-01
6.484446978708755527e-01 7.761107910106397334e-01
4.917410331988779637e-01 4.962196826441243047e-01
8.499731514544760502e-01 9.163545498307580361e-01
5.775684698269474282e-01 5.158441503063413425e-01
6.094431457109189543e-01 6.367531307562585008e-01
5.197440297317797997e-01 5.372208125949989865e-01
5.757020753179259431e-01 5.330970877629045424e-01
3.725728741855678372e-01 3.601878793198979301e-01
5.631958122441028669e-01 6.688758875452746056e-01
6.312895092598482805e-01 5.877837185915990581e-01
5.521362062847368080e-01 6.590964316831440239e-01
5.985415669239587677e-01 6.418365787149632462e-01
7.366441737542146484e-01 7.191421326466935771e-01
7.425012988032779759e-01 8.318599299329476615e-01
5.882414129432944616e-01 6.221831198439353727e-01
5.671990841835631292e-01 5.926777869649807462e-01
7.248416170186711138e-01 6.530083204507022288e-01
4.493704567943188621e-01 4.543908348704169819e-01
5.983843042377553489e-01 5.908913079192473772e-01
4.553839587497107155e-01 4.045452191738690972e-01
4.955639011913979264e-01 5.274341443831931375e-01
6.525721094076701867e-01 7.388479672923775610e-01
5.182838137208024554e-01 6.751003657379109901e-01
6.693766153314026912e-01 5.269272185729165781e-01
4.659853569338423540e-01 5.451412915784126234e-01
8.475231856088885074e-01 8.761452790430344084e-01
4.945587470087990933e-01 4.894803825829382449e-01
8.267856964824610300e-01 8.243892819343244804e-01
5.861961389225924801e-01 7.391483125777360552e-01
5.282713742911854249e-01 5.618517282887526276e-01
7.118465260807420592e-01 7.538637350211070398e-01
5.716397210949745178e-01 5.279573715201849593e-01
6.241903713896370665e-01 5.826479179127515007e-01
6.510011523766575658e-01 6.412753688253799433e-01
7.609750527500521722e-01 8.056406133568364547e-01
5.517000248535680607e-01 5.880529543352338573e-01
4.959563699848352769e-01 6.339799229154285953e-01
6.721830851479003721e-01 6.447196076886002603e-01
6.933670740192787729e-01 7.880648409777299968e-01
6.002491059774859306e-01 5.087913176085083755e-01
6.692832606024455844e-01 6.937706517477043588e-01
7.043121923083907054e-01 7.728298272961270365e-01
7.083490327098554973e-01 7.304668023514698794e-01
4.212847246126812384e-01 4.228870883539719849e-01
8.149812861027696531e-01 8.649791575818948086e-01
5.507662525271097564e-01 5.440306792715394746e-01
5.670347222272228427e-01 5.000552193277524315e-01
7.624591579709856237e-01 6.621224565109107285e-01
3.937801253469465079e-01 3.414287848222923305e-01
5.238573291874921711e-01 5.209780494465565681e-01
4.818591841944042109e-01 5.119691830885413353e-01
6.404125957090908150e-01 5.332060892326909718e-01
4.966357099071944670e-01 5.043271781107637741e-01
8.027063232631824752e-01 8.134927113418922717e-01
7.122190443619190736e-01 6.944928061943304032e-01
6.393728375420615340e-01 4.780357098832733187e-01
3.224566186772885312e-01 2.282750139833172320e-01
5.924353682080945038e-01 5.943398851737096145e-01
3.037791141538114248e-01 3.410329504351382601e-01
3.077107707265708814e-01 1.826364230634535679e-01
6.166691926295005954e-01 6.054483053112068580e-01
5.507816050607554637e-01 6.385829239725431261e-01
5.270361340898526148e-01 5.681406914494686600e-01
4.994049221255301152e-01 3.998754683172713875e-01
6.900413219487475658e-01 7.312585667991438054e-01
6.051465945546152803e-01 5.579208930371546415e-01
3.954404624245099198e-01 4.962193689264334795e-01
5.243736640961950135e-01 5.894701110791659149e-01
4.591727156607908755e-01 5.160685820001428281e-01
6.764461294727046603e-01 8.220116816535645299e-01
5.199947569119455215e-01 5.694154843366371344e-01
6.355583069379460159e-01 5.601193524385796874e-01
5.536955520070944159e-01 5.606597520319865913e-01
6.458181922134837993e-01 5.458456615533298084e-01
6.826321869001166220e-01 7.057001495927410772e-01
4.981971917752906487e-01 5.209858753776240858e-01
4.851897687363594946e-01 4.919618537184449747e-01
6.404624239379873574e-01 5.377361479444214831e-01
6.522834139867320635e-01 6.777658312524653672e-01
4.975422181278907896e-01 5.225223503677440817e-01
4.845104228437980831e-01 5.119809051838296599e-01
4.793759111135965090e-01 4.622326997322293018e-01
3.181022721039238887e-01 2.998598815425287945e-01
5.493488439621978525e-01 4.904095811547741768e-01
7.888731687309435969e-01 9.108862298343813890e-01
5.123588273188497411e-01 4.505933821347974377e-01
8.319892560150994321e-01 7.501470581613585153e-01
6.485317458106831801e-01 5.214832808371396844e-01
4.391465168429036781e-01 4.463350379850288818e-01
6.239306389349669191e-01 6.389292033996253339e-01
9.927176138614203227e-01 1.021845041001382848e+00
5.387970167473541405e-01 5.665498842116396538e-01
6.313696584632366715e-01 6.609443023637096015e-01
4.296074398439156394e-01 4.953593276474808627e-01
5.069794853817474189e-01 5.394556206896917727e-01
4.307089552862490844e-01 3.376956066464911199e-01
6.699325368913272571e-01 6.889999090389732350e-01
6.087829251577185907e-01 6.664897879297149164e-01
6.637304592379685841e-01 7.177407966307799425e-01
6.261447329000366935e-01 6.074534896555034980e-01
4.879852074961833486e-01 4.333273017913688019e-01
4.486309431619392440e-01 4.343297703802378451e-01
5.757264887743493986e-01 6.191469248264518388e-01
6.605996409569263594e-01 7.884212807839952042e-01
7.564406079825449769e-01 6.132097785263301848e-01
3.661262939174521058e-01 4.410012421882318900e-01
3.257111324345167702e-01 3.961085894601023005e-01
7.261449315387135117e-01 7.062196545823365978e-01
6.389949520925315429e-01 6.657596717210028103e-01
6.140018728529456071e-01 5.387860686934354826e-01
5.275141743970818142e-01 4.319385097604286350e-01
6.659906412679468257e-01 6.496507211674658056e-01
7.899667635931475473e-01 7.037989713895316246e-01
6.479076315472391823e-01 5.059997986786177737e-01
4.832740905353674066e-01 5.449754152427819243e-01
5.351272883913118505e-01 6.427292441184713212e-01
5.927363897875288501e-01 5.632751902927317644e-01
7.826850921295565033e-01 7.139091924649216825e-01
6.922685260649699135e-01 6.933443077399656929e-01
6.121109532271036269e-01 5.387349837593207180e-01
6.168677874856606236e-01 5.576766184528733072e-01
7.518894175996313489e-01 6.823312235257310565e-01
4.072821079985519677e-01 4.067301560627029633e-01
5.186682002856440876e-01 5.387560418783522431e-01
6.233818664118604413e-01 6.417694870915082728e-01
7.260183208038164526e-01 7.087222515518549759e-01
5.219263061973877793e-01 5.486066121800483586e-01
5.920222243305098830e-01 6.229054497910059274e-01
4.974100499485915594e-01 4.384891132445145057e-01
4.476720965094161397e-01 4.543155501801998120e-01
7.076751924885203993e-01 6.548264999134943976e-01
5.510746437954024968e-01 5.307328917410255587e-01
4.744987450521924166e-01 4.740604218911347867e-01
3.644290567008427462e-01 4.273263427918224111e-01
6.012498653095287304e-01 6.608982521286995704e-01
4.505373119187541797e-01 5.286761041337798561e-01
6.578375852896317655e-01 6.401421926334288637e-01
6.281743936824405461e-01 5.647807866306767677e-01
4.927349153641468749e-01 4.475022795914189166e-01
4.135321655416324127e-01 3.625915693353107816e-01
4.558855641949228765e-01 4.225092474135859755e-01
6.799837823699984574e-01 6.961507662344380565e-01
6.705093987972736702e-01 7.068816939106459252e-01
7.338481555855030924e-01 7.974425667749026614e-01
5.086601872287093151e-01 4.620155876100529024e-01
5.476317859975143865e-01 5.628872334758339147e-01
4.407010428128260160e-01 4.270865419361112303e-01
4.241677286850810691e-01 5.077420641382235367e-01
6.294669739193498037e-01 5.059814186477061826e-01
6.970940639586649112e-01 7.643866552895905997e-01
6.683117472853137286e-01 6.051928360825127307e-01
8.051966608712481932e-01 8.495816691378803576e-01
3.074041038775434664e-01 3.844660819078642433e-01
7.473235792619281614e-01 7.491389002273720621e-01
6.416846099351084520e-01 6.801333279637616913e-01
5.866981198206437931e-01 6.306694763328180020e-01
4.670036632254132569e-01 4.280636889671199374e-01
5.398008901573942975e-01 6.094404884889996765e-01
5.258122676731612488e-01 5.640014280412791736e-01
5.201627600955517350e-01 5.796316470445380675e-01
5.768757594020061941e-01 7.147908513890905979e-01
7.220198985891060905e-01 7.363714886912612334e-01
5.852644238347262107e-01 7.116547960957995134e-01
7.994126665666957399e-01 7.718518130050316950e-01
6.219127930810290916e-01 4.563363757681087041e-01
7.289079674320991797e-01 6.165532228529587710e-01
5.480774393760212693e-01 5.278248228440338696e-01
5.750076595302430205e-01 5.606565767987213844e-01
4.326920298516949703e-01 3.238488944831792171e-01
4.921447405437694433e-01 5.474149508972995237e-01
3.788983644719058352e-01 4.954563061172635452e-01
5.770735180545358833e-01 6.553147801430996289e-01
5.955430502703122908e-01 6.004651731787113977e-01
6.359489449989049747e-01 6.068685728693351544e-01
5.159019293518133376e-01 5.176874611518061942e-01
6.281282791663228560e-01 6.603212070231493369e-01
4.699281768413968163e-01 3.625374456913806331e-01
4.318908612256376900e-01 4.419886535250252546e-01
4.587383279844292616e-01 5.225154556278163165e-01
4.358185325486088058e-01 4.947142094217544805e-01
6.313552328737087604e-01 5.993209397406714656e-01
9.146034772850500927e-01 8.810646511110110657e-01
5.261148231566050715e-01 4.673641216519369146e-01
6.744249654070365585e-01 5.590300970002756165e-01
8.299228532018871896e-01 7.080357225649025477e-01
9.861040517124841642e-01 8.615239414229802772e-01
5.817955047568855731e-01 4.977518595890050856e-01
2.909608367385305150e-01 3.512610330482145993e-01
7.154970153548322331e-01 7.179825832767240401e-01
6.977518308626101673e-01 7.040818640968095066e-01
8.463407821192980851e-01 8.149417917449359727e-01
5.909500007443870828e-01 5.620840374669082706e-01
3.787274030099862521e-01 2.976663040081755640e-01
5.516180396587065937e-01 6.579994866613819715e-01
6.157666210441214982e-01 6.354946692212342096e-01
5.969400494189422979e-01 5.978283239726742693e-01
7.102655188192400493e-01 6.731204141547512121e-01
6.746340191729900404e-01 7.506156285317835408e-01
4.517262238836444177e-01 5.818013410752320702e-01
3.736338792279679799e-01 3.328304565484161426e-01
7.589087911892935523e-01 6.692765850249049464e-01
8.196640171823285081e-01 8.357376529397216869e-01
6.810499705981795104e-01 5.504497621673994923e-01
6.667135515399047474e-01 6.693800913129959174e-01
4.596874658655832890e-01 4.903110837300834746e-01
7.120468440250209419e-01 8.017777862517072585e-01
7.199717176469478952e-01 6.914375156054525240e-01
6.565373978956626777e-01 6.368513390146582909e-01
7.723877115904449475e-01 8.271165344734898728e-01
4.007623275283258013e-01 3.888958651012320300e-01
6.575064085704159789e-01 5.508133280444481583e-01
6.020527445162325852e-01 6.852953638104167799e-01
4.508040933801251704e-01 5.497894623665844360e-01
5.020314730741148868e-01 5.140029245315436146e-01
7.826449615084071221e-01 8.784726544802349268e-01
6.791862668624888411e-01 5.738150954573808527e-01
8.925727808971484212e-01 7.924394581457590014e-01
9.244854701884902548e-01 8.630691161322988636e-01
6.189915690748977184e-01 5.963586097520963136e-01
3.544070948599904458e-01 3.349001315921281696e-01
4.712168894535330721e-01 3.878984537365542384e-01
6.854869690779571423e-01 6.697083475062811653e-01
5.093046894470212305e-01 4.913478729490078911e-01
5.839091661187688631e-01 5.998654289117520966e-01
9.677607438839318510e-01 8.855069743664615300e-01
5.194060224112142521e-01 4.445761586497761209e-01
5.338172268213843275e-01 5.865838486122216811e-01
9.870319444351256521e-01 9.615493427282586492e-01
5.028877240831971518e-01 5.760106517842368268e-01
5.988208746531389348e-01 6.417491946283422344e-01
6.944461729123053706e-01 6.196478738043594836e-01
4.351799681195884784e-01 5.282733302843206635e-01
5.509568145713978904e-01 5.005412203774481927e-01
5.562439396236239508e-01 5.658663267811939734e-01
6.257563999078067374e-01 7.006328488960825718e-01
4.143947821251860453e-01 3.953697507767557906e-01
7.414518058771394360e-01 7.838313621038698331e-01
5.897032336137207897e-01 4.197491380577846320e-01
7.071722896445523654e-01 5.883195864133609065e-01
6.615798860761843425e-01 5.000809530985099727e-01
6.569225475590041441e-01 7.539947476313757502e-01
7.021960875730054452e-01 5.421463967586660493e-01
4.642087652065844949e-01 3.787539801323435151e-01
7.834699176475365956e-01 6.881523694515621070e-01
4.218379354135028958e-01 3.709046258021282405e-01
5.221035004770856469e-01 5.645122250197370795e-01
7.716391345757428466e-01 6.888602846436887583e-01
5.223504830583411973e-01 6.072525667221453372e-01
5.655311467502627254e-01 6.320131876042652808e-01
8.143658895526114661e-01 6.592366295225983164e-01
6.016077577619459715e-01 6.114588615398494076e-01
5.308505949071946617e-01 5.149045105025193969e-01
5.927204388419360370e-01 5.353354004547783429e-01
5.912379120853893388e-01 5.337369162488093677e-01
5.390395087925292650e-01 5.820194557659681411e-01
6.405702431928701479e-01 6.688853427285328390e-01
6.480518278171968349e-01 6.364032121943855591e-01
6.695716094713018984e-01 7.479328149490785949e-01
7.143586179212698672e-01 7.779519931335209249e-01
6.583321047589939523e-01 6.722660661822351669e-01
5.538886713512842785e-01 6.424669882197475701e-01
5.753673622227962747e-01 5.619006231804418716e-01
7.381066017703231674e-01 8.077580991162972568e-01
3.753101857613516668e-01 3.204704464736870539e-01
5.897214605952691979e-01 6.172053274276749768e-01
7.843538705746930795e-01 7.448465884445241159e-01
2.963681108833086109e-01 2.728925129569527153e-01
1.754172702964033326e-01 2.433224540121304569e-01
3.317621614611758196e-01 3.351233763769725926e-01
6.310933514142107459e-01 5.940139090149003653e-01
4.801989503357627087e-01 4.705933201307232472e-01
4.063172597213592918e-01 4.907961804845541454e-01
9.248310566734464500e-01 8.893305059187263106e-01
5.688005511765603650e-01 5.472611881001050449e-01
7.239409730433402634e-01 7.108331657287855210e-01
3.535819003077970146e-01 3.377954923633331719e-01
3.113886593860699104e-01 2.776238970168012909e-01
6.383101289685043644e-01 7.030575025782811460e-01
7.920431389833864078e-01 7.586997807074331579e-01
5.484186675548752277e-01 6.817720717164994504e-01
3.588989269572629426e-01 3.844379418407574689e-01
4.856952764666946365e-01 5.597965694104303225e-01
7.572229575550235570e-01 6.272557408884766872e-01
4.394541207413557027e-01 3.380215553259093841e-01
6.418172275522481263e-01 6.608631391079017314e-01
8.095920302034954608e-01 7.231317632675889895e-01
4.351457165809791694e-01 3.679059119343759954e-01
4.935104844953668857e-01 5.195633064372947585e-01
3.054142641663685764e-01 3.604821531449757255e-01
7.632569406501982234e-01 6.282388913212221260e-01
6.870483867390052568e-01 7.495898754603717018e-01
5.942274445459462262e-01 6.244329012014248059e-01
