3.662768957608180664e-01 4.181510310886031312e-01
7.960893133322903825e-01 7.514033002923454774e-01
5.814019861779649023e-01 5.455692098970652548e-01
5.581288250815023000e-01 4.714938214706693165e-01
8.443041279074392502e-01 8.664803531208566945e-01
7.094487486103064899e-01 8.125288124936234091e-01
5.863266506433687519e-01 5.580143966784426590e-01
7.567929896934487699e-01 6.925178298402331345e-01
6.009699664673363584e-01 5.449870277531972951e-01
5.475699521343052600e-01 4.968936607601557864e-01
6.671063331215463243e-01 6.392521084199660475e-01
6.690896819758802572e-01 6.738885923306860981e-01
7.735396693499465570e-01 8.431180761213070696e-01
7.514651010890813776e-01 7.779632449877003086e-01
5.673912173189296082e-01 5.444417530339534794e-01
6.263949662935236473e-01 7.373264045619286611e-01
5.189955477427902197e-01 5.789172144687461108e-01
6.339981147307001130e-01 6.643763335075112408e-01
7.291712919152522066e-01 8.387561991937433348e-01
8.384605157727739178e-01 7.065264551254045733e-01
5.521575923513757367e-01 5.560779133155764331e-01
7.786312276612181726e-01 7.894826399854018018e-01
8.526322696509210930e-01 8.225604465931463105e-01
5.712861709142912359e-01 6.651783910204195349e-01
6.208600913585127223e-01 5.869858417234143921e-01
6.137931889520331641e-01 6.101246481719480030e-01
8.032259791658200587e-01 7.729505889680787778e-01
4.362695977248124413e-01 5.226568994004328061e-01
4.845499133419980398e-01 4.971915370760218167e-01
8.177841403277714694e-01 6.696203178913779919e-01
6.959997199029570591e-01 5.767520758717157303e-01
4.928646852321544314e-01 4.493457571486543234e-01
5.510050846842151628e-01 5.609315161317036669e-01
4.842335210957605107e-01 4.524388349132220655e-01
5.480814646814853308e-01 5.944306216091803652e-01
6.566203222201689726e-01 5.663788213270146699e-01
8.112281081651637749e-01 7.531333083271212203e-01
5.844299371685204303e-01 5.196234670694881430e-01
8.316840649883947556e-01 8.642425301700069618e-01
4.028675212626560143e-01 4.742968661803776964e-01
5.894718375623180240e-01 6.205516120401668445e-01
6.381791774588813082e-01 6.189575168901148006e-01
5.933487944651416601e-01 6.110072645962585369e-01
5.976381261552463631e-01 6.614271812947001283e-01
4.680435332375234014e-01 5.851018062868573733e-01
6.372088500984721682e-01 6.107894614363810204e-01
4.209637294784456807e-01 5.110056210223932194e-01
7.908680918331244536e-01 7.875668736740543130e-01
8.039879120998275619e-01 8.453124321451522816e-01
8.214414711124227164e-01 7.407847370172142565e-01
5.631013291116521158e-01 6.530425173375126180e-01
5.464007681732379051e-01 6.943710991195033433e-01
6.015732086662601841e-01 5.169614013532617403e-01
7.700837688908963585e-01 7.539281011647762654e-01
8.115364350236864421e-01 8.299448959954525140e-01
7.811300965016410025e-01 6.387681290265307954e-01
7.661651420131553314e-01 7.337226602158143374e-01
7.982443101340482849e-01 8.543321229309853715e-01
4.255196523799177344e-01 3.847914076638301317e-01
7.770879331615448971e-01 6.788132950030288937e-01
5.526168953902159675e-01 4.609873835208324611e-01
6.811907327207699092e-01 7.413207675303562505e-01
5.183921392819932361e-01 5.284156277114306910e-01
5.100696350593717510e-01 4.867373136544748125e-01
3.899100753249571949e-01 4.426057800173168189e-01
9.407125661275199668e-01 1.042415562569076082e+00
4.881586333336077610e-01 5.728429865459471193e-01
4.827166143053388536e-01 4.563995616454108450e-01
5.223270906558475923e-01 6.346555554304754709e-01
6.355247731523780974e-01 6.358693743149734789e-01
5.950029047918947711e-01 6.000789400009942653e-01
5.754270123657828639e-01 5.507288347801458928e-01
5.017665301012936840e-01 3.776979541827363840e-01
4.549654112885709867e-01 4.864216814833098312e-01
6.098560731014087688e-01 5.388374170687409981e-01
4.560420479073769573e-01 4.603539674756557676e-01
8.557208875508494073e-01 7.353643489462923233e-01
7.720436003922975798e-01 7.153099041945533143e-01
4.741319222179557480e-01 4.090067214345270985e-01
6.231064995770443371e-01 5.784940627129573354e-01
7.045524160955654036e-01 6.595262133052439690e-01
6.482801749019451165e-01 6.200502698879379881e-01
4.689294687606941348e-01 4.378862229333691514e-01
4.342852991383236994e-01 4.917103722227159635e-01
9.132327163228870504e-01 8.228017260882263262e-01
7.312517362876569393e-01 6.993655624138963578e-01
5.418136339733009565e-01 5.178477801942010794e-01
8.100725181742737258e-01 6.976817516772789718e-01
6.412323565543052162e-01 6.582738640209409020e-01
5.729022085500630190e-01 4.892018575323627272e-01
4.201441981739970633e-01 3.723699165545015788e-01
7.314606202952239622e-01 7.322804708475457725e-01
7.289511011273704932e-01 7.110218913578015831e-01
7.342568782399548910e-01 7.002053360178049912e-01
6.051654338777885389e-01 6.170742484411446682e-01
3.852914776010643028e-01 5.334631820608566333e-01
6.274168955777965628e-01 6.642540855187857307e-01
4.620998658043660723e-01 4.689869020080058015e-01
5.872905388345219801e-01 4.778215732770598745e-01
5.186340730232177343e-01 4.696304226237195678e-01
7.476094238601403985e-01 7.135470304175960399e-01
6.000059003455358031e-01 6.767612188318228306e-01
5.720181484963590135e-01 5.452381301050738260e-01
8.160490098068993170e-01 9.101047956256245186e-01
7.954411705971383695e-01 8.372884252334978905e-01
5.985698747005158138e-01 5.639641450594997663e-01
6.485693006418770112e-01 6.894945646641187365e-01
6.385340497849426589e-01 5.978178398801908822e-01
3.460998896669489899e-01 3.898824201181526061e-01
7.935456958304061281e-01 8.673241958444182220e-01
6.824785494721520296e-01 7.161411249918167021e-01
5.953359001584186405e-01 5.587468420194940943e-01
4.826688460807076475e-01 5.024676505696046291e-01
7.046439731329047218e-01 7.131916730622883671e-01
5.996226405860352049e-01 5.588819416583159505e-01
8.181267808985410728e-01 9.911450423071537230e-01
6.646192361722896846e-01 5.569919308743723763e-01
5.870369784574626104e-01 5.895972201484583897e-01
7.981905204611904336e-01 7.680897190616805537e-01
6.610848822431298899e-01 6.142450240688215324e-01
5.351439186368281975e-01 5.317507609863637574e-01
6.504723831200514006e-01 5.926956691794502685e-01
5.353908939947825685e-01 4.654599234730923407e-01
5.280739414929859210e-01 6.167928336944729084e-01
4.811133822346770894e-01 4.499568186557752481e-01
4.684027628950852562e-01 4.709925698757299606e-01
4.133292636957097699e-01 4.587935303549276478e-01
4.077751112321845173e-01 5.339494270023857903e-01
5.224893740498364192e-01 6.190042498232524171e-01
7.222119394631231204e-01 7.177053986277913689e-01
8.127156879448151905e-01 7.019784475335468787e-01
5.966247703997573648e-01 5.360922134455150534e-01
4.430929210361628234e-01 4.240140150832818478e-01
7.211213868527397430e-01 7.045376229499624721e-01
8.598303957387134488e-01 7.610915160449911454e-01
4.555533111212821673e-01 4.574278220711178733e-01
7.287550357327494677e-01 6.576341992505163603e-01
5.118589064604971428e-01 4.574427105134311611e-01
4.271731938252670280e-01 4.543122492827277870e-01
7.505662247411718502e-01 7.449699070628555964e-01
6.887035968627802651e-01 5.293694846892721406e-01
3.316201404322527968e-01 4.229174485103980863e-01
5.226569186623881702e-01 4.938789919541758944e-01
5.906647186616421630e-01 7.303078074244645501e-01
4.099001776486400073e-01 4.591333254735330827e-01
5.232047995299428100e-01 5.720697618383449035e-01
6.640903483308544519e-01 5.604471604736560586e-01
7.630113209795452711e-01 7.098331059656244335e-01
8.522759263957104814e-01 7.950569569791483548e-01
4.238137161612571813e-01 5.249904879487317100e-01
5.084402324386301242e-01 4.346994236104588238e-01
5.862765416265769414e-01 6.998648350369836013e-01
6.455647404686070123e-01 7.317342042379880729e-01
6.100303509673572488e-01 6.372848265476904750e-01
6.650216914201048102e-01 5.933722009991606594e-01
6.143034228798089913e-01 4.865819130928323855e-01
4.804908823059909628e-01 5.197210183076146350e-01
7.250397055427268977e-01 7.021099105996861933e-01
7.003181807035493422e-01 7.605331271924794523e-01
4.561727984800203473e-01 3.659965377795965091e-01
8.294792791852414471e-01 6.943303671292677670e-01
5.852905436735431621e-01 5.802565396010384013e-01
6.583647973656744368e-01 6.518169036910189673e-01
6.689684917547431553e-01 6.314851975985567023e-01
7.972043151762333579e-01 7.859420975049475899e-01
5.323365199411446147e-01 5.354525367610564190e-01
7.638673853929178748e-01 8.151195257152517026e-01
4.265025370789975456e-01 3.922798263093199012e-01
4.131278999642485905e-01 5.402630323223114317e-01
3.808230058999600987e-01 3.547724421964972841e-01
6.216868854937257494e-01 6.515744460086850820e-01
6.902896406580977251e-01 6.787458432392147190e-01
7.211741417225061568e-01 7.792253288763681951e-01
4.072112769710314328e-01 3.710965045386293015e-01
7.558704888144603951e-01 7.506926773396070951e-01
4.670442901690423643e-01 4.408176671113370748e-01
7.216741828200898823e-01 6.924620903292919571e-01
7.495930915683721718e-01 7.767140643145575840e-01
8.581196754229232226e-01 8.428955904890693684e-01
5.812026387917350601e-01 5.834548933728223030e-01
6.087389777754579345e-01 6.630898895249905944e-01
6.284367826202321705e-01 7.707211480115556679e-01
4.749423158307636839e-01 5.470650019946331488e-01
7.575625413943223307e-01 8.670873846366002891e-01
6.811978292350248099e-01 7.686691182704826764e-01
6.728827062990315744e-01 6.147253600089944703e-01
5.405781552344605112e-01 5.696623962602914704e-01
5.569138707359447826e-01 5.189705071912492640e-01
7.921393738190368738e-01 8.604348698297329401e-01
6.728341129964455769e-01 6.595015158447800063e-01
5.711585688396206839e-01 7.526940683869173254e-01
7.118461424314006525e-01 7.098518633859323135e-01
5.592117349385702374e-01 6.294028358610811447e-01
6.449023105085384122e-01 6.732911830673172782e-01
5.225762153067996518e-01 4.541166299037361354e-01
4.756578660511249779e-01 4.713551580071830283e-01
4.960078389533156829e-01 7.608230475167089280e-01
5.227620042425431546e-01 4.848766929831844763e-01
6.894063128616840785e-01 7.353265549290508574e-01
4.958540679367651194e-01 5.045531779338525702e-01
5.564776183139938937e-01 6.037388306374722458e-01
6.453855704554359862e-01 4.397003176015775172e-01
7.891622872904893171e-01 7.846493017772167011e-01
8.227557061716314069e-01 8.051720607261613205e-01
3.179586072374490646e-01 2.177738807467065607e-01
7.605859042005544968e-01 6.831785198524285008e-01
4.266316394500538900e-01 4.495291642462455606e-01
6.958888389474563452e-01 6.165576461961582710e-01
6.034831709548202916e-01 6.219702292373994190e-01
6.820154785753791415e-01 5.874313186414479304e-01
6.154166636327444984e-01 5.567771155476364253e-01
6.268544980824765078e-01 7.094999522788153490e-01
3.446078204830622105e-01 3.499655032277983469e-01
7.870141614863593871e-01 6.368007576094739663e-01
3.685860730953787190e-01 3.995427060598193414e-01
5.927452393323664470e-01 6.150346440892864308e-01
5.488013506005332554e-01 5.479434256050691454e-01
5.695138139659863263e-01 6.088876878931619441e-01
8.111966388657456672e-01 8.341719250802324126e-01
7.976443509906997464e-01 7.308247860058215695e-01
4.918322439073198327e-01 4.974721712101594084e-01
5.730164941406280521e-01 6.297452436394849196e-01
8.132058842376904684e-01 6.413507125269785059e-01
5.915923634353583704e-01 5.119617696510194715e-01
7.401381237868469576e-01 6.830547186965953976e-01
6.271134508717165490e-01 6.312718291109723490e-01
7.138039520055649012e-01 8.355274289594184500e-01
7.172479390420738454e-01 7.311460584989284417e-01
9.132130983432240612e-01 9.374693160748235332e-01
1.904116865159252714e-01 2.774510648723936268e-01
6.464716887513504151e-01 7.262593898399003489e-01
5.995925498232744788e-01 7.043616652788421417e-01
9.586411521445535877e-01 8.397068341080037301e-01
5.354519675322287897e-01 6.076022798175525486e-01
5.082440322184916814e-01 4.528768721674747977e-01
7.461736465988624278e-01 8.392790013356650203e-01
7.725398851169946735e-01 7.588740654137677843e-01
6.218161927186609539e-01 5.509766539207126002e-01
5.332344735831923144e-01 5.575781761020525140e-01
9.923231334855475705e-01 9.233544183757667057e-01
6.903317293512560848e-01 7.051424094666294273e-01
5.050561817548876453e-01 5.175038506078591949e-01
7.297737605875229683e-01 6.367445972072762750e-01
4.533731310043095375e-01 4.609123216294171987e-01
3.209122450881368716e-01 3.095391141147242342e-01
6.722781935850815627e-01 6.336787623595937502e-01
6.125595565980094248e-01 5.979859990190855568e-01
4.867083418905435721e-01 5.888084349790840832e-01
7.757621791581192916e-01 7.067987465516618606e-01
6.750560520730117808e-01 7.750078388637842153e-01
3.374084947071107621e-01 4.095001216733239469e-01
7.570795400270985409e-01 8.127695095107118073e-01
6.208302131300816873e-01 5.325364989496615964e-01
5.690023704312532349e-01 6.165905155683737426e-01
3.717144402019443294e-01 3.161973799953389230e-01
6.819520577328463951e-01 6.655555455426775957e-01
5.909793692074806204e-01 5.565190622550301169e-01
6.592768201188939914e-01 6.335129521238141992e-01
5.880285875519049021e-01 5.561382390213840399e-01
6.113918653690978422e-01 6.571388172449571519e-01
6.025980104779220525e-01 6.001034846587796068e-01
5.364812595076323687e-01 5.008354142425587296e-01
6.397703145333082375e-01 6.282002148220571236e-01
3.208524178370692481e-01 3.947826589693321231e-01
5.042048299706575198e-01 4.937624036231001434e-01
5.881670163429213449e-01 5.892036674369818261e-01
5.578015143176748847e-01 6.182353711770569582e-01
4.928581707281430302e-01 4.737702844080761699e-01
5.654346178760367714e-01 4.734481176579528605e-01
4.595278843584166273e-01 5.099027895513177366e-01
5.046178497289808274e-01 5.208988070416882277e-01
3.280268011766522829e-01 4.250797113433261165e-01
6.109650555845163034e-01 7.023512698477603067e-01
8.344624613392628287e-01 8.576758630752840951e-01
3.544585991716477369e-01 3.922413059340876251e-01
6.576970974967982775e-01 7.009935978388225353e-01
7.141015740246919874e-01 7.490766304110131335e-01
4.440315445088665047e-01 4.909654390924884648e-01
6.958022290246204111e-01 7.536269704138427450e-01
5.973324077021560097e-01 5.174409075503643152e-01
4.162590043897858028e-01 4.526152477962859244e-01
6.455111913302238325e-01 6.273312587686368236e-01
5.077681786971479649e-01 3.684231301634077749e-01
4.209014006471734071e-01 4.781354294635377089e-01
8.905505426745958797e-01 8.871260904988966800e-01
4.327177694418558040e-01 4.628239182155674536e-01
5.384291097238904644e-01 6.221149300932888870e-01
5.821877258702146118e-01 4.720388188864197421e-01
6.228948470264368265e-01 5.633541025391417545e-01
4.323837574313426635e-01 5.176315150253427699e-01
7.301748868776319901e-01 7.172117468392903428e-01
5.548313444891289636e-01 4.912691222406856406e-01
5.898784573870223813e-01 6.375490295700079191e-01
6.236349814636337197e-01 6.105174149038343767e-01
6.749764377191265208e-01 7.771859698812706441e-01
3.512629172213347362e-01 2.681937746296674252e-01
3.781383790923686372e-01 3.697749424769069537e-01
7.998202149518658377e-01 8.411105270042005255e-01
7.287966025338702414e-01 6.511765186685697371e-01
5.073527086836673305e-01 5.691897246919015441e-01
4.935316302261261723e-01 5.403031592997631360e-01
7.190836280972084937e-01 6.893238218754144109e-01
6.519055133140515546e-01 6.603333099660836369e-01
7.489731139738957655e-01 7.856603206964132280e-01
5.809256834846960871e-01 6.884887133291681671e-01
6.013535750716746398e-01 6.160597940100934755e-01
5.695183046935028415e-01 6.481980542565597414e-01
7.315556968284366857e-01 7.984715061783389523e-01
2.693257244839133979e-01 2.863244840347119458e-01
4.613362835628017633e-01 5.444957885731745995e-01
7.748888797000768047e-01 6.509439022056719981e-01
9.969416630515927080e-01 9.076674402866607982e-01
5.310778465951145888e-01 6.405793001942311493e-01
5.137611627830719341e-01 4.574759105427865791e-01
4.428528613433361794e-01 5.285112190781490193e-01
6.607206077489182761e-01 6.392919505054215357e-01
5.963800739854093758e-01 5.791468029220138147e-01
5.438256202927984617e-01 6.219706398824804694e-01
5.078570595126609133e-01 4.846878563359656167e-01
9.484986582957519730e-01 8.235397291678490106e-01
4.914016089615406702e-01 4.821506063861343283e-01
6.420846249499635450e-01 6.436031295956633480e-01
6.036583233205966570e-01 6.198692813260254786e-01
6.516867805310438966e-01 6.271988748698594796e-01
6.173771043441977913e-01 5.516854585438051295e-01
6.430900527392470201e-01 7.698597417074207749e-01
5.776364060465116745e-01 5.581099871335234441e-01
7.690562888658707408e-01 7.257955361788153148e-01
3.011504514055250992e-01 3.249153318184123673e-01
7.606387812478325738e-01 7.724369385694278556e-01
6.544359597014366425e-01 6.754143582127258849e-01
6.142071822987084095e-01 5.486531253036889266e-01
5.882150554580368729e-01 6.661904940963351285e-01
4.847398258270436688e-01 4.560852815495431978e-01
2.503324838657783880e-01 3.331695460566664324e-01
8.257620792549696942e-01 6.633814951986237718e-01
6.441853666614323348e-01 5.515662780924115438e-01
4.349897489454322419e-01 3.868241657921380194e-01
6.343301182722278497e-01 6.983858125067960998e-01
7.096990757917419623e-01 6.994050254948808165e-01
7.793237705687466876e-01 7.508233762089283614e-01
6.214337594970889000e-01 7.572314619099580479e-01
5.353011357897430322e-01 5.311038852115912423e-01
5.175395931724872112e-01 5.422104484212516562e-01
4.391989150735264302e-01 4.514028284367382349e-01
8.494848982215164046e-01 8.587115754126912748e-01
5.004451175349298175e-01 6.710458789719051520e-01
5.587811871054275681e-01 6.297143721924005622e-01
7.255844697771196561e-01 8.994078605683013539e-01
6.732930504825299645e-01 7.017703840996133424e-01
5.920601666530931340e-01 4.678993597087843792e-01
7.044900036320026482e-01 6.052592743020012156e-01
6.481317373787104374e-01 6.152131494264977407e-01
3.871575592459989834e-01 4.119588557911602611e-01
5.260830671461543817e-01 5.914900867882165736e-01
4.963763748980222767e-01 4.251119171202931146e-01
6.180065456381519384e-01 6.384784847996057833e-01
4.896636800677752754e-01 5.342341168327428003e-01
3.602693151749811196e-01 3.914533801454475603e-01
6.689123796210328932e-01 6.831733292441798389e-01
6.358243632956681601e-01 6.347804518054942502e-01
7.978323271608899203e-01 8.636682770046045787e-01
4.599656454193050692e-01 6.220354385376747341e-01
8.039378273362290939e-01 9.342951586676396802e-01
5.517762459860525714e-01 4.935001384723815554e-01
6.661689778324773048e-01 6.039281652184749216e-01
3.710549681665521460e-01 4.488213177353073124e-01
4.437911435604776078e-01 4.152632205548028588e-01
6.247434090709470533e-01 6.729708057024671453e-01
3.267718141826382316e-01 4.283305195234696772e-01
6.684099189308924105e-01 7.411919635224296643e-01
5.772851575187903927e-01 5.341743138021172177e-01
6.586846690857456332e-01 5.712317454040293230e-01
6.233935733596180917e-01 8.098093263601560121e-01
4.768033663932058630e-01 4.062426418597654409e-01
9.148528515912384140e-01 8.400615712761869691e-01
4.134142087944224220e-01 4.675335479824289098e-01
7.453553274569227893e-01 7.649680782015965130e-01
8.330087452267116443e-01 8.080814120489605568e-01
6.247340346054872651e-01 6.520228145785391671e-01
4.131774097508594257e-01 5.277509129969653046e-01
4.878292156921538170e-01 4.119503246349696668e-01
7.293437220988734371e-01 8.266459139894444252e-01
7.214332077371817808e-01 6.638358458730847511e-01
7.577539017229423246e-01 7.094533053880197615e-01
6.086767794976356560e-01 6.371081962218624328e-01
6.630549964158627407e-01 7.348083150160582555e-01
7.878473966691356134e-01 8.567072434335541997e-01
6.550820615128276625e-01 6.529423721892413379e-01
9.116877204394396861e-01 8.202685212174972706e-01
5.926024530730301665e-01 5.208028737648978668e-01
5.164768399515895503e-01 4.755711484079083728e-01
5.391289276142131603e-01 5.572082375482033667e-01
7.320134281955877897e-01 5.958467056880193402e-01
4.200209606719633171e-01 4.415314238847515838e-01
8.212256511611643051e-01 7.819943790573532505e-01
7.445575742622745352e-01 7.072226941435806324e-01
6.255441120407606581e-01 6.903466721563510378e-01
6.331921490281307019e-01 7.002205854201204449e-01
6.394380500944824020e-01 6.021182648543880189e-01
4.433058985583945288e-01 3.637551309075368611e-01
3.593927994867417985e-01 4.975458782565129190e-01
4.172172130865266504e-01 4.541745923743163993e-01
6.060262816001513730e-01 5.679988504639286173e-01
4.336422941059789871e-01 3.912710872878725210e-01
7.160946468619745486e-01 6.292049486290999250e-01
3.914161920900685598e-01 3.931858722219265245e-01
7.506600758905074278e-01 7.463223104228512428e-01
5.303270878972976554e-01 5.214636861556429803e-01
4.612311464548209949e-01 4.970571398418606179e-01
5.279469493194589580e-01 5.037210843986971165e-01
4.906306469009745208e-01 5.135475414229528912e-01
3.976935699847485850e-01 5.360794001985371704e-01
6.102723550612108028e-01 7.396858646949304728e-01
4.798285009639890464e-01 6.216223093970998370e-01
4.970667408087107164e-01 5.646202957368690045e-01
6.869337037612224250e-01 7.325665216360153220e-01
5.038570445451533431e-01 4.500430006560399154e-01
5.944258605271598439e-01 7.445756746605128873e-01
7.704825586901594692e-01 7.262209192911991407e-01
6.199589633521718213e-01 5.426211666670741618e-01
2.757262584438148201e-01 2.493019074484635889e-01
6.561202279105228241e-01 5.833028494902648964e-01
6.422763238258866192e-01 5.325712775502671192e-01
5.928684916425598361e-01 6.968542393196049956e-01
4.564897589051671312e-01 4.121796325480237555e-01
5.120847627163971350e-01 6.886989871408282227e-01
3.654798727518759893e-01 3.526956962442849841e-01
5.787266729636704188e-01 5.904560581305318134e-01
7.619502025992979100e-01 7.821348906007126178e-01
5.587372195496891347e-01 4.795406841272293885e-01
7.813914024297703431e-01 6.909782745896706491e-01
7.295467201901161269e-01 7.108907822617139827e-01
8.735407562343296961e-01 7.518635730129262784e-01
5.532135228083340239e-01 5.996689915078349253e-01
6.286824307128614508e-01 5.191316359549306148e-01
5.076571676996632920e-01 5.242044774240146587e-01
5.727357458224775488e-01 5.467779060610651332e-01
4.300801129230529818e-01 5.493522490309553641e-01
7.726436021364414541e-01 7.657635514279964584e-01
2.823323600856010307e-01 2.758595646633483778e-01
6.248520134291437600e-01 6.027105277817310647e-01
7.769587212270144816e-01 7.074156280207387626e-01
6.319579934855574788e-01 6.949704593816832254e-01
6.244251914963527827e-01 5.557936858392606982e-01
2.179378376928161609e-01 2.210584125168285619e-01
5.953393796851469411e-01 5.854902383956244183e-01
8.182621534623903958e-01 8.142856547659982347e-01
5.944273384495910584e-01 5.229726588513876617e-01
5.974763538990840450e-01 4.777511161217112834e-01
8.421276953779401886e-01 7.159598199330490242e-01
4.084509636060426607e-01 3.686418576515510526e-01
5.752824145793429267e-01 5.399664041235059386e-01
4.657329748624746690e-01 3.677172867737137363e-01
8.535123526618306755e-01 8.490787121221046174e-01
4.082121786462867830e-01 4.936827059610617852e-01
7.299474771649622218e-01 6.584231114379904826e-01
4.508769716011193363e-01 5.583263229601055366e-01
5.124940040638831240e-01 4.878836963904688018e-01
5.173523066416385596e-01 5.102635854782595626e-01
7.064882967858067131e-01 6.136314766327576331e-01
5.397845196175420357e-01 5.848994385086171421e-01
4.448083196846591147e-01 4.187977957641181859e-01
8.652587590444099641e-01 9.008938410755892301e-01
5.337155027034226062e-01 4.929008100985148855e-01
4.805477226786655232e-01 4.498416796884017188e-01
4.630786250754505007e-01 3.616018621477401496e-01
5.193961952931662740e-01 5.084334755385251370e-01
5.000933997930278041e-01 6.420487155810842284e-01
3.754013921667945231e-01 3.054196525312335431e-01
8.802005474469765112e-01 8.990723509607096986e-01
6.832164225756248710e-01 6.956023280768958150e-01
4.658886915675127804e-01 4.473998568801816900e-01
9.011350462625878910e-01 8.765285254774389800e-01
7.170312997761041363e-01 6.299785972219569263e-01
4.752830841600600431e-01 4.585197218523161533e-01
4.893622741068229809e-01 4.397422890713081900e-01
5.957545728024465914e-01 5.572731712473381060e-01
4.984387534609868720e-01 6.134396034482971771e-01
6.509851146873411043e-01 6.822902336175795668e-01
7.005182113147290224e-01 8.207373662456751706e-01
7.060290894959535546e-01 6.646318236521262524e-01
7.677142149075983912e-01 6.636103821954792981e-01
6.163334777023143918e-01 6.604822259295635156e-01
7.475583784317773040e-01 6.903678045260767115e-01
4.878170998441091477e-01 4.540799321598156801e-01
6.078660334679383270e-01 5.645876916499269482e-01
4.407925416576980449e-01 4.603016127835626858e-01
3.720806390676987818e-01 4.899518454860158356e-01
5.340449386064564097e-01 6.115269691099621818e-01
3.682989527325360446e-01 2.424304105390938102e-01
5.034651741457540908e-01 4.896109483944236507e-01
7.566837819893555972e-01 7.601636072586072101e-01
8.949988661787680044e-01 8.392049155093563861e-01
5.946271055889058577e-01 6.268727890805310121e-01
4.854440240696351605e-01 4.648570389829850269e-01
6.787577408993568095e-01 6.944542286336972126e-01
4.874648621724104736e-01 5.078644858091106995e-01
7.308741057821894760e-01 8.675961579645878885e-01
5.707404929159534124e-01 5.485670566077442967e-01
7.097237066491475233e-01 6.505191273343025049e-01
5.415141866081210065e-01 5.283202925949435080e-01
7.150476370446099406e-01 7.992118428193883961e-01
6.496658777264548990e-01 6.341549606681239348e-01
4.523618571442550307e-01 4.760435589925320343e-01
7.449068685023768621e-01 7.464154644787389659e-01
5.771434062867412118e-01 4.905989519403121668e-01
5.381516688836260887e-01 4.783520130075595844e-01
6.163649930362153917e-01 7.003808828879274362e-01
4.911611965965501092e-01 4.774234226456850472e-01
6.318303597040381137e-01 5.522592502755573340e-01
6.932037646413244936e-01 5.987645315197225315e-01
7.310690016077140418e-01 6.634920981246713589e-01
7.008731670914365441e-01 6.160586747153060649e-01
5.718689996593474545e-01 5.033273473308074175e-01
5.348349107819607706e-01 5.045230019905684316e-01
4.650117934447473012e-01 3.868431809748494876e-01
7.794410404540239590e-01 6.372177534956622313e-01
4.583529650817749768e-01 3.941681736166542938e-01
3.452661598739641402e-01 3.810922797701403741e-01
4.773698134777836777e-01 6.400334153647109225e-01
7.136485440783230105e-01 6.849510354808509005e-01
3.310289774345336888e-01 3.922879852300087955e-01
6.581251014814131217e-01 6.111260954561275049e-01
5.010680271224411397e-01 4.509451840175915383e-01
5.396858860621744913e-01 5.780481268668635764e-01
5.578163268844070766e-01 6.258649166740267722e-01
5.950795037779835761e-01 6.750214849393113559e-01
3.857698928778920955e-01 3.861053285268492008e-01
5.746596452145258382e-01 4.632617666951840962e-01
8.299104731433373239e-01 7.858086220025737312e-01
5.430538970622954542e-01 4.782910167375454269e-01
7.228649604126526906e-01 7.108004368738074508e-01
4.231435095719155992e-01 3.185409005787500636e-01
5.656389044923418874e-01 5.779489148994326753e-01
5.078221537907946503e-01 5.233731252316767835e-01
3.187830496601156693e-01 3.514069668178315120e-01
3.684028992696713467e-01 3.428478311898373598e-01
6.004045824148185329e-01 6.757460406278272824e-01
5.984543121363694596e-01 6.186702380544091273e-01
6.916857704378189808e-01 7.388038649439918615e-01
6.555739475877747635e-01 5.673186393275865269e-01
6.140556965130008482e-01 5.042697521882322231e-01
7.013895171225551506e-01 6.739115637215301602e-01
6.206211774490438815e-01 5.878657372261378855e-01
7.172853493784712153e-01 6.913665030064310990e-01
7.170766265977877030e-01 7.261647798987311830e-01
6.822494625398555224e-01 7.070050274631992648e-01
7.090060935306061740e-01 6.935182060245690394e-01
5.201172062029520982e-01 5.498952235063775396e-01
7.575976205739575198e-01 7.101793640330921198e-01
4.964718408750842249e-01 4.543488613122038666e-01
4.304611213030562489e-01 5.291839663571467067e-01
7.922870428805552923e-01 8.002084100648341192e-01
5.856649658540137304e-01 4.932886607655012079e-01
7.004455110412918240e-01 6.269831836404943237e-01
7.274672111354826276e-01 6.415891024029288792e-01
7.330447967260823594e-01 7.597907692852280404e-01
6.342955517381824171e-01 6.476577056171460844e-01
6.810348103636423289e-01 6.884339255219140696e-01
4.723796769640976057e-01 4.178399151348600182e-01
8.153096397106224247e-01 7.575271306827217055e-01
5.783454326607172513e-01 5.669543255680827842e-01
4.307926720728263992e-01 4.287214142513065540e-01
6.333556931469093154e-01 6.438273585677589672e-01
5.892704952712757294e-01 6.125409945904707332e-01
8.602682748848160532e-01 7.543484750937008432e-01
3.565820861835519162e-01 2.404566723249660365e-01
6.491312763793587459e-01 6.695988319808504619e-01
4.717705096116780461e-01 5.543202330414236378e-01
5.854012958756980023e-01 5.462577891774624828e-01
5.941664057008102517e-01 6.149476037606502743e-01
5.902248191115456732e-01 5.828778907029562584e-01
4.016887242713373940e-01 5.374104158497109429e-01
4.555335995584810505e-01 4.864091292448391446e-01
5.554493465115657447e-01 5.807341226163891257e-01
6.778956623399028381e-01 7.002073086642279787e-01
5.486152336683212116e-01 5.552764584513338875e-01
4.986492239851093022e-01 5.544868603507646654e-01
7.976138547064710593e-01 7.293857725011196891e-01
4.485279805764581518e-01 4.846460205888548645e-01
7.990464857506296426e-01 6.781653347513358909e-01
7.162511509087967632e-01 8.015801197020036017e-01
6.055098691521251242e-01 6.326559187410530916e-01
5.299926677903961103e-01 4.239360941055987375e-01
4.485905347276288313e-01 4.660258630971110816e-01
7.526376501539535635e-01 7.470699811709373694e-01
7.801174733313116505e-01 6.858530028106715193e-01
5.382157046800307709e-01 4.722869497933189220e-01
6.102195941884240860e-01 6.302267228687206124e-01
7.190751752562931642e-01 8.552417381405026386e-01
7.990725691916192863e-01 7.927911144280507250e-01
5.474663932473849970e-01 7.272075976043065326e-01
4.463364463701634532e-01 4.320315118958781841e-01
7.451250892604784903e-01 7.132433373349827965e-01
6.654920760813908265e-01 5.986111073373953095e-01
7.290043772095020636e-01 6.586453762040440640e-01
6.456821409161701553e-01 6.625220799667050908e-01
5.527385268232832827e-01 6.086025405854295078e-01
4.622902549723522658e-01 4.032407820724383529e-01
6.315432334188022523e-01 7.160873098029032491e-01
3.953100815644892685e-01 5.693636182815746682e-01
4.397745509804678044e-01 5.258019374989219008e-01
7.892578599555085672e-01 7.023344449130694001e-01
4.465880069493631810e-01 4.480292338613711678e-01
4.485648712177179309e-01 4.660887759154423993e-01
4.809293636892953416e-01 4.615832243516403977e-01
4.610937041230605549e-01 4.599541188080778498e-01
7.256329145226076971e-01 6.004845036080341814e-01
4.503660733357329748e-01 5.897119577630621778e-01
4.903200051550298810e-01 4.368768973818322743e-01
5.130075734564174539e-01 5.109242867922978437e-01
7.044481222687920541e-01 6.816433557496751616e-01
6.060291709452129139e-01 5.909142365711966827e-01
5.364257130533027773e-01 5.779087781452421080e-01
7.612173238600251635e-01 7.418043485942608095e-01
5.689472190346558378e-01 6.031836342615057855e-01
6.590590074576428981e-01 6.076975999427230990e-01
6.743981610306138963e-01 8.125278119635225282e-01
7.326957838500423037e-01 7.317909793877770408e-01
7.799360153762036063e-01 7.696978491636772279e-01
7.643300275074482730e-01 6.993681127396211838e-01
6.662242134302369667e-01 7.233330813169995821e-01
5.254121027460673110e-01 4.710968826562150769e-01
7.987063380368406573e-01 7.953367459488427382e-01
7.324578048699594834e-01 8.373482466574801997e-01
4.838106579306460375e-01 6.276145700103861191e-01
6.204892898912073296e-01 6.278649051219120647e-01
6.452793254467601436e-01 5.596507715733851640e-01
6.679191338714569603e-01 7.319835311738263073e-01
4.960266046318325683e-01 5.725634918993242062e-01
8.373007939838964520e-01 7.731285172657541560e-01
6.111477811414325334e-01 6.179194938510421675e-01
6.162489169843256009e-01 6.314832566862073060e-01
4.192399372494720056e-01 3.794979959980025463e-01
7.866581765010975946e-01 6.943489820371446797e-01
6.271611681060834664e-01 7.087263855583517680e-01
5.097716166442538555e-01 4.940534713949755186e-01
6.754798300631776886e-01 6.661424429097575484e-01
5.422465397251093888e-01 5.339557613528852498e-01
4.647268255953634353e-01 5.141521608145863675e-01
7.231744536177910909e-01 7.581013428314726799e-01
5.818085975350013594e-01 4.889217554038349789e-01
4.893270487333428731e-01 5.120665929611242229e-01
7.787442723640031206e-01 8.323763089935097836e-01
4.397099463596516045e-01 5.050230821825880678e-01
4.541185564091100857e-01 4.341177929994070595e-01
8.620953460757322384e-01 8.430758094723963536e-01
7.244509867181688767e-01 7.522510735516306779e-01
6.115532433416442926e-01 5.797311453233263689e-01
5.840556318949339243e-01 4.794106910648480713e-01
7.007847556654495103e-01 7.227573479253358579e-01
7.564152083325778042e-01 7.478980013700921026e-01
4.181145176106325634e-01 4.198761707695122247e-01
8.313268807837103092e-01 7.814614619200818124e-01
3.526990619384107739e-01 3.448178174197983892e-01
4.653105581409966995e-01 4.477007869984098165e-01
5.257190053918896488e-01 4.774797023538407958e-01
7.248911381113224417e-01 7.962958372581839805e-01
8.610770534077571980e-01 8.280849385551765085e-01
4.092795008504935828e-01 5.060825044755248303e-01
5.383981174763752264e-01 4.954300250499026337e-01
6.542153644327852735e-01 5.691297662651091382e-01
5.296686550586348075e-01 5.711238399452857051e-01
6.295530077952199433e-01 5.699083647175907652e-01
5.907578071850524415e-01 6.231061017450266748e-01
4.512582918750045469e-01 4.179102610828188125e-01
8.252381986295980187e-01 8.001678280979198643e-01
5.409780830231960547e-01 6.320282795070191195e-01
5.877028987000449956e-01 6.087853074782128004e-01
7.991439352797269358e-01 7.353690907691989853e-01
6.419221561152148592e-01 5.572078753679052809e-01
5.850030601548621423e-01 5.433891056602393466e-01
4.729834986374659156e-01 5.246182753965309420e-01
4.757475661513917431e-01 5.814341813970629325e-01
4.043625594146722513e-01 3.731306515714991612e-01
7.664922420143280846e-01 7.121919810830605879e-01
6.821876250662306518e-01 6.835214463776890792e-01
7.228064394731863462e-01 7.011198670545260025e-01
5.786748690820894270e-01 6.002765767285763721e-01
7.132251747378839379e-01 6.088024821154012223e-01
6.560951395142297082e-01 7.289763290329335232e-01
4.726852881231422554e-01 4.513793862000491375e-01
6.475200241951337699e-01 6.779999190796610620e-01
6.091652688176109054e-01 5.120869728671929577e-01
3.978207926339165090e-01 3.625269670218528861e-01
4.803939770160222666e-01 4.123487827719896082e-01
4.845155932414385025e-01 5.157228978887004045e-01
7.802276142503181688e-01 8.641118971299801554e-01
6.519777881547091924e-01 6.874801789069616698e-01
8.774897972121358247e-01 8.402000725719942498e-01
5.163820837870604086e-01 4.724790691720053282e-01
7.734344725138592169e-01 7.968572579644671583e-01
4.108938437320886483e-01 4.798577817580877425e-01
5.777676520811126926e-01 6.177312100792550220e-01
6.688422395730355685e-01 6.506639332755863592e-01
5.524010244655781499e-01 6.022312167243644154e-01
5.031460536206014966e-01 4.684536324507301841e-01
6.204618302946532937e-01 6.124669962165180115e-01
3.096290628486559893e-01 4.104415907860931023e-01
3.584530335257442024e-01 4.348398404568594167e-01
7.828782780349438086e-01 7.228093791360287179e-01
4.936359436081095287e-01 5.415826723887536831e-01
5.325292703251721660e-01 5.200934826819824108e-01
5.975527432116631843e-01 5.863296691453372400e-01
5.441647175220600818e-01 4.878894284014392291e-01
5.773844160863786934e-01 6.178758680291426275e-01
6.060564211983082705e-01 6.149696410739396990e-01
6.518369643132356783e-01 6.230151817716901297e-01
4.096684086569993277e-01 3.679349658351812047e-01
8.050461735174340161e-01 7.443089193330642006e-01
7.426486329351853488e-01 7.323188863288825345e-01
5.721576310675464683e-01 5.384799031082818654e-01
7.307904441120505190e-01 6.803729733000292157e-01
9.025107860727300535e-01 9.056017306438287617e-01
6.020736035568249322e-01 4.909390229201333056e-01
7.474340595015502853e-01 7.581799207519859252e-01
5.357007096607396823e-01 5.663281633600528719e-01
4.528200060798514559e-01 3.611423021828711888e-01
9.124174615763083196e-01 9.574985543563596657e-01
5.646413498609594850e-01 4.715729124405422801e-01
5.353067708503992383e-01 5.240679037109831073e-01
7.122575490852053326e-01 6.260907849333868791e-01
5.755047294215619447e-01 5.542367046992157098e-01
6.095452619047279086e-01 4.924453311497232200e-01
6.339572325368399985e-01 6.962264820161064849e-01
6.843966340970483175e-01 6.971465201347583074e-01
4.084059683371983329e-01 5.299904046908742172e-01
8.470051217476542993e-01 7.200652605311909094e-01
7.045637775939727065e-01 7.676485480475586654e-01
4.326874719547149639e-01 3.442541030450272932e-01
5.992949549392808661e-01 6.205334299587165203e-01
7.207097348143858273e-01 7.056433915086781639e-01
7.077870394242730123e-01 8.479462979797044442e-01
8.090657308425903693e-01 7.211830026432706209e-01
6.136402487532662819e-01 5.087828371508166247e-01
7.927629922881297420e-01 7.696039278913396897e-01
6.653448408800204383e-01 7.006916482864082862e-01
6.121058860326328288e-01 5.633374619048195919e-01
7.872851547744024181e-01 7.635223669800419444e-01
7.009868911070546993e-01 7.300661873369838073e-01
8.737382618913552834e-01 9.221721608769642975e-01
6.647132393097386904e-01 5.207138510142775845e-01
6.608451740091345616e-01 6.557318863441714551e-01
4.532595791837425447e-01 5.185710727650959528e-01
4.300389225095456180e-01 3.847729282103770632e-01
4.947649589205660448e-01 5.339077607872586562e-01
4.679801144970419102e-01 4.418749348740186322e-01
4.423510304455614550e-01 4.669809227322121448e-01
7.881061762764058898e-01 8.338557413429601439e-01
3.559005119830802588e-01 3.659647756483435099e-01
5.328549016971416696e-01 4.553822369442857565e-01
4.824936380704335503e-01 5.620882879965655166e-01
1.008143457860353420e+00 9.600967912789069025e-01
6.595653924291087211e-01 6.101902207088893970e-01
9.095838150554268475e-01 7.644590189827896731e-01
6.731428776322536667e-01 6.371148999544911096e-01
5.218344136989311322e-01 5.593484051231408793e-01
6.076663835284993320e-01 7.158350756669359383e-01
7.649788310911137534e-01 7.781957654895298448e-01
2.384731452431534948e-01 2.829611049234768694e-01
3.996237323102209138e-01 3.963548241259333138e-01
8.706458568055738256e-01 9.376322967396392150e-01
7.965518970027888335e-01 8.125225197195694582e-01
5.916642758675332292e-01 5.147466762438073218e-01
5.087730468672142514e-01 4.197029604477592324e-01
8.423107247547745313e-01 7.828153632895784586e-01
6.593563525689289939e-01 7.031786668840882548e-01
4.238233612982444387e-01 3.955551456119760778e-01
5.018201343411704540e-01 4.517508416897467738e-01
3.869729761933200507e-01 5.060895593709149320e-01
4.749552355447191343e-01 5.850495516291391862e-01
4.396672917182138374e-01 6.712894113892375891e-01
7.193606715731274415e-01 5.976359453720249126e-01
5.484200893655613029e-01 5.244255007990059614e-01
9.223746759246541638e-01 8.817671921313930961e-01
3.985647283414197606e-01 3.615649998357068906e-01
7.740311712178989945e-01 7.557527379505707410e-01
6.658706086378352040e-01 7.043033076925306890e-01
6.750813153761163754e-01 7.293383166263420758e-01
5.540226169043190874e-01 5.832488957930287432e-01
7.198572105983676028e-01 7.200258988786305547e-01
4.423563205788340058e-01 4.957630526562765150e-01
7.449955718920602266e-01 8.606619937343267246e-01
6.851870778267606932e-01 6.121815303260808028e-01
6.200813690568811598e-01 6.380499849483909358e-01
5.592720747226248568e-01 5.742296357999926437e-01
6.692327331677366820e-01 5.470202928285267108e-01
7.539482689975190999e-01 7.959405578335548848e-01
4.893050816113582169e-01 6.620797231083712653e-01
6.003416138469185315e-01 5.428574162731868435e-01
5.739779849419470725e-01 5.205738542830646853e-01
4.640742855199966321e-01 4.603598089980793784e-01
7.080602096719800231e-01 7.097833194652735100e-01
5.236655246196731950e-01 4.686116131818082731e-01
3.229214962869597083e-01 3.177097065826420264e-01
8.272641975165709871e-01 8.011562095797634120e-01
6.094619742202470603e-01 6.481522498425112966e-01
2.733097441404115369e-01 2.610896752818260280e-01
6.207650772683912521e-01 5.906584296585886129e-01
7.231215551352441206e-01 8.776590225490297215e-01
4.557197648699110593e-01 5.392784628807230085e-01
8.317997657809481638e-01 8.386027794745016806e-01
7.198369935178805523e-01 6.006940196769827711e-01
3.472558531390583236e-01 3.212724405490094415e-01
5.771343803543484974e-01 6.901589204351301632e-01
4.578321163698472751e-01 3.909986954632383438e-01
8.878359452812177866e-01 8.524072034557202970e-01
7.353640999639747822e-01 6.368517704401170931e-01
2.988657033263153462e-01 4.562271872346526091e-01
7.128319535611823410e-01 6.619788834596850302e-01
5.754583350172776113e-01 6.092795478492182282e-01
8.231571819972166582e-01 6.622936159185269789e-01
6.942799304750273404e-01 7.291072590007989795e-01
7.148034704231975844e-01 6.522593543497405832e-01
6.929130212867402605e-01 7.570057751008343327e-01
4.717585527312057048e-01 4.365976424065040051e-01
5.598691107575001213e-01 5.863867501987632957e-01
6.017907819003848191e-01 5.844917206942376042e-01
7.931192972436658106e-01 7.474225889181642657e-01
5.369651789025947641e-01 5.498863153821981209e-01
8.129780639842367762e-01 8.395928720689083136e-01
6.825074172558385222e-01 7.256299356136115541e-01
4.754536071132341446e-01 4.518778305110177085e-01
7.291514521085266098e-01 9.033983305188414414e-01
5.191707128876190680e-01 5.505698968405270399e-01
7.170385141315579469e-01 7.563412408557016464e-01
6.688974981727281444e-01 6.682480151418291880e-01
6.803920919785276800e-01 6.967572112769219173e-01
5.491897718657856586e-01 4.939797195845920807e-01
4.566587279151337886e-01 5.669593573734650338e-01
8.775801724862174469e-01 8.419427185998554775e-01
6.702639525305132961e-01 8.019576670766247473e-01
6.166593938148580145e-01 6.084609674808264534e-01
4.961938819919210486e-01 4.748715462335657556e-01
4.303344577953512884e-01 3.862653187419430312e-01
5.053830744190530577e-01 6.117251448327336583e-01
6.881789443456954869e-01 7.520288449837654321e-01
5.586083974541693475e-01 4.954655001517317969e-01
6.304564199154328863e-01 4.881511820661997847e-01
6.514621403891823759e-01 5.924485898962793540e-01
4.924233426851045703e-01 5.995029668999909411e-01
7.027162393566138698e-01 6.766482412254103407e-01
6.469589005696637640e-01 6.471443216532991594e-01
7.800105764559704946e-01 6.100462785309120894e-01
5.320723225158630054e-01 5.348379560028082569e-01
6.753953568960051612e-01 5.769242506316836216e-01
5.489029210589486674e-01 4.491971294347003041e-01
7.033544632681143494e-01 8.519451998478155819e-01
7.456180648982063675e-01 7.673752932646850100e-01
5.912683712099755517e-01 4.904389331325204604e-01
5.596659077744449151e-01 5.211076943353348812e-01
4.072028350518240303e-01 4.509618035816922998e-01
6.978597471349357040e-01 5.740119728809596200e-01
5.343588103611308648e-01 5.768132484430171791e-01
6.040772969323896513e-01 6.122779505838570335e-01
6.175146745502122503e-01 6.565576335536524866e-01
5.562399113793683458e-01 5.217934334111815620e-01
7.546637068620912769e-01 6.924154317046767870e-01
3.666039291824412238e-01 4.729383589428136636e-01
5.434433901780016951e-01 5.244557843288039090e-01
6.807144448268621639e-01 7.542203146707441297e-01
7.694628490947058586e-01 6.837719623871737484e-01
4.218173637382450214e-01 3.556794492796136464e-01
6.334284190836031447e-01 7.027265932802969628e-01
4.187005345326434980e-01 4.802677460522951081e-01
5.048843190013244664e-01 4.842986867327052081e-01
4.488812331751453888e-01 5.838633238279707927e-01
8.024958665073823605e-01 8.627572731555991359e-01
7.857906963808461986e-01 7.522860788525883580e-01
4.293421453208323135e-01 4.393498658108754840e-01
5.799296018109434403e-01 7.292070607629701495e-01
7.379463039078788533e-01 8.347222412718169338e-01
5.827353260763949994e-01 5.521324418549866664e-01
8.871783953599853279e-01 8.143675761698253579e-01
5.987524229396360420e-01 7.018527105358466356e-01
4.074449396455935291e-01 5.358851885245314861e-01
4.553023543032694853e-01 5.803486087272027305e-01
5.939381825323702957e-01 6.151737688021260420e-01
8.171675076875090094e-01 7.981365361045137385e-01
4.378885042141815731e-01 4.670187357182830068e-01
7.329046197607560487e-01 6.970576865908191255e-01
8.652036973491812333e-01 8.516809035388483995e-01
5.694156809143773312e-01 5.447590702260904916e-01
6.493833745007139280e-01 6.304032071507178481e-01
9.354324449346708148e-01 9.210281621463761725e-01
5.593247498587883282e-01 4.594095352521116449e-01
7.817374631316278411e-01 7.227913374936663082e-01
8.475042482731830473e-01 8.615028028519250425e-01
6.138112708243895765e-01 6.430881709315822148e-01
4.357384891057687892e-01 4.348459202991896144e-01
5.235365580911863770e-01 5.292020168891495846e-01
6.074911201169215236e-01 7.219676723844166144e-01
6.230787085237748935e-01 6.459525369368598335e-01
6.644473404236966863e-01 6.481273772755943297e-01
7.474533282145284785e-01 7.846079861650344656e-01
6.860799084921265223e-01 7.382300520568079172e-01
5.085317434749443422e-01 5.178160221528227414e-01
4.661127391544614418e-01 5.653028567400951721e-01
6.381462408456629598e-01 6.987085589987999112e-01
6.730999976184011135e-01 7.225218713225582956e-01
6.719305801094511699e-01 6.864286842835590763e-01
6.064717760609100727e-01 5.657280616961476438e-01
3.823480437877879168e-01 3.374023134248777533e-01
7.093249802403629456e-01 5.164430506203616655e-01
5.728541965184994478e-01 6.311118949798817379e-01
5.682624082455660641e-01 5.448280436767074519e-01
7.267150832323011622e-01 7.225925690875704133e-01
6.110103163289171135e-01 6.269999534134471642e-01
3.644931186049893412e-01 4.418655819055758993e-01
6.094620630847831233e-01 5.501322875027943038e-01
6.268063047354651696e-01 6.322461103721922493e-01
6.732390269921924020e-01 7.654435762072355764e-01
8.186187851584172392e-01 8.629060563166790487e-01
6.836913765570948875e-01 6.085765002025171899e-01
4.022660470046589554e-01 4.245353335697715780e-01
7.783261426902445823e-01 7.278255544205398664e-01
5.633012082915895835e-01 5.134627903210349231e-01
7.706014754940041511e-01 8.498911118901121275e-01
7.064494460815851085e-01 7.330967031953792290e-01
6.978203538559303309e-01 6.814184467104523746e-01
5.531134701179171165e-01 5.429996526821737612e-01
6.285872682078851303e-01 4.897979828812201175e-01
4.324190418807184466e-01 2.452923458378325483e-01
4.336842086221782133e-01 4.909665164122834491e-01
6.249949324416032015e-01 5.490090967124773291e-01
7.202899774549199607e-01 6.796718792250958652e-01
5.837008867634347897e-01 5.272363229839880372e-01
6.751503187125006411e-01 6.040641979406516926e-01
6.649440713262630975e-01 7.329665708674113489e-01
8.020844462141148989e-01 7.054118674700263769e-01
7.192367292720391880e-01 7.098173354560535220e-01
7.965412085973966327e-01 8.487489896938864575e-01
4.741017699262711771e-01 4.717031492975901630e-01
6.552621466779676718e-01 7.181420470702118974e-01
6.433550051609462361e-01 5.393442531045822275e-01
7.421240508748622178e-01 6.690662507196428743e-01
7.762859280318360478e-01 7.599503663760084349e-01
6.761164196790516723e-01 6.580014167242458356e-01
9.199230949759669151e-01 9.583724058291696046e-01
6.366871304607540916e-01 6.141140226804021607e-01
8.990346616466406982e-01 9.005776588229599255e-01
7.334918456213649351e-01 7.791724442520345795e-01
4.548093775788680793e-01 5.017239092885852347e-01
6.227051414096473891e-01 7.062184321156725897e-01
6.462908268655908062e-01 6.211696130605716126e-01
5.311314052077450443e-01 5.062185827627218027e-01
5.154731333087219092e-01 5.573380513254457824e-01
3.697911529104138117e-01 4.008108567822468715e-01
4.377671763112409575e-01 5.268318984369556590e-01
8.002987737874390772e-01 8.243453506103607387e-01
4.695910988111364204e-01 5.066867194060044044e-01
7.827601502153838098e-01 8.020271381896135754e-01
6.966825792414170770e-01 6.084089691300109681e-01
6.038680400158292771e-01 6.788593312764484855e-01
5.175955978703770111e-01 4.910594136012495503e-01
7.126272785003959775e-01 6.398421991451557211e-01
3.678188045216612689e-01 3.839179267239181126e-01
6.001526350627345296e-01 5.357066412305014902e-01
6.171291661316582466e-01 6.317015091522615311e-01
5.367288663343025013e-01 6.086043301839615394e-01
5.767619660416043459e-01 4.889148293360077724e-01
6.631979757114322416e-01 6.229767940513478708e-01
6.389497293342727424e-01 6.424033775224484710e-01
6.401638217668867981e-01 7.421062456528608742e-01
6.117128405157494786e-01 6.186470210891010790e-01
5.178269830211367220e-01 5.548015252432135780e-01
5.784336377427593545e-01 4.468085279405370480e-01
4.803048944436057455e-01 4.970254728001597955e-01
3.259605531868694506e-01 3.846348105976034049e-01
6.932741357948736249e-01 5.624325424883213076e-01
4.971722628125896382e-01 5.363912041564953270e-01
7.894602742231844328e-01 7.136387313520262676e-01
4.989752740703328748e-01 5.695613131561867437e-01
6.572262302665260458e-01 6.163631701201456314e-01
3.665982855820437702e-01 3.077030867544120474e-01
7.307611219263027147e-01 7.484703411796372885e-01
4.842686506385847078e-01 5.276579930291200871e-01
5.687753613714073841e-01 6.174795380292902314e-01
7.799635399377032874e-01 7.309240421823736122e-01
5.032678866238188276e-01 5.615020995496774470e-01
5.190983719410581232e-01 5.717110544652518334e-01
3.744320072252056986e-01 4.494954177807810036e-01
6.836717006177648326e-01 6.966795615184078194e-01
6.235024604913861346e-01 5.886423058853638146e-01
3.377766022344522723e-01 3.642934355349780606e-01
4.854424068605228126e-01 3.656279926470539787e-01
4.890235362722194501e-01 4.776421581181791720e-01
5.831076044126581870e-01 6.731509457873465774e-01
6.306825681194099253e-01 5.951846381882142101e-01
7.104455155466514737e-01 7.098292768776931494e-01
7.861402391015345215e-01 7.522134390581945995e-01
3.533764159086204559e-01 5.057253909378830459e-01
4.276805561309172665e-01 5.203289648267712675e-01
6.399316429984023280e-01 6.433235178023886114e-01
4.858929089795436806e-01 4.614296556438442498e-01
5.177471037070559001e-01 4.126187325690736651e-01
6.355574475811188728e-01 7.119773369058003398e-01
3.847739293694775742e-01 4.073103971927661271e-01
4.740916119917134575e-01 4.501065834994796289e-01
