4.868719774645837717e-01 5.177692071241495331e-01 5.645550627394007037e-01
6.058831138935375504e-01 5.864333877542377005e-01 6.131544420228367542e-01
6.815302540708821910e-01 6.362383553062940234e-01 6.977227424703519310e-01
7.063177495870756051e-01 6.204635456003599892e-01 7.073461334635798847e-01
4.160142342608905142e-01 4.156339722709018192e-01 4.738123735446437834e-01
4.777845661231862051e-01 5.851962930863132684e-01 5.582019438463331484e-01
6.774482793606596553e-01 7.199772196794406165e-01 7.161638652198346611e-01
8.232524904648578223e-01 8.154863934035482265e-01 8.203723443696085971e-01
6.012657094816218351e-01 5.803205372211363011e-01 5.970089498588350141e-01
3.538141917257027202e-01 4.445945663355901356e-01 3.729015744868267590e-01
5.022403096031899938e-01 4.652215639818998438e-01 6.033217064092623039e-01
5.569245620927457674e-01 5.334531966963358407e-01 5.295780694337647310e-01
6.739567545977614982e-01 6.564763709392539281e-01 6.582810589940999435e-01
4.880998873319732922e-01 4.449265959337518894e-01 4.558610789383211181e-01
6.176233423803124678e-01 5.596986667104869584e-01 5.970206215281591566e-01
6.200030573184489580e-01 6.068422801299092617e-01 5.913155283005815388e-01
5.356377372817665572e-01 5.261993236316651057e-01 4.986647673574921558e-01
3.521736430816688190e-01 2.942731795932667649e-01 3.232813646596194856e-01
5.942055309794523899e-01 6.128024192313593632e-01 6.158824658831595356e-01
9.083960279316597441e-01 9.443683127359733254e-01 8.618712523877691822e-01
7.048544602620264721e-01 6.188750662334465691e-01 6.452076479814664589e-01
6.705725736599688069e-01 6.219924263252802898e-01 5.849599153813686003e-01
4.861810650252083033e-01 4.507992557003361322e-01 5.532664992692269967e-01
5.232684034802812523e-01 5.441071880496343161e-01 5.496404968016627146e-01
6.384941980452304433e-01 5.623202499412743860e-01 6.378124388274535317e-01
7.917202967687605453e-01 9.082312796986837800e-01 7.937770332079649993e-01
7.986845335968520976e-01 7.819268547699815830e-01 8.403638247111551163e-01
6.463940323697940915e-01 6.726491606039188831e-01 6.043798516774675500e-01
6.118378886909981995e-01 5.783798531887098804e-01 5.036373097608848326e-01
6.069027184712796341e-01 4.832483270595447911e-01 5.228026904795591845e-01
5.457697260276660467e-01 5.580476434296144372e-01 5.701637229045763977e-01
7.065058636212919740e-01 6.956719508251336670e-01 7.725696106907939953e-01
5.543150701668196900e-01 4.585565668988895727e-01 5.277242311600156555e-01
5.657720202246712127e-01 5.274074821026749627e-01 5.626818021593078534e-01
6.999419822617996001e-01 6.778367175346141638e-01 6.165675314881582381e-01
5.297779588430988618e-01 4.990262124318631254e-01 5.628006675884831278e-01
5.287284418050373080e-01 5.500356122714811224e-01 5.992482263563689848e-01
4.349861051366986087e-01 3.947339439443113829e-01 3.919531326585736775e-01
6.345823628064902744e-01 5.951806536163848360e-01 5.470329733710569409e-01
8.222940624825005873e-01 8.290281044598880600e-01 8.091864225112139763e-01
7.721633050474121518e-01 6.919507062905393413e-01 6.917369099174870417e-01
5.728706895257948961e-01 5.420044149347882367e-01 5.340988665219332798e-01
6.518830295564684851e-01 7.765951956456715877e-01 6.716599456488834274e-01
6.221841833486854156e-01 5.827290009426188133e-01 5.868670313807113903e-01
8.316160746858378694e-01 7.542653228188349601e-01 7.950195476756992674e-01
6.003063228240775873e-01 6.423005550329042856e-01 6.298505104619342987e-01
5.725997352985283673e-01 6.142211502211283314e-01 5.975459610011800704e-01
5.700288166231476383e-01 5.441840812007936456e-01 4.997697842673536894e-01
5.416478461537330702e-01 5.038973264700974397e-01 4.676907599808532989e-01
6.753431185018338168e-01 6.995227557566451315e-01 7.015173085691427390e-01
5.515050114468292852e-01 5.620126151921209789e-01 5.182166890246210356e-01
7.027336750355962502e-01 6.983032278289897921e-01 6.798858055637319042e-01
5.167090470581856554e-01 5.925253487542018194e-01 5.985082957172852547e-01
5.920106491368489765e-01 5.826377283548438424e-01 6.290116930829804387e-01
4.985901581923064541e-01 5.010428712541873386e-01 5.170535698175054984e-01
5.739384584595684791e-01 5.735515739454910555e-01 6.058664367730892675e-01
4.789540379925981139e-01 4.474168355190094037e-01 4.033695617394483790e-01
7.998463356355489662e-01 7.562404190191202025e-01 7.465684035116206818e-01
5.913607052798269814e-01 5.648080096382087634e-01 5.950334281614861887e-01
5.443119174285193651e-01 5.291426995203211137e-01 5.130157184842413232e-01
4.095516144512003631e-01 4.465782709045536536e-01 4.930317002707237384e-01
5.018797074418276383e-01 4.832328046649527198e-01 5.196174890899181165e-01
6.049784588201586599e-01 5.951002936878635463e-01 5.936031457909773934e-01
5.895783785422832324e-01 5.798075343196844589e-01 6.661898621189824565e-01
5.698689025651408890e-01 5.982269923787901789e-01 5.745023933072509470e-01
6.318083653236241659e-01 6.266372622080039756e-01 6.642133137022134814e-01
6.578560355601001941e-01 6.412970978338636829e-01 6.178555955540298017e-01
5.946141295129869775e-01 5.799877306609587668e-01 6.429209689043431375e-01
6.650647239495046659e-01 5.634198778960999299e-01 5.439835176302203479e-01
6.423496209131681622e-01 6.925414690707547560e-01 6.819011114874438118e-01
4.641431554814716143e-01 4.188315493963525316e-01 4.081340656525597743e-01
6.523441546370928323e-01 7.007643031887995644e-01 6.496578526618900229e-01
4.904250119543682729e-01 4.043612892716173524e-01 4.692450701696255222e-01
6.755823888636121044e-01 6.795351662543545057e-01 6.542805431858919052e-01
6.227087424199456711e-01 6.544156114315466954e-01 6.883553971892603096e-01
4.069952084268022019e-01 4.879201045888302279e-01 4.298503989377967516e-01
4.866623562217469168e-01 4.873972639919360583e-01 5.126178188170560368e-01
6.744864141487392217e-01 7.360483140762911214e-01 7.000877702300666305e-01
6.604993971896464533e-01 6.468542104524237502e-01 6.227534784620953889e-01
6.094288754999149793e-01 5.962235463683039915e-01 5.938865200826303203e-01
5.260586065222677687e-01 6.309111883307039204e-01 4.888198663946808908e-01
3.336091726478945252e-01 3.500551619789932789e-01 3.125468097239939569e-01
7.228645194395294515e-01 7.241435680369177064e-01 6.826717336267874581e-01
6.235947124399117136e-01 6.835213160421390599e-01 6.888173381024655928e-01
6.392183788227997487e-01 6.111958245750331864e-01 6.192513844905744858e-01
6.337690038197891784e-01 6.270685401228420774e-01 6.178503599243723166e-01
4.594866454098507913e-01 4.766531151040496184e-01 4.156532689432401173e-01
4.921579616892360343e-01 5.234430414149457977e-01 5.604530500338851251e-01
4.154756743677350261e-01 4.592590901953801930e-01 4.346543768544388064e-01
6.120808714809365947e-01 5.594970037332930302e-01 5.373466343045002480e-01
4.635496469667769182e-01 5.038556254091213216e-01 4.424926429680821061e-01
4.349628409247322525e-01 4.377784775070023282e-01 4.583416767543794790e-01
5.917396792753282231e-01 6.369319659410704881e-01 7.135346413553508294e-01
5.067407272463074763e-01 4.660359671175910434e-01 5.253211390507587231e-01
7.090109776180836265e-01 7.213620598187425736e-01 7.399924938883608583e-01
3.307084897452619021e-01 3.578614382611706168e-01 3.236885694779362832e-01
5.753365556861819163e-01 5.774770902110590853e-01 5.967030229363393667e-01
7.155853320639079529e-01 7.049153167615258564e-01 6.826194615468661464e-01
6.128456119360035093e-01 5.733606968650736269e-01 5.909894870667842248e-01
6.109556479400890527e-01 6.005137081270939259e-01 5.106663248266931632e-01
5.762758342896769914e-01 5.290441824649877445e-01 5.408452129242327100e-01
4.894095754335765491e-01 5.601110457868272441e-01 4.934283288406136614e-01
6.208370235373372736e-01 6.120037642502477171e-01 5.910278710304490701e-01
6.218083979894795110e-01 6.720302267479317804e-01 6.346422783360411435e-01
5.291462164867216655e-01 4.964293582036157226e-01 4.598816680721334871e-01
6.671261448855825282e-01 7.338978186264805137e-01 6.834249346517363710e-01
5.249271599827106671e-01 5.479781212030366833e-01 6.020233716623375475e-01
5.873005196781594384e-01 5.610841315569776722e-01 6.533912564564084979e-01
5.090368955774204895e-01 4.966020924119780577e-01 4.331329568090245274e-01
5.170593975348402038e-01 5.332651561318856315e-01 5.270725367477366863e-01
5.342318868181825664e-01 5.102383846502376308e-01 5.283164579186417908e-01
6.310303460026890354e-01 6.172606203102993794e-01 6.292980706169022387e-01
8.692857728582118471e-01 9.072247849386451124e-01 8.440160620210011011e-01
6.248581475806189722e-01 6.597639601826188471e-01 6.677211675780797551e-01
5.658663600838755858e-01 5.748983187512355375e-01 5.321977412122969042e-01
7.833315186911989914e-01 7.906147673095345052e-01 8.308119881203537282e-01
5.786489129374814411e-01 5.184274953717925571e-01 5.405939423844602354e-01
6.974950103802504131e-01 7.188302626857474564e-01 7.416056594363966692e-01
7.138718286001339841e-01 6.942341227062535092e-01 7.430719267300268660e-01
6.004255910517642958e-01 6.149610503612434886e-01 6.368914640578187125e-01
7.080746581434302911e-01 7.195974431806103633e-01 7.619201954344676508e-01
6.563121836358764005e-01 5.940928794438524729e-01 6.456212146161565135e-01
3.249604615490617743e-01 3.565963600670736255e-01 3.611784182530991538e-01
3.917334353474503095e-01 4.022396565675247504e-01 3.916031623977317966e-01
6.768387606042082227e-01 7.168049327755755540e-01 6.808567495849504603e-01
2.702311683651016927e-01 2.623217782806387954e-01 2.574818804178959364e-01
5.746452957749706991e-01 5.569008573463981593e-01 6.014551285175501194e-01
7.692992880075408824e-01 7.410820365954428057e-01 8.045722404530365468e-01
7.170015675159896462e-01 7.476149103117520900e-01 7.556094480759336651e-01
5.721946522173065874e-01 5.597011037470620565e-01 5.904062922326769325e-01
4.671815011738255086e-01 4.580352368397917484e-01 4.292397796709300772e-01
6.826021093613869883e-01 6.279484070041929655e-01 6.329815573372301607e-01
5.315824125439984060e-01 5.125032774861957297e-01 5.711021608524845528e-01
4.157634233354982611e-01 4.823656595265043978e-01 4.597121998280716548e-01
5.174202022108076449e-01 4.213311954235844925e-01 5.068998603016314775e-01
6.246665897502314824e-01 5.969903363395248075e-01 6.340377774373895381e-01
5.919926806488113868e-01 6.200450409334596902e-01 6.525216337363775043e-01
6.820694798386032209e-01 6.917564092198741355e-01 6.284725652739998614e-01
4.590314143584335871e-01 5.445228150748210316e-01 5.712934473306496841e-01
5.102766315943105813e-01 5.245762594967260384e-01 4.759638576400930798e-01
5.927148783237519147e-01 5.462041941428409375e-01 6.009381731071247179e-01
4.544725878120430829e-01 4.684560592157345216e-01 4.604247892649462881e-01
4.671825692654352213e-01 5.477044978535725583e-01 5.512772832998578121e-01
4.217687061776442259e-01 4.392403186104388846e-01 3.777208978145517038e-01
5.478079599745313555e-01 5.655603973278008345e-01 5.574709903533213717e-01
5.958117283118005147e-01 6.005070761098202370e-01 6.062360013546371773e-01
3.928428632182223712e-01 4.145981520749196236e-01 3.798834779361399683e-01
5.854802968281566100e-01 6.415556941375399891e-01 5.931100554683960135e-01
6.354754121684951240e-01 6.478910824598673734e-01 5.573433481870390116e-01
5.696677627470069227e-01 5.084297507684931716e-01 5.481818103415950771e-01
6.165955213548250935e-01 5.760975773903586061e-01 5.709365901483253181e-01
6.256996969560277844e-01 5.649713578678432491e-01 5.910742005581859360e-01
6.867809513334711680e-01 6.209762373107430289e-01 7.115645264469775411e-01
8.263040868380169268e-01 7.603623764805457208e-01 8.265362115790253483e-01
5.786087416029617181e-01 5.583099465101382108e-01 5.007580450627859836e-01
7.418731985249327199e-01 6.780120258093951247e-01 6.913343997883631964e-01
4.502077310466546800e-01 4.646544099351280210e-01 4.227013195013076818e-01
6.535413553645242901e-01 6.487950334464815949e-01 5.879320260823519551e-01
6.227734555772954650e-01 6.188440583322948330e-01 6.195198018470950974e-01
4.469624095465410951e-01 4.115579908471538872e-01 4.061301918595861538e-01
8.186764351104185433e-01 8.075346190121337475e-01 8.014226494221643460e-01
6.795001954621741058e-01 6.343543808778491222e-01 5.649769979695118405e-01
6.950744768698945419e-01 7.371025966688765640e-01 7.113044520905176249e-01
7.164348543894449861e-01 7.383103759650115894e-01 6.727834588151351269e-01
5.222116457221253061e-01 4.993421560197148779e-01 5.286114785556124129e-01
6.101877079269429904e-01 5.682164954696341530e-01 6.365858017295406013e-01
7.114379163061530509e-01 7.357704163266201025e-01 6.560707828336561631e-01
4.365400211058799718e-01 3.833503117167564311e-01 4.251289653190722939e-01
6.405193140130521767e-01 6.318237692758154056e-01 6.704591325722083495e-01
5.183911665915310607e-01 5.916862573316742369e-01 5.408683823674238500e-01
5.126651992844247774e-01 4.768274727751323216e-01 5.522517016224730568e-01
6.082111128412697187e-01 5.962043965278857049e-01 6.145141691387030480e-01
5.706547087651908656e-01 6.164024484889605304e-01 4.990880930378097657e-01
7.222177293196309078e-01 7.336356762200881843e-01 7.368496523051432101e-01
5.776587799143356738e-01 5.213538617179012125e-01 4.732706918783031180e-01
5.827310810316951306e-01 5.251393142586858742e-01 5.572481653443740468e-01
6.682529862980001178e-01 6.522232346619070142e-01 6.061421147147609823e-01
7.212607775886041850e-01 7.104948531554327040e-01 7.708305543867138843e-01
6.902130726128031801e-01 7.495830316236987700e-01 7.468047459324441695e-01
8.047675675305629994e-01 7.503602575182516388e-01 7.550026225620909415e-01
4.075341887116276651e-01 3.635948857120249178e-01 3.464005255242036396e-01
7.350103262161374884e-01 6.787695142683941585e-01 7.375915602434466312e-01
4.566781846024261515e-01 4.094553871672100276e-01 5.155322512406520508e-01
7.120528670840554630e-01 7.228070655893473750e-01 7.298087097741435825e-01
6.377412821011055888e-01 6.794587354791897793e-01 6.636271053360580652e-01
6.708077145562028054e-01 6.584076877656481752e-01 6.303945823044390107e-01
5.778597234642279812e-01 5.870690898851187445e-01 6.277507970903525303e-01
9.164228009267227915e-01 8.987609529992047763e-01 8.854693222037103295e-01
6.178552848568478195e-01 6.585292900837743657e-01 6.145438994982932446e-01
4.981760403226322409e-01 5.072138773448203741e-01 6.358178220746586451e-01
5.188541193585336497e-01 5.324379301342058168e-01 4.650694443187426419e-01
5.944107691826067130e-01 6.501916631426735149e-01 5.752783810747318372e-01
7.048825435987238208e-01 6.859168151789776235e-01 6.594602043257055124e-01
4.888752972000910413e-01 5.390088404561201862e-01 5.034594187479569660e-01
4.666513010417535079e-01 4.744567458971024609e-01 4.928468433295515316e-01
6.700742884739320226e-01 6.893318195375277568e-01 6.356769547112048890e-01
8.419924532433002984e-01 8.754806738129444765e-01 8.683705497151250619e-01
5.643989441086484371e-01 5.535024257454679297e-01 5.857764640167099079e-01
5.102657590613196570e-01 4.958903004089216804e-01 4.727581709090441509e-01
4.199913490739641819e-01 4.438043482966077535e-01 4.108814705059259387e-01
7.397880804389392884e-01 6.577554562361335178e-01 6.878342403845042474e-01
5.586447089801939159e-01 5.948358913444204976e-01 6.127058537073299949e-01
7.536105336243366093e-01 8.484511998099047991e-01 8.223622382986609525e-01
4.342738722033624432e-01 4.664822838808529992e-01 4.804781188567681660e-01
5.250649312596645801e-01 5.175976000990940573e-01 4.841128793287588494e-01
7.112751625865015859e-01 7.432779888162561743e-01 7.894672282243268002e-01
4.696944880180764503e-01 4.867934804518543324e-01 5.232845753209817152e-01
6.629253230017023713e-01 6.820026646335439757e-01 6.089763544848881827e-01
5.779630271033895372e-01 5.445109646188414088e-01 5.260530941405187066e-01
5.660741025806135251e-01 6.104527557078930355e-01 5.861652109111997744e-01
6.498936156145441734e-01 6.035231008072973191e-01 6.719473878260476818e-01
5.808657980910162388e-01 6.465286214914650609e-01 5.674358580686807985e-01
7.522052949390436449e-01 6.647284378906790359e-01 7.047340449131913598e-01
4.737535339785233779e-01 5.114567582636809773e-01 4.818847627715914794e-01
7.177756188430337581e-01 7.153567373881193348e-01 6.755234985110692980e-01
6.128834385203505430e-01 6.968550544588480999e-01 6.264899905770924260e-01
4.779319240646832112e-01 4.363254099725000779e-01 4.221891229747896102e-01
5.620447308870565317e-01 5.213104835031677764e-01 5.629005512023012026e-01
5.945792146327910643e-01 5.171068743823675762e-01 5.222845881887772101e-01
5.770814897134626253e-01 6.204392117370743920e-01 5.927819899711671559e-01
6.040282268233179153e-01 5.889777270307459123e-01 5.553867978625159907e-01
5.061879087813400124e-01 4.968324715280049153e-01 5.537617203344952221e-01
5.357170209096038249e-01 5.075604131641474615e-01 4.971577793560006397e-01
5.660864750129630529e-01 5.835890522838118599e-01 6.246172786394855736e-01
5.856865786833389542e-01 6.073737613046517048e-01 5.980816020815872269e-01
5.229093542616516377e-01 4.856007278508945868e-01 5.750828534213106025e-01
7.848781892191895038e-01 8.326800382907795228e-01 8.490445408672607774e-01
5.007480006855375976e-01 5.147016509932392792e-01 5.369250634784495935e-01
6.894081253498275386e-01 6.492364740423728353e-01 6.862543783951446930e-01
6.412706323816039777e-01 6.251151867908204540e-01 6.322319714465409746e-01
4.323068775514993245e-01 4.371619961545296640e-01 3.993403788934175025e-01
5.518609047008488089e-01 5.858429647507382709e-01 5.619320733579192817e-01
3.528593358628068777e-01 3.633980218905106252e-01 4.235792243247052391e-01
6.966982978941833604e-01 8.060439608343266116e-01 7.335114413787812149e-01
7.468692709716557854e-01 7.611373402209832273e-01 7.141384763743062747e-01
4.804703496335264168e-01 5.910825954024793161e-01 5.673944162909250188e-01
6.903859308349350465e-01 7.505300145013044100e-01 7.638278582014125240e-01
5.726143074587873860e-01 6.590222439148700762e-01 5.988641191039821843e-01
5.275326616612553421e-01 5.438754408777570770e-01 5.282528646694463204e-01
7.671853606788660018e-01 7.468423297156233653e-01 8.113230553019985525e-01
6.035523063428411827e-01 6.377374755823751462e-01 6.220852953889400849e-01
7.808462506868141251e-01 8.514714655725458270e-01 8.174819043859421486e-01
5.331331438452945326e-01 4.807527215193072578e-01 5.499830171485416974e-01
6.009734565806884588e-01 6.367406932487380544e-01 5.557503792487700212e-01
5.939708273525390325e-01 5.806400873971683252e-01 6.566259154713535162e-01
5.146817949918630619e-01 5.242109098996189376e-01 4.548755130993160090e-01
2.443831063941547810e-01 2.873475142105003655e-01 2.848465219571781892e-01
5.626153793925020574e-01 6.190943043263134049e-01 5.686578836257689673e-01
7.664361978051473789e-01 7.956432617259218132e-01 7.504274005413731352e-01
5.912905319531008841e-01 6.146353126528767419e-01 5.544211343100464706e-01
6.318948264584539620e-01 6.354521818579597081e-01 5.967300558560367785e-01
5.791809513508864304e-01 5.366361210354657629e-01 6.148020069277844168e-01
3.647908342661376757e-01 4.137444331969820643e-01 4.081831634443261470e-01
7.320925216622287124e-01 7.631884386574059320e-01 7.038041284662523989e-01
5.913695243516717825e-01 5.878542701577462726e-01 6.404945538845381314e-01
6.056357507705115717e-01 6.249693144125388899e-01 6.086405118125572944e-01
5.952182692319670787e-01 5.635094795741206752e-01 5.780712649589523355e-01
5.504279303626464781e-01 5.650244093765455222e-01 5.752677058045773117e-01
5.743720812015767896e-01 5.525158125050361191e-01 5.554265199040521184e-01
5.927513961020458577e-01 5.598729446769618034e-01 6.122615665875642543e-01
5.616174386641373806e-01 4.811108224983786097e-01 5.000653360406603909e-01
6.890078366738913163e-01 6.185475531427284679e-01 6.270427655106322051e-01
5.854302788577502303e-01 6.301568791169815942e-01 6.315699372568823744e-01
7.808125754881817260e-01 8.257861300492325141e-01 7.979772438109318244e-01
6.357060243502852259e-01 5.773932284955827221e-01 5.794199904459936823e-01
4.640672572244536331e-01 4.391508218489703630e-01 4.578237730434644992e-01
6.278625675565093767e-01 6.452021890199103327e-01 6.722067388660012410e-01
6.847013872450399274e-01 6.859036453998151872e-01 6.717829157800887518e-01
6.447195803723445584e-01 6.657859194435102879e-01 6.862383665404929722e-01
6.459011044447729999e-01 6.849915062780731478e-01 6.774672197292480602e-01
5.042505577340418155e-01 4.902042012086955669e-01 5.420699835838176384e-01
6.199127497858738511e-01 6.333094103214959025e-01 6.211813419362125499e-01
4.024715063690668670e-01 4.340141830603261863e-01 4.234178517260593910e-01
5.821073301975400183e-01 5.711064203167131037e-01 5.602799197325293301e-01
4.951874125361493961e-01 5.054345993873653464e-01 4.956263002287926711e-01
3.956632025380625306e-01 4.572358087835780571e-01 5.112620258428649533e-01
6.381561694239141769e-01 6.233239864455148993e-01 5.944346590400719776e-01
4.613270028621893060e-01 5.037841316536287861e-01 4.824840806205162314e-01
4.478988748677570908e-01 4.010083147415743343e-01 4.546001077095999654e-01
5.174287274860783770e-01 4.149567310264267173e-01 3.656367272039619531e-01
5.353347502745117170e-01 5.420846705032819068e-01 5.850536612574076534e-01
7.381570763772620225e-01 6.484640310287342890e-01 7.204118329708207868e-01
5.634521870302626745e-01 5.645565805791200598e-01 5.361473140228582013e-01
5.160365503691840550e-01 4.714849273179626543e-01 4.793243253117831504e-01
5.705855188306427905e-01 5.577407254885470289e-01 5.459161447229974318e-01
5.692151361975719137e-01 5.568721958105337100e-01 6.042195490552662029e-01
5.389178187080003735e-01 4.799208462924886009e-01 5.119466683132907203e-01
4.925352092110840685e-01 4.941060644738159979e-01 5.025092885729462999e-01
5.504554091994632303e-01 5.291045147107191760e-01 5.609445291617392026e-01
7.757485268227355402e-01 7.617714497396441686e-01 7.981444891420256260e-01
5.960036220306484944e-01 6.319643914457574452e-01 6.089786410643507342e-01
5.152098059561784904e-01 5.402312786026879365e-01 4.770909465857183784e-01
8.475684328559068836e-01 8.388124115042834283e-01 8.177706450106002611e-01
6.112023008503708610e-01 5.381183825653100827e-01 5.691867135152972601e-01
5.669870946127896216e-01 6.014780145796471134e-01 5.506007300255708614e-01
4.065243520955361678e-01 3.926255968678727948e-01 4.365338637920931908e-01
4.799125647358116753e-01 5.115384217037635128e-01 4.972454285003022334e-01
6.132484537453923856e-01 5.997156625901395310e-01 6.744939607208225718e-01
6.765522069103352409e-01 6.870747995530199770e-01 7.390564394417381555e-01
5.951952853350638284e-01 5.433650395506401942e-01 5.330996204705877872e-01
4.924386529228721998e-01 5.195341573099616639e-01 5.613002051746126542e-01
5.169404173221677778e-01 5.665025583512036667e-01 6.007716096743165313e-01
7.855362688380738145e-01 6.857439300334419174e-01 7.474598175581795845e-01
4.962165760105758938e-01 5.909216607713249081e-01 4.481539736916962391e-01
4.682905970667305406e-01 4.797703241225050319e-01 4.421708770294880408e-01
5.964555024696667207e-01 5.382369469372727533e-01 5.552983777904267892e-01
4.937886705802107534e-01 4.977895654513637691e-01 4.940126138292401103e-01
5.654340955315572126e-01 5.698718618388173285e-01 6.459568348444461039e-01
6.637382366645462328e-01 7.027878411523914570e-01 6.570967240090589412e-01
7.259791961806559835e-01 6.947294521177349580e-01 6.640914095337401291e-01
5.331532978163238123e-01 5.516882338695829890e-01 6.030207008849977068e-01
6.556932195575236877e-01 7.297970743973600793e-01 7.264286260227034164e-01
6.044029229095966294e-01 6.177931575968313993e-01 6.633978802176867529e-01
5.227321649996061748e-01 4.783395156519673619e-01 5.374367495371670245e-01
5.674454830986002118e-01 5.275835870377063586e-01 5.008697863635076519e-01
4.520063059640827552e-01 4.289894711623268297e-01 4.038964777961536190e-01
4.763283893363490784e-01 4.939343602916786424e-01 4.792537151097804315e-01
6.145621105064119627e-01 5.585438665963361471e-01 5.964366987839860856e-01
5.776073155865686370e-01 5.926269033249118579e-01 5.319690158003197444e-01
5.808382741557559514e-01 5.770332798965540633e-01 5.284205408921053282e-01
5.277363343571422893e-01 4.884337204275550626e-01 4.912164257615513341e-01
5.413134015612054428e-01 5.429592217159696643e-01 5.542377827077181740e-01
5.994315563818506387e-01 6.207950840347837840e-01 6.511594383357852678e-01
8.164834231025864808e-01 8.053801408951332119e-01 7.694804377764479231e-01
4.330670275827819271e-01 4.556104690578802185e-01 4.124358123924668496e-01
7.428265788689580873e-01 6.303803933263671944e-01 7.084185798268393119e-01
5.974210704792154436e-01 5.769393384006608061e-01 5.940221239352507787e-01
5.235710072023741501e-01 5.701451497300052962e-01 5.814584210461340996e-01
5.396578807923301246e-01 5.636631133498762880e-01 5.843646856214070873e-01
6.982836897309450119e-01 7.278813059123337981e-01 6.892410347640577362e-01
6.262473178872880464e-01 6.220115731837881912e-01 5.928249518677560781e-01
6.792470324288224504e-01 7.523772284700258606e-01 6.933085883346373768e-01
6.598279732706058276e-01 6.590592980557171687e-01 6.527574224405442438e-01
5.503460286463262019e-01 5.346683973516724864e-01 5.782649561437073205e-01
4.073492951672530449e-01 4.728218826390985230e-01 4.159779349430839379e-01
4.659090863112984038e-01 4.849920158786857893e-01 4.785711138655164842e-01
4.798439511673296409e-01 5.207062220185310064e-01 4.533163314752515216e-01
4.934460818941373006e-01 4.625130602287392256e-01 5.381394283972469328e-01
6.743640055900669283e-01 6.801520059637233828e-01 7.319043311478797831e-01
6.910645574964294768e-01 7.156531349669953412e-01 6.846801917974958407e-01
5.986481733713641118e-01 6.578598554198402670e-01 6.396422981945830699e-01
4.834100605993738586e-01 4.866198223255565058e-01 5.403216361535677636e-01
3.184283499103990889e-01 3.821722119972810194e-01 3.271805588372895812e-01
4.996527403194334638e-01 5.266066476686716014e-01 5.342318613155520035e-01
7.618496661708090700e-01 7.327246471714349285e-01 7.392321544693444269e-01
5.816513427987908269e-01 6.315390978852307713e-01 5.701872941583628895e-01
5.812255558238558217e-01 6.221950142001397843e-01 5.578440498971353190e-01
5.656556147703935000e-01 6.319140797035207591e-01 5.578781948753765985e-01
5.927219144636267645e-01 5.877817993503166027e-01 6.084311261778778679e-01
6.842306434118303748e-01 7.390214934130867608e-01 7.372375428190652835e-01
4.586165308954355257e-01 4.523463723888438426e-01 4.807130739016631793e-01
5.587574637125418686e-01 6.255595884125464412e-01 5.406659497933949954e-01
6.441597631673383617e-01 6.157850163423729262e-01 6.722272732122650529e-01
5.811568409069489682e-01 5.944273376571331813e-01 6.109984426771228883e-01
6.497899124169118634e-01 5.941941822104455095e-01 6.254518049192498985e-01
7.110498740493838010e-01 6.888249136700091979e-01 6.544716235120354719e-01
4.932235284673909259e-01 5.559507259368715593e-01 5.761236176825140776e-01
6.699182158134822096e-01 6.723760956914374143e-01 6.039184059717880304e-01
7.390179587250219617e-01 7.232241817608267009e-01 7.441278123612566908e-01
8.773610300708163390e-01 8.626477368256734168e-01 8.134408689770953327e-01
6.713960630775516192e-01 7.251856482511014335e-01 6.748415576660169446e-01
7.451959843373348047e-01 6.912529905169325639e-01 6.835436427886697475e-01
7.988725584104923172e-01 7.936479481747649167e-01 7.975357121315742592e-01
7.612897164946774708e-01 7.776673562181826149e-01 7.893373559066102496e-01
5.988604409130712236e-01 5.725228706209357643e-01 6.261386077132008454e-01
7.781328316179459970e-01 7.746531330311954289e-01 7.454187332136259503e-01
7.349477685715023467e-01 8.421696686953970001e-01 7.908907744303292908e-01
6.707929444296892862e-01 6.705009454106268807e-01 6.709520848406698157e-01
7.161793332875416862e-01 6.770161778226015947e-01 6.990861113235681268e-01
8.338068715445325907e-01 7.780133934412027941e-01 7.402020651785727878e-01
4.875017327627974573e-01 4.517869372804010908e-01 4.678488131047353615e-01
6.373271373551464558e-01 5.785367781711024948e-01 5.351325281956867963e-01
6.580035997253610436e-01 6.626116798363912430e-01 6.667792143954275330e-01
5.294113003644829174e-01 5.279273463695125512e-01 5.669814702163283870e-01
5.397418456003983955e-01 5.229944104266728289e-01 5.997160304436927047e-01
6.607729613283814807e-01 6.531995906957510645e-01 6.323662038004284058e-01
7.275968082537714876e-01 6.593148443941238002e-01 6.794463671758631529e-01
6.791883530540315794e-01 6.854522710302027866e-01 6.695911088697852342e-01
4.935321815748834884e-01 4.652386704735619327e-01 4.728215365158682792e-01
4.996554420847515443e-01 4.791092818615169113e-01 5.082528223783384647e-01
5.641401188234677067e-01 5.664109155698590081e-01 5.267729326497121445e-01
5.962550496419996016e-01 5.869204603203718174e-01 6.166396306576694686e-01
4.328776000750514941e-01 5.214059599932961975e-01 5.156093436356866677e-01
6.753768044346316612e-01 7.165469753254988250e-01 7.067276189918720863e-01
7.899980498492048531e-01 7.735093678719432431e-01 7.527410956190647706e-01
5.688279313541889648e-01 6.424356535082568209e-01 6.222508018592096679e-01
5.556095602825218416e-01 6.061988622020979545e-01 5.555946973063133898e-01
7.017409556926370584e-01 6.942678758261219274e-01 7.220430490053231232e-01
7.352261503164085887e-01 6.982004047582350825e-01 7.397040730172137479e-01
5.274225410292668892e-01 5.222787500339620692e-01 4.837263000025227577e-01
7.213121661087372738e-01 6.985846127991622856e-01 6.534605100958003066e-01
6.145001091638616630e-01 6.305262265871366401e-01 6.643669967440228863e-01
5.345220217904538274e-01 4.802023821682068760e-01 5.237744190184422388e-01
6.124831863014083000e-01 5.805696678052766346e-01 6.007786679288673604e-01
6.550925765029388392e-01 7.004998329698610693e-01 6.413008733776676129e-01
8.611531141636208364e-01 8.427189086237338866e-01 8.010267374664602480e-01
7.511454673970663354e-01 7.038867876814246527e-01 7.338249768614336643e-01
6.615343098318019477e-01 4.979956627057410268e-01 5.746425381665248855e-01
5.846954690797091514e-01 6.798884588738408619e-01 5.906339116383576560e-01
3.429149246106973914e-01 4.156291044841787796e-01 3.716382679091682073e-01
3.814242767498881581e-01 4.576526979314706756e-01 4.372008371181811404e-01
5.251545451905753614e-01 5.298057429991059886e-01 6.039585197332234534e-01
4.405497311098637292e-01 3.620375852995059707e-01 3.852480867698234168e-01
8.382013944695573260e-01 8.034917844897540018e-01 8.541572680760665115e-01
6.620662255329916590e-01 6.535015176410162718e-01 6.821675353422972377e-01
7.369257335384303831e-01 7.735079532898224697e-01 7.051711619715224089e-01
5.366418008855595723e-01 5.291668207051407613e-01 5.498301036029388245e-01
5.514146141130955581e-01 6.033444095966751242e-01 5.485725820447955314e-01
5.934170065651664938e-01 6.255717901451567364e-01 6.637607255031973130e-01
4.872668848843999534e-01 4.649309888352617381e-01 4.252007649707117420e-01
4.887930589723594732e-01 5.335888281997124283e-01 4.870491489006085750e-01
5.087113315142104408e-01 4.756799986309330763e-01 5.709967348295652556e-01
5.599868247165252777e-01 5.068176299491565784e-01 5.337210231144009498e-01
8.809896522314492051e-01 8.202672946527365117e-01 7.968760502328607886e-01
5.573782593061223922e-01 6.015090065652075602e-01 5.090900123667537747e-01
7.071528341670912932e-01 6.744772547015550623e-01 7.181324485787602407e-01
8.439541934288447012e-01 8.102513938404137805e-01 8.290075288223336392e-01
6.101676088760582539e-01 6.505498860901529623e-01 5.614537690387673141e-01
5.906668014318378068e-01 6.403711758653792829e-01 5.986035376006628717e-01
7.832158269892063318e-01 8.769995777946754112e-01 8.273310158508349055e-01
5.787396401567754811e-01 5.562147695561642236e-01 5.720323924043960728e-01
5.401847179306883406e-01 5.440104834843759729e-01 4.730599423437198969e-01
4.247929346434077269e-01 4.496684696288661409e-01 4.971664813769600122e-01
6.659416986710424702e-01 6.776340160907649013e-01 6.330752688579378562e-01
6.047736593267427629e-01 6.181308266994239853e-01 6.268438797754044556e-01
4.702736769867542632e-01 4.767063283669866203e-01 4.714671202156294760e-01
6.632889183037261605e-01 6.676472337089605080e-01 6.836681529030440574e-01
4.767283283992923004e-01 4.498557642386969979e-01 4.412593691644616234e-01
5.370873115570720113e-01 5.171843288793271931e-01 5.120127701284900024e-01
8.503723109122650614e-01 8.862190661231351685e-01 8.555262263322207517e-01
5.367654326346007476e-01 5.510879522504588124e-01 5.527009495888633994e-01
5.439167048649700131e-01 5.708578797136162342e-01 5.304959581440892302e-01
7.493442101735481309e-01 8.177776943009534838e-01 7.529328179235449392e-01
5.676949793928935950e-01 5.623201271834744608e-01 5.287879426766681767e-01
5.175291963913832838e-01 5.502073233802151631e-01 5.284634404126240526e-01
7.431549489595302704e-01 7.649563313076058746e-01 7.353433115705702017e-01
4.085416821770012641e-01 4.229308615536719329e-01 5.168588129236871831e-01
4.987470862225080737e-01 4.716257032489544754e-01 4.629596379648079352e-01
7.102151933848318555e-01 7.576710994414761480e-01 7.058535015816844727e-01
6.497863833950467960e-01 6.451911752175358838e-01 6.510972381525805819e-01
6.298621612823989135e-01 6.633762464473170750e-01 6.303831379627773401e-01
3.429170119147345597e-01 3.128977837308916654e-01 3.259703840480129844e-01
6.177602594491091725e-01 6.657242079829354120e-01 6.148182362014104063e-01
5.509640486823935701e-01 5.688266519479167060e-01 6.073226446804926848e-01
5.515230915272841816e-01 5.220795381020741921e-01 5.663707162236479853e-01
6.834658815884018246e-01 6.567069872570217015e-01 6.822420544791752972e-01
3.438706797638154677e-01 3.561109051359944155e-01 4.192608667374541076e-01
5.209420082114185613e-01 6.039980339177191127e-01 5.131774416245959980e-01
5.767698645865425577e-01 5.422797844248011812e-01 6.021757542992531853e-01
7.248614514960646238e-01 7.476431925478178586e-01 7.258968531460689988e-01
6.100602867668744045e-01 6.009072562054246225e-01 6.132037410946238332e-01
6.761616134999042238e-01 7.102884322935436590e-01 7.164673298837563875e-01
5.678200489931773953e-01 5.379740858283645899e-01 5.211792705346510735e-01
6.441319820714200839e-01 6.951476461889480873e-01 6.566474179717902704e-01
6.318254703443513254e-01 6.267442188580889528e-01 7.019627032331715588e-01
5.296607480488274566e-01 5.907829266508000110e-01 5.797613987049621276e-01
6.086351764772294226e-01 5.701610123912203010e-01 5.923610752999369788e-01
6.371159333466958063e-01 7.152994114810493631e-01 6.620204343258619950e-01
6.239758857418427063e-01 6.545496044501730726e-01 7.036507208129085811e-01
4.305900600194488281e-01 4.217896534570184097e-01 4.925235343422639800e-01
3.869904126395812827e-01 5.033514870604707259e-01 5.021903376158229904e-01
7.167463828314895036e-01 7.213165881343696073e-01 6.927207866406018821e-01
6.548290380906690578e-01 6.636690452972456855e-01 6.967263380051559318e-01
8.353361402999424090e-01 7.513549894739656176e-01 8.527903156535606710e-01
5.473726315377169804e-01 5.524767865762434393e-01 5.359266962026190129e-01
4.253083677841814070e-01 4.861263995918068681e-01 4.425244790593573785e-01
6.909371910931009220e-01 7.722563151300189110e-01 7.304581127483350533e-01
5.842038603095918159e-01 6.636010868444468525e-01 6.516662549431012641e-01
5.588251909358273872e-01 5.483248290158229121e-01 4.823300451564838665e-01
6.294463242788592705e-01 5.587693254511766350e-01 6.146516565977152569e-01
6.068660612541595389e-01 6.585160817950360679e-01 6.832569835037732853e-01
4.863846629126447607e-01 5.042814213891798625e-01 5.841171417085343487e-01
6.747952532632269795e-01 6.483314854920628756e-01 6.644212679597987226e-01
4.194218286702911525e-01 4.628324207697543935e-01 4.573665027684089557e-01
5.439427778872421015e-01 5.503074496115605285e-01 4.591118891024486004e-01
4.887595284763686654e-01 5.068076496471461967e-01 4.884731992222507424e-01
3.931300047277901943e-01 4.914238469593671943e-01 5.072507093752647300e-01
4.549287980997817615e-01 4.946987770681059993e-01 4.046819549660832793e-01
6.261623324953803360e-01 5.790066560414484087e-01 6.117687216941648520e-01
7.623209776929448234e-01 7.649313592836869402e-01 7.123194624390623009e-01
4.487576821825394746e-01 4.930767008079913194e-01 4.399899133384662653e-01
5.626655869622464445e-01 6.116923877061746229e-01 5.255900005503030270e-01
4.005257061196327295e-01 4.523770499090799535e-01 4.624622131875929520e-01
3.629983471902126779e-01 3.414092278611118858e-01 3.364101861555214290e-01
6.749290618242841377e-01 7.045443043847746667e-01 7.854406559628948070e-01
5.554233450751963064e-01 5.823199007522587012e-01 6.036933695703632363e-01
7.716198428520452124e-01 7.854913297044717746e-01 8.060977941547813330e-01
5.529008059947585485e-01 5.918108652577616091e-01 5.250871313791795059e-01
6.983352497586398089e-01 6.462187481311818527e-01 6.677416514960227145e-01
5.772615309738771128e-01 5.236648016539273698e-01 5.130149844091131950e-01
6.392915114204924532e-01 6.164026010396655986e-01 5.986204109295893971e-01
6.440212843058192860e-01 6.019326894595730115e-01 5.691575607247261193e-01
6.425458863765324269e-01 5.252293740343064732e-01 6.295807156715973463e-01
5.315163499023206617e-01 5.152901815426919052e-01 5.096165812758620683e-01
6.324577752751439075e-01 6.205284005916893442e-01 6.063228869062247117e-01
5.151404927093025110e-01 4.898183178227405454e-01 4.567183250823606544e-01
5.304550843457166431e-01 5.650980553690021502e-01 5.449727193812576864e-01
7.533356880728405702e-01 7.202752411846927716e-01 7.143304199228960316e-01
5.303149468327851279e-01 4.923741575470789167e-01 4.848146064821346468e-01
6.147212877681896837e-01 7.028663821470064743e-01 7.190778682310358105e-01
5.854892952791618255e-01 5.682463724885488121e-01 5.607968368157556505e-01
9.939468479295260339e-01 9.590925208568930049e-01 8.785326284602605895e-01
4.254026217157589329e-01 3.664459726456502087e-01 3.717918605165070334e-01
7.091557363547668080e-01 7.135697063905005466e-01 6.704709225421413565e-01
8.164637873271517465e-01 8.335108325821625197e-01 7.633787779803856699e-01
6.114390855714350037e-01 5.295403029655629812e-01 5.749038310355018000e-01
6.029931712977485425e-01 6.044098865104314822e-01 6.106722725690569842e-01
6.408571703126317853e-01 6.583806264717529944e-01 7.043907689504280700e-01
8.282503621861955212e-01 8.509030613123300668e-01 8.293934008861455487e-01
5.944181479743454455e-01 6.282265850990883527e-01 6.268616897159045021e-01
5.402628870373769043e-01 5.506115336993865350e-01 4.734770672682941384e-01
4.278429225559436389e-01 4.651032067783930635e-01 4.298755517938609438e-01
5.829809668698413549e-01 6.575118493147957821e-01 6.228458447523566033e-01
5.869330899705058613e-01 5.904694942377165523e-01 5.819742237300626897e-01
4.100981382652120200e-01 5.401208921907401095e-01 5.746000236958039853e-01
5.998940025054865233e-01 5.375759818060019679e-01 5.213183170108180997e-01
6.276219627011220270e-01 6.333270755883009251e-01 6.819346459757325007e-01
6.716689119937763186e-01 6.661293227230948855e-01 6.397321793922284838e-01
5.804941768984638317e-01 5.677166804214568430e-01 5.659266245958544106e-01
6.074893703133651401e-01 6.508773966788911070e-01 7.032982375193900237e-01
7.523960629360519903e-01 7.808526349066675643e-01 7.513121049067326140e-01
8.949870622936241249e-01 8.354044385261825134e-01 8.591469668089416478e-01
5.154613742544393862e-01 5.521476838217994620e-01 5.909846322198909485e-01
4.215605060028880802e-01 3.461280889640904190e-01 4.310325251659670176e-01
5.142296549539333572e-01 5.431281430772122443e-01 5.829599824137827735e-01
5.766129886348753120e-01 6.257208676566936578e-01 5.977056307548975767e-01
6.982091338398871416e-01 7.192303606399435001e-01 7.206768343533515031e-01
4.515270115683614471e-01 5.309458270481939302e-01 4.741237041245803252e-01
7.313089809131845254e-01 7.066719472322570139e-01 6.769227020752170976e-01
5.082168026950074635e-01 4.888569248133804446e-01 5.591870644601697471e-01
6.278694145117036385e-01 6.392505775308582328e-01 7.004862122154623671e-01
4.459807141218647408e-01 5.121496829525096217e-01 4.699064407504915386e-01
6.267351029852403776e-01 6.727793221347957431e-01 6.992282835613763403e-01
5.766765683841779122e-01 6.187032339871472164e-01 5.950450588816023068e-01
6.385802389669702483e-01 5.569427459498808020e-01 5.588663545296944646e-01
6.433175444535064180e-01 7.514466225089059259e-01 7.094351206806197574e-01
4.597447391970198582e-01 4.868316802692477241e-01 4.348945690554372190e-01
6.131324566468461246e-01 6.335602915492243303e-01 5.930787755846715914e-01
4.794517103837779848e-01 4.083584095930013480e-01 4.406254440568682096e-01
7.817135094469015444e-01 7.614204858858703018e-01 7.808971803949408264e-01
4.612204914181542437e-01 4.748649077915713668e-01 3.951130048543265993e-01
4.353354536061681546e-01 4.160931625358996744e-01 4.303937779672505903e-01
7.176918966707780401e-01 7.202268623840195616e-01 6.780056640904387200e-01
7.623151867247722757e-01 6.977277151915771691e-01 7.193150987089625970e-01
6.732148411221268169e-01 5.925623893180691493e-01 6.459466046408466333e-01
3.550422218140651398e-01 4.020683516640278787e-01 4.038392330157516974e-01
6.114790087939472318e-01 6.316895570999561116e-01 6.345793606339900084e-01
5.721804799407880227e-01 5.829590583869345144e-01 5.078223876423618721e-01
5.503551872854931526e-01 5.552856077506952426e-01 5.590406652285110356e-01
8.237176981419530586e-01 8.515390778144975581e-01 8.694409863369729763e-01
6.477616984921322763e-01 6.015246625332405506e-01 5.820953012036741425e-01
4.717659471191598120e-01 5.062441330561445740e-01 5.013215559309530667e-01
4.908067186419950434e-01 5.127461571956355435e-01 5.703561432174886203e-01
5.907244992347876478e-01 5.811640261531415552e-01 6.011983211750564493e-01
6.501506699749972640e-01 6.311926931391402817e-01 6.465669252284963475e-01
5.721128759168304656e-01 5.133209475080710016e-01 5.118917898809984823e-01
6.409375670500465638e-01 6.429817382826167327e-01 6.947033547089944694e-01
5.971030754676422969e-01 5.397534526461736926e-01 5.525040905398503899e-01
5.317520340868193696e-01 5.671475101220507797e-01 6.399804880564665677e-01
6.622738604790489036e-01 7.433246074279490356e-01 7.517610125306350977e-01
5.237428771041821030e-01 5.581530311639772979e-01 5.644563390923625912e-01
5.725100843140753515e-01 6.369027487967030554e-01 6.220246966071881767e-01
6.022406110195949180e-01 5.720242177305377984e-01 6.357059473883429623e-01
5.614584412684908710e-01 5.533681127905530905e-01 5.816534008887277452e-01
6.614542394610407605e-01 6.403660940709325899e-01 6.196349438300216006e-01
4.581508952263090295e-01 4.431528071247396450e-01 4.808421895226999698e-01
5.640945627707824039e-01 4.906429238543080218e-01 5.854240567227865233e-01
5.069849408340519892e-01 5.529409482578683255e-01 5.378346475715333197e-01
6.375718943692177954e-01 6.331093689510718381e-01 6.417294814473246678e-01
6.264556428360181783e-01 6.357540037876354688e-01 6.622672045425587184e-01
5.356316903777229577e-01 6.197580120694563544e-01 5.840549055823076596e-01
6.103302915710779875e-01 6.407162883100930850e-01 6.441247511711846174e-01
4.210888399875500898e-01 5.101328062831014254e-01 5.024553026368566711e-01
6.423611764112241440e-01 7.028350321756583474e-01 6.731376800419441864e-01
4.586561764626847504e-01 3.831691805578569809e-01 4.476072093265126006e-01
7.684065944271057935e-01 8.663261304008383901e-01 8.094538935926649525e-01
4.876802297472240255e-01 6.032380247896994563e-01 5.669630632117431679e-01
6.670778111031492319e-01 7.212657540754651153e-01 6.953593062523950596e-01
7.018159568642153845e-01 6.651879249933603244e-01 6.580785642127903179e-01
8.409789498473735359e-01 8.149943293764678742e-01 8.272166351286566188e-01
6.162196902022226697e-01 7.024790020182760664e-01 6.591976175237779234e-01
5.562627166278054647e-01 6.121839419089779577e-01 5.920724481793504523e-01
4.982164042155931560e-01 4.791387650035829893e-01 4.796075976180683154e-01
6.381900011977330589e-01 6.385243024781087628e-01 6.114251137837967143e-01
4.852423262892617273e-01 4.511373419084152570e-01 4.771555270653194958e-01
4.861366929913758517e-01 4.848176805162045522e-01 4.858059171420773814e-01
6.119638399487713487e-01 6.137144268324681295e-01 5.844918917574419837e-01
3.813715674478375672e-01 4.484343120326277354e-01 4.476452270857862459e-01
6.140427997007509298e-01 5.954617680087025411e-01 5.851062945192383458e-01
6.686883841937818485e-01 6.614343228774871575e-01 7.174918671089097755e-01
4.772712617882206021e-01 4.400306460969977129e-01 4.708010552483566369e-01
4.952307035520414624e-01 4.723383532364924253e-01 5.042883136467606331e-01
9.272005713953499484e-01 8.991476608842000617e-01 9.127536278083500099e-01
5.740742984955672368e-01 5.696923471370289871e-01 5.397919416522943825e-01
7.924796370183090355e-01 7.748683710908536026e-01 7.961426483651423691e-01
5.489178037763317031e-01 5.526942520001759673e-01 5.243233598676448892e-01
6.648317390379314684e-01 7.464998560056884669e-01 6.554961398154176555e-01
7.394673692792712583e-01 6.849354039674120376e-01 7.630667028521891382e-01
6.800399779858015137e-01 6.386183458005139091e-01 6.482831429258190115e-01
6.371483637596834226e-01 5.733161906081780668e-01 6.406151821599654905e-01
6.271768592508033535e-01 5.497491952785815705e-01 5.928239535734113330e-01
6.089249481160153854e-01 6.341067523021461927e-01 5.821109909948428696e-01
6.643577822629490592e-01 7.117633019487159540e-01 7.507566344242350143e-01
6.579209008484648846e-01 6.694523951996385058e-01 6.808758573908268996e-01
5.909333364417609369e-01 5.911235433643446946e-01 5.501136180002875742e-01
4.575502280138281086e-01 4.884071297429575242e-01 4.864011485851443828e-01
6.696008242192013071e-01 6.677078742410977874e-01 6.906873929990640093e-01
7.156073774119343645e-01 7.371029389619040417e-01 6.632986308093594685e-01
7.392842771295775606e-01 7.224178136203890377e-01 6.954497359756948160e-01
5.415581437294743061e-01 5.288166582005071614e-01 5.492248178991856467e-01
4.957671753887312183e-01 5.421704952389030385e-01 5.143849111971989796e-01
4.294768099948205187e-01 4.863162291714018259e-01 4.809051455347313486e-01
4.773681483125709057e-01 4.345631143299634180e-01 4.408457357408946953e-01
6.976150968054479762e-01 6.717586437499035723e-01 7.063815425016051197e-01
4.594203912773571763e-01 5.131852595561651187e-01 4.986064981346901570e-01
4.729899585774884341e-01 4.427997652890779956e-01 4.433364430931671096e-01
7.065018976934690498e-01 6.844474544414441697e-01 7.493559201143876747e-01
6.286425307702330212e-01 6.813732400478811346e-01 5.901315966063951368e-01
4.555836246279098556e-01 5.302355409466287250e-01 5.380886653213836635e-01
5.491774673993057299e-01 5.914692677475708038e-01 5.274460180770386142e-01
3.014154935103533495e-01 2.621981441501604060e-01 3.587925074680441417e-01
5.205679116957211416e-01 5.165366958810686526e-01 5.437783585895029637e-01
5.449176893327545290e-01 5.922540263825620821e-01 4.884530364822072257e-01
5.653648316469118695e-01 5.383658573440013306e-01 6.138097828370149278e-01
5.635469625095774759e-01 5.377848779548474178e-01 5.314713801906972845e-01
7.965053959084761326e-01 8.335067024260320867e-01 8.472779709048869901e-01
4.093845334163728755e-01 4.109792190811912826e-01 4.151830973515022172e-01
5.377498226403876203e-01 5.254546627440029871e-01 5.563150651102511945e-01
5.879743005962622115e-01 5.976202419098227692e-01 5.893574547966133892e-01
6.005783357643842413e-01 6.636707325536903568e-01 6.414995384952177915e-01
5.256462588853300089e-01 5.368049675855561809e-01 4.903054333179982516e-01
6.187425320979266230e-01 5.926822825955011531e-01 5.698227006219370727e-01
6.477031121705865147e-01 6.764695335728239112e-01 6.528161700237393728e-01
3.305021657851919259e-01 3.139774853045531611e-01 2.721215788746464415e-01
4.350908815855538680e-01 4.664777006533728509e-01 5.370362684274931908e-01
6.202799205976353702e-01 6.265163370331249260e-01 6.401995963783339016e-01
3.775328051517356509e-01 3.813280766201864180e-01 3.570974157633124979e-01
5.197229358966324320e-01 5.113189665299030517e-01 5.988917780361912024e-01
7.630310345274786687e-01 8.137941353600264272e-01 7.561410631137582827e-01
5.204172254677980058e-01 4.580267523275192709e-01 4.939653912111576783e-01
6.748359285559751841e-01 6.278548207212231169e-01 6.626185682274771116e-01
6.987281413212168557e-01 6.534726673333842717e-01 6.183988148224401904e-01
6.162790541298244218e-01 6.319488518500384622e-01 6.426766832155046405e-01
5.679972046019624576e-01 5.490966142929843974e-01 5.135885513347768772e-01
6.881139040518875483e-01 6.600733779799868861e-01 7.023172666812046439e-01
5.915836195341748205e-01 6.661069849577005986e-01 7.210469916583687189e-01
6.954243865499997179e-01 7.433769218268579948e-01 6.646349870884823430e-01
7.016934652944609718e-01 6.533010402334221700e-01 6.799871155676419088e-01
4.965407651553200297e-01 5.442717929016699374e-01 4.988990608947470040e-01
6.406754906419506179e-01 6.004870715139216664e-01 5.447000534834467445e-01
7.125989194918130876e-01 6.822335808401371882e-01 6.702542436202966192e-01
6.510172165167056324e-01 6.920803665264515514e-01 6.419344172903026502e-01
8.161894908457822950e-01 7.760484020193417765e-01 7.135236149228899594e-01
3.961275306793306528e-01 4.087547767995484138e-01 3.782038967127575035e-01
7.315552375752716330e-01 7.596510078250372500e-01 7.567226693199798904e-01
4.509546105109243364e-01 5.095553761505864365e-01 4.648672571382238550e-01
6.900142232952755084e-01 6.044405966170540712e-01 6.270714579531605493e-01
6.654564464837714466e-01 6.797100444796223551e-01 6.422516841101161278e-01
7.940916259265762278e-01 8.430119135707808686e-01 8.497935304822172853e-01
6.709275826885823246e-01 7.174269075885517655e-01 6.753190681929315264e-01
5.190806231219463607e-01 5.309421961760052433e-01 5.195865029032575855e-01
6.713855397065447983e-01 7.111200592096594830e-01 6.171894651721308023e-01
5.449376986505511944e-01 4.998657059939050074e-01 4.788049466950283772e-01
6.081896214825204261e-01 6.130315057305691928e-01 5.780622235348361615e-01
4.707961645108220683e-01 5.041971821131425724e-01 4.947468183648578988e-01
5.138128583276875272e-01 5.574640864066873203e-01 5.866092494683252667e-01
5.170396456480941261e-01 4.896088722098201340e-01 5.368849431425155583e-01
7.325026047449187949e-01 7.252261869168449282e-01 7.464011947393230928e-01
7.560490608363021892e-01 8.194664294106002167e-01 8.226476018921063948e-01
6.837262460392546926e-01 7.103790692947804519e-01 7.083996344567717873e-01
6.803002256178807272e-01 7.427412133672012251e-01 6.733183668086216711e-01
6.083777229939283382e-01 6.194326002990804270e-01 6.284906220395095611e-01
6.092407564395404540e-01 5.885818719621150885e-01 5.527707403071999703e-01
7.179834729122073211e-01 6.449406571326306015e-01 7.189988083648980455e-01
4.373227422328826441e-01 4.410597734842603979e-01 4.565537882489522636e-01
6.234106766384306386e-01 6.729343266147080893e-01 6.752481550198666804e-01
5.235700558481904965e-01 5.405156407057668533e-01 6.226496093730768955e-01
6.726010161237944152e-01 6.119017344136812309e-01 6.028322520354399972e-01
6.644133362466975168e-01 5.636369253029550608e-01 6.541647678820718959e-01
5.796075711037391720e-01 5.539921125492108800e-01 6.427380106764781775e-01
6.769816961152175239e-01 6.552372262008453463e-01 6.281552523982930625e-01
6.489905382637914943e-01 5.703294473873735670e-01 6.219605033123278837e-01
5.299027903563497954e-01 6.018478936159514792e-01 6.464341712184679123e-01
6.446396165689032287e-01 6.396149863764524213e-01 6.919767398111589252e-01
6.881431850001208383e-01 7.009316669054378446e-01 6.601247765617201946e-01
7.817306673050812282e-01 7.751396124096008311e-01 7.483583489279994616e-01
6.181583387493008175e-01 6.073142868715690756e-01 6.981147179558314653e-01
8.242677970754107575e-01 8.332884433223715082e-01 8.173251318000371857e-01
8.932270580942682781e-01 9.126010736833191084e-01 8.325384668555779744e-01
5.260883027003658841e-01 6.198199439826340695e-01 5.554306572703663347e-01
6.335653705004813396e-01 6.244130472894011685e-01 6.693207215321975712e-01
5.156287060000700473e-01 5.157322759763828257e-01 4.772607508620663186e-01
6.533890652627100115e-01 6.174865925818816548e-01 5.470206875419929560e-01
4.362276628562257175e-01 4.442078397475393015e-01 4.662282312949175833e-01
5.520561950998112977e-01 4.478298574663023279e-01 5.487027475140278110e-01
7.689270353661228352e-01 7.568281633072758696e-01 7.468548897859982327e-01
7.311780711470912131e-01 7.426673106914630784e-01 7.014475757726724714e-01
4.886257913428476707e-01 5.140578989421430434e-01 5.490704392350804763e-01
6.004375873424784293e-01 4.656551653835948601e-01 4.885973052489972490e-01
3.784544576011235062e-01 4.342068579726390820e-01 4.363847349334542547e-01
8.434239517525270458e-01 8.801125482742436779e-01 8.655817643907551817e-01
5.492636604810642309e-01 5.744421770990990606e-01 5.062056012270127470e-01
5.914893879606391014e-01 6.119985425430376491e-01 6.415437939728021455e-01
7.284994206230616109e-01 7.622857837226810762e-01 7.130875576856219311e-01
5.565383180104548355e-01 5.679328698868255643e-01 5.716725964038905650e-01
6.872160482018355721e-01 6.607378920624962237e-01 5.723112488296703271e-01
6.373656951444607310e-01 6.401087716558482299e-01 7.005211619497373476e-01
5.261048841098054929e-01 4.926907358935215808e-01 4.964067988570780021e-01
6.349068389142438207e-01 6.316568996118399060e-01 6.816250044973163336e-01
4.115850461449488962e-01 4.310170420257816715e-01 4.812362667243518244e-01
4.496512778160280943e-01 4.789454262328033396e-01 4.590266539162602411e-01
7.451643429792330631e-01 6.894288290041994394e-01 7.030982632095849061e-01
5.724346272600214780e-01 4.728742493681770687e-01 5.943543500476866637e-01
4.456085676832388653e-01 4.526556058882269529e-01 4.010839701247244649e-01
7.156469375628278229e-01 6.818416035181936730e-01 6.622191589956981650e-01
6.665528995997976880e-01 6.658507197553452661e-01 6.273602188941318492e-01
4.911385262097087145e-01 4.335900737309214548e-01 4.797905858515514876e-01
4.143902650423167411e-01 4.260665051779627399e-01 4.784568883519854099e-01
7.263229953393655070e-01 7.361687571781966311e-01 7.704404743265018674e-01
6.002829685119508429e-01 5.080800298848290319e-01 5.434948959888383779e-01
6.062337642378138325e-01 6.236929044226411367e-01 5.633062774157878705e-01
6.246934004483658542e-01 6.740291270489984221e-01 6.492545860284444359e-01
4.709008825370857854e-01 4.409546931515939128e-01 4.590848794201503047e-01
6.160064983705368924e-01 5.175660756222472125e-01 5.634593596310900621e-01
8.054609081433109496e-01 7.463469011612827719e-01 7.198170759670292629e-01
6.964908143792365447e-01 6.248593793726942014e-01 6.924343417279715807e-01
6.509074355768065256e-01 5.998332997136831546e-01 6.303578877996137697e-01
5.624145254989407761e-01 5.999317765803972025e-01 6.118472578296864084e-01
6.269830533770317516e-01 6.417595511182201395e-01 6.635791082516986350e-01
5.762790519655228705e-01 5.884129733462082346e-01 4.857907398418446210e-01
6.642511942996759400e-01 6.086458377201705572e-01 6.913819358535028270e-01
6.618532561369238065e-01 5.978362674958407341e-01 6.214490144157411855e-01
5.722587685801401314e-01 5.127497819970679993e-01 5.293273355562034821e-01
5.949874587354074817e-01 5.184000548763150196e-01 6.739889657619541063e-01
6.284167710510304428e-01 5.955807254921539062e-01 6.028556474464464854e-01
6.623938907258005715e-01 5.931308095101803790e-01 6.265238874195828700e-01
5.585544606040449001e-01 6.017840067461471820e-01 6.153297216186568441e-01
3.499899715853562188e-01 2.975912458492059876e-01 3.159830128813295724e-01
6.800270408534346833e-01 7.625750534237364375e-01 7.393599214452722945e-01
6.421420099071746268e-01 6.365618025806025759e-01 7.332185878331048956e-01
7.516737997586455666e-01 6.948411171038567646e-01 7.435244829595065719e-01
4.995227857157122919e-01 5.782541456478502706e-01 5.710275159476048135e-01
8.329805919324642094e-01 8.533845354409415052e-01 7.586277337276662314e-01
5.898330802039293275e-01 5.278145586846361148e-01 5.673232735648165992e-01
6.648571758082795213e-01 6.167792193036991666e-01 5.526421973701794998e-01
5.385894534881617846e-01 5.762504677472609638e-01 6.111025610513909356e-01
5.873234547251907633e-01 5.965277487268738632e-01 5.454899970911236684e-01
5.708004562139877835e-01 4.904222850398659017e-01 5.512208803864414586e-01
4.937589125006073276e-01 5.365757857316589829e-01 5.005567631068811307e-01
4.867309354751811479e-01 5.136753070334023619e-01 4.466432547901862948e-01
5.093862323009255011e-01 5.322702397699146104e-01 4.832984360148488978e-01
6.615678021604776138e-01 7.059516795958995505e-01 7.147756064424433120e-01
4.702754060807562420e-01 4.741012440078758994e-01 4.199994089685201715e-01
4.957333280742064474e-01 4.474789461610539365e-01 5.027154572144304501e-01
5.280551120098131435e-01 4.823891189298411541e-01 5.188005899720222747e-01
6.659109230619428832e-01 6.175117781313204102e-01 5.854869271094057526e-01
5.141893476339881586e-01 4.737898037536846796e-01 5.013758501842715543e-01
6.356983028466193231e-01 6.434426721773696123e-01 6.566564943928471232e-01
7.779877318032070166e-01 7.856315939468934140e-01 7.508541129691396199e-01
8.985207093215592522e-01 8.253557739104818713e-01 8.349725705400753428e-01
4.836296898010690182e-01 4.808215284254508393e-01 5.668938607452627121e-01
6.290422257967691611e-01 5.641022933919157545e-01 6.028417331325894857e-01
7.581310386963125980e-01 7.923977054480662030e-01 8.414900469573537434e-01
5.649053974612145979e-01 6.143740557560958271e-01 5.919647294420213868e-01
3.568535703274361426e-01 4.039238192294934415e-01 4.086029536477828183e-01
5.186559586114170006e-01 5.085536285941734125e-01 4.478175580881549878e-01
5.355898751238560296e-01 4.595298239045708666e-01 4.880803329041249472e-01
6.691465063512384015e-01 6.446265079139071874e-01 6.858989042459898711e-01
5.696402164202145624e-01 5.619582652116453803e-01 5.970362939235490662e-01
5.747167882402024475e-01 5.051220730939429693e-01 5.622685113946601643e-01
7.002692145931682655e-01 8.092106006218007241e-01 6.747946400986969406e-01
5.419023431950265035e-01 5.575478211215069146e-01 6.045799331724409642e-01
4.492139626725026869e-01 5.263277578865862560e-01 5.251565738094079450e-01
6.337922823195063504e-01 6.877566847754221779e-01 6.484772884817827654e-01
5.743471178252894660e-01 6.282176710976054013e-01 6.118015854110904206e-01
3.801280969488316508e-01 3.733541329638219164e-01 4.267516482567770275e-01
4.592345518240280033e-01 3.801107969325792646e-01 4.387358967526173159e-01
6.879192602483257257e-01 7.133777209660344676e-01 7.460966870970012765e-01
7.205436565361726942e-01 7.752491710927205126e-01 7.650980599480310396e-01
6.858820383403455567e-01 6.092573633220031981e-01 7.176229605498904984e-01
5.527673537712199936e-01 5.581408447327421696e-01 5.736492508861541495e-01
4.711852096083746222e-01 4.825540666949695856e-01 5.008723518508348960e-01
4.712070204877610857e-01 4.758023649638780661e-01 4.037059440003820665e-01
6.619819240419321238e-01 7.033558265791602926e-01 6.650008535245620633e-01
5.887489955977378564e-01 5.463429889171845799e-01 5.631179159004385815e-01
6.056528357420767339e-01 5.933205319291521285e-01 6.317442930401835355e-01
5.185329507070671751e-01 4.472075310435970619e-01 5.483552716894805057e-01
6.324450458417619769e-01 6.761682383079475889e-01 6.638959101339120261e-01
4.766621774629654640e-01 4.213186802901415229e-01 4.487849229803483886e-01
5.121336132681966191e-01 4.794359285064153098e-01 4.851385473540447135e-01
6.670846499036550137e-01 6.411652295563144976e-01 6.497906375290791736e-01
5.065311435835720966e-01 4.890631835849333364e-01 4.871594688615864532e-01
6.563727091657555190e-01 6.070249294942178242e-01 5.949075604342328738e-01
6.905897339991829975e-01 6.773262494361512731e-01 7.066304737837568739e-01
6.232721774766399880e-01 5.843593380815996774e-01 6.055639695304807502e-01
3.972685557950660917e-01 4.175749150606990479e-01 4.355079333668652186e-01
5.281260247152540499e-01 5.524146482008820414e-01 5.319969266926370954e-01
5.415464804926314324e-01 5.634937145480106713e-01 6.087133613433082235e-01
5.367144699403904040e-01 5.042064171535584061e-01 5.412225980416321969e-01
6.290022647003097322e-01 6.532095277416872792e-01 6.473559302159141993e-01
5.328643067875091788e-01 5.595128094982024791e-01 5.947946661896967857e-01
6.089813820972470593e-01 5.828183949803350528e-01 6.090549815764220165e-01
7.033814994958259570e-01 6.141460871347472761e-01 6.059902383493379618e-01
5.295207111797406441e-01 5.170654302765769206e-01 5.721164332887596071e-01
4.981444018608279234e-01 5.349954567856529675e-01 4.996696857416877968e-01
4.266705830350071005e-01 4.768244064327291643e-01 3.634339533714864845e-01
5.245997729381588481e-01 5.362736741268789853e-01 5.097273874688035278e-01
8.321619753009882325e-01 7.655036718285380681e-01 7.620584414751809810e-01
7.105231369878620695e-01 6.486021366541107058e-01 6.577662767041154712e-01
4.435948275063466006e-01 3.950963358745090970e-01 4.228116072230240219e-01
6.351064604411188474e-01 6.296148550197020466e-01 6.230121153437597759e-01
6.649747704365651657e-01 6.092187767355237149e-01 5.784258060543512325e-01
4.944322512084621257e-01 5.318208131700975505e-01 4.822607596604077118e-01
6.155054495187090025e-01 5.992873896898085473e-01 6.047745184127919504e-01
7.736359821631285660e-01 7.461873853106384402e-01 8.336228277970917366e-01
3.536080870717950853e-01 3.621809557719220529e-01 3.598101913581219780e-01
5.463770912943334279e-01 5.205379945464022606e-01 6.142196940657296267e-01
7.748849784025629850e-01 7.510335007645035921e-01 7.549365006409533008e-01
4.824519422210876707e-01 4.912681336920690089e-01 5.683184789023774108e-01
4.814830221756171702e-01 5.077203385217495812e-01 4.565706343363737374e-01
4.848636299429044394e-01 4.513589099198621057e-01 4.308431837951166021e-01
5.502315360346383688e-01 5.762017516530653083e-01 5.123090713759803627e-01
6.400965918409912137e-01 5.886527662424745344e-01 6.772686046958028561e-01
7.328292410134878976e-01 7.074779732073399607e-01 7.021890379501728452e-01
6.574138881170102922e-01 6.464105252599957607e-01 6.922954949382615908e-01
3.763202521120820876e-01 3.647139870970010356e-01 3.079832408895004092e-01
4.764354544672919634e-01 4.772960393886844788e-01 5.105795048414821791e-01
6.565755133020361178e-01 6.515959125805171892e-01 6.150022956080909431e-01
6.095040486980024541e-01 6.242003061015906074e-01 6.071325021895835894e-01
6.516887627344378764e-01 6.311661534761171533e-01 6.014690395759085817e-01
4.770030920877577629e-01 5.085477862962969331e-01 5.315494591220695231e-01
6.127631735494811771e-01 5.899923790652146227e-01 6.267794455178310464e-01
5.701370235245686313e-01 5.006447282001372789e-01 5.473952566267253905e-01
6.744099191796220083e-01 7.057993957193698931e-01 7.168383769322670407e-01
5.746130564362937898e-01 5.237571345204009576e-01 4.985140795170227013e-01
4.894950928243859689e-01 5.866585105816888301e-01 5.378702714359439030e-01
6.790510896276177322e-01 6.720044858064397886e-01 7.172658462792711465e-01
6.408093698550078043e-01 5.623984895742449863e-01 5.813101381892796793e-01
5.796431722241044415e-01 5.681845880208375998e-01 5.085445406176600791e-01
6.885329140704399276e-01 6.934213602419955214e-01 7.201662748802308833e-01
7.150912658767929475e-01 7.039634740437746840e-01 6.951340901014100293e-01
7.598650352086409043e-01 7.305091122546146787e-01 7.747299612513869338e-01
5.548241010180774424e-01 5.960485304533486017e-01 5.068992171642284772e-01
4.059066892795252235e-01 4.602482744903723111e-01 4.467758965968365859e-01
6.937465131357849479e-01 5.927372306184875983e-01 6.158929417217228197e-01
5.573774880480217853e-01 5.168688934114389344e-01 5.851526207217490061e-01
7.311052601832318532e-01 7.272773672423973323e-01 7.366150164220572893e-01
5.381641615223928810e-01 5.621732688359838415e-01 5.583726302563341015e-01
5.239659188449614646e-01 4.994952742905480192e-01 5.458870225265306519e-01
5.702712340318267792e-01 6.655579141809850885e-01 6.060090091251121303e-01
6.668703988956905526e-01 7.367394395398311202e-01 7.453356426361305020e-01
4.971075046129798114e-01 5.376175230345977551e-01 5.141136730099294949e-01
4.854946844705185227e-01 5.156120137505132428e-01 5.683397677089419009e-01
6.021332958321812256e-01 6.402654923633990247e-01 6.195899842395572454e-01
6.999705862028751113e-01 6.908001004483151908e-01 7.381904469528368651e-01
6.786364459721595521e-01 6.632585315328972664e-01 6.713260702377511491e-01
7.988301641567159272e-01 7.794712411998745427e-01 7.677263257703162980e-01
5.231983976323340002e-01 5.932630077749131425e-01 5.023531203081452734e-01
5.863933346187942819e-01 5.511741329964476854e-01 6.549169531232533759e-01
7.261719201081404673e-01 6.872915270956315714e-01 6.498463630822099990e-01
4.465266630916412960e-01 4.603621768240402923e-01 4.672888730131815049e-01
5.651071797039696198e-01 5.498810273545281513e-01 6.002315441115539940e-01
7.621778581247959927e-01 6.831999832443785836e-01 6.734144679307524362e-01
6.762682984354112525e-01 6.439991338752887318e-01 6.522701103686240343e-01
7.352168159822397575e-01 7.625763426798993772e-01 7.326880071511999715e-01
8.176830188309910374e-01 7.783594382989263982e-01 7.787838428856433959e-01
7.911092941237291010e-01 7.825124699315199051e-01 8.001987976034450334e-01
5.007549602147562950e-01 5.621322487582612881e-01 6.042546941274190564e-01
5.752836725123489092e-01 5.167716089019283032e-01 4.760225906834748000e-01
5.731664063804100540e-01 5.571093983685615481e-01 5.747211647130480161e-01
6.918538634590141179e-01 6.850061118681474159e-01 7.057681201715511055e-01
4.507351624656646405e-01 5.137729112114111096e-01 5.112109028143808631e-01
6.680333921681087528e-01 7.423355769912571844e-01 7.483051777324438714e-01
4.655953038690357482e-01 5.638928031418551923e-01 4.816709965577161690e-01
6.590686100103024803e-01 5.584286355811792779e-01 5.941021273472647524e-01
6.253701460586963412e-01 6.214269499972397970e-01 6.250516699830144240e-01
7.681037995671932128e-01 7.739137974683465426e-01 7.130520652527698733e-01
5.308631867877909860e-01 5.874561911985207718e-01 4.885084009510942682e-01
6.544450167617222869e-01 5.982542314705977526e-01 6.017326653228521893e-01
7.549153662964338540e-01 7.941509901765796409e-01 6.916239025177883804e-01
6.937791167213804844e-01 6.269992006012889973e-01 6.875888690124375424e-01
4.958276587680732206e-01 6.004093970454740248e-01 5.835690817215090087e-01
7.139546423018637844e-01 6.524176950708598932e-01 7.067597044092829295e-01
6.533613409881270373e-01 6.722863324153364184e-01 6.846713081174333748e-01
4.473029252996091887e-01 4.416020038868913589e-01 4.138883535401264857e-01
5.179347354183772012e-01 5.605129150995545873e-01 5.142268586617547710e-01
5.153794176148954742e-01 4.651045535210652226e-01 4.498031674014877357e-01
6.511230932491818280e-01 6.448577594632048937e-01 7.268763582164997628e-01
6.398086337042730998e-01 6.462068579168872562e-01 5.826703636675847342e-01
4.343353155758775674e-01 5.097185613832856399e-01 4.900509592660426961e-01
6.544988258645089152e-01 6.592694954951385800e-01 6.466859480832402030e-01
6.683063760073599813e-01 6.720343707187895754e-01 6.494104074221070944e-01
5.652269694489420182e-01 5.894406450465186076e-01 5.765643051070493685e-01
6.606608931143129748e-01 5.923269673514932609e-01 5.489906359254397294e-01
7.152435844368614237e-01 7.403656002998058039e-01 7.858174525664360921e-01
6.435925192881469803e-01 6.198129849264690794e-01 6.454792935369068063e-01
8.893960441294230801e-01 9.385034291463262290e-01 9.211890998865812641e-01
6.877008072388816062e-01 6.753338159332297197e-01 7.052615881059142167e-01
8.215941343330422919e-01 7.931738635200409338e-01 7.656983175801361785e-01
7.240226015573705265e-01 7.844069083056313119e-01 7.558684932924792932e-01
6.825778235444261988e-01 6.932556673406186087e-01 7.583668819502361602e-01
5.148418729656033532e-01 5.251012260925163044e-01 4.918379188879410946e-01
8.114442712768241694e-01 6.845482224881931366e-01 6.884550250207646105e-01
6.892450082279718560e-01 5.538054978914925819e-01 5.742196950780423803e-01
5.422461191577840900e-01 5.949838224872965320e-01 6.040520337959531805e-01
5.400516364644751821e-01 5.184153451772226529e-01 5.675369354521583309e-01
5.618136201841107402e-01 5.589236079205954777e-01 6.021543556397350727e-01
4.546825346473284957e-01 4.567282261731253623e-01 5.013845401559454684e-01
5.338380431815559213e-01 6.034929135922172394e-01 5.373811605433935767e-01
6.921198140327670112e-01 7.754622499213835729e-01 7.117481964873048073e-01
7.442671057100070930e-01 7.218053769975180112e-01 6.394016542137727077e-01
6.104689708489676736e-01 5.546685166698287484e-01 5.839138357160000847e-01
6.002511788809041793e-01 5.099870071194565480e-01 5.770555135102697353e-01
5.680295011054563581e-01 5.920286268258307949e-01 6.163246714706330787e-01
6.012413917943962849e-01 6.360596941530015647e-01 5.908503708040400149e-01
6.005211428361050263e-01 5.953248854203126994e-01 5.939532714200301822e-01
5.966323870895727799e-01 5.868659915198821686e-01 5.596396867513800943e-01
5.547692840144869963e-01 5.486662684687593217e-01 5.716046240013943347e-01
4.803971174812681211e-01 5.204181029898343747e-01 5.095346464225679606e-01
7.645148162543002890e-01 6.449967295256664457e-01 6.871202276943259024e-01
6.358694227346163297e-01 7.044364887994996050e-01 6.877061633270985519e-01
5.721746732010937198e-01 5.320112518537986057e-01 5.632131108112798934e-01
5.587978263778331511e-01 5.387615863112295012e-01 5.563788872103205829e-01
2.349252781485407227e-01 2.669949703874933133e-01 2.873201588377486404e-01
3.715413579492954921e-01 3.832849273350615316e-01 3.750576192902129735e-01
5.912812907941444873e-01 5.601457538866246866e-01 6.095599849716804020e-01
5.498286226122665044e-01 5.452632272306148220e-01 5.876579312013820999e-01
6.622832027630606300e-01 6.658049639526268937e-01 7.125054771726541114e-01
4.987342060050182213e-01 5.433814238466284641e-01 4.819408999659731130e-01
6.466427425514365002e-01 6.414710876325756539e-01 6.216001009084840545e-01
5.124726819674366718e-01 4.294153546847923608e-01 4.432350829128518521e-01
4.600557600514659229e-01 4.475762870754202427e-01 4.630363673903545307e-01
6.576975293811716528e-01 6.243270931351587727e-01 5.801746568614132293e-01
6.810713167886063291e-01 5.786044156658197712e-01 6.388610370780544168e-01
7.948686042716522904e-01 7.757962815216454810e-01 7.719326589367390135e-01
3.500226595966771104e-01 3.584614732777085533e-01 3.349128247273113756e-01
5.539132756043623207e-01 5.407123518876911783e-01 5.936941196618172878e-01
4.050901676290178388e-01 4.197947278678776373e-01 4.634827053881130365e-01
6.915130130667569430e-01 5.963705167500729099e-01 5.707122552876036092e-01
5.382719924479595353e-01 5.303655682536380089e-01 5.054400752329185620e-01
5.504973940697538426e-01 5.016751552394554947e-01 5.541807386021990744e-01
5.909455147469796499e-01 6.769938518195030008e-01 5.818834437959981010e-01
4.281074022509629429e-01 5.193621396772796217e-01 5.441788475179070161e-01
7.997616980163332334e-01 8.265072994013142882e-01 8.170612297481831821e-01
5.654375267827495000e-01 5.855040216842607448e-01 6.122050909313392353e-01
5.885238500223853864e-01 6.660652053631767044e-01 6.393195224557328693e-01
6.086138246165871957e-01 6.025015586059582207e-01 6.224377292431503284e-01
3.213713761775255362e-01 3.345467799823376720e-01 3.278782867396203282e-01
7.292109511093138874e-01 7.253250247899142300e-01 7.502649117338563434e-01
6.895869803421502686e-01 7.532256303117434992e-01 7.408756590875366088e-01
6.881601339710744503e-01 6.509951942091514177e-01 6.788271122886333497e-01
5.786079582709775515e-01 6.135876702813198857e-01 6.714275962080697990e-01
6.543048807131734979e-01 7.173801206275398634e-01 6.492460941190322243e-01
5.210570176716909918e-01 4.733602936771648673e-01 5.036311186304892606e-01
4.911158714240394518e-01 4.808311330586449439e-01 4.108730632548642236e-01
6.734057460817083340e-01 6.437446538260124251e-01 6.975376050219505020e-01
7.644748485825241247e-01 8.144210408032581672e-01 7.863607027243404435e-01
4.485601485184319559e-01 4.487030660505763602e-01 4.353794154592262045e-01
8.124077020938584859e-01 7.628127050715128865e-01 8.202769484686145418e-01
8.464828298325161038e-01 8.339259497201431115e-01 7.985802056589437203e-01
5.302639611306021461e-01 5.294194701068294373e-01 5.678101350572732908e-01
5.034696300132359692e-01 5.225974018428367618e-01 5.222756018775724929e-01
5.063776433917794861e-01 5.729115150381027810e-01 5.450203677491288756e-01
5.579794220055243059e-01 5.444849057804701520e-01 5.369266845303002356e-01
3.720165260916440952e-01 3.910338605382489008e-01 4.351296007890639306e-01
5.315629005900240900e-01 5.188064399013168071e-01 5.015329602739959647e-01
4.698866049454410998e-01 4.631086504278960070e-01 4.219724452982511753e-01
9.011105599748397976e-01 8.370512266569758442e-01 8.291739942139420005e-01
3.871602188908973008e-01 3.529060425815681579e-01 4.064607347683471539e-01
5.084206256393009049e-01 5.408675181840223445e-01 5.588366732347339605e-01
5.752660234019559837e-01 5.591418827914789169e-01 6.196852047070603442e-01
5.069805745824991217e-01 5.555765387793677457e-01 5.118429700511982761e-01
7.681200860914739748e-01 7.487758944574514075e-01 7.347001693394147326e-01
6.200395353556887867e-01 6.629872372945414538e-01 6.167239598898495156e-01
7.365003459258457896e-01 6.947544491263877298e-01 7.790750731119787664e-01
6.417999773407465636e-01 6.739042879746135473e-01 6.724300304428664221e-01
5.874921949180147429e-01 5.302080561419336702e-01 5.290045587329259558e-01
6.865506921243040850e-01 7.790424569416972700e-01 7.216652485714825094e-01
7.061281992719428136e-01 7.344949345830318332e-01 8.061618260253583523e-01
5.949603282033475438e-01 6.726058988165924957e-01 6.281787703020091929e-01
7.202516604300182035e-01 7.612160211898502116e-01 7.092668953927444564e-01
5.494173604615762985e-01 5.302902141554601823e-01 5.393673508605769662e-01
4.541572671135726824e-01 4.505278806970313688e-01 4.944666959549695595e-01
3.293960007816981173e-01 3.420446413476310177e-01 2.734483683552926259e-01
4.130187601424478161e-01 2.807728913773464563e-01 4.458683730275169732e-01
6.421756102682785183e-01 5.914579235411658864e-01 5.876661557938259728e-01
4.649451961591842819e-01 4.453427113434655915e-01 4.931709498460349339e-01
6.327582166888733317e-01 5.711720011938403729e-01 6.180340171429146157e-01
7.992981594591606065e-01 7.883836614202140991e-01 8.583906793285666081e-01
7.121103259192720358e-01 6.820144554985271279e-01 6.826668387764912582e-01
6.798347834271141199e-01 6.635471248435800273e-01 7.218226208038148739e-01
7.454125918186826905e-01 7.777390080766425351e-01 7.814337847366554790e-01
7.599469202480996222e-01 6.403624174291165927e-01 7.124083907584854991e-01
7.518398584248874306e-01 7.702774759347599254e-01 8.003420179087612496e-01
4.986028348303502278e-01 3.901229803202009294e-01 4.323430515099630500e-01
7.181512680479139599e-01 6.819757500721108645e-01 7.361621674109370961e-01
5.391914575090305251e-01 4.804992855616967429e-01 4.970389110368680363e-01
6.000090272216034304e-01 6.511375893548640992e-01 5.850811172917341763e-01
6.986544790112885206e-01 6.984251480756769048e-01 7.563130290813279144e-01
6.925327382040797897e-01 6.170328792431871712e-01 7.066867340594551461e-01
