6.543650642896402525e-01 6.304339417917305122e-01 6.049334875352777585e-01
6.254827313769989461e-01 6.244765622779050451e-01 6.726567485955924353e-01
6.889179354636761898e-01 6.455076564374003789e-01 6.591382284300317806e-01
5.980742244670238517e-01 5.395948257926486136e-01 5.769184638140032462e-01
6.194165614078532833e-01 5.954731926279364096e-01 5.997106440967459040e-01
4.222814524117824431e-01 4.152245388387349467e-01 4.277211997063524174e-01
5.234917217887731233e-01 4.779393067565232966e-01 4.793393014326560175e-01
4.822738339347373282e-01 4.220592160689197736e-01 4.087434055080689244e-01
5.389578806968881031e-01 5.744028722875321735e-01 5.715829916805404975e-01
6.315132835055182747e-01 6.164040476118680667e-01 5.853177502239333974e-01
5.817788524638723979e-01 5.786510133679223511e-01 5.687859435992275170e-01
4.049265813379235857e-01 4.043111588417689917e-01 4.500280128430823590e-01
8.029558508035690156e-01 7.947061170922957718e-01 8.012259664706703477e-01
6.726922759396302132e-01 6.668582080845758542e-01 6.737481571488953547e-01
6.461748748014282118e-01 6.466263863574037707e-01 6.411106558514809706e-01
5.356225994175496385e-01 5.127631112306744177e-01 5.782121899087927508e-01
9.864215327961266544e-01 9.508813051698771224e-01 8.712710065814642801e-01
6.661459227266306460e-01 6.974206974670784653e-01 6.265537261681374259e-01
7.442944897339399679e-01 8.030488737008046884e-01 7.095334710771807885e-01
6.008929254364682171e-01 6.135061994052896095e-01 6.365394602690758186e-01
3.752738034688930524e-01 3.149810449395362699e-01 3.673142647310460585e-01
6.446742266510079311e-01 5.655530999090089272e-01 6.220129424970408660e-01
5.090886413778470398e-01 5.305656648531908992e-01 5.123353503084060456e-01
6.018216995918921342e-01 5.284193481578998153e-01 5.647242994626122670e-01
8.483877923867418902e-01 7.897733674441199669e-01 8.259469223549370520e-01
7.569883510486881129e-01 7.619401254476246832e-01 7.678407295114378917e-01
6.723376311223563384e-01 6.690205841090042238e-01 6.254205948708776441e-01
7.072491628232455696e-01 6.572730996463906905e-01 6.450924110892694019e-01
5.195665870658610075e-01 5.622180590474818995e-01 5.481626169426492279e-01
5.990951426412168823e-01 5.787759437871470292e-01 5.940370578991360784e-01
6.304345492163677678e-01 6.656342258831184910e-01 6.680192696125218932e-01
5.593355779574470388e-01 6.074463501716917957e-01 6.236796347560963349e-01
7.322429142039907912e-01 7.205557448089656702e-01 7.367921823166881934e-01
5.993776950765614675e-01 5.838673990689740023e-01 5.339717749481540654e-01
7.116680704023921056e-01 6.967812410074057938e-01 6.646216194671246136e-01
5.563144025167223727e-01 5.841931679900322916e-01 6.170840737870950665e-01
6.600754695030351948e-01 6.229645372176889628e-01 6.856310955307484134e-01
4.102899621827199583e-01 4.378987275397455692e-01 4.082408867095821958e-01
6.689491208772624375e-01 7.092768841400634017e-01 7.095247151702358535e-01
5.485944170704973866e-01 5.167474361137045502e-01 5.157389306420625541e-01
4.049948936103050512e-01 3.784742442918058725e-01 4.115711741067131224e-01
6.624653737759521599e-01 5.705916529318990627e-01 6.204118813866534854e-01
5.716855125220888789e-01 5.510828224161490319e-01 5.821444576107063229e-01
5.725866151389109593e-01 6.139000246061940835e-01 5.531198396751442203e-01
5.571860450142385179e-01 6.170879581521374613e-01 5.648249546782881936e-01
5.653966422869062258e-01 5.959357273158449875e-01 6.091522381712307643e-01
7.220392522294198923e-01 7.522061811952112098e-01 7.184963501745993408e-01
4.679094903495596425e-01 4.826295688596253242e-01 5.091747064898132225e-01
4.298316375703474246e-01 4.632364284298067791e-01 4.928266634393912993e-01
3.945201750899376414e-01 4.496310700568629248e-01 4.814988538921311512e-01
7.587428515582118616e-01 7.631843244023004402e-01 7.381078705142758434e-01
5.954029052881095740e-01 5.644989338855235239e-01 5.533753672805882262e-01
5.082300835567148400e-01 4.774561370204573607e-01 5.201793414716987529e-01
7.181654405190300849e-01 7.311297244530106099e-01 7.400218717503272980e-01
4.480563077729829979e-01 4.634434246623400089e-01 4.498807466952824963e-01
4.996314828726783341e-01 5.316917973463831659e-01 5.224932418100765030e-01
4.813403064955963373e-01 4.704016936078596056e-01 4.437108516675249970e-01
4.366231317355460106e-01 4.861362198062936790e-01 5.038418582420626235e-01
5.930997006036710095e-01 5.931489128766406216e-01 6.223392295812907316e-01
5.228769031909499265e-01 5.588024151041933729e-01 5.157405764948482796e-01
4.778357299982247675e-01 4.358800684863602393e-01 4.305874721403759597e-01
5.739627344259177200e-01 5.326655616805425764e-01 5.511207510597805337e-01
4.706771487272521370e-01 4.530178922738009595e-01 4.841982370719165041e-01
5.581718892187013115e-01 5.791216566162872281e-01 5.426081267632830718e-01
4.856534974832488749e-01 5.182961903984428798e-01 5.287640378825879672e-01
4.532596516174717260e-01 5.197596329700270301e-01 5.381610508560977779e-01
5.821534941917124728e-01 5.431932997365939153e-01 5.444632458757310278e-01
5.093383641403176343e-01 5.123328211527259368e-01 4.461806752061041603e-01
6.365656602277675047e-01 6.246440270723594423e-01 6.132202491944923617e-01
3.773686542576045744e-01 3.987599307825456241e-01 3.366230185836276423e-01
5.571879866302946738e-01 5.352678168399274128e-01 5.379910724292775726e-01
6.109162823219624894e-01 6.441965400247019469e-01 7.170908313186177274e-01
6.943879343294593331e-01 7.308342629657511580e-01 6.864674629822932195e-01
4.735522571860695251e-01 5.320206912366718388e-01 5.413361162421626016e-01
8.634919580221934732e-01 8.600586202342509479e-01 8.494723787002549376e-01
5.415863084454006771e-01 5.334521729667196510e-01 5.578935498570884999e-01
5.948401564070820990e-01 5.476993641197808182e-01 5.734563066316744617e-01
5.008696223586743823e-01 4.730724356590007007e-01 4.926335286953873460e-01
6.977701187826228502e-01 6.997310524850720581e-01 7.083112962809944291e-01
1.735662583584464680e-01 1.793017770772190045e-01 1.422973103317788646e-01
6.611688681458712802e-01 6.282152747193254783e-01 6.213452562491841302e-01
4.988616763892302353e-01 4.945427694337584668e-01 5.017412513877584912e-01
6.579684246738436437e-01 7.378355504329586756e-01 6.941764413913394938e-01
5.093010889834692634e-01 5.557522976447738516e-01 4.723935203775907476e-01
7.227460299243627651e-01 6.287025696427326338e-01 7.410882129656070072e-01
6.636291235333002803e-01 6.499372008424367797e-01 6.372422568481561633e-01
6.003902421996636374e-01 6.682887128553736122e-01 5.727619192352360056e-01
5.767090323315280376e-01 5.704359434970941445e-01 5.748408991304623239e-01
6.894483008693460535e-01 6.357320784643357703e-01 6.489918283118574216e-01
4.850967053382339023e-01 5.909548027353106470e-01 5.775245963059342236e-01
4.996092849615749176e-01 4.653155315863136132e-01 4.319889335701432853e-01
6.800618332145534906e-01 6.267266963128976798e-01 6.884606683936296267e-01
5.973674950119396421e-01 4.997143853495436550e-01 5.257708329542967185e-01
5.376054213761639611e-01 5.490358365239639271e-01 5.308010750004992229e-01
6.008185082129853249e-01 5.929865105629090749e-01 6.362494473408248918e-01
5.600879021663492940e-01 4.877751137571605944e-01 4.924624635534475825e-01
7.573780900506270619e-01 6.803395665316521734e-01 8.132197380592781633e-01
5.921267449167049168e-01 5.272156937252902020e-01 5.356785995624385732e-01
5.972958655016202822e-01 6.024871882515654420e-01 6.356558552835399611e-01
4.834910601775228578e-01 4.209762276842284878e-01 4.433848899912107289e-01
8.827439716040558215e-01 8.956767147166170284e-01 8.594857239581049635e-01
6.846619016525585799e-01 7.318325877972451377e-01 7.867419154465883357e-01
5.297054710955559909e-01 4.785193239101625529e-01 4.868632252460452503e-01
4.188929801452119794e-01 4.492152469305581430e-01 4.535344800353206529e-01
5.541604453695757604e-01 5.912016103701852598e-01 5.524468662324070189e-01
5.486403835723820954e-01 5.910444249002617667e-01 6.080960206098137144e-01
7.442328263427538948e-01 6.959900829581880943e-01 7.341375111082639737e-01
5.892963421755976761e-01 6.302028018302976431e-01 5.950316014960290723e-01
7.865472470637299152e-01 8.223277712984979892e-01 6.893614499057124645e-01
6.794409658214359826e-01 6.781274258500544772e-01 6.650777639732017299e-01
6.382802335653947612e-01 5.911110373652378458e-01 5.770665414907937274e-01
6.056545958205999947e-01 6.498921721522289419e-01 6.032800173858061665e-01
4.631883230780592386e-01 5.102702849703194543e-01 4.551907159292216676e-01
4.901367904028433031e-01 5.331768307275348562e-01 5.641731375815814964e-01
7.635068978560510811e-01 7.214035355258332505e-01 7.550349629325978640e-01
7.449606846415511852e-01 7.511614543921925069e-01 7.317838445108216794e-01
5.598339392231763689e-01 5.128993975785490766e-01 4.844058670917829046e-01
6.714137115287539537e-01 6.914256279766097801e-01 5.824750962967616408e-01
5.473920931446106808e-01 5.003401086416772170e-01 4.797967176624684527e-01
5.272875471118655399e-01 5.435848622400559771e-01 5.180280725468123793e-01
6.076531340909725465e-01 4.982452381140729525e-01 5.070113498101348481e-01
6.704615674414324822e-01 6.348270572669489908e-01 6.246196788128379751e-01
5.772410643602352565e-01 5.866952445706118402e-01 5.714442469289324755e-01
5.430853416289667113e-01 6.349949979162864411e-01 6.278950006695415142e-01
6.904214656553741003e-01 7.680035870298050904e-01 7.541236085664538846e-01
6.717173545088869213e-01 7.314542893533192425e-01 5.740904897901696335e-01
6.260851713297090892e-01 6.060514634452695004e-01 6.365987350582864579e-01
4.894790626689025648e-01 5.472723603602889231e-01 5.506128224973764196e-01
5.350436968330857246e-01 5.317621067548231606e-01 5.400474354884921002e-01
6.587582130325435603e-01 6.762876381761666611e-01 6.437311985364425615e-01
4.814730497544453813e-01 4.938186988961550949e-01 4.959443250341268872e-01
5.580278891575751743e-01 6.214761229471649218e-01 5.995753604486671051e-01
7.453398965212542082e-01 7.285667291054575001e-01 6.313371682475273916e-01
6.041123074501689727e-01 6.239603358915714049e-01 6.281959822345443145e-01
8.008451338559786636e-01 7.133876318693943563e-01 7.154541562101277563e-01
4.864196325956091083e-01 4.938412812315356448e-01 4.919867052970515187e-01
5.055625542460536748e-01 5.235925503861141861e-01 5.136558468050349546e-01
5.080495821125311506e-01 5.012740890037974406e-01 4.232209064234554452e-01
6.994040887023247333e-01 6.206460097898347517e-01 6.483012798811108590e-01
6.585062367245310133e-01 6.699664601100160377e-01 6.945597721895205856e-01
6.394785813226917526e-01 6.454160025250226251e-01 5.994720464710030505e-01
4.640800608877704292e-01 4.374417518029599661e-01 4.757920809717685606e-01
6.750829842971446393e-01 6.725694613065718030e-01 6.475613800763111438e-01
3.721509189047460531e-01 3.982872662368038830e-01 3.947615511972748514e-01
7.239473583407586288e-01 6.980664799847491331e-01 7.230283946153845953e-01
5.413521985175514528e-01 6.051152738945835274e-01 6.274322876312178332e-01
6.268660470924912742e-01 6.471851732122818612e-01 7.201876051351383534e-01
4.019466740468704558e-01 3.105347766628299699e-01 3.809737490823175698e-01
7.555007364042096718e-01 6.797206777667231803e-01 7.443528886628278940e-01
7.468008524124455372e-01 7.521101596056968264e-01 7.969398626227739424e-01
7.555369169406018770e-01 7.444300650211875814e-01 7.959709461403762232e-01
3.487126607706386716e-01 3.118502948544020770e-01 3.067278967383234578e-01
5.901907591336514880e-01 5.681941183415782914e-01 6.061934573326626108e-01
4.952860127725321471e-01 5.695295588743860549e-01 6.041451588328703437e-01
6.429980144329594527e-01 5.920142179011886885e-01 5.858603145374804422e-01
9.075995873874482811e-01 9.460904298403524093e-01 8.637641408495584372e-01
4.381529438407362198e-01 3.479633549001244219e-01 4.213275276119579082e-01
7.252680902268008323e-01 6.503057683563157054e-01 6.739238151547071176e-01
5.733609454453613141e-01 5.597117561853788281e-01 5.046628207334562521e-01
6.315332361321175370e-01 6.657402616838024034e-01 5.464200194974307978e-01
7.198629764082037363e-01 7.046005389061741342e-01 7.212688296492210105e-01
5.616989870446134070e-01 5.142193812616527859e-01 5.436094325163366436e-01
5.259141377904807957e-01 5.921220685331877176e-01 5.920138903928581220e-01
5.630416699044809015e-01 5.653773940816014809e-01 6.194657097089366626e-01
5.700157071850694424e-01 6.184759495227838411e-01 6.258976141699428286e-01
6.671207015856149836e-01 6.224563269032282742e-01 6.149419865111791506e-01
2.840106627813876461e-01 3.163349681371601663e-01 4.121296904614781265e-01
8.294492621128479737e-01 8.072031035500080165e-01 7.353795554314698224e-01
5.352890212102814349e-01 5.908642965750575682e-01 5.745684058934923399e-01
6.499348888451372819e-01 6.093636864555297405e-01 6.233293574823539629e-01
6.660394267034407401e-01 7.411505157666905541e-01 7.587721732588869061e-01
5.078719944051844903e-01 5.720982168760579967e-01 5.460255817224294317e-01
6.597633076569332511e-01 6.074934353347772875e-01 5.506597822621481786e-01
5.659131729099374786e-01 5.469748586341808272e-01 6.370658938808220206e-01
7.283675690322395369e-01 6.581982611017579421e-01 7.477481173821612925e-01
6.122970536056473456e-01 5.742476567512372343e-01 6.067198468436516556e-01
5.100342485396226477e-01 5.212336559743301345e-01 4.727596986216325292e-01
7.021415861392417135e-01 7.233615516881387597e-01 7.141488903983564951e-01
6.543059418543137884e-01 6.476458359382414320e-01 6.286326039730480986e-01
7.626878577667268733e-01 7.765106632273726106e-01 7.537211160980166191e-01
5.145769051156648954e-01 4.755955256558725974e-01 5.027077312824426158e-01
6.279907101361557054e-01 5.583789633944079567e-01 6.126146935299200402e-01
4.639602673324714210e-01 4.382908125031150237e-01 4.324496440016680765e-01
6.504738044786543272e-01 6.352124303546438089e-01 6.492063952685868111e-01
5.166252187834726728e-01 5.692996791901329123e-01 5.469560271114395356e-01
5.195223026077785411e-01 5.538844111521329383e-01 5.627451400504580592e-01
5.353014285489378077e-01 6.104003540027397312e-01 5.601672604126513022e-01
5.647674642390622113e-01 5.659998304749225273e-01 5.524864648189229399e-01
6.144134338608955304e-01 6.467037041752730087e-01 5.708514607249561834e-01
7.737629023178100862e-01 8.043332458892951120e-01 7.984529484557214563e-01
7.114181497335411164e-01 6.839366109171926000e-01 7.572776314865041769e-01
5.444665115875482186e-01 6.191767780313128799e-01 5.913182278556949889e-01
7.144552486419931681e-01 7.493864395382950905e-01 8.137965020963410234e-01
7.331785806333678268e-01 7.066851470932807855e-01 7.053240408501837422e-01
6.999674359791142608e-01 6.612134341669890780e-01 6.961862261760418669e-01
6.681711709341772165e-01 6.929438053960857991e-01 6.640945968870395344e-01
6.399144085969939999e-01 6.614901678482254521e-01 6.727223545924367887e-01
7.321228904075475219e-01 6.905381803049974732e-01 6.426708618802920991e-01
5.572298095178470634e-01 5.374930320850934695e-01 6.426386928139601329e-01
8.452666307128012813e-01 8.113233846457819087e-01 8.693111177821992719e-01
8.152029253968221534e-01 8.659287243478568374e-01 8.689716314254549712e-01
5.317318674561775094e-01 4.813776576066303159e-01 4.784442502170977440e-01
4.022764011597960709e-01 4.275081121757453029e-01 3.813900328864868738e-01
6.699303062405848053e-01 6.010256769164995516e-01 6.772617225392015827e-01
7.127680059137743163e-01 7.012001477002819394e-01 6.952133312004210586e-01
4.909491463010541845e-01 4.231735127719660761e-01 4.419741339198864361e-01
4.867819194217667400e-01 4.907258812500280287e-01 5.349589976690467541e-01
7.598102459751502336e-01 8.408054346996339801e-01 7.487418485655633615e-01
6.232447737836932511e-01 6.322993334549612543e-01 5.450786168525569853e-01
5.189807391813785475e-01 4.858365058315218810e-01 4.752707496643032159e-01
7.463557705416000720e-01 7.649410858083529607e-01 7.875220416171870852e-01
6.767229783166970325e-01 6.868604351069388381e-01 7.227918418234671183e-01
4.191814976968836759e-01 4.442875493594466429e-01 4.002055712716017233e-01
4.154455934988144916e-01 4.381838358953774049e-01 3.934678453837352485e-01
5.873557569275155155e-01 5.967288902622487345e-01 6.242793266480843872e-01
6.594470079907819304e-01 5.962520471903353103e-01 6.059256421210184040e-01
6.049972242850234494e-01 6.298325949649202782e-01 6.282959771755873835e-01
7.931600367010414043e-01 7.784166562160843572e-01 7.894724363640359677e-01
4.841142677175619968e-01 4.519921245146317768e-01 4.460758575843731255e-01
6.031475836853594785e-01 5.582076475926308623e-01 5.869971768796384826e-01
4.502905355431808254e-01 4.287778200263105410e-01 4.410630484217273328e-01
8.172380981053767313e-01 7.750278874010821939e-01 7.707914799468478240e-01
6.879776947221841743e-01 7.030599011857057157e-01 7.215493483907478023e-01
6.009045297911771444e-01 6.073424963521119047e-01 6.855549378553130735e-01
5.124857045233078834e-01 5.805160783885419118e-01 5.733841919928719388e-01
7.189361615267533256e-01 7.223125848544538208e-01 7.094483566737849189e-01
6.467577543234575010e-01 6.802994081963703588e-01 6.370389969466156987e-01
4.822501653927933063e-01 4.365432455604444928e-01 4.756365224812336701e-01
5.700291160366536269e-01 5.708112586990062853e-01 6.226702011963282102e-01
7.102629536049621661e-01 6.704646477046860564e-01 7.368814377147590022e-01
5.941825498433126462e-01 5.968009979531183617e-01 5.993543287883321691e-01
4.956191530944578094e-01 4.459953187073407710e-01 4.325903705616060413e-01
6.667058631393645296e-01 6.093681642148039979e-01 5.727488562739833089e-01
5.156792399660470316e-01 5.504527689646135924e-01 5.365825888758540829e-01
4.405089201742301008e-01 4.252668350186503687e-01 5.323664874580086304e-01
6.266540699890179589e-01 5.909232025229302909e-01 5.915745376144484480e-01
7.680082200293776307e-01 6.936846632833956194e-01 6.581909040171814995e-01
4.931867492296991839e-01 4.336230579386340378e-01 4.089526012801865118e-01
6.473827098548060599e-01 6.479005408768092611e-01 6.697026299262953675e-01
6.846383408122929115e-01 7.344550855197361505e-01 7.329829459896831656e-01
4.764481506457222126e-01 4.096971744274845451e-01 4.430324220154968073e-01
6.675505376808938962e-01 7.249465461780945086e-01 7.092703597012205430e-01
7.337205472365776471e-01 6.581500372955803035e-01 7.131302681244641173e-01
4.565682101980612084e-01 4.391242057699761281e-01 4.516963189889020569e-01
6.060119819155354026e-01 6.425860440234617554e-01 6.762109261988116238e-01
8.429621575684175250e-01 8.494031727774609131e-01 8.382076599209153933e-01
5.486951179442528526e-01 5.329785707761143243e-01 4.928036297422577761e-01
5.473631944364912849e-01 6.788741458258853445e-01 6.139337002531718435e-01
7.699242358251051632e-01 7.198298682784041169e-01 6.556832977616462443e-01
6.247369674893771263e-01 6.260163268867321440e-01 6.290282454528823841e-01
6.019100903601086738e-01 5.521709387074874575e-01 5.477472790900984601e-01
7.307554301921953543e-01 6.606272208319724504e-01 7.382023146473974951e-01
7.550366240706462007e-01 7.043620523621610952e-01 7.107293745129162899e-01
6.784181282892399745e-01 7.298151301929407531e-01 7.318815010314146940e-01
6.155714228704706192e-01 6.110051915565221092e-01 6.663610301345178621e-01
6.376979987809415773e-01 6.707627627993608677e-01 5.982796334511673031e-01
7.124400196066046353e-01 6.910193615400030964e-01 6.832458655542883452e-01
6.164619412421902256e-01 6.562245823518035870e-01 6.196076243099056802e-01
7.698536543509110208e-01 7.857209685265520438e-01 6.801807561303516714e-01
5.326474837300660958e-01 5.380770469381283005e-01 5.750540371556543962e-01
6.301361408247364571e-01 6.429547442144977198e-01 6.410220585318335829e-01
6.800204578235304886e-01 6.942604792417962356e-01 6.743100618144100000e-01
5.025516310122052355e-01 5.153240499196146684e-01 5.132482655088912438e-01
6.129821494794093217e-01 5.987095345353824483e-01 5.639679649584090626e-01
3.971648158969877662e-01 4.099036064935120405e-01 3.874595744441898248e-01
7.062165349614697440e-01 7.119360064797585208e-01 7.334700586958721180e-01
6.611849404389361640e-01 6.251812491200536837e-01 6.752036447269956776e-01
4.838212063553491427e-01 4.485412438204771646e-01 4.657708951855399904e-01
2.906430656149975311e-01 2.577490991036597290e-01 2.696003879140171922e-01
4.573011086549765847e-01 4.539545953095344699e-01 3.785359007207948490e-01
6.365913740136888155e-01 5.319032462747964596e-01 5.469216533442419204e-01
5.458265266865875986e-01 5.356701236063100557e-01 5.702330178351106005e-01
7.205432221028126305e-01 6.555255915992553861e-01 6.548233160543261988e-01
7.184975451890308618e-01 7.014259360260560738e-01 6.784834641159975810e-01
5.207972320188077875e-01 5.814245954555822271e-01 5.991310098877448143e-01
6.892642995801154804e-01 6.166764315147207354e-01 6.791434022974888185e-01
6.252410090172484392e-01 6.481188339666628107e-01 6.374333949409672906e-01
6.436266459056848577e-01 6.315429134870370609e-01 7.295328683535905467e-01
7.413126895668853411e-01 7.190960920522504463e-01 7.642272327441231861e-01
6.735788954344609225e-01 6.714699192795953175e-01 6.522062720118281254e-01
5.778694809818561984e-01 6.324782406199507268e-01 6.362026125628990059e-01
4.298098279717633141e-01 5.429844479459562390e-01 4.514153720582417817e-01
5.723807776801277392e-01 6.080415581539325709e-01 5.807035534137022781e-01
7.056547988653586456e-01 6.771249418171159107e-01 7.423487400429862326e-01
7.005286787683011607e-01 7.206689177771331556e-01 6.168439268930786534e-01
4.630511890985560264e-01 4.989357380282444798e-01 5.409615177657103313e-01
5.459400950126714891e-01 4.651136065648215911e-01 4.684106603622864573e-01
5.755256471074996494e-01 5.940791939359303386e-01 6.164720325898634945e-01
5.904872982396819348e-01 6.376425748845385710e-01 6.022194779600181791e-01
6.500998491347138586e-01 6.736564555081440142e-01 7.001804263266654393e-01
6.648647581722832989e-01 6.140423713564855390e-01 6.887375888615623332e-01
6.327811112093948420e-01 6.636402618553730592e-01 6.191993083398118491e-01
6.510095414567910188e-01 6.297200784758679726e-01 6.526738456771362662e-01
4.945689589884407766e-01 6.152748936499284893e-01 5.607633816145450867e-01
6.228364362911628094e-01 6.584554326092889598e-01 6.475039773820708833e-01
4.610477714739873445e-01 3.865811054185009921e-01 4.705187591964185012e-01
5.540508057898927419e-01 6.367614452872992770e-01 5.337535413768703663e-01
6.355690598671901448e-01 6.401510648593086161e-01 6.358738409279849346e-01
5.001585792248482987e-01 5.606559371543398118e-01 5.849230532358754564e-01
5.332719717866784004e-01 5.242494989687156437e-01 5.009726033299433112e-01
6.162242051147921451e-01 6.673212957319075711e-01 7.198515839401843364e-01
6.558710498615966111e-01 7.311007444580392978e-01 6.465948486391888128e-01
4.960387715003470865e-01 6.094689210994663764e-01 5.620295759215246933e-01
3.228637386823746125e-01 3.083881241482217539e-01 3.128716387825954404e-01
6.010277109478261437e-01 6.227735302276827811e-01 5.856037894092266383e-01
6.008368903421059670e-01 5.443023781255100779e-01 5.925824117546824032e-01
6.290451234859790741e-01 6.744312999044460577e-01 6.990567002723401258e-01
7.185902984483887312e-01 7.634753196455891233e-01 7.487440054111372811e-01
7.565807990826591833e-01 7.011100509632527400e-01 7.015935568079092466e-01
4.363537623163540324e-01 4.363253565309663240e-01 4.558927507356219655e-01
6.697010996780244918e-01 6.825585830861335968e-01 6.350719460520773962e-01
8.393924682151985284e-01 8.946349502874836324e-01 9.085434101639471294e-01
7.580442711200637840e-01 6.915315620520261497e-01 6.836146502527622459e-01
4.696850900590673339e-01 4.063480942573235999e-01 4.304232205252480070e-01
5.613329332334552335e-01 5.625241384690525814e-01 5.668699755321275902e-01
4.631950910580304726e-01 4.720595633824082871e-01 4.147406280196437312e-01
4.045376011799967642e-01 4.420880744142869356e-01 4.713022700578794466e-01
4.987485286129116901e-01 6.035519900819927841e-01 5.272598803343111484e-01
5.248030606063518455e-01 5.620793212299507458e-01 6.309452200438531166e-01
5.227801263352188643e-01 6.004469112819265098e-01 5.470803398431789422e-01
5.491859881225862328e-01 5.920466210864268053e-01 5.391924705132283835e-01
7.932291820051189379e-01 7.594052906880525144e-01 8.459035101464676965e-01
5.912919155542109007e-01 5.238029184379816572e-01 6.087911867400536137e-01
7.367630227780295193e-01 6.398849542045125238e-01 6.651127455282418444e-01
5.802980623793216886e-01 5.975562791088705472e-01 6.135121038573091434e-01
7.151155341452428704e-01 7.598078712401664658e-01 7.371179148744735343e-01
5.101286967682538975e-01 5.526468885209875337e-01 5.192156047205328528e-01
6.950524488486619079e-01 6.831557385787524472e-01 6.924584929716917081e-01
5.957362600562768895e-01 6.077809377511803612e-01 5.882018816061073130e-01
5.283894540217816127e-01 5.851289777623295274e-01 4.926120146027366253e-01
5.612299937939647654e-01 5.914958262279058632e-01 5.318253807014420298e-01
4.946715096352208851e-01 4.543190747304755028e-01 4.774880460216027189e-01
6.277078651970456891e-01 6.360555392668163499e-01 6.792278945675035429e-01
4.049557697771336007e-01 3.360671234327106127e-01 3.761857046748731115e-01
5.640636265712425379e-01 6.079965321211607820e-01 5.031095617470128234e-01
7.979955963728205814e-01 7.083547097222752109e-01 7.470914734570717197e-01
5.922757590214617895e-01 6.282531547926996085e-01 6.186040518410728106e-01
6.102603042195428040e-01 6.256959133224716529e-01 5.853839618303471326e-01
5.572759948791731199e-01 5.549814578213837502e-01 5.694811826686462242e-01
5.686016493191015098e-01 6.026743217311320011e-01 5.637861382717139769e-01
3.150645156011159798e-01 3.883251956405079919e-01 3.357191965350996843e-01
6.952386047182445017e-01 6.795718088960771563e-01 7.231325026853793192e-01
6.626004642931546673e-01 7.253857723012828718e-01 6.575434413105396558e-01
6.544031017160560904e-01 6.738474363144094648e-01 7.078545017493554914e-01
4.231948963978871547e-01 4.447547874192619433e-01 3.990537190380387123e-01
7.739429932734306350e-01 7.823188053278942178e-01 7.324449053892978512e-01
5.026451253299089039e-01 3.848048148069671548e-01 4.784287428658458574e-01
6.906458038370254515e-01 7.277933027919322173e-01 7.073968753205380766e-01
4.480630499249509957e-01 5.853064470953712739e-01 4.170461086909194037e-01
5.363056573738758104e-01 5.295831570442829372e-01 5.018526740319927404e-01
8.080283795710512251e-01 7.973367885134609034e-01 7.742539163352861742e-01
6.109508917714510101e-01 6.126811329294395980e-01 6.380644331195959307e-01
6.760808717029721526e-01 7.719959589875468042e-01 6.876046108865531137e-01
6.351306056971280922e-01 6.491142507793579153e-01 6.178605215416217433e-01
4.600784543191510645e-01 4.813762291564154805e-01 4.742574620843114097e-01
5.348468769268851508e-01 5.834870184879455968e-01 6.451719301300771203e-01
7.118421300544917063e-01 6.431481723436912601e-01 7.505322656223801792e-01
6.952188164539648829e-01 7.259299469538532668e-01 6.805811159288628343e-01
6.319523337287057396e-01 5.990648359036349069e-01 6.530256994439820328e-01
6.622790727181334658e-01 6.424184326525818056e-01 6.757610171224062157e-01
5.428537983977497206e-01 5.371672104400261327e-01 5.998143294467941367e-01
7.415510591221063930e-01 7.586159842967958866e-01 7.703998264358267178e-01
5.798397458574748864e-01 5.667941097500377445e-01 5.919221276616569716e-01
7.001158170921848445e-01 7.740816465757344167e-01 7.491588265863505791e-01
3.779694256129800811e-01 4.019881739762283801e-01 3.741275155429231170e-01
5.799818143416067828e-01 5.416253312860178637e-01 5.406261356062069812e-01
6.885497782922667120e-01 5.601032564261522184e-01 6.829339086861916375e-01
5.928345222472599652e-01 6.006051817205578791e-01 5.408010231382626154e-01
7.146349247865696475e-01 7.345374260649116804e-01 7.170850667437537185e-01
4.334774734792635753e-01 4.503258491404948383e-01 4.404012954424706972e-01
7.919363721632283193e-01 7.072490378230192887e-01 6.981911495678692070e-01
3.991304052048990081e-01 3.702545347774396367e-01 4.721757388495368968e-01
7.430458619535375009e-01 7.156965424667907083e-01 7.291525330878386724e-01
5.697495245603643177e-01 5.447461440552107126e-01 5.977387992860117016e-01
6.567543465979703843e-01 7.025248012580950219e-01 7.271982031771661026e-01
7.626137070268428353e-01 7.118425433985935413e-01 7.132565213994563891e-01
5.240362550176349554e-01 5.425331067102207028e-01 4.741998117771470400e-01
6.025572863052371941e-01 6.462468962065427425e-01 6.294077394243605683e-01
4.615443136723378359e-01 4.580159496969524735e-01 4.472554737196727248e-01
7.209924759827432972e-01 7.923328986105689919e-01 7.583658489233221500e-01
5.889314669405516511e-01 5.350333035683949578e-01 6.235100579092807127e-01
4.328514531551633793e-01 3.975216333306608174e-01 3.519869523901643649e-01
5.767612556580291594e-01 5.513232506732556049e-01 5.547462559453346653e-01
6.663118487853110228e-01 6.481739107820788659e-01 6.448609524182473685e-01
7.787162120192607784e-01 7.445599903468688163e-01 7.309893270013620992e-01
4.987781171156663307e-01 4.619781075513581525e-01 4.970832730919031994e-01
5.289644707169010029e-01 5.476949103813221198e-01 6.152598120319068276e-01
7.359765683320810270e-01 7.357115805413765308e-01 7.100758460646806602e-01
5.233785046033742061e-01 5.709406334331298405e-01 5.429841269470351284e-01
7.266874150861880599e-01 7.867098679773991687e-01 7.970980462815043799e-01
7.998683488778578488e-01 7.537017803569717733e-01 7.250813566743909977e-01
8.476064528673107334e-01 7.603442981229261433e-01 7.741974195633363198e-01
7.168327238486131847e-01 6.940168972778848477e-01 7.330241360619695890e-01
5.720284496139745878e-01 5.799249128902891348e-01 5.783050428446909752e-01
8.055679485121014505e-01 7.414238509256912968e-01 7.193159560042260425e-01
4.801662974312694843e-01 4.699323778753926595e-01 4.287581019694798323e-01
5.731376695515756348e-01 5.329224998226576027e-01 6.013466725659361023e-01
4.492221342969740516e-01 5.068458134255590108e-01 4.658912787660108301e-01
4.548159466395633732e-01 3.955361654664313886e-01 4.631920132443229643e-01
5.596658066044989388e-01 4.877869943684587373e-01 5.934356339688307003e-01
7.230457089241221214e-01 7.493168942663972487e-01 7.199556703335233676e-01
5.313567477252264526e-01 4.899325038613387973e-01 5.643445220323960454e-01
8.085081494374747324e-01 7.320500879570880359e-01 7.635131013568827729e-01
7.336908160494433062e-01 8.015495544818206364e-01 7.545775979110995735e-01
7.515865002560020436e-01 6.995603720620343635e-01 6.624577476341696469e-01
6.044526381923697178e-01 5.875553847366508098e-01 6.176889230717036439e-01
7.059613966458164747e-01 6.562370664964404243e-01 6.947455249904319619e-01
7.663275271387711696e-01 7.329960696600433812e-01 7.339158879374617639e-01
6.725929560518076888e-01 7.022576326945974001e-01 6.724108230434364675e-01
3.384916498018956110e-01 3.446929665360561335e-01 3.983616010865309032e-01
4.164670770153068857e-01 3.672809402064025064e-01 3.852705986258921911e-01
4.077956677097625549e-01 4.889153697644664232e-01 4.645851637241502630e-01
7.538640280061346122e-01 6.884896037164400795e-01 6.838405329872915273e-01
6.361342932929487937e-01 5.889962992003922038e-01 6.102450627220936674e-01
6.494978630731939040e-01 6.554057160131437909e-01 6.082140223003335011e-01
5.558855761261979334e-01 5.329934356950232210e-01 5.498626932034396120e-01
5.205363027100154971e-01 5.250196037257729431e-01 5.191718257233726153e-01
5.365429519872266795e-01 5.857272797461069436e-01 5.394585785911516496e-01
6.029309355056488018e-01 5.638584037471300325e-01 6.754076314181928220e-01
5.714709240880012642e-01 6.081506677712829045e-01 4.537161724881693670e-01
6.479442080324649966e-01 6.762997315720581382e-01 6.205107127021650681e-01
4.963373641693096250e-01 5.834063665217394945e-01 5.616455238808437667e-01
5.504821651634868029e-01 4.972013533316307909e-01 5.332333171850379694e-01
4.779609976366666069e-01 5.083144323807924359e-01 4.769911594765647300e-01
6.787793141223711357e-01 6.204794116154743744e-01 6.429280679340912963e-01
6.318823193026747997e-01 6.798309112156885048e-01 6.221544425771656783e-01
4.055270401737468000e-01 4.195157675258722185e-01 4.699163705799645485e-01
6.317739022833387397e-01 5.783359018754705705e-01 6.358646424932803409e-01
7.534119985726895896e-01 7.287526088454894246e-01 7.000922757058063439e-01
6.882185651155523498e-01 7.161477231199958604e-01 7.435656807573682858e-01
6.032678340963768537e-01 6.758044463042993666e-01 6.116969530190020654e-01
6.432226591842128416e-01 6.028081341789054415e-01 6.354562757681234686e-01
5.751891216673987728e-01 5.936225163378111569e-01 6.041044696658502966e-01
4.303739955999459910e-01 4.451046473466434561e-01 4.953349944525391457e-01
5.410646040108194610e-01 4.800038620201930728e-01 5.050394000740867639e-01
4.288137241370667541e-01 5.320349859225400602e-01 4.400734075635802101e-01
6.061098495186759694e-01 6.828570143810207549e-01 7.089087561673612647e-01
5.930682929471516873e-01 6.344519980566083461e-01 6.052294612142400387e-01
4.845830764199741680e-01 4.901726517817234785e-01 5.106684727696076953e-01
8.497255046661219557e-01 8.779501803438543028e-01 8.221970207925638485e-01
7.779056536673323308e-01 7.999641699982525944e-01 7.567202708273560452e-01
6.391654745237747015e-01 5.753743164582708625e-01 6.204465044378589811e-01
4.365837785084144551e-01 4.104520957676526249e-01 3.782818426812077361e-01
6.792216422493769779e-01 7.223981423351828468e-01 7.168198923752044927e-01
4.179575561568020237e-01 3.818716716641764042e-01 3.861986759812504610e-01
6.507561383519974152e-01 6.340442461195253676e-01 7.005255438320248107e-01
5.172442846405593819e-01 4.730970370719856932e-01 4.497317353418345265e-01
4.485936176213665694e-01 4.493746280210851873e-01 4.628025819012162589e-01
5.880346625133128224e-01 5.364912226885254487e-01 5.581753411722037983e-01
7.526349153198289565e-01 7.426015245028914080e-01 7.494736495746439076e-01
6.481671863334311778e-01 6.612749593822553340e-01 6.887517390415275331e-01
5.893056858348553195e-01 5.257080370127292790e-01 5.297644334148284839e-01
6.419659474319066028e-01 6.166832628795168025e-01 6.426939451466557873e-01
5.605978268508703399e-01 5.775754257899542443e-01 5.750549228920686096e-01
7.665343560654239718e-01 8.037776220235186564e-01 7.702234179688941529e-01
4.842417674290664942e-01 5.435580059908694528e-01 5.297210620456079821e-01
7.649622943521221519e-01 8.938303358517935004e-01 8.366688665572133976e-01
6.287184089311647073e-01 6.121381479610947807e-01 5.775957292451419089e-01
3.151759858625682309e-01 3.337477205843999428e-01 2.599583780142842304e-01
5.529254826730959360e-01 5.282492641310445602e-01 5.089021388891379338e-01
7.930346939125102468e-01 7.956292922123567868e-01 8.064708273997805987e-01
7.481278604614671757e-01 7.571305293902697020e-01 7.184081459229230138e-01
7.955851369097881598e-01 7.583405745936068199e-01 7.900693733965671317e-01
7.335718603509204794e-01 6.770199478331703213e-01 7.237440167076938380e-01
6.123952349416611485e-01 5.866117593850840306e-01 6.074942281169362079e-01
7.359571326019144211e-01 6.829666276893006094e-01 6.433312298788590455e-01
5.717645752864162212e-01 5.197526444978773918e-01 5.659533042653500656e-01
5.025328142630592909e-01 5.364658262820435342e-01 5.175585120628346525e-01
5.061281602320683026e-01 4.620461263878187230e-01 4.955955212189539494e-01
5.350146217371687385e-01 5.219433593274003247e-01 4.654886856311277188e-01
4.421857874340143768e-01 4.251902355086241148e-01 4.285665060221081069e-01
4.220448585083990678e-01 4.246595272708321711e-01 4.020590500778222776e-01
5.060488856518938761e-01 5.543563956783711388e-01 6.139484937165409217e-01
6.234161987764105239e-01 6.000059381355168364e-01 5.920668920150948811e-01
5.991643623050741940e-01 6.215483631811268284e-01 6.159034736976094493e-01
4.848149968548739475e-01 5.540677859059154331e-01 5.385156640188270005e-01
5.808605479858761633e-01 4.528010424924964750e-01 5.821158378373380016e-01
7.124901252783474304e-01 8.115776245257805277e-01 7.221509969769324133e-01
6.636517299403590364e-01 5.751921948318271527e-01 5.677746138279247123e-01
5.906042127235334727e-01 5.373025914470136444e-01 5.362773695638061167e-01
5.451344645544496936e-01 5.658819959282458401e-01 5.377004489601404646e-01
5.589568106832660810e-01 6.118872117792797383e-01 6.157988092284315540e-01
5.676877855930185790e-01 5.976801602630000820e-01 5.715010934024242761e-01
6.604570305817417664e-01 6.032843022970550972e-01 6.218174222385938199e-01
5.546660219424318639e-01 6.217736610712247813e-01 5.941604050239113199e-01
4.713042009530999388e-01 4.209169577692480901e-01 4.211811996271721537e-01
5.896019789917880116e-01 5.349064043620480602e-01 5.450952743749686302e-01
7.386449204449296868e-01 6.885323619582772725e-01 6.691331849229043005e-01
5.639300569143964603e-01 5.404545430994355248e-01 6.051227699662601323e-01
6.251970676810677530e-01 6.070284970274750780e-01 6.232767168253814383e-01
4.476680447852515177e-01 4.405357784357709638e-01 4.028567169715868701e-01
5.692211568826236467e-01 5.915452056755690080e-01 5.872057205819087855e-01
5.906913510754364660e-01 5.579035678635274609e-01 5.226645119855278798e-01
7.747813969432191250e-01 8.166764989577306455e-01 8.114229817225668828e-01
5.232644750684438684e-01 5.751952264893135380e-01 5.591766513205435052e-01
4.787795306639648918e-01 4.226720214215906601e-01 4.563807155278085115e-01
7.123747705784952977e-01 7.266110581505847987e-01 6.901248474792003318e-01
6.530555975441246774e-01 6.935930654286381891e-01 6.923766142539264923e-01
5.505182780919462004e-01 5.555587299057501705e-01 5.365699599760519467e-01
5.720656694461754288e-01 5.354215059063510695e-01 5.850358694439339313e-01
5.328695454082323923e-01 6.268032191567173284e-01 5.250895297722528721e-01
5.957069897117904800e-01 6.656767100280961413e-01 6.474640633379602495e-01
7.442539427003787011e-01 7.558411485184628464e-01 7.588671891014638904e-01
6.500001048440985363e-01 6.290320154887383275e-01 6.212531611972064161e-01
8.116787307259996087e-01 7.740474157323248283e-01 8.295233908639637610e-01
4.156345629185154711e-01 4.261541704356354709e-01 4.447862835411973137e-01
5.725242891470513351e-01 6.071565908129649136e-01 5.772930625219341305e-01
4.531563877479461988e-01 4.918276172557611847e-01 5.140722610508234869e-01
5.301487431364613201e-01 4.796744729549523578e-01 4.504971005433306974e-01
3.832771465626172991e-01 3.992865306968667038e-01 3.957113982222466020e-01
4.779888893735679267e-01 4.625696136933640790e-01 5.107464854613045224e-01
5.032196022768888888e-01 5.140232792497327896e-01 5.343748578570943764e-01
5.220778287911663762e-01 5.291273572208837761e-01 5.294878402839757747e-01
6.087415008930903149e-01 6.427421192135257533e-01 6.588205510473692517e-01
6.383735283817072448e-01 6.913194158455240323e-01 6.515698565657587205e-01
6.922459259388697994e-01 6.984963781700691543e-01 7.309537255019025181e-01
6.194101915313574569e-01 5.891911685756886508e-01 5.926902535432780894e-01
4.794003523646711007e-01 4.818390417366487100e-01 5.063675672834793140e-01
3.935141874351681945e-01 4.209682380669794166e-01 4.184999379074560988e-01
6.177423890335201895e-01 5.901166587066256630e-01 6.192376137711543826e-01
5.109108246804343612e-01 4.662939751803969468e-01 5.108572865011642428e-01
4.968562897908252451e-01 4.829839333001959001e-01 4.974843016833210840e-01
5.565467133186913218e-01 5.816911403395744751e-01 5.841020092603033120e-01
4.308562755801588762e-01 4.206551797929629077e-01 4.697368730088727351e-01
5.161003662440090123e-01 5.131242491124720084e-01 5.715351833592638986e-01
5.078723303164682790e-01 5.182690461311488805e-01 5.310788973647824207e-01
5.322445692114584626e-01 5.862944173317123919e-01 4.719724326103771905e-01
5.917607354540044273e-01 6.115279135965108193e-01 4.975138629238319843e-01
6.464263668491858628e-01 6.300522073851424487e-01 6.956922272418682995e-01
8.460612213563342143e-01 7.831465931193357655e-01 7.559101804236652011e-01
5.796114039281541341e-01 5.914256448673200772e-01 5.861582794453518153e-01
5.152917479688399194e-01 5.194445603777407827e-01 5.463439494376196581e-01
5.540013224735874653e-01 5.374651972601859340e-01 5.625299357736914807e-01
4.247354338139980312e-01 4.574462129499118901e-01 4.793766322416692094e-01
7.813362689273530837e-01 8.142332918657602114e-01 7.606809107047376450e-01
4.238222087201289900e-01 4.643570680190965971e-01 4.510776687678244024e-01
6.471400294032725320e-01 6.940742518288061103e-01 7.196451746142338290e-01
6.223918706235492815e-01 6.602538184140551714e-01 7.124199052660186160e-01
6.385289686861939096e-01 6.420228513793014846e-01 6.746302842815141698e-01
4.808136629171204657e-01 4.990831018186959733e-01 5.525625282898647406e-01
6.264799649476587851e-01 6.839652309013991571e-01 6.671838056080270363e-01
7.457705953445298297e-01 6.653649065665407925e-01 7.022399770827700838e-01
7.023721017343855788e-01 6.921389670980404585e-01 6.458764132177797768e-01
6.422274112651538136e-01 6.671963766531197049e-01 6.258228284128981578e-01
4.858886977179293076e-01 4.441241433249643045e-01 4.697557452073056194e-01
6.242471725755233125e-01 6.710111831614232747e-01 6.721263262733676580e-01
5.049890985462761606e-01 5.319930531566257059e-01 5.527460761478385498e-01
6.044404494671756778e-01 5.995902223387816754e-01 6.111684189195496497e-01
6.095620723625414517e-01 6.414409968185598165e-01 5.966083837161111347e-01
5.131540639884087929e-01 4.576769078365743870e-01 5.726807103000202126e-01
5.991443304578570883e-01 5.833872776731821030e-01 6.062401788773017497e-01
6.533554355914403811e-01 6.393029604757528572e-01 5.949797060855063213e-01
7.764534031677633452e-01 7.359744308018185688e-01 6.975673898761542979e-01
5.699802677465396483e-01 5.479332528837204119e-01 5.367057222907654079e-01
5.021701841998993388e-01 4.966057363305186323e-01 4.984279885614269490e-01
5.379450783947841153e-01 5.895115071271879170e-01 5.742350046054972568e-01
6.063232040486354890e-01 5.964618085414989945e-01 7.053356011692384353e-01
5.890280461626845598e-01 5.844231698335287106e-01 5.630230656768905328e-01
5.286410352627762821e-01 4.793018951115217141e-01 5.591703670543284321e-01
4.205902148760332637e-01 3.767783744441359772e-01 4.111358947617878568e-01
5.954191346476357394e-01 5.838972147171008764e-01 5.992838422178403679e-01
7.363043040681621632e-01 7.287942589824349948e-01 6.863649998039285105e-01
5.694954783633690010e-01 5.661298857637397930e-01 5.442337565091684981e-01
6.125236048532252120e-01 6.343680235875855944e-01 5.995520593736839432e-01
4.707397896121321978e-01 3.628609316332228052e-01 4.071758378261221556e-01
5.520322969305825334e-01 5.053606664833300011e-01 5.579777391589368918e-01
6.061486806412409445e-01 5.641481824359091402e-01 6.344158399890830191e-01
7.324036690384411186e-01 6.880285016129864539e-01 7.312836253153986998e-01
6.248487214303767301e-01 6.612276403228026789e-01 6.644305856859450410e-01
4.053953684041340377e-01 4.625444468065038062e-01 4.398174738566326680e-01
5.202162982345337472e-01 4.972528239568891895e-01 4.713699965348282506e-01
3.824190611776438486e-01 4.363571923745090952e-01 4.317918186104051093e-01
3.640429588231264280e-01 3.526580172495695775e-01 4.125965371999349984e-01
5.705507907347739938e-01 4.810126636161474734e-01 5.787398530002253461e-01
6.338473840172205165e-01 6.197104161002184863e-01 5.711024864199188977e-01
7.688113309157905695e-01 7.144043252377474396e-01 7.099326238773491227e-01
5.909283370803976032e-01 5.644279757755571447e-01 6.592689399640792036e-01
6.665774686803179749e-01 6.061187306268985830e-01 6.441154545497804751e-01
4.455695635101700192e-01 4.807211959961185666e-01 4.247162112103592957e-01
4.807979058336853684e-01 5.013479776353407802e-01 4.553261518713078160e-01
5.885402895949085611e-01 6.069061206975177036e-01 6.021037355622077536e-01
7.348404752968027420e-01 7.773083338567788880e-01 7.865684223205267056e-01
4.936360066737556784e-01 5.218431180319046403e-01 5.420704684671274753e-01
6.051118758209708126e-01 6.367199684763034107e-01 6.362915853671256006e-01
7.260377230927270720e-01 7.016953508276633222e-01 6.877481361515329628e-01
4.408670505763287450e-01 4.991913518549090933e-01 4.429865989460447517e-01
4.963812587376098540e-01 4.447627921581041588e-01 5.065775694473807489e-01
6.437443574353146625e-01 5.875789268351884198e-01 5.991616290802960210e-01
5.974121023079439485e-01 5.916941842107965588e-01 5.470814700173771694e-01
7.219623508699242187e-01 6.872051174893337722e-01 6.539756329457981909e-01
3.714225905806054495e-01 3.485840350135429033e-01 3.773378865940552052e-01
6.008322427159685786e-01 6.495218596351038931e-01 6.191373175994900890e-01
6.162026971821628063e-01 6.003716064698050303e-01 6.251879428981270692e-01
7.144157953400129824e-01 7.717704212394267405e-01 7.158927234286948105e-01
5.864620656344827765e-01 6.117619211382948619e-01 6.022998353873381117e-01
6.280047781870474743e-01 7.053426343464238579e-01 7.083348477364082019e-01
6.020393904111079886e-01 6.497848865473956348e-01 5.947610606940828548e-01
6.281570443241895063e-01 6.153295379677169441e-01 6.156400136773571008e-01
6.472756621994544268e-01 6.403886721552136674e-01 6.516154740646850074e-01
4.303297725099837767e-01 4.891918781382537107e-01 4.776966288117993620e-01
6.283376660394388580e-01 5.889620441349957547e-01 5.766214027531922914e-01
7.991521138662458501e-01 7.441588323599030996e-01 7.279324414228097728e-01
6.335375182300209129e-01 6.307808667075872622e-01 6.369356746628577204e-01
6.683461703410630284e-01 6.455549459909939447e-01 6.743911322369379180e-01
5.588745298201754919e-01 5.048858712031593088e-01 5.256136578753710653e-01
7.143101560269625727e-01 7.312916987577713357e-01 6.767319703069343273e-01
7.154289669720028666e-01 7.209091603123890524e-01 6.862977809524469786e-01
5.260674800777722648e-01 6.065901651198633004e-01 5.644256557828057907e-01
7.029104653221740495e-01 6.507330844560371697e-01 7.529313175532192925e-01
6.491725014984199849e-01 7.014847342420855725e-01 7.472391265644142688e-01
5.882125109155728060e-01 6.538284724229143086e-01 6.175782656917904179e-01
5.949814322680251344e-01 6.037835753304826580e-01 5.892097077051137166e-01
7.074309898153602338e-01 6.692605004919657263e-01 6.286684548508775228e-01
3.586748991324698044e-01 3.720275069835387582e-01 2.798877634973845896e-01
4.530232924036526332e-01 3.792557923961639155e-01 4.999300842519417420e-01
6.735338785966183961e-01 6.738513595283132096e-01 6.719300413369302394e-01
6.740774969393511507e-01 7.078514346039173066e-01 6.394991623835974970e-01
5.830976883363956365e-01 6.113417745139441140e-01 6.464755488630639091e-01
6.725276650989181482e-01 6.146993927546648973e-01 6.761785238627582295e-01
7.475764142381707833e-01 6.598565089334343936e-01 7.476519106320852481e-01
6.738456906697780635e-01 6.716229021333347537e-01 6.198028856982333856e-01
5.627455633133664481e-01 5.062848787698680519e-01 5.637428041759718900e-01
5.011081256984398768e-01 4.302346086518471502e-01 5.134223530615481534e-01
6.973617700009648868e-01 6.327927036933794769e-01 5.781475248179669402e-01
4.319270274288024014e-01 4.961060999939961857e-01 4.917787950328622038e-01
5.793899736424110714e-01 6.514166584228718859e-01 6.378617055983707429e-01
6.570299486544706191e-01 6.253922706956710487e-01 6.255319925439103423e-01
6.146578112976327501e-01 6.143484385803419379e-01 6.546595210443904023e-01
7.562576849465783013e-01 7.685860713844550052e-01 7.455987559300849554e-01
5.484787200206143742e-01 5.689714201530896576e-01 5.296264793131656434e-01
5.539132015711585311e-01 4.826182177431927456e-01 5.276874528399587705e-01
6.586218477484138134e-01 6.835950624993568647e-01 6.844904606711702533e-01
6.896723112794965749e-01 6.515076630951316394e-01 6.356751121111885450e-01
2.642884619545880498e-01 2.223575929083242697e-01 2.461800189639031800e-01
5.603899648009106338e-01 5.876588655635386349e-01 6.275064870862492317e-01
8.537876205916175021e-01 8.830424589865288887e-01 9.111639084183624782e-01
6.310960404467127471e-01 5.302154427451144514e-01 5.443066918916952268e-01
5.175797653264017084e-01 4.938689807810632826e-01 5.210246920073555721e-01
6.735116422845844886e-01 6.789647511033812810e-01 6.531947139209408615e-01
7.152317487358564874e-01 8.063578386986719471e-01 7.473450040044888887e-01
6.358438457138446687e-01 5.772595014469873442e-01 6.396887596645082219e-01
4.382650502176312912e-01 4.734109612686641655e-01 4.214560408722236029e-01
6.742184285912702357e-01 6.875949368853716548e-01 7.106429543432043472e-01
5.140842243077990981e-01 4.630184063480839995e-01 4.451781246304923889e-01
6.402722656596884221e-01 5.749677273654628662e-01 5.705066019822589984e-01
2.811841771811471324e-01 3.214895970571828299e-01 2.929962508430604129e-01
6.594290946126005748e-01 5.823154848252185545e-01 6.708752189429000312e-01
6.804842887570307086e-01 7.293774903098183549e-01 7.118472928121686305e-01
5.596574762020972704e-01 6.170911196824173661e-01 5.282642572834207462e-01
7.012073979157305015e-01 6.864545883566492979e-01 6.768662078098199864e-01
6.257942596074651531e-01 6.707244299719212766e-01 6.641036506839637088e-01
4.930632556671925015e-01 5.230077164745225993e-01 5.232467133346080379e-01
7.702374110061547263e-01 6.997108583168383245e-01 7.694875924111281851e-01
6.545002751049369127e-01 6.033304065329552213e-01 6.755386840597336073e-01
7.699715773997795054e-01 7.998769753554391126e-01 7.345172237806745219e-01
6.497157357754752560e-01 6.434255944879473388e-01 6.634737299522128762e-01
6.220621335843266042e-01 6.540095723533684291e-01 6.717543787606277128e-01
5.311840121122626268e-01 5.598285627156696087e-01 4.797874831860649003e-01
4.060861436391854928e-01 4.460059749598540568e-01 4.071211110167334835e-01
6.140405594292788205e-01 6.308230863107604502e-01 6.323058414766007385e-01
4.309578308468432484e-01 4.607461624700187053e-01 5.210573025771707556e-01
6.723076477230103265e-01 6.779072716692338130e-01 6.242778910513580026e-01
5.108133594890705842e-01 4.458934763174314808e-01 5.127380000440919794e-01
6.765507223866368269e-01 6.963227530374139773e-01 6.919412153373714069e-01
5.661672386139418034e-01 5.722442301441953427e-01 4.777599828473407251e-01
4.954359484874776842e-01 5.529304474820930793e-01 5.241259000371928378e-01
6.973801576097888866e-01 6.648095204980442041e-01 6.126246248887453616e-01
6.977388230380443535e-01 7.225813753140399864e-01 7.048068373815589149e-01
7.156308995124491812e-01 6.905678108142756511e-01 7.048376664120934443e-01
4.675281563373629989e-01 4.761673795754653993e-01 4.312889238455218655e-01
4.615591429961751202e-01 5.837022138803806826e-01 5.357035034025913189e-01
8.057284291971263945e-01 8.277779506664529885e-01 8.162044133794910117e-01
5.485430642524705691e-01 5.340155860836386381e-01 5.266903535715998785e-01
4.915106939516069029e-01 5.320940292352385192e-01 5.356255046368162409e-01
7.279906625992721425e-01 7.025271106220670747e-01 7.446874751332990261e-01
5.524048467556378350e-01 5.101800865713480571e-01 4.948458952497321595e-01
6.862299250326167055e-01 6.846013270796529326e-01 7.677969065829022277e-01
4.575901388418520122e-01 4.275869224570018612e-01 3.347115752912781517e-01
5.952451145583447234e-01 5.549816672573335552e-01 5.628894164793757371e-01
5.128559313360573357e-01 4.951039736053485796e-01 5.284625723698432864e-01
6.292829973447520153e-01 5.983030774595886614e-01 6.625661538896168157e-01
6.296680957565222725e-01 6.925471235486437838e-01 6.762884707192059475e-01
7.317020052086220527e-01 7.034715614480081536e-01 6.495904317906066039e-01
9.391572042894694716e-01 9.436266606587649930e-01 9.147771543342384515e-01
5.181853653549722827e-01 4.983649831216800941e-01 4.632908642965222756e-01
5.259388141370947567e-01 5.604449363781425220e-01 5.258278275902805721e-01
6.778932980643253003e-01 6.900600402377154996e-01 7.316702595969744038e-01
7.713980019406674327e-01 8.262192536567419809e-01 8.360287423839918297e-01
5.872898574746341360e-01 6.294215387638315562e-01 6.021844088806291850e-01
4.764303877191638503e-01 5.043523807059454578e-01 4.723201212275939809e-01
4.266681696019606895e-01 4.755010479632513776e-01 4.227051587033920366e-01
6.844523015161042556e-01 6.868225131436247466e-01 6.581135953909933445e-01
7.455420688044941402e-01 7.048498408749471755e-01 7.579825763652313642e-01
5.917145689795804131e-01 6.312397810368787221e-01 6.415535472745017564e-01
4.652102270939930673e-01 3.694819160263126956e-01 4.363882927896284847e-01
7.136133501122560174e-01 6.619587843597991572e-01 7.094359537473716726e-01
5.467846513716780876e-01 5.687718137783267514e-01 5.348202390128600214e-01
5.278891379303239928e-01 5.299572992905264845e-01 5.478509116633311082e-01
7.273395423632352808e-01 6.615696682833440700e-01 6.631215459953632152e-01
8.103016325600206349e-01 8.352592859136450665e-01 8.582241977829240254e-01
5.153125168628988062e-01 5.453156633785321006e-01 5.163315686222414991e-01
6.148064028155376670e-01 5.816263043141856048e-01 5.930743974701353505e-01
7.214439093145998960e-01 7.287184491544439480e-01 7.201587109557335831e-01
5.740791650149564829e-01 5.746687949230715464e-01 5.897532716803542963e-01
5.400912773228322417e-01 5.066596421846808473e-01 4.886987019814345024e-01
7.115955703488410222e-01 6.473251492642868588e-01 7.298968334050887075e-01
5.254759223138133484e-01 6.218014441998471753e-01 5.883233613963035902e-01
6.878441738745494360e-01 7.634068321387782463e-01 7.580750447366425560e-01
4.385307356731805717e-01 3.956610617799230512e-01 4.410215227901634893e-01
6.806971043399372423e-01 6.521154933660840980e-01 6.801273057710072178e-01
7.781742559645603574e-01 7.554376441656169838e-01 7.548305477256721518e-01
6.046244787912228302e-01 5.979958772930702438e-01 6.153459605704788560e-01
4.482340340842203563e-01 5.005132855750134002e-01 5.298177725119677106e-01
5.694135051612868592e-01 6.196238922143957328e-01 6.292384159086303885e-01
6.058730148789913672e-01 5.517167486436120871e-01 5.942181720940754586e-01
7.293093470106810638e-01 7.762818046366942726e-01 8.224751171810164019e-01
4.697686102707003264e-01 4.931148790408687588e-01 4.920066493806918850e-01
4.767634037089473198e-01 5.106130155067821752e-01 4.818030692429637329e-01
7.694973442790543627e-01 6.886306817786523871e-01 7.667394559242923791e-01
6.034251196077839996e-01 6.023955782915425550e-01 6.268365520604979313e-01
6.377061082476908060e-01 6.664755835369088333e-01 6.477053175212641456e-01
5.631103920810269781e-01 6.086851955196349584e-01 6.048744203197329306e-01
7.579113084143868084e-01 7.384308966700270371e-01 7.198228068706159499e-01
5.138813780100943696e-01 5.226624553551123542e-01 4.679472374844912963e-01
6.137789028711484463e-01 6.246476429513985185e-01 6.736259469273900846e-01
6.177773517997922070e-01 5.751677904262135765e-01 5.609106722457894989e-01
6.253651399929897048e-01 5.088152492897058954e-01 5.407507676761493798e-01
5.837894782250515613e-01 5.939727349892931496e-01 6.427256950490454201e-01
6.335878616562704568e-01 6.541043656575299403e-01 6.427694568535884390e-01
5.535448251658225960e-01 5.109948840703083528e-01 5.347729891592969409e-01
6.615068782120840929e-01 6.646884851725936016e-01 6.991115497941181589e-01
6.156591547573594392e-01 6.052259884276798285e-01 5.867368114347695229e-01
3.171494390553213916e-01 3.120432631567768289e-01 3.140036321745033887e-01
5.305350491474856156e-01 5.381511843088149227e-01 5.323557826556785111e-01
6.240509443632783482e-01 5.943022208592063649e-01 5.860569574124970815e-01
6.120407532288839603e-01 6.645935562661414719e-01 5.410808404194709098e-01
5.398770453068630903e-01 5.193306033009884581e-01 5.467998413674232117e-01
7.757524140953327985e-01 7.160189861285364277e-01 6.915655964444505921e-01
8.166204612583218836e-01 7.919424242014923010e-01 7.256627398987429700e-01
5.590821548087163695e-01 5.718348371999953939e-01 5.612145101127312685e-01
6.378710749575077221e-01 6.927661511500711189e-01 6.619729172795675298e-01
4.882120864405989913e-01 5.173229385984627893e-01 4.762723579570640742e-01
4.324942150581138067e-01 5.164883165182301283e-01 4.824875688349435365e-01
6.355327835440864881e-01 5.262766493373974841e-01 6.088482678670035231e-01
5.181864644930036512e-01 4.441157421143168693e-01 4.883316906997829943e-01
5.390031956200218577e-01 4.523579761529615273e-01 4.791974742440512358e-01
5.333870742443929114e-01 5.265118684929406268e-01 5.532443970491912610e-01
5.176695550594988537e-01 4.521157653391107423e-01 5.103759485170525911e-01
4.844778936720578466e-01 4.620414247215907655e-01 4.349718790538261715e-01
5.248990281371328503e-01 4.108396930360481702e-01 4.717527532433589688e-01
6.395502542359792209e-01 6.607789171367031145e-01 6.574557723017362409e-01
6.009557035002464076e-01 6.712773671834224576e-01 5.922083998244993541e-01
4.173875392912105853e-01 3.526312608070512056e-01 4.083270841462537937e-01
6.356183627737796993e-01 6.255006758341158379e-01 6.427709415713473984e-01
6.266196922698971106e-01 5.702406886986433054e-01 5.689939341944946216e-01
6.749301146877700885e-01 6.393959423682477050e-01 5.853914467562961743e-01
6.592770082600828419e-01 6.367774370656694716e-01 7.045788536621816478e-01
6.915268425042837563e-01 6.236046451154274584e-01 5.646982595796087301e-01
4.632914901580914013e-01 5.585847588066368274e-01 5.221372296486078701e-01
3.858215444026364960e-01 4.917646372470564908e-01 4.651668088981822380e-01
4.217947689736905037e-01 3.278576232881322272e-01 3.992191101857808233e-01
4.152150602539658730e-01 4.678351031566032603e-01 4.528831629709589857e-01
4.883602522835083781e-01 4.672536187309701550e-01 4.639516788530352875e-01
7.449470260421368062e-01 7.816631779317587680e-01 7.673269442072957469e-01
7.399676619211214001e-01 6.512691378490447214e-01 6.824147312059331005e-01
6.012151222613915102e-01 6.605796960292402709e-01 5.506273609840189875e-01
6.389127512131974607e-01 6.430278697665351428e-01 6.435502722857090463e-01
4.438517167377806771e-01 4.392055556264313765e-01 3.900661438614410614e-01
4.679708677542624984e-01 4.880270705119822972e-01 3.999904824677292248e-01
4.799810439950534247e-01 4.475546562917729898e-01 4.304878448961356741e-01
4.863115256481986837e-01 4.663177822139716877e-01 4.398907141414324373e-01
3.941005034492128245e-01 3.860105508783143735e-01 4.124849333097871384e-01
6.123354104268302622e-01 5.973475633258596984e-01 6.195006136615076597e-01
7.150110084293791468e-01 6.823543174803717859e-01 6.944839194623753098e-01
5.127644800250353851e-01 4.729509538354320641e-01 5.199170646598373358e-01
4.676154561654955466e-01 4.105397529985018168e-01 4.309142349852276288e-01
7.033655605840455349e-01 7.445973077042969956e-01 7.315192045689538070e-01
5.285777130293592974e-01 4.852191153068330376e-01 5.189482068909475609e-01
8.119717970722812872e-01 7.483180454055671227e-01 8.062177979008541273e-01
6.171685616406380470e-01 6.614540714055640036e-01 6.462351809327504526e-01
5.420325763360265281e-01 5.489268792593282598e-01 5.420570570265736965e-01
9.048251562667124492e-01 9.080876761919401963e-01 8.901724400608148624e-01
5.819535132097093388e-01 6.393105320050476159e-01 5.816650369989421199e-01
6.597824536204637269e-01 6.143152436733259059e-01 5.805971203029718364e-01
6.616400118156203769e-01 6.438967582550790825e-01 5.752391480722558459e-01
6.312147393786035066e-01 5.649861446194948122e-01 6.072778906384037612e-01
4.903246737322616289e-01 5.546745248208203583e-01 5.841960333367962610e-01
4.792665315634492273e-01 5.163210458205593767e-01 5.243755752659149394e-01
6.086581689363033121e-01 6.346982967547192267e-01 6.480237628245495429e-01
7.018000971299505064e-01 7.105730081714973778e-01 6.573764861640803980e-01
7.002025904791026045e-01 6.183027075626796876e-01 6.681277172831574518e-01
5.448161987292453601e-01 5.692925862072926169e-01 5.401980390801177645e-01
6.042137751489456976e-01 7.032112153123932785e-01 6.221594797977877400e-01
5.571040189026349454e-01 4.828150911455761918e-01 4.525743721922603213e-01
7.601610396748215148e-01 7.588389533203574455e-01 7.101253243453047315e-01
5.040683884839419759e-01 5.413223431438580757e-01 5.592767474825252050e-01
5.111014949347626457e-01 4.870027148926723282e-01 5.384350749925410629e-01
6.389747469784519129e-01 6.493097026464392796e-01 6.993413995522775872e-01
5.059355061902216510e-01 4.713623322716141151e-01 5.103044693195534220e-01
4.134335009441704734e-01 4.256987327103204377e-01 4.010182399039292078e-01
4.838660976476218956e-01 4.021211064708015703e-01 4.573947008161917682e-01
7.032080632042987389e-01 7.033425575272946872e-01 7.073764961214374924e-01
6.254158740090454138e-01 6.936218460996941282e-01 7.791653818069577131e-01
6.745360667768414142e-01 7.448593877626850102e-01 7.097247375957804749e-01
6.572931722351890160e-01 7.056973848356282719e-01 7.397828331711258087e-01
4.758027737271247060e-01 4.952626067065141191e-01 5.222529070782107041e-01
7.156080729634136661e-01 6.973170365196120768e-01 7.237479563867861287e-01
6.829975646857204818e-01 6.983004797620127047e-01 7.825422199569714854e-01
6.806826495064334237e-01 6.748270041663730900e-01 7.264859546058890505e-01
8.255175412349434749e-01 8.632047391629182886e-01 8.204149877299962146e-01
3.334698091987351454e-01 3.126736785496335158e-01 3.045371091246544260e-01
7.435831633739494739e-01 7.554605014291172482e-01 6.870338672936440183e-01
6.598829619343502539e-01 5.344298542432650567e-01 5.759058671328931567e-01
3.752111164809168176e-01 3.122143421271043606e-01 3.756049597885083857e-01
5.092961002591931408e-01 5.205967005767692113e-01 4.850600409961351445e-01
5.654345279882525555e-01 4.730734187075968933e-01 5.179484651682748630e-01
5.637757253321177275e-01 6.042309020166279909e-01 5.441815419478832627e-01
5.948433124202181510e-01 5.627970507347375140e-01 5.338166946337398189e-01
5.337032542083325337e-01 5.045747644810200105e-01 4.685486701772560991e-01
4.453392980432865911e-01 4.910058510115425379e-01 4.992698453865292429e-01
6.542456443858630788e-01 7.036588106258218067e-01 6.934959147973663862e-01
5.863862303812047427e-01 5.492296256839510615e-01 5.354761538341704652e-01
6.838204391854930675e-01 6.484997080050183271e-01 6.035320998292306172e-01
4.750286563198066747e-01 5.454081124389408286e-01 5.108607382103523831e-01
5.591283353664934230e-01 5.500556703652814683e-01 5.669884328497079018e-01
5.336318078288980749e-01 5.806414312568304315e-01 5.764194875901786919e-01
5.469819445453250051e-01 4.972679123877304375e-01 5.299756801289563501e-01
7.818436881344675848e-01 7.524626809124680404e-01 7.456517108363035495e-01
5.077939236530293332e-01 4.648318192224438761e-01 4.108540642492860551e-01
6.093467237355117971e-01 5.986180883173789491e-01 5.610409243782551458e-01
5.880622864307124553e-01 5.486896424655344218e-01 5.806747410901663686e-01
6.673039514445573417e-01 6.300425049665271393e-01 6.054214005212883443e-01
5.610860413659587431e-01 5.706501135749573184e-01 6.078330215039363660e-01
5.779762733381551554e-01 6.215755940349557696e-01 5.475963681349046430e-01
4.609648663514605005e-01 4.831521521704950639e-01 5.093059992718271811e-01
5.698737441907132384e-01 5.510451483901205316e-01 6.122839603216361226e-01
6.705157317768771774e-01 6.547868999973865956e-01 6.706987363666948587e-01
6.836847123509973700e-01 7.156751407876392745e-01 6.981306568980873983e-01
6.629009306981265004e-01 5.619915546049329969e-01 6.084808469238566220e-01
7.079663978148788006e-01 6.553952182238819146e-01 6.787506269560591443e-01
6.218367919432784552e-01 6.536763637546972872e-01 5.415740926207374129e-01
6.270681705879451728e-01 5.789156341721428678e-01 5.588262380162261067e-01
5.865810933009530936e-01 5.589471814146285134e-01 6.174787754666259953e-01
6.486135668220880390e-01 6.209100812808330261e-01 6.513676135845851700e-01
7.589043975177193202e-01 7.534244458652539222e-01 6.911643788551997680e-01
6.315482394705712599e-01 6.458682298277386158e-01 6.193928239583675888e-01
6.090590263805953919e-01 5.544696098148328423e-01 5.233187173378145429e-01
6.895009119817642196e-01 7.560759515430894862e-01 7.241417441557189694e-01
5.623881231585398099e-01 5.464770412035133695e-01 5.445722441326081853e-01
5.297104317625742631e-01 5.224980280522969478e-01 5.063908780383176156e-01
5.537702234612760233e-01 6.072035651727795136e-01 4.959997002292665380e-01
9.259645102885603052e-01 8.717338902499465192e-01 8.652814436967146694e-01
5.982170964343247466e-01 5.695031133588736028e-01 5.274827857795900687e-01
4.597357757776430187e-01 4.805160934341343726e-01 5.051052412813686887e-01
8.108721066752624385e-01 6.929808592583481808e-01 6.950129969445476563e-01
5.141152901737134906e-01 4.839138886941037887e-01 4.727861644575053757e-01
6.947643029542535098e-01 6.356949751391381964e-01 7.136813516084523634e-01
4.175050091599921687e-01 4.206851957657264385e-01 4.809878336990083270e-01
7.693429740674025963e-01 7.411071357775133039e-01 6.747289358410349935e-01
5.214268703886506540e-01 5.935839654465248083e-01 6.065310709319392535e-01
7.130978666497735929e-01 6.794272646684507144e-01 6.900943240726947758e-01
5.223044956836561115e-01 5.099996754338109728e-01 4.848327248146205304e-01
7.119573626339814609e-01 6.994816349526206123e-01 7.813108137423635524e-01
6.841783024484489051e-01 7.097527886529207963e-01 6.840305698712546567e-01
6.136379744404766301e-01 5.609422530861940537e-01 6.023167502090043257e-01
5.835497792885604440e-01 6.777253205715509932e-01 6.072065747266285340e-01
6.081915063583948067e-01 5.623528115228223490e-01 5.872322112857217835e-01
7.327923353295079378e-01 7.250233794766114404e-01 6.513268011614901098e-01
6.141048020683181896e-01 6.382773554582193976e-01 6.179872450407000173e-01
6.910309648123437176e-01 6.353010803462425526e-01 6.452012806859762639e-01
6.815128095857369006e-01 5.981157071076190768e-01 4.986217003911739831e-01
6.678551902504004101e-01 7.392851349218586554e-01 6.689008878560016580e-01
6.953432489816766537e-01 6.450474025503514230e-01 6.153905317566988886e-01
8.004905328581439772e-01 8.023014519967079927e-01 7.775477702202464592e-01
6.312442743943376122e-01 6.455226060478064243e-01 6.751684822116151841e-01
5.836247194869029764e-01 6.900877815352047806e-01 6.527760635893091745e-01
7.098502125165461196e-01 7.270441343943023771e-01 7.105831047610791096e-01
5.553072241197518633e-01 5.112779986835123136e-01 5.501131836830044364e-01
6.678374058407532399e-01 6.714572230262252361e-01 6.143734319088496321e-01
3.305688705371093716e-01 3.968569360913645760e-01 3.502726575112105056e-01
4.757141576150553663e-01 4.863345757618457443e-01 4.966686731286145129e-01
4.808887471160718796e-01 4.922034909264189073e-01 5.924596689962862150e-01
7.495287981823218759e-01 7.354576932839836934e-01 7.429562954775531525e-01
3.409893898628234554e-01 4.250117133784629964e-01 4.463450956134540348e-01
6.997584875217678357e-01 7.403031561023211138e-01 7.363071799160579856e-01
3.401443706282387125e-01 3.928757501644551953e-01 3.961184462136796980e-01
7.076721309917985980e-01 6.658901732532821471e-01 6.953416209842374629e-01
6.654573912801141633e-01 6.598567167761468788e-01 6.298197103887724912e-01
5.182202711110690529e-01 5.077408432127130666e-01 5.448458886212919072e-01
6.389576790019703134e-01 6.698492027338877053e-01 7.631227440690905306e-01
4.466871140267906770e-01 4.474174428317488905e-01 5.005915812932566489e-01
4.978330808159088794e-01 4.884601943793837608e-01 4.718846778626233363e-01
5.025579519692939812e-01 4.871833968200042775e-01 3.977245995131233891e-01
6.034052750328616765e-01 5.667913835798591426e-01 5.226304654291903384e-01
5.103002555676686702e-01 5.314196950359296734e-01 5.358630824506708246e-01
4.556078624174145220e-01 4.457131977444901971e-01 4.808940331154318293e-01
7.553333134156092754e-01 7.121580733948292830e-01 7.452034931121525041e-01
5.240313837167293043e-01 5.172004759966958298e-01 4.848218524038766519e-01
5.305233859046527556e-01 5.808781594604670584e-01 6.364891606931942780e-01
5.475844634176488812e-01 6.123699225338263830e-01 5.934724559051086645e-01
3.459081538196173145e-01 3.508242955319194056e-01 3.558608197934331474e-01
7.496923991288575451e-01 7.560479394534604936e-01 7.336904614060040242e-01
6.777911285544271358e-01 6.621776329480310030e-01 6.501448162834528866e-01
6.169839440195308278e-01 6.734359284346197461e-01 6.706974791634252586e-01
5.716069095872685635e-01 5.010277562134781704e-01 4.932143393999147141e-01
4.144836789445396907e-01 4.139800602872735213e-01 4.394012527643560984e-01
5.872485602841848173e-01 5.673362001391126785e-01 5.386955601726129972e-01
7.677750927087796384e-01 7.808862942266052709e-01 7.686376059649435710e-01
5.076844621755443043e-01 4.813090526598425289e-01 4.942829283016215158e-01
5.158483675660799905e-01 4.944639194623132727e-01 5.311843243775526968e-01
6.569267406722564262e-01 6.358948845428943342e-01 6.426133273673008128e-01
3.621987894789128748e-01 3.610993779650161217e-01 3.992550381375988833e-01
5.798629496753234802e-01 5.404526739039484662e-01 5.760067586020327646e-01
5.614765796089832284e-01 6.237797620650671337e-01 5.776165091838160182e-01
7.231139426487280808e-01 7.042400120284453280e-01 7.103832833093979282e-01
5.919375143475300582e-01 5.051294976776811163e-01 4.990178587252713793e-01
7.918805419139000046e-01 7.799229595228550638e-01 7.732265781395255555e-01
8.510832098922329614e-01 8.019523791866195461e-01 8.304223988308612192e-01
5.102867557298909063e-01 5.167488240951084721e-01 4.685909305128335145e-01
6.405483736026881258e-01 5.884913315005474432e-01 6.051163048652202781e-01
6.627226778292278908e-01 6.174094028634127262e-01 6.523741990573450611e-01
5.881546842957693366e-01 5.855102236515351555e-01 5.139989613812762093e-01
5.915726928066827872e-01 6.189248335280961300e-01 6.095392244032812323e-01
4.475023131440141744e-01 4.961720900015894609e-01 5.641304712871785254e-01
5.775815214814231657e-01 5.774205700483715509e-01 5.939663477867721531e-01
6.424543593814543430e-01 6.522852406822398086e-01 6.499781513138803701e-01
5.812867596965323180e-01 6.004775325203606240e-01 5.970977037403000232e-01
5.000668068885438799e-01 4.972015900895712104e-01 4.720051468068953704e-01
7.926695679884576684e-01 7.764252457003030239e-01 8.683059147903740005e-01
6.442941592398746531e-01 6.798262300375045308e-01 5.281736447321971895e-01
3.474891154581299380e-01 3.775991577722317971e-01 3.236182472396897936e-01
6.086945337655623733e-01 6.529707587471870189e-01 6.164150571736419781e-01
4.910675948726136442e-01 5.446599510829633894e-01 5.717313763070109855e-01
4.656295212705339748e-01 5.284369201594817378e-01 4.829437766947710653e-01
4.129560749547780407e-01 4.251182844739276323e-01 3.926215520704962603e-01
6.122103252538275697e-01 5.476752770057063957e-01 6.476383383268342619e-01
6.396159105048585536e-01 6.408239927657986001e-01 6.671451812734705555e-01
5.882022218476748998e-01 5.984349027752163819e-01 6.786769858066117322e-01
6.624057651472657904e-01 6.890352760472491234e-01 6.655379447423049877e-01
7.522072345462994525e-01 7.762678691854977275e-01 7.559375287579014335e-01
6.310860283548368477e-01 6.756809786219946101e-01 6.688572911437113966e-01
5.371357986691239761e-01 4.743731046113650041e-01 5.185294664026564027e-01
6.359777847151287800e-01 6.122212183334614366e-01 6.270307253073255094e-01
3.759689692469126987e-01 4.407766868676286642e-01 4.376419212666540215e-01
8.408811454814625330e-01 8.266523677939401349e-01 8.397265785774757907e-01
6.556564935057929144e-01 6.065602484483995083e-01 6.244989069535814563e-01
7.348832307139888664e-01 6.682459551615168580e-01 7.051905454534814766e-01
6.515848477416821272e-01 5.958013020450384500e-01 5.342625089508586944e-01
4.961814985317122284e-01 4.956191299628060487e-01 4.921901051746487288e-01
6.309541493357827546e-01 5.982307454600725993e-01 5.973935314493160620e-01
5.134310130557977470e-01 6.022480170416849576e-01 5.328154818369318368e-01
6.450725803356190946e-01 6.239542011929035681e-01 6.484218750438081047e-01
7.830428559751803075e-01 7.521269057517981915e-01 7.159163522071231300e-01
5.739393118032303232e-01 5.088847165815298945e-01 4.810444554669437989e-01
5.023435336092084702e-01 4.522815746139864923e-01 5.109286481088293197e-01
5.383272422024143467e-01 6.462927652101519982e-01 6.265211809593788095e-01
4.152502053474437793e-01 4.457645589740155678e-01 4.433044002859406474e-01
5.529326737727715546e-01 6.101148440333600265e-01 6.287976111049285999e-01
7.519798002319182384e-01 6.582994019022928578e-01 6.967454141224393993e-01
4.935117968103566177e-01 4.722733604099804139e-01 4.880585769436927568e-01
7.696271756591630542e-01 7.911115694950959787e-01 7.314799766308186513e-01
5.289519816721588441e-01 5.217814223195301748e-01 5.649207598424308419e-01
4.885509103549399712e-01 4.557839896859708917e-01 4.784299592456344175e-01
5.193568573474939276e-01 5.060782363665367045e-01 5.542865712200735206e-01
5.887665432848848690e-01 5.854406191616441379e-01 5.596573691536977924e-01
6.652491589685578521e-01 6.959270429818171788e-01 7.188314666889742410e-01
4.844988570006594220e-01 4.885964570730229051e-01 5.520386399153736079e-01
5.983837168879820867e-01 5.946119738835873303e-01 5.551530332334486673e-01
5.658715064041059950e-01 6.300000062886277341e-01 5.941590814678480159e-01
5.029908542173135988e-01 4.667576107035225630e-01 4.466979658107991802e-01
7.187968342364037255e-01 7.040907430335147099e-01 6.869700040307129552e-01
5.753988033317091189e-01 6.195954196084317855e-01 6.672723316229525192e-01
5.781336492625399615e-01 5.446264011435792973e-01 5.133927986475067540e-01
5.359887137331889040e-01 5.223638768354282869e-01 5.524484147692338976e-01
6.401713884779293151e-01 7.307310401328359628e-01 6.917980906314099565e-01
6.755076023933599405e-01 7.410414926738706498e-01 7.099933304930473588e-01
5.019887695998681565e-01 4.659278842968191947e-01 5.230024694768254934e-01
4.969785865812451631e-01 5.288362225173657283e-01 5.237948302370036835e-01
5.742595089447688483e-01 6.284439169504129064e-01 6.095060975849256879e-01
7.466449181206089580e-01 6.523371030564996120e-01 6.978321336682817844e-01
7.633613694566939722e-01 7.172069485380179188e-01 8.269991771591251872e-01
6.950178016641204159e-01 7.065441188828884833e-01 7.746766636674502493e-01
7.097188112653050052e-01 5.697258600793798644e-01 6.418577557420530599e-01
6.520707659210777107e-01 6.724336621776196843e-01 6.335877759522384745e-01
8.183861644188561435e-01 6.787819461412816224e-01 8.010765291327448523e-01
4.146821709725351801e-01 4.739831329026416573e-01 4.615514011054939747e-01
6.500695125226217952e-01 6.895551741208764129e-01 7.263431476829435018e-01
6.717226110447604981e-01 6.790966750817977182e-01 7.179022793325814389e-01
5.795230489762790427e-01 6.277607793210223663e-01 6.073000068543743524e-01
7.776724011863380692e-01 8.089113606267956946e-01 7.468108214342349394e-01
4.949813519078954949e-01 4.733299806584440050e-01 4.864137362594981862e-01
5.367250296808875332e-01 4.985251049915046528e-01 5.435348130279444856e-01
7.058573117645142725e-01 7.066841454560258695e-01 7.321839084993032598e-01
5.632226938727870058e-01 4.846610653682273950e-01 5.014832451010887704e-01
5.752969769988665050e-01 5.664872447221959151e-01 5.710229562339942389e-01
5.462732636635099226e-01 5.795555322835286294e-01 5.074956385699194161e-01
8.206517638294613670e-01 8.507825664956418787e-01 8.444021719260107472e-01
6.082146311808841466e-01 6.508054911789195041e-01 6.291863367997170275e-01
7.895445103831014722e-01 7.830302764114007719e-01 7.670176481960683246e-01
3.200477749214166723e-01 3.333267851253455816e-01 3.457377690721135655e-01
