5.986732346512642078e-01 5.381593127682903210e-01 5.653865105660661472e-01
5.563535181722085721e-01 5.884273578122589665e-01 5.803326851745977955e-01
8.071235482092756763e-01 7.420277730192313959e-01 7.767885656173409981e-01
6.836277836962322274e-01 6.616668532724274687e-01 6.756056952350912859e-01
5.053073810263061239e-01 4.818782092007101725e-01 5.343707329773238479e-01
5.671438163137648703e-01 6.716750971821585647e-01 6.253344684735953063e-01
6.330849609278509371e-01 6.663034746438483147e-01 7.141762392734810616e-01
6.696212678668167495e-01 6.594150756522708656e-01 6.624766500057563956e-01
4.690653203636673818e-01 4.876288194609949000e-01 5.100295857444945291e-01
4.951048140262778174e-01 5.792003998740736792e-01 5.162480711380732501e-01
4.903683939962206195e-01 5.316015209721390855e-01 5.600089022996020960e-01
5.524078968030187164e-01 4.773585609851726530e-01 5.870501566571549867e-01
6.860166494254514857e-01 6.275995316712986716e-01 6.423759830290778350e-01
5.403649141152715440e-01 5.610636944452034314e-01 5.233074038976215370e-01
8.622855097534386504e-01 9.104809787932914844e-01 9.231671382661333913e-01
5.190545433276514409e-01 4.774085408672397723e-01 5.720525743376156935e-01
6.366800487786079543e-01 6.354857644641132008e-01 6.865510713239771912e-01
5.608311363061648791e-01 5.630732463212754224e-01 5.723526342176065151e-01
6.450552855543023600e-01 6.897028093403907434e-01 6.939883274353438880e-01
7.258356155227750905e-01 7.018345558656086114e-01 7.234563394343312970e-01
5.589907030454438486e-01 5.430658836689643554e-01 5.994957219531424908e-01
5.288783167640714877e-01 4.290201508970341027e-01 4.758397384604476921e-01
5.169283220999936201e-01 5.981646852947885007e-01 5.971259430518250921e-01
6.638925600118303905e-01 6.378159299176543451e-01 6.702874948071633199e-01
6.692039142399978102e-01 6.379169861344605730e-01 6.596214581344846950e-01
5.382403363783371253e-01 5.814047865317333308e-01 5.422975111588793640e-01
5.947501723252903716e-01 6.815689232850760115e-01 6.294796254780365974e-01
7.236607312352336674e-01 8.122679906572425335e-01 7.790933534478302613e-01
6.321253159208534145e-01 6.672045734606635303e-01 6.151740475226314953e-01
7.216189952211038428e-01 7.584104286840952502e-01 7.396902071023879754e-01
6.230077140720454709e-01 6.611228825785137042e-01 6.350302241125583835e-01
3.553846394975678780e-01 3.757983793054085475e-01 3.385024210892791374e-01
8.929542805709114184e-01 8.866385836208815485e-01 8.619620264061765846e-01
6.204087038490053718e-01 6.630531217895293539e-01 5.818056112069615038e-01
4.821107065730504404e-01 5.086424991153715158e-01 4.930811957794362099e-01
6.007806170675191737e-01 6.098100585073663593e-01 6.188355365599186309e-01
8.235285777809169261e-01 8.658724229685778040e-01 8.897296314955018826e-01
7.989908439148920571e-01 7.627498044366198826e-01 7.310993116216724097e-01
5.640732957873206832e-01 5.322141929745973776e-01 5.193900811340632639e-01
7.864621198788382950e-01 6.857983479292250051e-01 7.733740329462669427e-01
4.289337315714790710e-01 4.170265667245692254e-01 4.649114792882214631e-01
5.133047020337820898e-01 5.399346934348988603e-01 4.681746407658380904e-01
4.996910971104988053e-01 5.399887595740223700e-01 4.832188031578324994e-01
6.673599623048859231e-01 7.074419842555935700e-01 7.277956738415460869e-01
5.562588322374355521e-01 5.679508243601046891e-01 5.605675777416363470e-01
5.831183344473621633e-01 5.916413011731491700e-01 5.483613576905062015e-01
5.419416971266790561e-01 5.596684285467614650e-01 6.065762357536874649e-01
3.849990962689068819e-01 4.348197448648845054e-01 4.932382578776638438e-01
6.555413332943733629e-01 5.464196024012193398e-01 5.406776442779465119e-01
6.203885570893493684e-01 6.085253413960223234e-01 6.243412817068580978e-01
5.942238497815786058e-01 5.701080017789933452e-01 6.899939722915848783e-01
5.345842159750481271e-01 5.744612971592418793e-01 5.867313743731058517e-01
6.250466372392998737e-01 4.986690828390623054e-01 5.408761695886437071e-01
5.407468151693202163e-01 6.118039050942529755e-01 5.333549725757611437e-01
7.341187420819452747e-01 7.382444414294729862e-01 7.660301191935943166e-01
4.306975522308625348e-01 3.966489511630622022e-01 5.332142240607610217e-01
6.291648367804664188e-01 6.038010251439950293e-01 6.072320573248619624e-01
5.897854230803806219e-01 6.540942845749346812e-01 5.948117735288681596e-01
6.255818252685949599e-01 6.439167674802899199e-01 5.789633505903535315e-01
5.804548317234141663e-01 5.784349148071931124e-01 5.658409652154744451e-01
5.888430696488367033e-01 5.612839011030297254e-01 5.010659393581691212e-01
4.004244666264418773e-01 3.667233565025819764e-01 3.778363138689935785e-01
6.827252698708868861e-01 6.736607038065889341e-01 6.727537203761313478e-01
6.012715059075136592e-01 6.342147814021028562e-01 6.464409561201951426e-01
5.048143800267329562e-01 5.483729910967304333e-01 5.184742615784260211e-01
4.291595105717977976e-01 3.943061442424385388e-01 4.596995934036113285e-01
6.275707220254611585e-01 6.246709976268601805e-01 6.798022627363297099e-01
6.294810905609800056e-01 6.459336954510971340e-01 7.423416285377547608e-01
5.089180830927229060e-01 5.488603332770731758e-01 5.214975455952237660e-01
6.549891742229279057e-01 7.164249045344452949e-01 7.040762584628135201e-01
5.293203083048293456e-01 4.854622023089051885e-01 5.038325320960085341e-01
6.546263572048937052e-01 7.207091958503575313e-01 7.013168078109520698e-01
5.448941012491083091e-01 5.885001564405468732e-01 5.348779223884463363e-01
6.410713105792332778e-01 6.568083419683056201e-01 6.684083178881679022e-01
4.522764945826213689e-01 4.550532292742160978e-01 4.523363463092870962e-01
6.910576798285120725e-01 7.454462895611634332e-01 6.827044681472883569e-01
4.498173974618710491e-01 4.497081801898228370e-01 4.491084404779895345e-01
4.793692676594917823e-01 5.018644024680891658e-01 4.871138385073348065e-01
5.564672964897229290e-01 5.681306209282193098e-01 5.844764443991837810e-01
7.536097258106490004e-01 7.683617591359650500e-01 7.522683841197748134e-01
5.433744168568848121e-01 5.405218781476360812e-01 5.132659457834963801e-01
6.290204162009479516e-01 6.322717633675175586e-01 6.316849433169516859e-01
5.687814545289020529e-01 4.758798870633451639e-01 5.327518450565983388e-01
4.218363584371870312e-01 4.031487971267744275e-01 4.318028271828321940e-01
6.567252088252615305e-01 5.803587546047054291e-01 6.244036368658584246e-01
5.118448301988270943e-01 5.530398029674276072e-01 5.129967851242184240e-01
5.271321235261637872e-01 5.156386697953851961e-01 4.829118545264443618e-01
6.576044726137636465e-01 6.241909107438925464e-01 6.173757893237507011e-01
5.431337955241080095e-01 5.110736639519457558e-01 4.698475035768931996e-01
5.272141750323734444e-01 4.722130638388394308e-01 4.523424562227408297e-01
6.822481258814671046e-01 6.550497091325729881e-01 5.974859761643745992e-01
5.448075441657227458e-01 5.969363878434338355e-01 5.777944955621067136e-01
2.885514725496263755e-01 2.419065184833625870e-01 3.419927266881500616e-01
7.449566329195802528e-01 6.776180466189569707e-01 7.287633086668015014e-01
5.376556259511334757e-01 4.931950721572894714e-01 5.255108221515413236e-01
7.040495173240851612e-01 6.200597557481332123e-01 5.930707855037995468e-01
6.387240068893641487e-01 5.685921126744412080e-01 7.257724146325785775e-01
5.330069432637248861e-01 5.373586791072829660e-01 5.218389961828153734e-01
5.774110584133950175e-01 5.197085440127393596e-01 5.564879981528593200e-01
6.328997809242896677e-01 6.411145102060527012e-01 6.315247426567507372e-01
7.321355369058196727e-01 8.212855569874768502e-01 7.084598075309500587e-01
6.584514326996160349e-01 6.515855615757285557e-01 5.971616419285266097e-01
7.108210248226616290e-01 7.747130550514583769e-01 7.339971009968729865e-01
5.071332638820843508e-01 5.426401995359538821e-01 5.306841582853262240e-01
6.941171947363425909e-01 7.093906067337159005e-01 6.260557047285500998e-01
5.703579051497935648e-01 6.002591232581759861e-01 5.972254561196236322e-01
7.992958189031859062e-01 8.124880575172429564e-01 7.379320498716492871e-01
5.804973061980917004e-01 6.354467275670490078e-01 5.444335601533513147e-01
6.104783757774991937e-01 6.189546235455178902e-01 5.869670969403097960e-01
6.199254163755233416e-01 5.640896908274239951e-01 6.192056594654795632e-01
6.984275706328922917e-01 6.367638859071900193e-01 6.153269461781489813e-01
5.569623795218489049e-01 5.806710754243807893e-01 4.929661264015979261e-01
5.839841613600986747e-01 6.207172643438152448e-01 5.536795811994748018e-01
4.941347144445541462e-01 5.458955318689562297e-01 5.750559172979539113e-01
5.321463909392835090e-01 5.444407928877805780e-01 5.273919284763347592e-01
7.598135473147463737e-01 7.807599024868580040e-01 7.590514482641669280e-01
7.681290491862422520e-01 7.901889825072111462e-01 7.614168876518659923e-01
4.814096081117480996e-01 5.058669873020250618e-01 4.802183281636949186e-01
5.709264233532151955e-01 5.092866300697977966e-01 5.520733217385628278e-01
7.756878718235823422e-01 7.551806027429048829e-01 6.906217344531979663e-01
8.063877691350509469e-01 7.695474313804998578e-01 7.868037801364258232e-01
4.919137313409470691e-01 5.809229100772450582e-01 5.138074459393521254e-01
5.379260977598331328e-01 4.966476371343672702e-01 5.058045081753501648e-01
5.825112996301362589e-01 5.241790206364692617e-01 4.939163730667825991e-01
5.080575163442100362e-01 4.534754065217960206e-01 4.711616035607896769e-01
6.483813748870916882e-01 7.081139510742225918e-01 6.187589224507626939e-01
4.347705616361565162e-01 4.436436890251190257e-01 4.226205561328710836e-01
6.417964068880069872e-01 6.122893699555055358e-01 6.954333015425334663e-01
4.126812642943950560e-01 4.872623554208765917e-01 4.449149578986815734e-01
4.251966643556515102e-01 4.349951726928347195e-01 3.825654542937665936e-01
7.338670777193747607e-01 7.321710401279241109e-01 7.741806807826845382e-01
4.305158371771117265e-01 4.043956901459884734e-01 3.962142460773294128e-01
7.011215899345137892e-01 7.346224810951529349e-01 7.674492177679047566e-01
6.323629342735761494e-01 5.882293409851228061e-01 6.266914380206740631e-01
4.502313851519278987e-01 4.720771863343177777e-01 4.963832695318535770e-01
5.164413429571304004e-01 5.485471210613259707e-01 4.977004304978919769e-01
4.540462156583653930e-01 4.574871867328410557e-01 4.399772713289403780e-01
7.516506330569083794e-01 7.560862217320899470e-01 6.989820383280345162e-01
5.367081556264734488e-01 4.675100432128781458e-01 4.468009842685979893e-01
4.208779776941617423e-01 3.944507874457238161e-01 4.770251132457606902e-01
8.331445456702800678e-01 8.183210392258574162e-01 7.954725432264527774e-01
7.674748248890567170e-01 7.978926904785079710e-01 7.759456456279039127e-01
5.949489563721582774e-01 6.559909636053614657e-01 5.732845872455391012e-01
4.664099070655757240e-01 5.799024351134428601e-01 5.753907481265811974e-01
6.115841482760890901e-01 5.659496087863152836e-01 5.913342216087732472e-01
5.942767465888314504e-01 6.275620237546895019e-01 6.443713264077645109e-01
6.139234543422016355e-01 6.677776244451458787e-01 5.688439673858636247e-01
5.359113914532729339e-01 5.323536893602436315e-01 4.781569584191748268e-01
7.179152909725329268e-01 6.674310018289951740e-01 7.110137340363535952e-01
7.573805521747053460e-01 8.056278341426008627e-01 8.472753621533449797e-01
3.895719133779373955e-01 4.081794566145960368e-01 4.821029871580872483e-01
5.388056368034577215e-01 5.103875249495342104e-01 5.980354512389273181e-01
4.664755929964612413e-01 3.920056585553607920e-01 4.545480151645562295e-01
8.869874061543199240e-01 8.506649301762801985e-01 8.455800795518650936e-01
7.024602812506122174e-01 6.643102759263100898e-01 6.720164136756575646e-01
5.006056822509327153e-01 4.173470700571955683e-01 5.460287893131455794e-01
4.803362008867823052e-01 4.888466447849065810e-01 3.640357639228432585e-01
6.724827932814044784e-01 6.165688347478913700e-01 7.106504985152243270e-01
5.304669295584316657e-01 5.991740952597730541e-01 5.706287938955312278e-01
6.462757989728141750e-01 6.571818389996807452e-01 6.207410261603404367e-01
6.880143760001286024e-01 6.336114653761947269e-01 6.460857349592936671e-01
4.911137412879083564e-01 5.281768453678712394e-01 5.186085610217249231e-01
7.655354046427922388e-01 7.532377686403496364e-01 7.702107761066001590e-01
4.684496421748365891e-01 4.718130862267392311e-01 4.817338856466595320e-01
9.219345092339087389e-01 9.292308639458354280e-01 9.098220832588406193e-01
3.977634604896951309e-01 3.612856123907853267e-01 3.332270598551381746e-01
5.854232559566139305e-01 6.000753604348982861e-01 5.641350789739879579e-01
4.828024480628936854e-01 4.948539353970786148e-01 4.880352227540132315e-01
6.913811502994736680e-01 7.315634405136129947e-01 7.088221004373318479e-01
4.937312888937887556e-01 4.961086579672923658e-01 4.712966084747154394e-01
4.262799862859436573e-01 4.825405317996316334e-01 4.477314977821976183e-01
7.602099848503540702e-01 7.738263227399390098e-01 7.599785791990715245e-01
5.978692172275494876e-01 5.895578690339691175e-01 5.434356546813640110e-01
5.639320355403918406e-01 5.802460862586000800e-01 5.933649687766910930e-01
6.321091937108380687e-01 6.606080553875338657e-01 6.610127732957320479e-01
7.007895014251477317e-01 6.912992503693023982e-01 7.011405822137894983e-01
6.142627814837260392e-01 6.369038201619110495e-01 6.662433919187047415e-01
5.576374428885108037e-01 5.980306069974734573e-01 6.007787217462473572e-01
5.488516004258149339e-01 5.078240113459838723e-01 5.310268111495424215e-01
5.368556804641572144e-01 4.892560623072551018e-01 5.092656044930889969e-01
3.966360702883476863e-01 3.842142391546571889e-01 3.791672764436005982e-01
8.237914699875559243e-01 8.683544869419068668e-01 8.410016530468652496e-01
4.673803248008681077e-01 4.728816901726114463e-01 5.029918050312236488e-01
3.088922222563298958e-01 3.080317636228497857e-01 3.359781230751709424e-01
8.207661225342035571e-01 7.755599978434863928e-01 8.187852601099039340e-01
6.811037194067832701e-01 7.291828002761311378e-01 7.483229124047906522e-01
6.822552871211361447e-01 6.912855789919810645e-01 7.347390723063605966e-01
6.184196755451533134e-01 6.922415692613929084e-01 6.327855250111210639e-01
3.844284058456752806e-01 4.222252672007993923e-01 4.914740488857043399e-01
7.595975163427209909e-01 7.304699090476085566e-01 7.651630224028892480e-01
2.558605311610519517e-01 2.558595188191822856e-01 2.663411873389622819e-01
6.449839562436257001e-01 6.311905472196945865e-01 6.447916628209364731e-01
8.330400846901048206e-01 7.670519735819905094e-01 7.786550585334564012e-01
5.117063331638058710e-01 5.724181137262497332e-01 5.575100382686900558e-01
6.580029562043595570e-01 6.240205579660288437e-01 6.185450634933921110e-01
4.741548914894618827e-01 4.509737271026261762e-01 4.802651974385913625e-01
8.340951032023733447e-01 7.949286160007266178e-01 8.002370785753368798e-01
8.835278850480148272e-01 7.999200500121521618e-01 8.541085653194313565e-01
5.710853789643567380e-01 6.080140724731387669e-01 6.043787424293609600e-01
4.978146307255566505e-01 4.573335630127218776e-01 5.430429826525892123e-01
5.790305225863351390e-01 6.099029705361913578e-01 5.520315349819362449e-01
5.258267730906444060e-01 4.635346484399849309e-01 5.450892165139575862e-01
5.433494835030718839e-01 5.724042302680366623e-01 5.536480247528834386e-01
5.151959809352155695e-01 5.267350881715591182e-01 5.275584392700346514e-01
4.431972824539238132e-01 4.408985813441116397e-01 4.236711742407728853e-01
5.799492858631547509e-01 5.804127898486821646e-01 6.150871235945696291e-01
7.684460925037429613e-01 7.665933515783638352e-01 7.508845916461834857e-01
4.148900901292827403e-01 4.616230130455510339e-01 4.908081907101062291e-01
6.201310943597858616e-01 6.331764880298125231e-01 7.800407537392410884e-01
4.755134437957129201e-01 4.894278992990362398e-01 4.997644447933853318e-01
5.007513782312017492e-01 5.212487759616751815e-01 5.083426055212378891e-01
7.314172199198738511e-01 6.885103853430764032e-01 7.353103092927417705e-01
5.864532080679263348e-01 5.465148122613529003e-01 6.108660871721787178e-01
1.063564444670303422e+00 9.747550483321488768e-01 9.796632063264311130e-01
5.427757915833882896e-01 6.218266502945400953e-01 6.096822037776031822e-01
6.078191853600669603e-01 6.418471484611336653e-01 6.178709767244651152e-01
7.739172208311798640e-01 7.513711706807791879e-01 7.333973354127216737e-01
6.959415783506585074e-01 6.381913755039444469e-01 6.937363175852591102e-01
3.782960199307245364e-01 2.894442094455341730e-01 3.903051139828278560e-01
4.513302720926275491e-01 3.813047034768244359e-01 3.943285491754692229e-01
6.448305745688954760e-01 5.606676114609718820e-01 5.369212338594825384e-01
6.560464262639582600e-01 6.669075489268536661e-01 6.543717197243947847e-01
5.814656842140383253e-01 6.268926442350301054e-01 5.292707996404930615e-01
5.743462196572223233e-01 6.415916103166237061e-01 6.984413832344597006e-01
5.913483640799355179e-01 5.324378614990545877e-01 5.652252315801783444e-01
7.285235915529149064e-01 7.303755940644879319e-01 7.004411896234762347e-01
5.322248520075488765e-01 5.275661685342152296e-01 4.368570113775254171e-01
5.039444674632522769e-01 5.649560799534735223e-01 5.145449611117044464e-01
6.714714661168684762e-01 6.200994971027389280e-01 5.460717291268268880e-01
7.227045026823848417e-01 6.813749795605279491e-01 7.184676495706140420e-01
5.241007987808293800e-01 5.079688534556655588e-01 4.473693610319918190e-01
6.530986810833563361e-01 6.245255819336470449e-01 5.737746721575515130e-01
7.857798028600571083e-01 7.989194418314979895e-01 7.157171025076750626e-01
9.720973400633778905e-01 9.954923807878367503e-01 9.419346398326500225e-01
5.402161896398230967e-01 5.379566120046452848e-01 4.985965609748852501e-01
7.972555679477689727e-01 7.470924123758845292e-01 8.198993139839527711e-01
5.437875437098281806e-01 5.385475597261832892e-01 5.753821485853241047e-01
6.199007003184792142e-01 6.276873898052115486e-01 6.215737232191094197e-01
6.236087035836890280e-01 6.571152595907879812e-01 6.127078793999121142e-01
6.634890964082400533e-01 6.118521540215170473e-01 6.581739296639905756e-01
5.717396534441016032e-01 5.431092008056718212e-01 6.179826544884041706e-01
7.057445412248603001e-01 6.879443098632577192e-01 6.253207613097021556e-01
4.777762092350816836e-01 5.179302203215563338e-01 5.516472392575388906e-01
6.050562628973457091e-01 5.747476250336461812e-01 6.205077705649981734e-01
6.652198691016096843e-01 6.500339846555029943e-01 6.010265662835242439e-01
5.693513633242411887e-01 5.697268843350045131e-01 5.147411445954050979e-01
4.875120847901402987e-01 4.146366944518398157e-01 4.791442142645608859e-01
5.136438572331342156e-01 4.519678067134951238e-01 4.792325204584321208e-01
6.863936718594376707e-01 6.344209094577570873e-01 7.160295126263307441e-01
6.325662962680352885e-01 6.263888353440687506e-01 7.201761254212659669e-01
7.962649870190353640e-01 7.940393546062707308e-01 8.125637859421516174e-01
6.280335409956423476e-01 7.268140781552088203e-01 6.444839631188552520e-01
5.867440183990981772e-01 5.692136439297782458e-01 5.486253127165374721e-01
5.957518835812871671e-01 5.419364810702390622e-01 5.447590837258243779e-01
6.327388494453454193e-01 7.375983230332591178e-01 6.498395370569659546e-01
5.911924816308146147e-01 6.358561143244093605e-01 6.051772520873718308e-01
5.482514953980112127e-01 5.837884497537593198e-01 5.407929415337656698e-01
7.792033734495219521e-01 8.019815870017751314e-01 7.955922891277895648e-01
5.954016242979939255e-01 6.106560719314241270e-01 6.202360037127729875e-01
6.122823273866903060e-01 6.779846694239496374e-01 6.759551019812274353e-01
4.889008228032987735e-01 4.774008837789427973e-01 5.346845949140280885e-01
5.211084613316178116e-01 4.517649605670196467e-01 4.415260578112980006e-01
7.314973304245170338e-01 7.576824229981806713e-01 7.589753915244076277e-01
7.173886641425967214e-01 7.331599543614354397e-01 7.358137893581083722e-01
6.851603778169509384e-01 6.471700520778661536e-01 6.281338349645025909e-01
5.102745505878034660e-01 4.296433156333795966e-01 5.081298686028808964e-01
6.725863651446855052e-01 6.738857853027042655e-01 6.724643863832191482e-01
5.251261608186877927e-01 4.641846837206048959e-01 4.302868984055032708e-01
7.434327089172069192e-01 7.403485156122016075e-01 7.348235001383844889e-01
7.003982980060826646e-01 7.067016786699070741e-01 7.624077474556816281e-01
6.791481213419832130e-01 6.450265953440730282e-01 6.735342010331856200e-01
6.458055456283469109e-01 6.637044873953652502e-01 6.582047169037344991e-01
5.680516490125516738e-01 5.876975132570996241e-01 5.405891923589758452e-01
4.922516209160602285e-01 5.353743348984804085e-01 5.117089329600928993e-01
4.406136325102671392e-01 4.412264018819294642e-01 4.605688851294624797e-01
6.939822289657512355e-01 7.113838700388463998e-01 7.054625279093523771e-01
5.829427285206185694e-01 5.498505881802129291e-01 5.356849448564965366e-01
8.260584235631940331e-01 7.883000756278912835e-01 7.915734937967078277e-01
7.060720795987293075e-01 6.838113944471346795e-01 6.378522646972220045e-01
5.014214194388266765e-01 5.060973044048004965e-01 5.183158298847080347e-01
7.394203372638366023e-01 6.825917710720597054e-01 7.252140816237327980e-01
5.595360928596011529e-01 4.653679160287014227e-01 5.264820400071323903e-01
5.844000397159822002e-01 5.728743316617229686e-01 5.881514269122981586e-01
6.075022937068800255e-01 5.966970731469384281e-01 6.697265845218802749e-01
7.832066563081335753e-01 7.376251395951332057e-01 7.344150486877248918e-01
5.938726369452889120e-01 6.255049224901780835e-01 6.183099876266016093e-01
6.602495642482466565e-01 6.567046407956528276e-01 6.741364886329928030e-01
6.774097053877422558e-01 6.216136248388496321e-01 6.587153367605491638e-01
6.831266589816906709e-01 6.697061312576775283e-01 6.617545565810704078e-01
6.268444279117694196e-01 6.277032878932241600e-01 5.914632099036197799e-01
7.737482545297867942e-01 7.049745279468695447e-01 7.145161681565681544e-01
4.097857124733529921e-01 4.272816458769417847e-01 4.861339038195040541e-01
5.245007928934266594e-01 5.285400565073788970e-01 4.803882707804462138e-01
4.691703352120472070e-01 5.171553557959506220e-01 5.543851212471915257e-01
6.736417808919687999e-01 6.914895833139410586e-01 6.894544083672717871e-01
6.375105941366088214e-01 6.181892378546327560e-01 5.887953124357118151e-01
6.963521181531427962e-01 7.104980972112378002e-01 7.055606081698825305e-01
7.657270581415484001e-01 7.671717844215110160e-01 7.034114872478522962e-01
6.136904435988627116e-01 6.275671739860465559e-01 6.618505395238218902e-01
5.470783769268053875e-01 6.158175057521938500e-01 5.879672127013031435e-01
5.190595263491587508e-01 4.844218520117329896e-01 5.239879891096936859e-01
6.693541353132498317e-01 6.423731439464487325e-01 6.215458323947724573e-01
4.380226690429569469e-01 4.255519632586469148e-01 4.757122923684649618e-01
6.200400874533735784e-01 6.280870429230784868e-01 6.050800164194508612e-01
4.539665250003432351e-01 4.845665618335197045e-01 5.452383924658135150e-01
7.183041347694341106e-01 7.143805819527679901e-01 7.070246555733320504e-01
5.299107496499994019e-01 6.157712358479004999e-01 5.791752932367195683e-01
3.943810462053820576e-01 3.726459957554156821e-01 4.018873853474873026e-01
4.862602129156732289e-01 5.751022034575400399e-01 5.340291893664482759e-01
5.693456087614443550e-01 5.312332688875921471e-01 6.283350087950433371e-01
6.747982432191806934e-01 6.333608887485873140e-01 6.479478881514234567e-01
6.416817921921420531e-01 6.429354958989785818e-01 5.615355173251306287e-01
5.899168074681307994e-01 6.053317176743412409e-01 5.801277160962499124e-01
7.700584801926531053e-01 7.479534255839258572e-01 8.386150029235356351e-01
5.867576462940923276e-01 5.729668322734413621e-01 6.197542181033799391e-01
6.416206022392787478e-01 6.384461725026052692e-01 6.121398229342641661e-01
5.549222216650215866e-01 5.462694979546730556e-01 5.547033624556155784e-01
5.833421503064699642e-01 6.237886821227266454e-01 6.040162694419425327e-01
4.395419113409186340e-01 5.044462810841213729e-01 4.933338201025407876e-01
7.352383045548548379e-01 7.397204423102295978e-01 7.481452132927866039e-01
7.094330877775227862e-01 6.965819854727582916e-01 6.842646199392029560e-01
5.164766987309061808e-01 5.690675959900629577e-01 5.486888466234700612e-01
6.758498264677035294e-01 6.611328749386630177e-01 6.464264949222797707e-01
6.098097055657524246e-01 6.079687152799910788e-01 5.732688537575491017e-01
4.174366878130316705e-01 4.651070777098798570e-01 4.499996084426060583e-01
6.330671820097294455e-01 5.574560288001966235e-01 6.481374048318209180e-01
5.987353543039387604e-01 5.811384571646229791e-01 6.804411879086450510e-01
7.481799410569452968e-01 7.630238930675570241e-01 7.893040253789604943e-01
5.297295523759214531e-01 5.530702101868602005e-01 5.295891718642746770e-01
5.417213163865133296e-01 5.086963848093180030e-01 5.152566417968302837e-01
6.708733523027337053e-01 7.104860793540946906e-01 7.174498833999496394e-01
4.758703472713754490e-01 4.907047099498600407e-01 4.925733998198391084e-01
8.737987367198588595e-01 8.466844108341213815e-01 8.733794598337752957e-01
5.200837145344728851e-01 4.909339759485662480e-01 5.355861420186893707e-01
3.833331270990735229e-01 4.076569637060720175e-01 4.352064536766845348e-01
6.817176870601360239e-01 6.726055654055260735e-01 6.953125918869726974e-01
3.906267765318603979e-01 4.034214022793402576e-01 3.966919832549667402e-01
6.856538599942605394e-01 7.532723384664767874e-01 7.166297296119159554e-01
6.062221207046433191e-01 5.641705460544345074e-01 6.317329698357924128e-01
5.229383076652471818e-01 5.097075418658731927e-01 5.393563057012725759e-01
6.543220493148674821e-01 6.079002395687080895e-01 6.137861587614885650e-01
5.392774436897571633e-01 5.580936522747115269e-01 6.108883147949997205e-01
5.951806126570007294e-01 6.041147210863853090e-01 5.605808052666808594e-01
7.588494294980295818e-01 7.445671790275382174e-01 7.576310032159869756e-01
6.117763924123104102e-01 5.486065739284098353e-01 5.271038783789534499e-01
6.741944321055493017e-01 5.959379543926143219e-01 6.565999872943727445e-01
8.122034714867822913e-01 8.391666144643866732e-01 7.809425148972691799e-01
5.876486634820968780e-01 5.616692714549040844e-01 5.718631040389646758e-01
6.918125036462757782e-01 6.087116867113121499e-01 6.480602209541105330e-01
4.160587716428567062e-01 4.467909137459457614e-01 4.866039829222886803e-01
7.936870919711030981e-01 7.745873588888485539e-01 7.690368402499114797e-01
6.077377928155445197e-01 6.553702084766637181e-01 6.205486751784270449e-01
4.845415114052899486e-01 5.519758504428067258e-01 5.457983850018713889e-01
5.278513416593372254e-01 5.743219589105816869e-01 5.524809467186038159e-01
6.034301480448580612e-01 5.420443303903835774e-01 6.408113521739088325e-01
6.398142425118892307e-01 5.791463361889456207e-01 5.914627647858891057e-01
5.258945123907098340e-01 5.591913249902963345e-01 5.939080320327081441e-01
5.876019628248346782e-01 5.480893744995393169e-01 5.999458385202627309e-01
5.843791078377208459e-01 5.871743791467800566e-01 5.602434230005922666e-01
5.463981591557833806e-01 5.488181224916998113e-01 5.214152200191958242e-01
4.973408777970564354e-01 4.500311862687282338e-01 5.158577136769693094e-01
7.476388175040286077e-01 7.924471361224140198e-01 7.198234512756161996e-01
6.989972597281285394e-01 7.303597396533662023e-01 7.181780065556849779e-01
7.891690380635730806e-01 8.089170694067630007e-01 7.995653958103826620e-01
8.033170072126467609e-01 8.540291411645387631e-01 7.669274170983473304e-01
6.281316402072808502e-01 6.590131280791485802e-01 5.944623392449743804e-01
6.360070812025434561e-01 6.026732556367799809e-01 6.614871162873111610e-01
6.552971916478512737e-01 6.111585780139631163e-01 6.449584227323841290e-01
3.199345059079266029e-01 3.928221196292688289e-01 3.308785358418103173e-01
5.432656354494777018e-01 5.609127203061073930e-01 5.187152018402055864e-01
7.031810844540005156e-01 6.863079752502212472e-01 7.494208101420842816e-01
4.924361986116057577e-01 4.814193553284880633e-01 5.418567323719420958e-01
5.541220204478526368e-01 5.437487193010449582e-01 5.716640849801895019e-01
6.046948088541015398e-01 5.387535610792945073e-01 5.981228746966121834e-01
5.215649614970916392e-01 5.370178022427700704e-01 5.063024672454849995e-01
5.443660695525150972e-01 5.073005463984282537e-01 6.177096866948845744e-01
5.871652403771380202e-01 5.111178080564267034e-01 4.555493291351670471e-01
4.702829143546398138e-01 5.055376705742471444e-01 5.241618662039819743e-01
5.194074472117666819e-01 5.401916735184324470e-01 5.434628350044770073e-01
5.159055199609737796e-01 4.747682899982689775e-01 5.716204078115005860e-01
6.142638717364470313e-01 5.426328301003652266e-01 6.132580189053413733e-01
6.182451463815743509e-01 5.958698308942257382e-01 6.890651810260339794e-01
8.367124785404008724e-01 7.782499370347230050e-01 7.873635306987415428e-01
4.671804400468670404e-01 5.265093882481516330e-01 4.882947601891464151e-01
5.306949956269720881e-01 5.767184486469028037e-01 5.754213275238753145e-01
6.404705706216262673e-01 6.747200064997083135e-01 6.956009065782571277e-01
6.927521286722092553e-01 6.680520813038269834e-01 6.934554820618705762e-01
7.554582066174020394e-01 7.580890044737359501e-01 7.610111130615104802e-01
7.333189995903688363e-01 6.660165586514266156e-01 6.538283987644590844e-01
8.017340929118191850e-01 7.868804562206719311e-01 7.967054099404524692e-01
4.784839190447369717e-01 5.387577288293865507e-01 4.982545007895771150e-01
5.428338207967463580e-01 5.329923476961775375e-01 5.755467507827803919e-01
6.015812648364056159e-01 6.109522229149589867e-01 6.366177024953768582e-01
3.891757751976492874e-01 4.786755769773223257e-01 4.585725851004695541e-01
7.042693591571825840e-01 6.825044193869845843e-01 6.589065211074018880e-01
7.102072691001174443e-01 7.299282904423844975e-01 6.919797290715488103e-01
6.280609928725818802e-01 6.835037521228928270e-01 6.218735259671821503e-01
5.891466977859687315e-01 5.928570767220152637e-01 6.116157496385510317e-01
6.095215357498634523e-01 5.485099415201918349e-01 5.744848480781885591e-01
8.322402571518906500e-01 8.305054591929733609e-01 9.003793896619455284e-01
8.186716034633417793e-01 8.083561366749582033e-01 8.126626077945314774e-01
5.971199866990869465e-01 5.967007941953561545e-01 6.057403961708319740e-01
5.669332695520987730e-01 4.926877837796734272e-01 5.453180021008807721e-01
7.480897928952472409e-01 8.186614280500535967e-01 7.067163795043620578e-01
4.856786951264965846e-01 3.903754221020047654e-01 4.769490998069783605e-01
8.736970232769030176e-01 8.103180810418830760e-01 8.280232578289868917e-01
5.856061728038642888e-01 6.394480811721562352e-01 5.553373067132146845e-01
7.224815725500232100e-01 7.401266048573379441e-01 8.291833260630623315e-01
7.394129343050356296e-01 6.630524891581131008e-01 6.680582409752745532e-01
4.593915393427330796e-01 3.788321584354098492e-01 4.226726890432251360e-01
4.790839364982993898e-01 5.078245904471360150e-01 5.010410537399497821e-01
8.102749760306446891e-01 8.117572820327491057e-01 8.156540649023796830e-01
5.470150168278086200e-01 4.702176755952242604e-01 5.505931089066673501e-01
5.560407052480264012e-01 4.480776803246370732e-01 4.875656468610367056e-01
7.544456988860724911e-01 7.531446572065462197e-01 7.123040369011804929e-01
5.938783008303190059e-01 4.876438877710427833e-01 5.807944532630168188e-01
7.621576619278996878e-01 7.371849068629606760e-01 7.625861535201583497e-01
5.236177918008473320e-01 5.799155683925251159e-01 5.253536220588048700e-01
6.565343505981604544e-01 5.532116171688485906e-01 6.736524096930481820e-01
6.344842888504715894e-01 6.445093450092754805e-01 6.185166819511047631e-01
7.226350664699555670e-01 6.650696387238239637e-01 5.774586694587520164e-01
7.493161019012600788e-01 7.668534307350900470e-01 8.056395785458241310e-01
5.156211508518397935e-01 5.461089772135522269e-01 5.246550247414072388e-01
4.324131016892129309e-01 4.436626982354889837e-01 3.784002510075071268e-01
5.720931411501498642e-01 6.589457309275484898e-01 6.319150272216573772e-01
7.347917914109549642e-01 7.303569100095593791e-01 7.537481472823178708e-01
8.784104778985430961e-01 7.420563950315652857e-01 7.629408632266233559e-01
7.572889693671974731e-01 7.202786439082222714e-01 7.141600887171267731e-01
7.553661461167301416e-01 7.754105747789152847e-01 6.439377691216416899e-01
7.234735735153315916e-01 6.811242523257260428e-01 7.357762309604231055e-01
6.689476361998795140e-01 6.378212532927096667e-01 6.405024157105977389e-01
5.704205911556488040e-01 5.496511518323906609e-01 4.999536615784924143e-01
7.450487090482190711e-01 7.839235132285270469e-01 7.004395216231972254e-01
7.527620461416038022e-01 7.518992949629124123e-01 7.643304360527438668e-01
6.163492313815066570e-01 6.544893067976844669e-01 6.890499068361088941e-01
5.441229553081459169e-01 5.829658594675746208e-01 5.661167166688011454e-01
7.637161189829561048e-01 7.438827174068227688e-01 7.567754605149341618e-01
6.719106933973651996e-01 6.379415323878750987e-01 6.872371290656494880e-01
6.380369580409817054e-01 7.025109796189342726e-01 7.007109095848177427e-01
7.508418497783027057e-01 7.406866629938132496e-01 6.991123888488135485e-01
8.275927599467980400e-01 8.382152463995551361e-01 7.879604307970125010e-01
4.858169318984998375e-01 3.646594310802199201e-01 5.050897967271825717e-01
4.957773446343453627e-01 5.541240817885519920e-01 5.467814541820602559e-01
5.764041142784090965e-01 5.784365394961065165e-01 5.648322686601222609e-01
3.542864123166524215e-01 4.032374723357424751e-01 4.205874391170486004e-01
7.193160081413759732e-01 6.525382653049811577e-01 6.870292084833133917e-01
4.920115566269430141e-01 4.836474007778440720e-01 4.948311347760930845e-01
5.993977213131795878e-01 5.217061163703271554e-01 5.774810284158977680e-01
6.090386561926814935e-01 6.215380073133940364e-01 5.949706816550037747e-01
4.626199800881911628e-01 5.201452949883954568e-01 5.113305451377148092e-01
7.242230039714990797e-01 7.045745675961194721e-01 7.241164405752085198e-01
4.051789681305547064e-01 4.020908688281225052e-01 4.081735812359773563e-01
7.754880488038357056e-01 8.236846471425537386e-01 8.238828275840879289e-01
5.333589853507038070e-01 5.248269833443292010e-01 5.996568282365740687e-01
5.361031004581970905e-01 5.593144884876544154e-01 5.983898137580131449e-01
6.067307171942775135e-01 6.228500339359612781e-01 6.144787356362619857e-01
5.331478602764588848e-01 5.342286245183747173e-01 5.317589005532437074e-01
7.203129321775436633e-01 7.278320478540886151e-01 7.181680363119690158e-01
6.112025454976928174e-01 6.092423572018691447e-01 6.439465594976195861e-01
5.699513291802175141e-01 6.057602569812489124e-01 5.788020000516107544e-01
5.746286972771732504e-01 4.998293270725809867e-01 5.650847711990071298e-01
9.138246627293831192e-01 9.351016029223374604e-01 9.629047199029405757e-01
4.433461135030187794e-01 4.508483372134519107e-01 4.929346210930740657e-01
4.905709816842239723e-01 5.243566805855311985e-01 5.852395870920398258e-01
6.993585281501392137e-01 6.259654409849999546e-01 6.593940152380625142e-01
4.941187557803302655e-01 4.882654454900006158e-01 4.361431637082837653e-01
4.907924715840207841e-01 5.588496795490935920e-01 4.610304338006482316e-01
6.698344043217855370e-01 6.115079046683711272e-01 6.306634569529050438e-01
6.540940730303821393e-01 6.189238373861744025e-01 5.852400111935885940e-01
4.878932570925632040e-01 4.699684569371969656e-01 5.043969206928016202e-01
5.703603322214022553e-01 5.724656248411884585e-01 5.881606473798167700e-01
4.046192744442757561e-01 3.427630735505997062e-01 4.266994484674981325e-01
3.731322027229084792e-01 4.637890263029537663e-01 4.871726737556101305e-01
5.334122152456293176e-01 5.155032993659466323e-01 5.435825340742488354e-01
5.666952557416843339e-01 4.873852264158349268e-01 5.174486642037934292e-01
6.370601617567763775e-01 6.284904616712230219e-01 6.452595388638202589e-01
4.698790501642555184e-01 4.563761719294114338e-01 3.657907808415838957e-01
4.981215407759734815e-01 5.164195057320041249e-01 4.988116772831885926e-01
3.750704865632042417e-01 4.346103761181682734e-01 4.640058866428266038e-01
5.870196950180676110e-01 6.248233135382816883e-01 6.207859708157894563e-01
6.835650420444813191e-01 6.646067367953196747e-01 7.379600657614054926e-01
5.834749703726831438e-01 5.584068996579724109e-01 5.580220209659181307e-01
5.549546044064258554e-01 6.035671475775363781e-01 5.672861931464644458e-01
7.371694350061921419e-01 6.786950476154419709e-01 7.201853046190670460e-01
5.552911566014723244e-01 5.735410550994451961e-01 4.774217826066575743e-01
4.981824042647866602e-01 5.063242734947627222e-01 4.209588022131316998e-01
3.615473391836086514e-01 3.746414361880466837e-01 3.213224099084598939e-01
5.059185024792151042e-01 5.796620527587063032e-01 4.749508579725458812e-01
6.107671308114471787e-01 5.843313046624788454e-01 6.577300420085022692e-01
5.921857655458850900e-01 5.040423169355674471e-01 5.188894454193831995e-01
3.945667424031832904e-01 2.720226697759895451e-01 3.465999155418464928e-01
6.230872216955779530e-01 6.731264584425507014e-01 6.691327633785874029e-01
7.642826924237867692e-01 7.611254763433324966e-01 8.058729504298740576e-01
4.758227674020606424e-01 4.535078515295719592e-01 4.648306035009815429e-01
5.421943822167573090e-01 5.561724811012096481e-01 5.413233058627333616e-01
7.310478504555634194e-01 7.576942944076142661e-01 7.544255259245812306e-01
7.752126452260662548e-01 7.086103502487406391e-01 8.258763926635335206e-01
6.705256774187706714e-01 6.965156608737230748e-01 6.147433864976264983e-01
5.293791356923819302e-01 6.589806423355540899e-01 5.501904838563712596e-01
6.012569353929728688e-01 4.851180278819824387e-01 5.229398720022198077e-01
7.852280386712094939e-01 7.572071144324469261e-01 7.484070635616510980e-01
4.763339918784353921e-01 4.981684748245779892e-01 4.648582108757717268e-01
6.854523899771401974e-01 6.261606678809759075e-01 6.003228180895321398e-01
7.366572600048219011e-01 7.540557013601643099e-01 7.392837144360095980e-01
6.907015490500282295e-01 6.519624617602478578e-01 6.163120749024121325e-01
8.755594370909410840e-01 8.175062600653167921e-01 8.467055025721176298e-01
7.466403131639026691e-01 6.805966678337991294e-01 7.556939372389536169e-01
5.150293621629347118e-01 5.774411200558304813e-01 5.854497865146698343e-01
5.418662687674762335e-01 5.196420556524323775e-01 5.709474921753193710e-01
6.913034592760849417e-01 6.496010280568561557e-01 6.787135807718135405e-01
6.245653662152228502e-01 6.059830471097691351e-01 7.180291456602485578e-01
6.379255639873562256e-01 6.473545651199038575e-01 6.368874770153774012e-01
7.468352026041841230e-01 6.388749153026681560e-01 7.672104684408197484e-01
5.140686674615169149e-01 5.336041547070096147e-01 5.546490988480599071e-01
5.306327355918907251e-01 6.175678510766415830e-01 6.517870659733223659e-01
7.508430042482947542e-01 7.737617035048522940e-01 7.583776583196855103e-01
5.293096645249363297e-01 5.307609065778038371e-01 4.998924639448546481e-01
6.790604760682776853e-01 6.091330302295697718e-01 6.746278511536853983e-01
7.310057217285019782e-01 7.254338318788865481e-01 7.739103559336607541e-01
5.769873275231492959e-01 6.446370341323690578e-01 6.211529685397519929e-01
3.650278050269440411e-01 3.566966546741609512e-01 3.139622202542767249e-01
6.172365811526934198e-01 6.264482451014180553e-01 6.352882354344304705e-01
7.743002006791768199e-01 7.233692375733268287e-01 6.741646456694774248e-01
6.715661413878696306e-01 6.717634235736592574e-01 6.698189181188914931e-01
6.277248280095986122e-01 6.840313955556056591e-01 6.112712253000314178e-01
5.088462729329468193e-01 5.110631157431821947e-01 4.770201576427332002e-01
6.591854785829072139e-01 7.240403334409115654e-01 7.042996665845345783e-01
6.912782018114979055e-01 6.131614941946935682e-01 6.610668213828765349e-01
6.377367337830824878e-01 6.270526268515816959e-01 6.051858904246442128e-01
7.837643185482809915e-01 8.814523212124263374e-01 8.516150809025407886e-01
6.773890486882127027e-01 6.983320686214653517e-01 6.372026767232418232e-01
6.181466294411642748e-01 5.551530687408106068e-01 5.550458050048847625e-01
5.572175023602530253e-01 5.593214206941087285e-01 5.520235079531116140e-01
3.691676177332605113e-01 3.778075371461991350e-01 3.431558942257892930e-01
6.779830508104034426e-01 5.993398063755244198e-01 6.313054751584461499e-01
4.304076354406211613e-01 5.047036566567082438e-01 5.072443381979578891e-01
7.954477015892450487e-01 8.181605155619463554e-01 7.846106022224383914e-01
7.430842980100836881e-01 6.808564058320168977e-01 6.872900906654407782e-01
4.693391372298943987e-01 4.510842992780570437e-01 4.400444003905822909e-01
7.295270912742993774e-01 6.926984980478767540e-01 7.070819346592394083e-01
6.349937839813020179e-01 6.315840761726581043e-01 6.534006083177009705e-01
5.978903462299767213e-01 5.425418597011790744e-01 5.882726450009382324e-01
6.652033295958064141e-01 6.412643684330049387e-01 6.744156187092739119e-01
5.795979386688001611e-01 6.542396657580981101e-01 6.138580566650583270e-01
5.613872287880564693e-01 5.566518173525134561e-01 5.267672690929069423e-01
5.719037168330570742e-01 5.965664720303113233e-01 5.829296380045856374e-01
6.312684244627748686e-01 6.424296215520288733e-01 6.179137596379606912e-01
5.321127380905702475e-01 4.603612837368808997e-01 4.874396488273796124e-01
7.050886528404919362e-01 7.514879946005513789e-01 7.934492266424740814e-01
6.317529884771114768e-01 6.150125663443896107e-01 6.256074076694356778e-01
6.420095306145600089e-01 6.552633662172243634e-01 6.299480106709965943e-01
6.146272817119491361e-01 6.136034516800115135e-01 6.114046482967976370e-01
7.095408493055079813e-01 7.643537863144159727e-01 7.605634445081382866e-01
4.644154987308010130e-01 3.922167760918855994e-01 4.980168326636830178e-01
5.801946546242839897e-01 4.488643466777342828e-01 4.878984075958411326e-01
7.091999370532344749e-01 6.536004240547756972e-01 7.110908079072578714e-01
6.044378421919102129e-01 6.369316082167161275e-01 6.609114240158892040e-01
5.435094896434027323e-01 5.470950437069431738e-01 6.163966767590240980e-01
5.587736791015336379e-01 6.052493913398717673e-01 6.107180486059498037e-01
7.449271285380705265e-01 7.218594187544116192e-01 7.643282209758459622e-01
6.860884735784408273e-01 7.322880370339103218e-01 6.762379921071178801e-01
6.462229256460521043e-01 6.173034862457292826e-01 6.421523939624593780e-01
6.848506684032570346e-01 6.147711561743267605e-01 7.382883058118135944e-01
7.078295944760233382e-01 6.664630746685522578e-01 6.562105185624139692e-01
4.136223223843897845e-01 3.739820240707477095e-01 4.375202122015228734e-01
6.627684014336232554e-01 6.374112949144110640e-01 6.108754305872122758e-01
5.489891750384302549e-01 5.435558908129660693e-01 5.285424808755299075e-01
4.655220387715901520e-01 5.274967373007044547e-01 5.013230390017778815e-01
7.615715488326344484e-01 7.633373012663374757e-01 8.021123447823017560e-01
5.471660173054275766e-01 5.567985986554677691e-01 5.789670595915419327e-01
5.458047863629041929e-01 5.248688713924856142e-01 5.041105547168558410e-01
6.360307009585870475e-01 6.934378290837047709e-01 5.919964475109212865e-01
5.378979857321082303e-01 6.154493043588912249e-01 6.530052816025893048e-01
5.370183019841163752e-01 5.058427019409122982e-01 5.094143153480982233e-01
6.766599458405320178e-01 6.748829013948862698e-01 6.712477947012929214e-01
5.812749468403189956e-01 4.959806721751279790e-01 4.705717561755743961e-01
5.479761290515111627e-01 5.452494471838554846e-01 5.426030895921952757e-01
4.119165612225161310e-01 3.272149070067470467e-01 4.009590002465705516e-01
6.328808870251806384e-01 6.606530609283324251e-01 6.776703743796456125e-01
8.561581022174369338e-01 8.413733750180432125e-01 8.378635136348595580e-01
6.030429678896404022e-01 5.771767400703273765e-01 6.045175039552732610e-01
6.777182468949136673e-01 6.745241510575048505e-01 6.010171981786561757e-01
5.580340510444997681e-01 6.265632785918769931e-01 5.521882738774155364e-01
3.957184427439026098e-01 3.980165241743421900e-01 4.088403897757050265e-01
6.078945139117298835e-01 6.556178497472278099e-01 5.889178302540570842e-01
5.951007814100760518e-01 5.219622480777486029e-01 5.791019186840068445e-01
5.391679893454044414e-01 5.839744269358659867e-01 5.628307811651916959e-01
5.956412047311847591e-01 6.253645638021694264e-01 6.458006316352888909e-01
6.654312777912894106e-01 7.110054292945228172e-01 6.451083060889568621e-01
5.226770675926140086e-01 5.193918096202592150e-01 5.526242430179130194e-01
4.598606455701462203e-01 4.520313805357424330e-01 4.917021204407155954e-01
6.493194919710003621e-01 7.074377591243917740e-01 6.594111266444939723e-01
5.045332162677790278e-01 5.256054283390136916e-01 5.461389988141808205e-01
5.584627316222645632e-01 4.479949716866553078e-01 5.265439372550910768e-01
4.518788784576948103e-01 4.654416278861484568e-01 4.579028584905225352e-01
5.476247456570690897e-01 4.605959962164313248e-01 5.067399027400881772e-01
5.888097625070657370e-01 5.001184980678332614e-01 6.156252781840607646e-01
7.645674866241746193e-01 7.018002615228248198e-01 7.353080120462708313e-01
6.740704191831865533e-01 7.221030405635597837e-01 6.636270429885146038e-01
7.197409714640997658e-01 6.389867256328521927e-01 6.217024292590457302e-01
6.989415551363807877e-01 6.177793349428685188e-01 6.917043730924136158e-01
6.348627860003075440e-01 6.438765084422365392e-01 6.826610266972437113e-01
6.313732291773404004e-01 6.223592187815937260e-01 6.675742417227035208e-01
6.649429213099978808e-01 7.027365551898582252e-01 6.999816591734736582e-01
5.754255127156081562e-01 5.476467633465044171e-01 5.590781650228022759e-01
6.841075271101445532e-01 6.857806637701808761e-01 6.661585980464058698e-01
5.778122436592095790e-01 5.860761967893843849e-01 5.534255881998042526e-01
5.270358012664412284e-01 5.513110780522211263e-01 5.327707238489112207e-01
4.279419982061412053e-01 4.737698245620598492e-01 4.846731303916203548e-01
6.460032960238286659e-01 6.118077499287577492e-01 5.713091824081480974e-01
3.030709357912969026e-01 3.858543992508431941e-01 2.924528343831690469e-01
6.988324084118051616e-01 7.100060879308479622e-01 7.442502179704172383e-01
6.089387368626026920e-01 4.869923604902072212e-01 6.265183751206998553e-01
3.824662263722235500e-01 4.742285503682847625e-01 3.529122580031456291e-01
5.074682591068027104e-01 5.768725220463583048e-01 4.858373833263346930e-01
5.948173947426932395e-01 6.508889644251855122e-01 6.795202205032981890e-01
5.658502681920298816e-01 6.348105822680116805e-01 6.148555623965688000e-01
3.741353166563849419e-01 4.129210467683358532e-01 4.608931369878558892e-01
4.842150889888507947e-01 4.570733914104992412e-01 5.231643955009283031e-01
6.208678629267716520e-01 6.498951223846922698e-01 6.271220778856814171e-01
3.566254315027270194e-01 4.743583308354441530e-01 3.735827294552028222e-01
5.897284821115290621e-01 5.377238573469467209e-01 5.229797935837842138e-01
6.248109304790718799e-01 6.358545911834030395e-01 5.956665419785490689e-01
5.574891647556944330e-01 6.307206672919237755e-01 5.782352445001885943e-01
6.610125301078553228e-01 5.964187989908312781e-01 6.031666925917457123e-01
5.599603527597368791e-01 5.325987489335438640e-01 5.083207629148362994e-01
7.495959834212228001e-01 6.728468202803643550e-01 6.971171924914073559e-01
5.990402306274206223e-01 5.764454705163530868e-01 4.799696088445072339e-01
6.297384714748722745e-01 6.787222271798660778e-01 6.982795917736461799e-01
8.121918813575134122e-01 7.625889285055988953e-01 7.630184924614096253e-01
3.509426090770723095e-01 3.629807316635291770e-01 3.175632289429750066e-01
6.202561593546658258e-01 6.691815403656620198e-01 6.027871857400393107e-01
5.842230923369141626e-01 6.492690453223483038e-01 5.948560784120573430e-01
4.535101322131587231e-01 4.496401076103377914e-01 5.291812580729788884e-01
6.275783160494783353e-01 6.452621816508411490e-01 6.171794774647486603e-01
6.934574193974655243e-01 6.128038493431099409e-01 6.676862253415615234e-01
6.290061238910515939e-01 6.218159278095206632e-01 5.920762591987100976e-01
8.055405475516760339e-01 8.344729579160429234e-01 7.691255318058989321e-01
3.840413670762279352e-01 3.989269754459999207e-01 3.540716663841090295e-01
6.577188389093148180e-01 6.524983647476041426e-01 6.340269874876314216e-01
4.496963441762674707e-01 4.571620672674103769e-01 4.894567100981473962e-01
6.217647610583287854e-01 5.750696328400478619e-01 5.204377506616416627e-01
5.976734845807674112e-01 5.768955717112981274e-01 6.321786378578143628e-01
5.582206726566558697e-01 6.181465842534477062e-01 6.108338244325522970e-01
5.086104282785111064e-01 5.650047507878731556e-01 5.863758106395304814e-01
5.934415323668706943e-01 6.366047172536160037e-01 6.315244816942832129e-01
5.822872946326871357e-01 5.288489526221136217e-01 5.351629709663100476e-01
4.374104147475426085e-01 4.171488387201900405e-01 3.609280831744450802e-01
6.739385705245921621e-01 6.459628723964436769e-01 6.622879045095576567e-01
7.855200628231119309e-01 7.377350864005771669e-01 7.556296189085810466e-01
7.970230209592583659e-01 6.940248813788951754e-01 6.447050197112629277e-01
3.895942051771152381e-01 3.853402729548177641e-01 4.037178895733100625e-01
7.156102305590975599e-01 6.976635906726599279e-01 7.345455889476903977e-01
7.527487414771993901e-01 7.502704543276752513e-01 7.000519316558584393e-01
6.927635622879839694e-01 6.828198725246095169e-01 6.613034586564542350e-01
4.715911172119093275e-01 4.736456637345554110e-01 5.120069234443184181e-01
5.642874065307509346e-01 5.849759815487488579e-01 5.699926323394047811e-01
5.048989606756272286e-01 5.198584797111481803e-01 5.147208429631378035e-01
4.612256953188653141e-01 5.163639469266276816e-01 4.788660686787901133e-01
6.720054563124743252e-01 6.199084742128503356e-01 6.811967051365984682e-01
3.461537182835543458e-01 3.528433441122473813e-01 3.160006712162100606e-01
6.485771008331645548e-01 6.594707283267757791e-01 6.412882934185362149e-01
7.959851916081210899e-01 8.261343846996589413e-01 8.008462676755501164e-01
5.343839903877106723e-01 5.519295261498402549e-01 5.830077096588126562e-01
6.338984034615795515e-01 5.544988392678651401e-01 6.419875101290392072e-01
4.060260970649296475e-01 3.922679655668735998e-01 3.971874647816051596e-01
6.373005450415782924e-01 6.411452874398222423e-01 6.321736505256962957e-01
5.742297851196774827e-01 5.805916412685656613e-01 5.464999069588254432e-01
5.879148030113753309e-01 5.480981454881146409e-01 5.004648490528720295e-01
5.036423834420556966e-01 5.586473657143588012e-01 4.673982910690595016e-01
4.073602355311571332e-01 3.777927462821343840e-01 3.877037525595998790e-01
4.725083159508665087e-01 5.187913938905247546e-01 4.505170293867712950e-01
6.743099685129936294e-01 6.696855155915127922e-01 6.982390827495903451e-01
6.184712790299388141e-01 5.809370343548705407e-01 6.329124045839750190e-01
5.573217525491360735e-01 5.045837119536573656e-01 5.654648983201761014e-01
7.986967531266107034e-01 7.657134364686791761e-01 8.261934299477619037e-01
5.542764581479556751e-01 5.629239167241120168e-01 5.431448900485531528e-01
5.476751649860226445e-01 5.032573930629395953e-01 5.078517098427505205e-01
6.673167569253952713e-01 6.937604468198957930e-01 7.096556455452363021e-01
6.209676382279172291e-01 6.097058903753441728e-01 6.471197233591782227e-01
6.810550499078565911e-01 7.064632240541971475e-01 7.349724105062976909e-01
6.373001673178979587e-01 6.784609898965764385e-01 6.750329811466836416e-01
6.316887748649407941e-01 6.030029549819824197e-01 6.584639784005466012e-01
6.522179462938331174e-01 6.393806498754928125e-01 6.561727635865692854e-01
4.717890823593269278e-01 4.645201236349009166e-01 4.785726549058116341e-01
4.680052257195564946e-01 4.466793113357005462e-01 4.643703285632804767e-01
5.712246280233409523e-01 5.974999389091665281e-01 4.893710564110757000e-01
8.422738714589611542e-01 8.032843158457223520e-01 8.357435565806123901e-01
6.353876370218461966e-01 5.442766148660393988e-01 5.563284432924489042e-01
6.814943478039234837e-01 7.490788593593895595e-01 7.197747486214499668e-01
6.042559849373194680e-01 6.431884629408985976e-01 6.141378795995362516e-01
7.852705431319324525e-01 7.914844605177864256e-01 8.001880701170469568e-01
5.451880434515877782e-01 6.039151262391451169e-01 6.212943792662792841e-01
3.998581338745085256e-01 4.161326008177386737e-01 3.802046896951060684e-01
7.776579605966715825e-01 7.267651039464839702e-01 7.576844008907234196e-01
4.679718537718717264e-01 5.135860432134506937e-01 5.264335328997243879e-01
6.386893842427637802e-01 6.478101063184245056e-01 6.108947762134064874e-01
6.714999947593000007e-01 7.244021567176897047e-01 6.471586350736961979e-01
6.313649226851448804e-01 6.250901559290591436e-01 6.624749425467104658e-01
5.413158990365041223e-01 5.761359390650994117e-01 5.622558197057981877e-01
6.386944787014344760e-01 5.780073865170984870e-01 6.783880430814435147e-01
6.667788069075173407e-01 6.647841692862296314e-01 6.424746523412597776e-01
5.600797180887263638e-01 5.486381015009245132e-01 4.999424125782678807e-01
6.862482246135526154e-01 6.780597363587899107e-01 6.952300865582442535e-01
7.184485312833145398e-01 6.537163252309154959e-01 6.861339247693654109e-01
4.325394078477259874e-01 4.624065162443603549e-01 4.551200935786070545e-01
4.825986346280170536e-01 5.208718320470436813e-01 5.090240526088578576e-01
5.093092764027764563e-01 4.441584567103046277e-01 4.226925150995710645e-01
6.441537658373897024e-01 6.010319264216087420e-01 6.109790800221894802e-01
4.840362055639583216e-01 5.208413068592848694e-01 4.917768426410121796e-01
7.034344387510749197e-01 6.993538817130052765e-01 7.612229396688587890e-01
6.644308744112251697e-01 6.434611076165441812e-01 6.726277089036768464e-01
6.534333547790799335e-01 7.206604383907516675e-01 6.996382541065822025e-01
5.276581187573929910e-01 5.932488455449758114e-01 5.638577062826383157e-01
6.880832684147002443e-01 7.028113577071719575e-01 7.304662534004227048e-01
6.823607180318728149e-01 5.628928397422791052e-01 5.854775953664118626e-01
6.873383263362859985e-01 7.063289654888929014e-01 7.595664997384881101e-01
3.771165006973591916e-01 3.358174215148673758e-01 3.564235851668548505e-01
7.752562747708775515e-01 8.055339753457938512e-01 8.024535021688542491e-01
6.548851006539996300e-01 6.344133574345414139e-01 6.724403858700123138e-01
4.136869466587750899e-01 4.002463431850784015e-01 3.924977704450327010e-01
5.685367238193974604e-01 5.691163418121860662e-01 5.793774836603683420e-01
7.068013437673028587e-01 6.045501134566233503e-01 6.872172161345863062e-01
6.996618881154549330e-01 7.190426399364802101e-01 7.189799085664854150e-01
5.852136228108597571e-01 5.772234766530662808e-01 5.752913060353271879e-01
5.656773232100902327e-01 6.118663453407884312e-01 5.344000451200816570e-01
6.111689338801417071e-01 5.265111771635651028e-01 6.072177940726297685e-01
3.000186793703814581e-01 2.893875969030081929e-01 3.596839797741753220e-01
6.159430982315382552e-01 6.526089197752722448e-01 6.132433795180958214e-01
7.433841513120640343e-01 7.703260170867457513e-01 7.548734715873427481e-01
6.201701447064402739e-01 5.523559607846911801e-01 6.330857492141017673e-01
7.506841793062015711e-01 7.780120378530176461e-01 7.332928743049266229e-01
4.443169066633790298e-01 3.739482130918122538e-01 3.827089464326410839e-01
6.374194513399864537e-01 6.139396653651030267e-01 6.533760803804351536e-01
7.365083298064335482e-01 6.631603205110782051e-01 6.409292042276850676e-01
6.397944295771204049e-01 6.537402197955585192e-01 6.741719570300476194e-01
4.382448163308007572e-01 4.757215621398134253e-01 4.164140757171119200e-01
6.499607115582792805e-01 6.591286898261666805e-01 6.391652818674590231e-01
6.083064289635806698e-01 5.767799870241140381e-01 6.487280676495474907e-01
6.058242311026158511e-01 5.560809219749541787e-01 5.544035386900263429e-01
6.591983094948954403e-01 6.163453621171891550e-01 6.191698374112779568e-01
4.341773227197174845e-01 4.571831595856583608e-01 4.715292352963305067e-01
4.788596929207880049e-01 5.071921208254348556e-01 4.889640222324173058e-01
5.327443199644906757e-01 5.674647351034677323e-01 6.152391005614479269e-01
5.634731249225809480e-01 5.759429570510189444e-01 5.763487866379632951e-01
5.158136251489890967e-01 5.131938981614866391e-01 5.363727072245380034e-01
3.993211123459534662e-01 3.985023281082887281e-01 3.698490531994515496e-01
4.173081337728969942e-01 5.175798953143402326e-01 4.748475719760920088e-01
5.330598943333233475e-01 5.566484448433117738e-01 5.053127384361356667e-01
4.466946917643117021e-01 4.409773528718762270e-01 4.349862007390629115e-01
3.657396406809073630e-01 3.636103629937563197e-01 4.229525833856000450e-01
7.228550908785047469e-01 7.555303772659304196e-01 7.366940536553402419e-01
5.497789116209305105e-01 5.063250590912099502e-01 6.162988048107913563e-01
4.838487308400761799e-01 4.697342757434629923e-01 4.450514679198079859e-01
5.434054631456558537e-01 5.313345538290602521e-01 6.093650503538806662e-01
6.328638872795606662e-01 5.869543185417038789e-01 6.302693915549386627e-01
5.882716412365486258e-01 6.040786239900449717e-01 6.471135794138471731e-01
5.834394258021632362e-01 6.876556947122319796e-01 6.204665138614025022e-01
6.279744818687525987e-01 5.693486651102528384e-01 6.355283283624695301e-01
8.060492039951847598e-01 7.859383889608503315e-01 8.029870908747837044e-01
5.835018812422209100e-01 6.350691675411124226e-01 5.920250781663616291e-01
5.771066792095147502e-01 5.347861039326282651e-01 5.686085561179130554e-01
4.803165507232892151e-01 5.724451937964765147e-01 4.956284761588176657e-01
4.613967895389174956e-01 4.463337404579650891e-01 5.344205869178060286e-01
5.680392700763012837e-01 6.254893793706584049e-01 6.147138912767322605e-01
4.287726469757757730e-01 4.906251684125320089e-01 4.597527973170270066e-01
5.856262191395001926e-01 6.181337840209287782e-01 6.175808589295704865e-01
7.377789802629328708e-01 7.070825099692547022e-01 7.191893222275816955e-01
6.530924201105382521e-01 6.748857691441721984e-01 6.597448534994947433e-01
5.111709620598151593e-01 4.997059485748423513e-01 5.450202182764878334e-01
5.183023887716250444e-01 4.709673872470085398e-01 4.219282035349909976e-01
6.611611294722182786e-01 6.795382573811908911e-01 6.726200618597822922e-01
4.924028130026260608e-01 5.394712996779963410e-01 5.060535839432498406e-01
5.780448994600589918e-01 6.018250062640898568e-01 6.199147019718384000e-01
7.249377468221293030e-01 7.756540108840956904e-01 7.279061546957042994e-01
5.437053934149829182e-01 5.370470654666825716e-01 5.573737591943165315e-01
6.913914720929215108e-01 6.927013491997605632e-01 6.659544014137656065e-01
4.955475913005280564e-01 5.178742679243701907e-01 4.805974020970202876e-01
6.008686778007079621e-01 6.393545758908544263e-01 6.235562305462902799e-01
4.672665575963520501e-01 5.254225095026244796e-01 4.571312742702947074e-01
6.095180615606660135e-01 5.693907846219861124e-01 6.163634114669406250e-01
6.877063590830454487e-01 7.419684438455421693e-01 6.996290723550619983e-01
5.510965460892084389e-01 5.294553193589164319e-01 5.084989212660327995e-01
7.489963998778528254e-01 7.898640040616073943e-01 8.670760384920441766e-01
5.978575574022210182e-01 6.108657687249863244e-01 5.581596334199289133e-01
6.238222719736404853e-01 6.242755005775497690e-01 6.032156459439347307e-01
4.457954553524899888e-01 4.828113480490151543e-01 4.922224113703627668e-01
5.286266270680309853e-01 5.958633850118395525e-01 5.387280575331395704e-01
3.691127284412518139e-01 3.138352750670133640e-01 2.878348881326684983e-01
7.192991203668160916e-01 7.010454310351816876e-01 6.739055587083684351e-01
4.480055107527288749e-01 4.493126663480910832e-01 4.805024627563697637e-01
4.934841298066767190e-01 5.712773288770731650e-01 5.627210145897173499e-01
5.929081248985019759e-01 5.946971336541094777e-01 6.819829469125875399e-01
5.759700971689478699e-01 6.090900607433059610e-01 5.633271744926631186e-01
6.473519103271786479e-01 6.098117952854374968e-01 6.071454500945711041e-01
6.500939536550612852e-01 6.774216885783763686e-01 6.953619120346531401e-01
3.852066804694160851e-01 4.251590367865584197e-01 4.382848232742141414e-01
5.523795644000978333e-01 5.627345114459327835e-01 5.429865553775654607e-01
4.401528090079817046e-01 4.404868408618964892e-01 4.039604399817472435e-01
6.044942352489387494e-01 6.210349355305223584e-01 6.462969694159756973e-01
7.211133914678230505e-01 7.481876816068037117e-01 7.983475706974130226e-01
5.723000766216308488e-01 5.474312211836698250e-01 5.535212198733295841e-01
2.285647371838069042e-01 2.882452550150947368e-01 2.740299912851048569e-01
6.421473010990393915e-01 5.953438320871419220e-01 5.926870197797520223e-01
5.783631344395414597e-01 4.661425708765780107e-01 5.287353503479600425e-01
6.284552857033355311e-01 5.196300741070059015e-01 5.697641486049791482e-01
7.472032914609696430e-01 7.077824219040642628e-01 6.828301238990653887e-01
5.294219371113995098e-01 5.698605500005597957e-01 5.486792901427478553e-01
4.729938901172257570e-01 5.338467918113337651e-01 5.641569166947922875e-01
5.099849933671840585e-01 4.811233167117097698e-01 5.589003958508863557e-01
6.160369191000346634e-01 6.716166297288207465e-01 6.800001929135484069e-01
5.275604661024259068e-01 5.901861296749050245e-01 5.460379165386189948e-01
3.999940090593520625e-01 4.589473050120213560e-01 4.310328880816275410e-01
7.517431441673860792e-01 6.816805788216614426e-01 7.596413867286802013e-01
6.261107185976847456e-01 7.154553586370653306e-01 6.335874707837352293e-01
5.405059064941978297e-01 4.686512998556725540e-01 4.943120971340272951e-01
4.633685188813109201e-01 4.400981176626413416e-01 5.101752479818162378e-01
4.924700941592847214e-01 4.961215209223410194e-01 5.392857334487135557e-01
5.815210944509534574e-01 6.173486628762147044e-01 6.843709925820896656e-01
5.668374506768680821e-01 5.652714943303692730e-01 5.694868612191367196e-01
5.071181877332996413e-01 6.328526762275504813e-01 5.204821828011797491e-01
6.894494381710997155e-01 6.679060693370115764e-01 6.218227906242707048e-01
7.788668670805732885e-01 8.387512912076483529e-01 8.388617399011908393e-01
7.297561708697600791e-01 6.735067694491542190e-01 7.915390474728881687e-01
7.103950996008764340e-01 6.621984347718627983e-01 6.317620950128999269e-01
4.944604269131302465e-01 4.973809441365054651e-01 5.473686411524942841e-01
5.532928227249134245e-01 5.843027533282606489e-01 5.592362126281283929e-01
6.505030881883947513e-01 7.704616685920517849e-01 7.136295551391524938e-01
4.023507892039248079e-01 4.183902288145306958e-01 3.830929982558173297e-01
7.756908626337863932e-01 7.678910878356778325e-01 7.210454404681223561e-01
8.138298172155778998e-01 7.576940697355996068e-01 7.799407289419877376e-01
6.877373047002278694e-01 6.918455304577335596e-01 7.493623572917125220e-01
6.728895556398915012e-01 7.791586681501867506e-01 7.674104991409014254e-01
4.956543196656015282e-01 4.737085726381077833e-01 4.359631258767853734e-01
6.734423922484991110e-01 6.326148543158106596e-01 7.028742853218964415e-01
4.821987254306034365e-01 5.279651196578299954e-01 4.649187473591417930e-01
7.331127648881279324e-01 7.351450938292541926e-01 7.071259828217816290e-01
5.981229410138801939e-01 6.431038419215012736e-01 6.288438841696842863e-01
5.937416435607696386e-01 5.662492574131402501e-01 6.016631037855261210e-01
6.195973842417759059e-01 5.345072858903059387e-01 5.672145964984036670e-01
5.037201242494010467e-01 4.951403115027512847e-01 4.635095923671110341e-01
5.934565056982906706e-01 5.672210245205563384e-01 5.355567933107594492e-01
3.410990960636716141e-01 4.002523605892203684e-01 3.666263054822791467e-01
7.172455925379138675e-01 7.137490392044854026e-01 7.313718518236939081e-01
7.187082286416726085e-01 6.795710585851347796e-01 6.568744132869842600e-01
7.169908748096431861e-01 8.114912390993447300e-01 7.718011158593812704e-01
3.302720083058793832e-01 4.197772599589981168e-01 3.988506928090990167e-01
5.467834391705473918e-01 5.134077269282519840e-01 5.362551665815873392e-01
5.330027515596216237e-01 5.215488403902510672e-01 5.589572578260145752e-01
4.583317984982667181e-01 5.093184084386640498e-01 4.820757651857940362e-01
6.222825913944477483e-01 6.859127706120539125e-01 6.283725664408332801e-01
5.097507422773148722e-01 5.341014138086392915e-01 6.205593372468486413e-01
7.059309596309751855e-01 6.341143485976913352e-01 6.766103954748687865e-01
4.906350708629822477e-01 5.220008164279357210e-01 5.911467553633826810e-01
4.081066560943846233e-01 4.709369893741583990e-01 4.961171248833374792e-01
7.513520349120368369e-01 6.883350918917153782e-01 7.615603848962620992e-01
6.135727446018067743e-01 6.102901421082269628e-01 6.244629895539859366e-01
6.947638527328973135e-01 6.934174273900411967e-01 6.855705060775557635e-01
3.888535681445726699e-01 4.059250869433676523e-01 4.105189793138153131e-01
5.349494232943453609e-01 5.435672912395724810e-01 5.334493042610596314e-01
5.614851738779377266e-01 5.827560283527674079e-01 5.922346073063377014e-01
5.734825965263157244e-01 5.395717486973680144e-01 5.690778471049707798e-01
8.341290006025564585e-01 8.087446424981015181e-01 7.736087557492933309e-01
4.773880536347351877e-01 4.677241510637307198e-01 4.839347112735484235e-01
6.500609334308745657e-01 7.399367435984732788e-01 6.793073874563091419e-01
5.031880763136727941e-01 4.501850135736293890e-01 4.568220456907083338e-01
5.356485939344555192e-01 5.416321016984494419e-01 5.101195911359330815e-01
8.346714489991184927e-01 8.632751213782536848e-01 8.570566566330312108e-01
6.660484896599268012e-01 6.357263391163929800e-01 7.089429949415505527e-01
6.289559610184136673e-01 6.541628914676665962e-01 6.231228811145443913e-01
7.276527506323221539e-01 7.567642417120725717e-01 7.932216749318615756e-01
5.616439707776598178e-01 5.761270169554325582e-01 5.735861314140542344e-01
5.068672233835086471e-01 4.363082417490454223e-01 4.960399747013119476e-01
5.409737181348350799e-01 5.193868387407301057e-01 4.616125615539768412e-01
6.665957382444386292e-01 6.454728112337279056e-01 6.303977811253229646e-01
6.082208104501143353e-01 6.526188393398794085e-01 6.514965194598983933e-01
7.569987896531908955e-01 6.966407518802352206e-01 7.267675189773872280e-01
5.159381494276503721e-01 5.255248199856163982e-01 5.022916911484953673e-01
8.181140851572180628e-01 8.147470041077928826e-01 8.002854967883969994e-01
6.057276341858109925e-01 5.507643346775428217e-01 5.973764634521443462e-01
5.197973349320522685e-01 4.753069521814121123e-01 4.934514074914002069e-01
7.795606511892653190e-01 7.586450195332665736e-01 7.614143415041667584e-01
6.020252307702124162e-01 7.002405620874552206e-01 6.370493601120345017e-01
5.675656210660344758e-01 5.115820608480630138e-01 6.005693847852927592e-01
3.523859067091502095e-01 4.162596399405970593e-01 4.168053834667158619e-01
8.078440850195888201e-01 7.752777535890047478e-01 7.148424761677134587e-01
4.021118749953014881e-01 3.870011980259009388e-01 4.160253365999608266e-01
6.678234122985101662e-01 5.847714768949002773e-01 5.846242828141785530e-01
3.951323256762118152e-01 4.304662493286939284e-01 3.834846027833545556e-01
5.756203534268840016e-01 5.964840832216415922e-01 5.950866027926406954e-01
5.155250478198758479e-01 5.230617973149007671e-01 5.547430623916038694e-01
6.398775297191623412e-01 6.943965847198795283e-01 6.159356840961557333e-01
5.185478982719120555e-01 5.973127977943911704e-01 5.541697634454769705e-01
5.223616977448946042e-01 5.502978159704465799e-01 5.919043419311408316e-01
5.137332060644236309e-01 5.349708470072259692e-01 4.960047705919589101e-01
6.467174266490529622e-01 5.738458949603859605e-01 5.134631715697149934e-01
5.030240158916062798e-01 5.489579394390146083e-01 5.701042678207896008e-01
4.628093875858510509e-01 5.109747019891486275e-01 4.751575038904131687e-01
7.390734204482585223e-01 7.869549447258302743e-01 7.012723001291606417e-01
4.756655782810816913e-01 4.333039808373632673e-01 4.763657349736845070e-01
5.555742396463182464e-01 6.164813681192115036e-01 5.998831389313786788e-01
4.233687927930367967e-01 3.814693348140866802e-01 4.209026013912371411e-01
6.696975482271143587e-01 6.750984977149298016e-01 6.950695483458053658e-01
4.433723252737976628e-01 3.955884989410545782e-01 4.011196169833212144e-01
5.726689858179122572e-01 5.100964046150521236e-01 5.683407727388818387e-01
5.713391410340548093e-01 5.387078454959209894e-01 6.029204269646495362e-01
4.409510575905373764e-01 3.989148278482997356e-01 4.794192610466284088e-01
5.127814778494078629e-01 4.555584419914799343e-01 4.561272599279821427e-01
6.402214717490987139e-01 6.101468322969300084e-01 5.744142913675728268e-01
3.907982471101875688e-01 3.774905970919288922e-01 3.759679305610316713e-01
4.564607406989252825e-01 4.216331090075680077e-01 3.771706128616206799e-01
6.816410989964190037e-01 5.924008653680840064e-01 5.954754147316213553e-01
5.555930598454975611e-01 6.013182953416026377e-01 6.084391780960066720e-01
5.759360826356597629e-01 5.967778607091195342e-01 5.819538033724742654e-01
6.140284049043375214e-01 6.343600542656377961e-01 6.435574738428967434e-01
6.952918840549138224e-01 7.904236491914575780e-01 6.456411998681016451e-01
4.886109994299280279e-01 5.285404363177567122e-01 5.410744779752532096e-01
5.841053922114944896e-01 5.457011750900855329e-01 5.698419445657696425e-01
7.447299626666696870e-01 7.118439650546181108e-01 7.286337389185081337e-01
6.815961108967656390e-01 7.055023538519992199e-01 6.439585717803775200e-01
4.368511172025141276e-01 4.434146075254818964e-01 4.899075690272702288e-01
4.998655108468983976e-01 5.458012871207822414e-01 5.675514275590423097e-01
5.373976598073124666e-01 4.884293206854917191e-01 4.999978921577944990e-01
5.112516584798038055e-01 5.411914124185129848e-01 6.243014584140890166e-01
6.069475430528988857e-01 6.131326466626764171e-01 6.094848776028339854e-01
4.546088068766558354e-01 4.635529877264638610e-01 4.708833843041841938e-01
5.827290141368612897e-01 6.508667634697083981e-01 6.485244537953682720e-01
5.909733815108743071e-01 5.351297341949812214e-01 5.509911688797927143e-01
3.833526591288297092e-01 4.714558197588586408e-01 4.548116717064187853e-01
6.197269274595242905e-01 6.202039785374520164e-01 5.886378137441812264e-01
4.415853320714303032e-01 4.884124628825431413e-01 4.734062414576161726e-01
5.948868917799409184e-01 5.804527671479556838e-01 5.656320035705708626e-01
6.407876408954162883e-01 6.660017355003736705e-01 6.013140587149232719e-01
4.117695734847404143e-01 4.049076236176405996e-01 4.619311710449656716e-01
4.658822838698046809e-01 4.608751007878991723e-01 5.242982850849988719e-01
7.094678411569382837e-01 6.888270771246189916e-01 7.166915606717019216e-01
4.377191768043883768e-01 4.866798043335481272e-01 4.352278394267165562e-01
6.081243015438289046e-01 6.358433035477951689e-01 6.490791484807936218e-01
7.616156390990473923e-01 7.174207014498708013e-01 7.336984054222295271e-01
7.101444641116103629e-01 6.660756159099596729e-01 6.593899711591276747e-01
7.681209817977279197e-01 6.724032675941236104e-01 7.174439429131794776e-01
5.111387500510812254e-01 5.629140769055990257e-01 4.886193255157408877e-01
8.193395309212270217e-01 8.356959967833959002e-01 7.904404249985944597e-01
5.694327531090952466e-01 4.986346424074550865e-01 5.357322547457318285e-01
7.027653705179414123e-01 7.123653918163740384e-01 6.714124837734524176e-01
6.416673909079618765e-01 6.930905964007330056e-01 7.086571101139269580e-01
6.393244025804765140e-01 6.558886079626414789e-01 5.882898226741437586e-01
4.460565620089588235e-01 4.702023444782262862e-01 4.505009476129755996e-01
5.802404647387539027e-01 5.874956550668755106e-01 5.778415876554513497e-01
6.229061149728767344e-01 6.392240771150228262e-01 5.528138812707414917e-01
6.596311682080995276e-01 6.204929473416519459e-01 6.247906163000171986e-01
5.002304103633449239e-01 5.302305647737773908e-01 5.309707373803281838e-01
6.415484326865312781e-01 7.203082047942747090e-01 7.891084207751104529e-01
6.206093796260879758e-01 6.054790400466651956e-01 5.304559263809459635e-01
6.588750759783437161e-01 5.577746087012758203e-01 6.554894312448422689e-01
4.640703336692933445e-01 4.106416251180172727e-01 4.400600557680660052e-01
5.227264336342266615e-01 4.961710993251408075e-01 4.476916260506729195e-01
6.365020887425008045e-01 7.160637377034509976e-01 6.459646275234596224e-01
4.671266898961480285e-01 5.085203038373494744e-01 4.889506764259462512e-01
8.387190938786046601e-01 8.139089787642074247e-01 8.167535262741136837e-01
5.765690789563234775e-01 4.797851933493420540e-01 5.298789375685848402e-01
6.971521204638830849e-01 6.782685137345447757e-01 6.349440172624711831e-01
7.211476521503676906e-01 6.984574830934098255e-01 7.129878404737950426e-01
5.000244011798482546e-01 4.927071883873551106e-01 4.991212457874011910e-01
6.145192181316985192e-01 6.850510550585231506e-01 6.143391904894358602e-01
6.384644019414140725e-01 6.491299299154931202e-01 7.106924241285631494e-01
6.988248398365547454e-01 7.559245417028332970e-01 6.946526392835334907e-01
5.533500385517811093e-01 4.699194651408896140e-01 4.508470323869587792e-01
6.234438184978501329e-01 6.610693571668113666e-01 6.013785333785269804e-01
5.002862746825159634e-01 4.751601055112391614e-01 5.160990486059621185e-01
4.153113393841074141e-01 5.075219269212111195e-01 4.823836738713810912e-01
7.056131111642943710e-01 6.995909343019127702e-01 7.115087265490084301e-01
4.979295134339770668e-01 4.666905078213756108e-01 5.089987067293405554e-01
5.530724670939869414e-01 5.364631170746193556e-01 5.541702121395244429e-01
5.504884230732843831e-01 5.973001366446529792e-01 5.757562578052143332e-01
4.237648136172130209e-01 4.395036824749758431e-01 4.560668665979614733e-01
5.529176146705222505e-01 6.025771664765325886e-01 6.071032494920874933e-01
6.012183503153540887e-01 6.279526292866863812e-01 6.736480220083664872e-01
6.541868384583748863e-01 6.243117649898468624e-01 6.338990808865416771e-01
7.757152782491613108e-01 7.371435795331453544e-01 8.025714178807438204e-01
5.518884380725029848e-01 5.818762382965538826e-01 5.479887766127247151e-01
5.843159968155042794e-01 6.101951903550137946e-01 6.158874812369590224e-01
8.836224211985733712e-01 8.289941209428748348e-01 7.962044294982685289e-01
6.227981945649859741e-01 7.032025231424057221e-01 7.297952578928516010e-01
7.371475177614252861e-01 7.081219475718424361e-01 6.820588543713771434e-01
7.139546568999373122e-01 6.642574162612105981e-01 7.099888358533621435e-01
5.125581558813698813e-01 5.131736758655858210e-01 4.767828536198553402e-01
5.267684886905835695e-01 5.385364937330019419e-01 5.910195176798362926e-01
5.954885754799041919e-01 5.911802364718916625e-01 6.462529902364111400e-01
5.419216949594261035e-01 5.407961785475421390e-01 6.127760598708179574e-01
8.269458393965856136e-01 7.564308034126281388e-01 7.813755825057256965e-01
6.585383786083607305e-01 7.751469665566724787e-01 7.223072588167983588e-01
6.054044430656129183e-01 6.248180309948455635e-01 6.540354952580837988e-01
4.684573202367331435e-01 4.710174986622084337e-01 4.472181588410342745e-01
6.869886348842852986e-01 6.484617549859628127e-01 5.915782833231337801e-01
5.792364045610082224e-01 5.486410114173276842e-01 6.211409792785201889e-01
6.841547527068243539e-01 7.182370747769506458e-01 7.240619948021019825e-01
6.949590006811887655e-01 6.398515549229599753e-01 6.841307048909663902e-01
5.295840585882652940e-01 4.466779447222480881e-01 4.139958237896173010e-01
7.608947827387034790e-01 6.958679339831285171e-01 7.154514221959049625e-01
