5.879746315248741695e-01 6.217077044589207624e-01 6.108745404560319558e-01
8.813228957785109730e-01 8.441145358045529790e-01 8.796765619084134791e-01
6.865319807674959973e-01 6.153742652252303103e-01 6.132095850763540357e-01
5.118042197527370440e-01 6.164546346856313308e-01 5.786894251646489407e-01
7.618354088580474581e-01 8.055484312834225724e-01 8.529706363030140626e-01
5.428788764054509608e-01 4.150207953075472078e-01 4.616451907863255988e-01
5.174484375625422183e-01 4.772172796699050146e-01 4.963587605169080264e-01
7.563418935240411312e-01 6.868110251526235999e-01 7.524160703884276158e-01
7.319502634663331841e-01 7.649300895775671405e-01 7.443889276216230089e-01
7.699399838145176700e-01 7.539228554358166079e-01 7.462618438641270835e-01
7.895212329053454825e-01 8.294243755756284253e-01 7.771661619728493786e-01
4.676089042805374185e-01 5.151632337240059645e-01 4.641512918587673009e-01
3.529743972372557659e-01 3.846255003177985188e-01 3.191148064430762710e-01
7.206154561638586920e-01 8.112700176403175867e-01 7.395561957602184711e-01
4.869960377657508444e-01 5.387896159615287450e-01 5.864284940040548344e-01
7.303290708331978687e-01 6.503140575746573226e-01 6.818023058387689961e-01
5.135666259337245965e-01 5.844599387001199187e-01 5.306763513075473115e-01
5.950258494736884174e-01 6.519179705028347316e-01 6.182940057592420935e-01
6.820398892651736711e-01 6.553374238526841200e-01 6.972138848295603708e-01
4.138282283108242754e-01 3.540777606280130496e-01 3.823632453377876494e-01
8.391283911743798729e-01 8.101742102089617426e-01 8.842537490260319322e-01
4.705000747345641776e-01 4.461602350917136528e-01 4.242299997248168975e-01
6.415152127841761143e-01 6.086177863147590461e-01 6.491728749779995811e-01
5.865420370244323056e-01 6.259107932145449027e-01 5.684057412031994216e-01
4.989680087369281480e-01 5.135165679175643927e-01 5.232228221581534111e-01
4.689788840917705204e-01 5.116953142910175556e-01 5.388361617322249275e-01
5.835622995332865326e-01 6.397389684528178577e-01 5.309550881771925024e-01
7.732087384002747088e-01 7.741902028077729536e-01 7.408482627888692829e-01
5.830967682425890475e-01 6.709318791758579481e-01 5.261139158919146963e-01
5.588886495186969894e-01 5.791444443156528177e-01 4.910573709290075861e-01
6.617177229615410772e-01 6.429888045705983712e-01 5.936331894513328100e-01
4.010635862184019906e-01 3.559576778538319219e-01 3.889294054551394875e-01
7.209897881302768097e-01 6.687113644151873038e-01 6.419802955058387939e-01
5.500452944893061691e-01 5.791364638609377558e-01 5.817813834198115597e-01
5.328734327446339458e-01 5.410727236560874953e-01 5.697944323321463278e-01
5.569101063818595598e-01 5.424657416009364130e-01 5.204255722810597895e-01
4.162218252012922504e-01 4.308840652746488975e-01 4.972624508833413670e-01
8.238536794026463106e-01 7.680673770513825049e-01 8.197833053350715993e-01
6.646013457240500522e-01 6.716205365062635213e-01 6.486790040510956867e-01
4.208305700507186109e-01 4.800451538803833240e-01 4.554824184551066746e-01
5.614544033967205916e-01 5.560243107659824657e-01 5.562719866013410286e-01
5.789470350313999925e-01 4.360496402168062557e-01 4.773033258210477858e-01
6.581384997110814039e-01 6.515416287075713742e-01 6.586127441873275146e-01
5.898993370334580932e-01 5.965834198903532393e-01 6.392943145508230840e-01
5.566853045691023683e-01 5.532516510998940484e-01 5.359002577318761062e-01
4.906838124652395661e-01 5.275997989900101937e-01 5.176713552236675842e-01
5.654816571827430138e-01 5.809613109704518941e-01 6.172904074166017940e-01
5.056900639371292305e-01 4.970690602164337668e-01 4.682753760389827269e-01
4.992282600070722109e-01 4.816971475153661864e-01 4.610258953136655014e-01
6.065406718212724702e-01 5.982456295907006005e-01 5.958228011957238390e-01
6.473373775641186878e-01 6.231491544623813938e-01 7.132041071749305461e-01
7.704783106134887039e-01 7.661268453098830644e-01 7.316609164695719869e-01
6.344024958429462790e-01 7.236821141845456440e-01 6.970590251058679243e-01
5.655341268761382434e-01 5.527888110526016918e-01 6.274527265724793024e-01
5.769329611264568669e-01 4.861496813116233384e-01 4.904451891450161138e-01
4.676813255813571657e-01 4.970204863623219338e-01 4.478391053393940280e-01
8.608059882573820820e-01 7.962146226661545034e-01 7.956962725928959923e-01
4.818381317857834412e-01 4.514976975800640835e-01 4.508657782448260432e-01
5.307892733081160941e-01 4.670283287871321298e-01 5.228383366343807293e-01
5.924993164074776608e-01 5.228361361508034877e-01 5.115355100902556629e-01
5.462307529570539222e-01 5.361073874721231647e-01 5.345969341656738871e-01
7.368740563983947611e-01 7.751192312779168203e-01 7.753067394078132502e-01
4.812910696200913274e-01 4.393618882698580586e-01 4.626035058550685974e-01
5.578047570174607950e-01 5.385538944576645504e-01 6.228380420402439555e-01
7.715307449313845156e-01 7.161527610733124938e-01 7.440895794753272785e-01
5.606450257107965518e-01 5.763808683058045945e-01 5.664889320333857947e-01
6.394695985186432674e-01 5.909047335870761808e-01 5.381823242895783510e-01
7.464384410371019962e-01 6.680026743125456745e-01 7.401246983337602670e-01
6.915617974884428198e-01 6.946192987678985187e-01 6.897884912360039422e-01
5.334992948218926223e-01 5.341560197997904380e-01 4.557381775123742762e-01
8.594246914421548311e-01 8.685172086286462312e-01 8.508008168414283867e-01
5.460149538325154150e-01 5.317212924743974778e-01 5.733028448987971259e-01
6.533652916462985294e-01 6.222683895835067203e-01 6.408945757511694818e-01
5.442014904617590298e-01 6.058913594545997094e-01 5.223980475655233269e-01
2.906516610301074777e-01 3.060052030366939846e-01 3.843315294488284795e-01
6.494748728957420170e-01 6.001711220008859593e-01 6.235676465774507848e-01
7.282844625524319548e-01 7.399297553277843775e-01 7.288166092176361355e-01
7.244426803676237148e-01 7.075710540077940758e-01 6.923865637657825589e-01
7.018117371709766683e-01 6.612191344487751143e-01 7.138508412175308404e-01
6.006910378700428543e-01 6.305893853571223895e-01 6.286392004863819993e-01
5.056187107385580193e-01 4.926626415606054077e-01 4.750423920466447791e-01
5.285131341306237296e-01 5.556249415171711226e-01 5.569460972786581809e-01
5.233094056919702641e-01 5.095710910255932813e-01 5.402808689534902564e-01
6.310703896787271949e-01 6.888550652458306223e-01 6.922064062811454921e-01
7.457474102765525581e-01 7.007804093505113352e-01 6.904393888898527898e-01
6.754385121542080261e-01 5.919659442273417227e-01 6.932426485085497747e-01
7.743075649884907374e-01 7.917405031978400620e-01 7.197307836652574453e-01
6.568557149540010798e-01 7.216020710305074415e-01 6.385193629949661442e-01
5.743867204502890456e-01 6.951364540133270209e-01 6.091385633615087336e-01
6.066492733886198474e-01 6.174721647844695349e-01 6.999698938358960287e-01
6.284029915115402209e-01 5.970075423486819188e-01 5.748030998986998208e-01
5.444583753100115109e-01 4.845726549952049655e-01 4.389347553242085032e-01
5.576972962930066835e-01 5.590653052951644053e-01 5.521752669103197064e-01
5.635513207545802539e-01 4.997745598302160697e-01 5.910024892926829532e-01
4.229291357150539166e-01 4.286217967326237388e-01 4.184973995546678593e-01
6.360419998512667483e-01 5.634158158273110395e-01 5.944843730364056666e-01
6.457516133649104928e-01 6.247202631167695364e-01 6.745310399048035643e-01
7.086328700763521171e-01 7.600395245961921731e-01 7.197254437464518650e-01
7.939580300429873727e-01 8.190081762478140792e-01 8.098853680560269552e-01
4.178671862429714223e-01 4.010042877048318188e-01 3.920471518939747657e-01
4.593036772186395167e-01 5.079394822286892319e-01 4.994641440997049653e-01
5.324391501874076171e-01 5.337606422410414719e-01 5.726826859294815719e-01
6.696987787719336227e-01 7.003772330006760027e-01 7.250083072885830093e-01
5.038993938484167545e-01 5.374922302325821910e-01 4.621584089958150066e-01
6.819203751997460206e-01 6.834711344090319551e-01 5.965925329061463334e-01
5.392683992729211395e-01 5.932990922222051156e-01 5.539878447413910667e-01
6.085062601722268649e-01 5.643589391066670125e-01 6.008658754339256669e-01
6.379808651169167621e-01 6.633919452309238185e-01 6.621243632766420362e-01
5.615955349985565226e-01 5.798401463871984962e-01 5.432894274287650704e-01
5.140242807298193162e-01 5.633725627216705778e-01 5.297717695151137329e-01
5.019426173329302188e-01 5.112961070585956280e-01 4.934288340459902500e-01
6.935803481734837961e-01 6.335967443631007612e-01 5.883169769212486244e-01
4.762688500210232601e-01 4.969798535805610706e-01 4.323466945512320359e-01
7.917065973341271823e-01 7.740034603446397377e-01 7.497604200063112678e-01
7.365264888462760284e-01 7.054098499214365159e-01 6.781466425209198290e-01
4.706326026958314590e-01 5.202779495188718517e-01 4.541108812001665718e-01
6.259243996349337369e-01 6.170097447268678703e-01 6.269984429041699503e-01
4.424209684290157374e-01 4.538063184362667313e-01 5.343376489904407833e-01
4.491018795755946091e-01 4.614493916662409378e-01 4.940360733730063680e-01
5.373464714346117832e-01 4.981225353958886326e-01 5.576329662562378164e-01
6.135992715578761914e-01 5.848440303991631062e-01 5.396244425699240344e-01
6.326469242875952803e-01 6.248746221800930423e-01 6.261533962181523583e-01
6.083686582315843694e-01 6.365997774864412539e-01 6.241126881264120740e-01
7.485788413965723809e-01 7.883882079451509650e-01 8.098785173348297395e-01
5.911187432943486586e-01 5.581853793694390165e-01 5.782270620690469487e-01
3.304557488037959678e-01 3.595615583037839458e-01 3.894170481427099983e-01
4.740586035450588542e-01 5.106918013727873573e-01 4.292305383719658973e-01
8.035322684338463972e-01 7.809970401490669012e-01 7.496400090959799423e-01
6.848108779628437892e-01 6.687815166838197989e-01 7.145930540170468692e-01
4.076208868579426214e-01 3.877995911382116079e-01 4.322301368213692374e-01
7.370339143592824493e-01 8.192800731343548026e-01 8.857617095564379595e-01
7.441043044868759226e-01 7.464265464271183648e-01 7.078461197501130231e-01
5.508644378604763414e-01 5.315131641433807896e-01 5.667037273734865099e-01
4.369468901311968634e-01 4.832934649317102704e-01 4.547271903477981270e-01
5.211949993566442618e-01 5.560521098509280113e-01 5.505883391036562324e-01
6.521058074074590483e-01 5.782462093207723086e-01 6.313512958582243595e-01
6.157500201710612853e-01 6.577282788805375313e-01 6.852322591393154028e-01
5.742143424486610970e-01 6.319103376517726245e-01 5.859128895075882415e-01
8.760438989899516082e-01 9.531668455342201529e-01 9.634116845749826075e-01
3.630722282545596480e-01 3.468867006889945759e-01 3.241502127821175305e-01
6.080317156722606642e-01 6.047945651318883398e-01 5.957729814967256399e-01
6.113882285611668133e-01 5.612975675354430205e-01 5.588359393277539944e-01
6.095232399788186317e-01 6.405230321185989562e-01 6.704508248689745598e-01
6.450513675644587996e-01 6.616789251971543218e-01 6.543218808487548666e-01
5.981236354486793028e-01 5.961683759520718384e-01 5.547289432029108847e-01
7.176652542301837912e-01 6.586569628513495589e-01 6.135857759717381343e-01
7.961718342494991107e-01 8.098091186416944698e-01 7.266070368513366518e-01
4.746296793986367057e-01 4.551440425950978308e-01 5.168976873721011778e-01
5.708998236881066557e-01 6.389637379643152704e-01 6.488048163239182875e-01
6.729435589788067551e-01 6.957040796028242102e-01 6.445787345168672022e-01
5.056161050506360333e-01 5.062505033529540732e-01 5.478655319914822464e-01
6.498358987433306977e-01 6.217094006135831519e-01 7.539588786983114632e-01
5.046392613678301053e-01 5.633884023921511552e-01 5.508412845237078415e-01
5.471005457641172631e-01 4.532323665545628932e-01 5.284084217596022315e-01
4.030868217756478633e-01 3.536890715476954106e-01 3.014158102795032046e-01
5.977789299211777596e-01 6.996965700100352681e-01 6.900365184311281208e-01
6.082830550609509279e-01 6.670296164736322364e-01 6.472418534766410936e-01
5.130368957116995254e-01 4.295118278820620472e-01 5.082812562085489150e-01
6.026382982527640486e-01 4.969077070564384413e-01 5.244647849847172694e-01
4.266817238408371349e-01 4.807366097436738817e-01 4.898207654382515930e-01
6.496287472937721796e-01 6.756419832312509088e-01 6.721968442109540476e-01
6.170408433535409243e-01 6.827679801666917125e-01 6.764105182257506010e-01
5.759277311595801807e-01 6.091319790295299796e-01 5.643270646063988094e-01
5.589987799958497927e-01 5.516197694872997381e-01 5.381100318759113321e-01
5.022053052272182905e-01 5.481809128963646138e-01 5.609264795990623886e-01
3.749782416011444020e-01 3.707745929406275898e-01 3.681594617160026117e-01
5.449755219536798201e-01 5.743026492533719329e-01 5.693141388043135853e-01
4.738439930644696707e-01 5.598761449592413175e-01 6.068398211099472750e-01
7.545671290578466195e-01 7.293676163347246888e-01 7.172748512783510000e-01
5.658129352147712732e-01 6.418624708387474787e-01 5.964029157211010457e-01
7.493502333632833246e-01 7.304532296747441311e-01 7.345344820952863785e-01
5.354353119041047604e-01 6.077961991431323208e-01 6.503452813483217021e-01
9.516276925486641947e-01 1.008512445475375774e+00 9.892932112463167504e-01
5.361900969465162037e-01 4.871855168195623476e-01 4.930064537527580337e-01
7.415666294647053070e-01 7.331845179388484235e-01 7.797757762875762166e-01
6.154468982525442833e-01 6.290506057469251733e-01 6.145265275550241268e-01
6.133108298708104256e-01 5.973364844787769634e-01 5.786722193149661519e-01
5.300987484744003053e-01 5.773576667715855093e-01 5.293242382122087530e-01
7.490424420075563194e-01 7.881971673587140348e-01 8.022509904436107009e-01
6.937176037951259255e-01 6.778410972943269552e-01 6.558777038644789670e-01
6.636166590403563825e-01 6.662182073701095053e-01 6.587936633470133918e-01
5.691778409649137505e-01 6.364982598537628489e-01 6.213077089541549913e-01
6.465209194700354267e-01 6.263136162504838733e-01 5.751226856153854872e-01
6.968321412101254886e-01 6.625590073203859731e-01 6.426399367599647805e-01
6.743389708013717287e-01 6.597438294759906396e-01 5.990429464166532325e-01
6.111332945675531647e-01 5.767577593327221086e-01 5.540217815246897270e-01
5.087181481406103378e-01 5.664361118876373169e-01 5.855106975701185323e-01
4.930131350896660991e-01 4.600754616483225812e-01 4.884013017559875602e-01
6.064267523220646661e-01 6.177316426038322872e-01 6.128387710437691593e-01
4.648670894624356564e-01 3.946505794997983707e-01 4.365833124541404486e-01
4.881243314622356055e-01 5.442603087709199094e-01 4.854045175839356574e-01
6.130371714016989992e-01 6.120764350522812647e-01 5.796409725654118050e-01
7.805413745658068558e-01 8.116051841089887420e-01 8.390145579644130436e-01
6.496750642218805938e-01 6.062817042859784955e-01 5.761281299377271070e-01
4.955990638163252915e-01 5.201879930052009104e-01 5.800132843993106579e-01
7.205641824794944972e-01 6.769476186257064043e-01 6.711099367628043932e-01
8.219830340226300658e-01 8.323005611288776251e-01 8.877077825525679922e-01
4.377375573055186098e-01 4.891532992163839522e-01 4.517124291759330723e-01
5.406034769699530340e-01 5.078764828586250779e-01 5.504369303733581686e-01
4.786928046394150482e-01 4.512170638121978383e-01 4.301625015342192548e-01
5.467443968847855995e-01 5.425671644340381850e-01 5.575719717634893824e-01
6.404804321841391923e-01 6.365581016992915009e-01 6.828847401808458839e-01
7.611610901766819870e-01 8.048860276195443086e-01 8.324143657010909525e-01
3.661520352404236123e-01 4.754595507989247682e-01 3.960393719166470650e-01
5.714765393741874089e-01 6.190939600535422249e-01 5.736183625603974434e-01
5.442818331876416726e-01 5.827941701954889586e-01 5.771575556131538498e-01
6.412812676723126382e-01 6.690926541506937442e-01 6.395185137866723490e-01
4.932805134731776397e-01 4.821151547328842990e-01 5.687755296533987259e-01
5.275120806382750382e-01 5.264668486738085518e-01 5.836602403965107655e-01
5.828605214318934857e-01 5.466118994100539474e-01 6.370793976312615348e-01
6.332047716112326752e-01 6.188369144527834376e-01 6.839496279723286110e-01
5.591210094978025236e-01 5.510056479021231413e-01 5.051835159283432075e-01
6.948545891045813105e-01 6.642823414942330418e-01 7.104783201826911920e-01
7.035687516134551123e-01 6.557152834234937222e-01 6.977685590480874334e-01
4.871024501697390208e-01 4.934692770889992919e-01 5.189930260326703904e-01
5.103513717628450630e-01 5.562564311233529901e-01 4.786632605709194022e-01
5.863925150736338798e-01 5.903512090344771313e-01 6.608096167973014357e-01
7.915487670588645663e-01 7.540970272972665756e-01 7.959096926562814200e-01
4.758564224858047864e-01 4.416382292536161769e-01 5.284511997476898371e-01
6.051131261349588231e-01 6.142179082548091529e-01 6.467753948044404622e-01
4.878468744420006997e-01 5.029911794578372231e-01 4.997280784761973238e-01
7.279824081820802650e-01 7.365929882355297664e-01 7.273974399078785291e-01
6.771286754245551265e-01 6.238173724154474353e-01 6.620217454691044168e-01
4.873152132237695278e-01 4.262905618143140174e-01 4.391533454072323872e-01
8.512654797447669619e-01 7.603995711372467659e-01 8.489875778603135359e-01
6.781768820298125222e-01 6.415259775496081618e-01 7.009726563521762044e-01
5.801984062040321799e-01 6.514810087449286469e-01 6.636149450454764676e-01
6.385064466718887166e-01 6.810663216056642710e-01 5.912306371943818473e-01
8.546337720927932313e-01 8.538399081742135133e-01 8.382481291042992444e-01
6.051609891143251430e-01 5.407299450422382581e-01 5.517581977324349518e-01
4.960245354052876809e-01 4.271019258378752070e-01 4.417371433315955831e-01
4.596305268442946179e-01 5.382988441451090900e-01 4.812089770150949630e-01
7.237656955722668872e-01 6.094958741645033484e-01 6.544283245399359350e-01
6.800936719851101708e-01 6.200247178930158309e-01 6.759835776804807850e-01
5.858100928975370492e-01 5.059711704082202610e-01 5.205455025180248940e-01
7.029636891940012067e-01 6.892127150647044953e-01 7.655537755916732578e-01
5.483776434238951669e-01 5.624560963119811241e-01 6.440538902270657173e-01
6.322649221510466822e-01 6.272174740593282616e-01 6.347575641912539535e-01
4.522134143458231281e-01 4.643328467460376419e-01 4.458140937260622882e-01
6.526424438023250563e-01 6.915356447270503137e-01 6.834773534247178262e-01
7.438167405608996363e-01 7.563684051151278176e-01 8.471744338165101418e-01
4.299000884080413920e-01 4.669276566776200399e-01 4.721417666085331311e-01
4.078567723253320731e-01 3.857328302423684296e-01 4.532191997829035368e-01
6.239673565830778923e-01 6.404510896181782043e-01 6.478504229065044084e-01
3.738716158715132964e-01 4.413087187760405539e-01 4.186696382640023861e-01
4.733122050793772684e-01 5.179920269316379278e-01 5.471074731516998302e-01
5.582264665345111343e-01 4.852325680894088999e-01 5.668090595492086825e-01
7.060860854267489994e-01 6.310172483285833023e-01 6.592087838657010312e-01
5.937355967679259772e-01 6.208577035476806616e-01 5.962364423770233346e-01
5.046663485347107070e-01 5.524368030606181534e-01 5.281696205271557698e-01
5.180865895431472357e-01 5.519918415782407717e-01 4.907636813031924783e-01
6.727820837900190254e-01 6.768521049077553808e-01 6.548285599988034056e-01
4.121040987295378488e-01 4.412305911458183627e-01 3.779697802949091301e-01
5.235937260703128482e-01 5.379518823509183978e-01 5.261842380835736188e-01
7.649042747731286118e-01 6.602699616530793847e-01 6.955044041186498882e-01
5.613028775787335389e-01 5.264682814018862844e-01 5.701368009504658163e-01
7.062171592078224647e-01 7.701509189928106291e-01 7.834161236539665119e-01
8.142490200339116413e-01 7.574411753915590850e-01 8.605527823594567582e-01
7.277524528743154475e-01 7.561809090087461271e-01 8.236339495455861082e-01
6.213060369149198126e-01 7.500226596648634780e-01 6.828825719115991788e-01
5.538699267125032355e-01 4.950706546694681465e-01 5.911400122764375320e-01
4.110479444557526008e-01 3.888420037616469593e-01 3.759958022655751075e-01
5.150200138064561228e-01 5.687869298250354255e-01 5.769769791997040320e-01
5.413461870955844635e-01 5.300406321081548855e-01 5.975140285882413194e-01
5.147541881748445292e-01 5.434768095457803705e-01 4.902930640828324638e-01
4.731260331625005700e-01 5.424293040991033932e-01 4.796210619854815449e-01
4.564102830873170702e-01 3.976021223004920779e-01 4.559379688024933763e-01
6.484439466324156687e-01 7.329471526970038342e-01 6.277164261515947308e-01
5.627003894030819797e-01 5.725940673061595820e-01 5.702465643961224240e-01
5.214844442725100615e-01 4.621756500970857218e-01 4.975061703666984747e-01
6.534876730462384486e-01 5.947429619094742881e-01 6.875230905856462016e-01
6.085938079249254562e-01 6.377075008980490622e-01 6.431978182194912907e-01
5.410355335778603836e-01 6.130135289123416209e-01 5.906771750628656559e-01
6.090101094722764064e-01 5.434762256858415297e-01 5.381563896973775574e-01
5.394447177236177948e-01 5.746716677463531431e-01 5.920518951671024377e-01
6.340191618507658999e-01 6.160044414857573924e-01 6.598852597371870354e-01
6.444180179566884048e-01 6.367289079039271105e-01 6.502371577145266146e-01
6.086993345835322033e-01 5.835437665228681015e-01 5.706650482131256918e-01
5.097271135985140811e-01 4.907161755887642918e-01 4.636336743290465079e-01
5.733119466451561674e-01 5.750706617415454192e-01 5.383115226450759794e-01
6.683514185283268016e-01 6.904558261981977862e-01 6.646225093567458275e-01
5.638120196270016704e-01 5.031152734918402647e-01 6.228652663201041939e-01
5.695174744889842655e-01 5.716804665672412522e-01 5.511099067269167318e-01
3.065092911954645505e-01 3.828879050333196532e-01 3.160962744299750660e-01
5.421559432459283068e-01 5.918624158525224166e-01 6.024820955937685296e-01
5.953245214889038017e-01 5.723793014836483506e-01 5.558204575970139283e-01
5.374750930814288230e-01 5.400280013884273256e-01 5.437381535000282984e-01
7.282001571758467406e-01 7.930665737166100460e-01 7.839052747765846707e-01
5.146990546295880931e-01 5.273791967456078478e-01 5.580873242990884719e-01
4.962006959365696801e-01 5.217064029096096789e-01 5.663407676690470627e-01
6.580673533753220728e-01 6.286731347016949467e-01 6.766229263181763320e-01
6.014329378545584248e-01 5.690534673859332093e-01 4.811798748481307952e-01
4.464877329618945900e-01 3.330933048854588518e-01 4.046179450990590176e-01
7.976691721074479213e-01 8.059306743417338215e-01 7.914414821112588649e-01
5.236000993528924230e-01 5.253110075303372151e-01 5.813327071768072951e-01
7.289060995573689583e-01 7.404647490759124207e-01 7.767646991892258601e-01
6.831386458170419784e-01 5.734101984189684531e-01 5.938428117442042797e-01
5.464853666169462443e-01 5.459100205548547136e-01 5.186834891432625660e-01
5.527891572201280024e-01 5.990571426258619603e-01 5.945303311324595663e-01
5.844129876363554077e-01 5.869973569185904516e-01 5.711794254137291249e-01
7.632194470434447986e-01 7.821971833075382907e-01 6.826780686980058466e-01
4.639006043857556438e-01 5.002401172971381316e-01 5.205573202342652639e-01
4.816435169599063704e-01 3.849883144895918652e-01 4.587312127850585175e-01
7.346693964525009557e-01 7.286626761159824550e-01 6.561467908316510611e-01
5.419189684085488068e-01 5.139334875706199623e-01 5.553221693650417512e-01
4.859741932028984190e-01 4.482808063815578170e-01 5.236728793723003372e-01
7.253821371925781580e-01 7.075151012698054354e-01 7.345431089202740793e-01
3.861524531335668309e-01 4.141980650699549904e-01 4.538380250477860867e-01
6.112733098241046603e-01 6.718159527963757371e-01 6.547573971160884909e-01
5.400812702855442016e-01 5.687019853950805448e-01 4.989287268170291556e-01
4.103454257344306688e-01 3.599689881013760639e-01 3.602636959985859866e-01
5.913810713456196799e-01 6.409500729267179064e-01 6.726489310881308414e-01
5.810229525713427323e-01 6.897837698790817429e-01 6.903955270348380857e-01
7.642441678113101045e-01 6.907015273384771170e-01 7.517442241455564167e-01
5.585232800832556910e-01 6.098946278894264994e-01 5.838767359744361229e-01
6.959702701418278847e-01 7.144170240739879940e-01 6.535049274798140351e-01
5.452251959095805178e-01 5.230420196209946138e-01 5.160725659681243416e-01
1.034137379850028848e+00 9.885243937583955143e-01 1.018652653687176057e+00
4.656132926298117147e-01 3.801053847751885151e-01 4.528854570547700686e-01
7.639696222980972840e-01 7.132864939178468200e-01 6.820610319491209328e-01
6.584979800065521305e-01 6.041749069121654658e-01 5.941124519227204415e-01
8.261316448892187525e-01 8.259793917234888871e-01 7.998681163095858748e-01
4.600763324843455959e-01 4.709006538405835496e-01 4.681301368169293320e-01
6.615114844937227678e-01 7.203464209452969946e-01 6.592654746470939520e-01
7.071473691521324989e-01 6.807152149161901367e-01 6.541540716605991346e-01
5.267569176610559234e-01 5.800683522851225460e-01 6.182311569722047651e-01
5.762297662054249869e-01 4.620605289358031831e-01 5.547165492320412783e-01
6.119793947144174240e-01 6.508720602312125791e-01 5.887051885352589942e-01
4.156802704181435937e-01 5.017934015679224036e-01 4.588352859539969741e-01
5.709571255643678400e-01 6.360118102224933123e-01 6.226072937227823401e-01
5.128886035059410098e-01 6.032005048195011598e-01 5.491179001341249810e-01
4.213384551966080083e-01 4.415626611236693200e-01 4.751293591365830515e-01
5.817310236747905705e-01 5.630821189276954408e-01 5.694339187449113382e-01
4.434341339249325276e-01 5.152671616302827440e-01 5.118232161862019680e-01
5.929349810452060332e-01 5.166883316592636444e-01 5.210539697697147421e-01
5.537703951269650204e-01 5.764089986352201045e-01 5.564845374175855230e-01
4.997403997182234825e-01 5.707501970236651401e-01 5.248576322181012221e-01
7.939509570098959301e-01 7.568586896172312395e-01 7.627272704468414100e-01
5.904253438106993324e-01 5.917087338994193590e-01 5.631133627707359812e-01
6.667515562942000207e-01 7.013252142087151864e-01 6.787337912088285963e-01
6.544079500576129860e-01 6.176230899204416813e-01 5.744169491832523677e-01
7.504929412559950830e-01 7.621623230378720137e-01 7.581765117148905331e-01
5.276434876609599200e-01 5.611598330354443664e-01 5.435672516724565639e-01
6.085506869706841515e-01 6.112030076422350078e-01 6.714432420022174997e-01
6.488785794308786770e-01 6.355274382062003902e-01 6.364990839643025478e-01
5.640491838854139184e-01 6.103585072904319508e-01 5.857923531211549628e-01
5.708977099997284421e-01 6.015835740314495750e-01 6.813670637582023293e-01
3.705228351419823651e-01 3.720124818634866770e-01 3.721579553777993876e-01
7.125015144878606987e-01 7.233198121705529671e-01 7.148475185678456745e-01
5.958264656884654231e-01 6.004917926733451816e-01 6.090180292353289948e-01
6.463947211029905660e-01 5.793162434661290883e-01 5.831871925019638248e-01
6.017901034443318142e-01 5.721210235502632857e-01 5.107560877055244974e-01
5.470593987789712509e-01 6.087081479817892937e-01 6.489187542163384892e-01
7.662632556957462704e-01 7.584287792505448600e-01 6.988783304025700804e-01
5.461923928127450090e-01 5.416401828010389830e-01 5.367209404178965304e-01
6.691641098021822165e-01 6.779793213455442835e-01 6.811173555915678302e-01
4.330696914975947776e-01 4.479286556680133202e-01 4.942122420368279534e-01
4.842408589263261787e-01 6.136610850141547280e-01 5.303711205076629964e-01
6.686477344611955198e-01 6.308446756566672420e-01 6.951347428978978948e-01
5.664449675906729764e-01 5.768374530372307740e-01 5.495432313473443964e-01
7.722373582011715643e-01 7.641426736947711795e-01 7.946216431484826037e-01
7.420076113550975183e-01 7.171180895185004234e-01 7.495456431226772409e-01
5.377198793381720021e-01 5.950162506311017507e-01 5.747855333641134212e-01
6.964802309914669420e-01 6.667413515612334862e-01 7.092584648407185277e-01
7.199112189374040627e-01 7.310351433875725835e-01 7.472134713082009272e-01
5.781498444643876633e-01 5.390279892856770783e-01 5.269795480003298671e-01
3.865449447043500242e-01 4.135187386941239773e-01 3.764464908408946542e-01
6.468813406914377673e-01 7.143330493812884985e-01 6.329729826649019842e-01
6.709591776907177785e-01 6.475008960565231675e-01 6.337707434763136805e-01
5.993641712144305300e-01 5.782787586683426628e-01 6.236418568945085728e-01
2.971654072238644195e-01 2.679806546253181709e-01 3.030666466835456041e-01
6.064231275462377280e-01 5.630972694862940164e-01 6.108683820262428288e-01
4.735544944929828692e-01 5.226014892804716760e-01 4.192495201760959578e-01
7.416110808432053725e-01 7.494548171461864472e-01 7.223900231499962299e-01
5.022235912408742342e-01 5.584328474463245984e-01 5.346791188990319688e-01
7.146336387106951848e-01 6.350120621568438040e-01 7.097042680096359302e-01
3.780301258925380381e-01 4.108987578904890192e-01 3.903571365559829753e-01
7.076752154970494813e-01 6.121870898679216966e-01 7.181850303002160762e-01
5.979126441937792080e-01 6.044434619579348578e-01 6.473438419865632509e-01
5.323787173374328052e-01 6.149738501186247097e-01 5.882698673202768624e-01
6.065045784058186173e-01 6.420476247643295276e-01 6.825333333929115565e-01
5.850964855723536084e-01 4.949603241836548762e-01 5.086164665975602128e-01
6.966898258579468095e-01 7.364905536133440345e-01 7.470084054575714116e-01
6.472354983690321584e-01 6.661034132544423336e-01 7.076350583136772343e-01
5.187010560080660415e-01 5.778223330663804225e-01 5.456030822466529928e-01
3.719585074420763693e-01 4.067653689034982922e-01 4.283020712611786962e-01
6.974429629946132803e-01 6.337144793953372046e-01 6.433060008236933802e-01
6.967556122694148479e-01 6.170362221441161310e-01 6.591237179845458316e-01
5.743225721867821765e-01 5.240268927113708175e-01 5.195897878713828799e-01
6.717274095548363411e-01 6.333138677443562736e-01 6.716071376119774339e-01
5.475015721678938574e-01 5.592338652558850320e-01 5.693295450603880203e-01
6.554971678094602128e-01 7.018513794024058283e-01 6.616634345023705288e-01
7.109873302883810142e-01 7.721034315610658672e-01 7.184811139061155760e-01
5.719400473171748489e-01 6.193012413201118838e-01 4.851813936287276419e-01
5.485335510334907738e-01 6.090557169089279022e-01 5.926434053931768364e-01
6.468785057266209781e-01 6.522594560959765753e-01 6.512527962380350033e-01
9.548471394219065767e-01 8.111324130624958384e-01 9.106932589453589078e-01
5.716082923872152222e-01 5.435429737844946763e-01 5.779663614291076223e-01
7.036088285216844929e-01 6.856606532035706136e-01 6.622785562508298751e-01
6.023476026998573207e-01 5.679703508372175857e-01 5.195790712497452279e-01
6.031010564696129839e-01 6.082976147578080806e-01 6.558535784402234059e-01
5.087275895910580159e-01 5.231723394266697413e-01 4.821796270081727398e-01
4.181016902874182262e-01 3.906632505672315014e-01 4.223206304176229664e-01
7.389617930333047813e-01 7.381001320204048088e-01 7.901202394254095429e-01
3.894717418166872558e-01 3.723468671466312330e-01 4.368933744058691171e-01
6.494812845846864580e-01 6.416114036353661731e-01 6.533195453697093757e-01
6.274839526663866796e-01 6.080729822749068036e-01 5.955048815313424004e-01
5.286183099462106183e-01 5.616520892923155817e-01 5.460200595899050713e-01
6.304036448531596948e-01 6.964770139364599988e-01 6.803868524026968068e-01
3.813297183383865807e-01 4.068063773948774053e-01 4.296070550154071910e-01
7.421400580471143593e-01 6.865279398835868463e-01 6.930234768035354875e-01
4.087668418172807905e-01 4.039115356141496083e-01 3.866108270662249047e-01
6.571909388579911804e-01 6.444691988202730926e-01 6.092628919815061828e-01
5.044849583612683874e-01 4.936807443079317959e-01 4.699747805778721199e-01
7.084334548598645309e-01 6.534363029847332083e-01 6.509482786294105150e-01
5.800321599179849574e-01 5.717152560880729428e-01 5.689475124704362896e-01
6.081878653238230736e-01 5.828453608347156090e-01 5.712412360584995241e-01
7.639433361666225775e-01 7.919882345597505369e-01 8.059693619487700023e-01
5.723119596039489831e-01 5.451395873113960011e-01 6.006743888888504967e-01
6.232677834870015143e-01 6.134096163842914784e-01 6.171761698178005462e-01
5.487361807310466855e-01 5.850006242099322629e-01 5.326467343066557669e-01
5.410567006061899331e-01 5.030305545083227914e-01 5.798751706196416666e-01
3.030622024703386042e-01 2.748721043808054487e-01 3.398333076859271218e-01
8.959489060728346166e-01 8.676747225519222395e-01 8.742767945630668391e-01
5.162203743178965798e-01 5.252274377343911782e-01 4.964492280968006988e-01
4.476304627302696293e-01 4.717150055821500154e-01 4.562184960508585685e-01
5.319333077345343996e-01 4.989294968738602343e-01 5.230501557599784856e-01
3.768235483539313924e-01 4.581294338518020481e-01 4.143227923560446890e-01
3.862033038055488476e-01 4.366874078854719454e-01 4.569705559274570006e-01
5.884863577892535114e-01 5.346632450043947715e-01 5.101379035083187796e-01
6.265862090795168982e-01 5.808054088415446348e-01 6.446169505903395214e-01
6.712910319629338263e-01 6.261104673904694939e-01 5.873595303366284659e-01
6.423842603127390971e-01 5.577690000411293925e-01 6.009118598985516702e-01
7.213121500159647148e-01 7.714094849463533077e-01 7.821876700859619058e-01
4.402466297208776913e-01 4.775702930190270368e-01 4.610154613915634081e-01
6.641803129421560703e-01 5.655929564891283290e-01 6.255051986763586758e-01
7.176110112386809847e-01 6.470453461237849480e-01 6.345842519076045907e-01
5.400502211400705077e-01 6.150600936278856068e-01 5.683552030351592954e-01
4.485034483555364604e-01 5.631614411465374337e-01 4.786896243503215298e-01
4.464197105706912416e-01 4.232862552187238170e-01 4.575333596690437932e-01
6.742766288074893977e-01 6.054333788613910361e-01 6.432332515083254432e-01
5.263873099264575472e-01 5.885337133360748485e-01 5.542700121785599787e-01
4.965054938994327705e-01 5.203575945513176926e-01 5.783516675110271787e-01
5.704853609632209999e-01 4.791589636020349707e-01 5.908987289562823708e-01
4.866912735770691500e-01 5.147118587752954610e-01 4.467823749132081579e-01
5.786159967695823081e-01 6.612179738604364587e-01 6.224974419428120909e-01
5.659037912206192900e-01 5.842550518497763301e-01 6.589235516523290759e-01
6.634267027229268088e-01 7.235170648687131445e-01 7.569837542155497534e-01
7.501307247520212496e-01 7.470299320703579493e-01 7.094815523416702074e-01
3.014687780173826992e-01 3.353584969260231530e-01 3.780504128897512750e-01
4.544212966503606288e-01 4.563145178819253411e-01 4.037519235077369206e-01
4.606679412108832805e-01 3.508848895674249735e-01 3.755420163263288869e-01
5.096300344445772179e-01 5.487853799614225148e-01 5.873070202860477540e-01
3.679941201060622502e-01 3.818096864657672396e-01 3.825077823292173385e-01
6.501171929925991799e-01 6.729067793456264823e-01 6.742116304350519451e-01
6.038017534491890714e-01 5.911463898014208684e-01 5.606737503813030710e-01
4.442394339640559076e-01 4.386637839907827630e-01 4.277670895469948276e-01
8.715635271884655255e-01 9.047337809853968071e-01 9.127434055838290483e-01
5.536744881281409070e-01 5.171544957155485012e-01 5.467986926901792222e-01
6.742623172984799629e-01 7.323930034211523221e-01 6.712420794515400191e-01
7.680111635272677262e-01 7.500057345831216971e-01 7.238240515708810330e-01
4.557732417597847863e-01 4.723900902516648403e-01 4.917896921275267119e-01
5.880289225400968656e-01 5.959726744390647646e-01 5.081729833781890582e-01
6.772405044739611135e-01 7.302017127783584360e-01 6.429995287809203708e-01
6.154244635729447799e-01 6.330448824573452482e-01 6.526454310260603187e-01
6.344385671540815341e-01 6.488146920826604047e-01 6.071452931173013656e-01
5.968548047724072658e-01 6.369607847298482950e-01 6.824931671706745417e-01
5.188639835227546460e-01 5.106909546339393202e-01 5.410780995305179975e-01
7.625988159549363932e-01 7.788207068735338856e-01 7.062583905118209326e-01
4.910660364022068625e-01 5.197426548794525925e-01 4.469124469258702326e-01
5.316953032387308209e-01 4.471330165217809460e-01 4.884876181328247080e-01
4.783685498653675872e-01 4.435021495530324098e-01 4.375176949876737331e-01
7.345198225146915005e-01 7.185060446057089933e-01 7.457521349271694078e-01
6.805390763131304865e-01 7.495199921765403062e-01 7.178390341784522954e-01
4.419291547435107437e-01 4.809930041258696498e-01 4.829541048299141326e-01
5.415678739373582795e-01 5.108606527775094719e-01 5.919946680581659182e-01
6.923760513750425449e-01 7.099907711736423988e-01 7.493416287625801475e-01
6.977972317742562325e-01 6.875713016964855040e-01 7.401725996589664236e-01
7.268393384330522622e-01 6.985996738380543247e-01 7.678971041759560245e-01
6.221587232707798121e-01 5.634426389262574553e-01 5.621033209659377361e-01
6.221024593519253187e-01 7.102110171729744126e-01 6.105528088220122385e-01
6.921148171871212007e-01 6.459758370944405081e-01 7.148470777701096956e-01
3.814141587676833645e-01 4.550697281671211014e-01 3.545977435777148967e-01
5.830352588807476977e-01 5.872379292441261001e-01 5.929502870855809515e-01
4.820884358576972284e-01 5.180241584272579081e-01 5.033024246558172043e-01
7.695200742096973689e-01 6.735005601410165577e-01 7.452939178982577184e-01
5.898117890822996978e-01 6.084209227806323117e-01 5.368344662578126147e-01
5.669379539527727996e-01 5.929748939872413471e-01 6.174952201901663384e-01
5.391523926035252101e-01 5.860855732894622028e-01 5.829633130350259096e-01
5.786477453410302507e-01 6.023446013458759740e-01 5.756787663287864509e-01
5.662551814572019948e-01 5.797838839396641797e-01 6.249648089963554254e-01
5.405682429969916880e-01 5.898654877878777292e-01 5.767963341185621262e-01
5.212109458500916448e-01 5.752555817191252752e-01 5.166563013179714670e-01
6.418629632012489150e-01 6.068711385992612284e-01 5.930392424182027167e-01
7.954560804117215556e-01 8.153289263740944870e-01 7.857183124666805574e-01
6.666698491250397929e-01 7.391964593247816184e-01 7.164361151360685298e-01
7.039514437279508208e-01 6.603777851219972961e-01 6.476237487273496241e-01
5.202599131938772103e-01 5.605933677823811134e-01 5.502915868321992532e-01
6.546490283909630614e-01 6.939740968242421593e-01 6.762911035348679878e-01
7.003422087165920296e-01 6.821172597528973869e-01 6.449337892838429287e-01
3.986742773346512170e-01 3.647708119735831866e-01 3.580352464433877446e-01
6.353116332088588614e-01 5.989336801445145353e-01 5.761145810282806146e-01
5.023048607748198391e-01 5.280643215165470306e-01 5.238390113515642987e-01
4.268184006567429800e-01 4.877920147470314327e-01 4.467443792578170148e-01
4.661297370916792082e-01 5.074007203485081385e-01 4.861160198092377427e-01
8.116576662397626540e-01 7.779684394723530572e-01 7.452163766852847315e-01
4.853620313810415032e-01 5.736343684439406676e-01 5.830651453246834537e-01
6.630676935201275102e-01 6.771052252929843362e-01 5.811873553799529191e-01
5.697920924619478411e-01 6.338209589165040292e-01 6.012391819898083023e-01
4.660308597491345517e-01 4.590406478243338473e-01 4.075744293497020609e-01
7.266944187598876059e-01 8.119157024290244440e-01 7.713300878068999333e-01
6.782386866565940364e-01 6.890444217939039051e-01 5.996241133595862083e-01
6.533361569708397987e-01 6.266170787568364764e-01 6.513402893028926721e-01
5.310718189565207803e-01 6.139721494297895044e-01 5.333183709923148275e-01
8.377415727301179560e-01 8.275887109042319167e-01 7.910098408813565074e-01
6.410683646380490597e-01 5.326271265613303774e-01 5.310144119693700482e-01
7.415097940592274561e-01 7.110232202733985929e-01 7.156761378222670222e-01
6.902587563312319041e-01 5.969107273219228516e-01 6.320152177643342251e-01
7.627651055587746365e-01 7.280779498338176836e-01 6.641901862168634318e-01
5.695828979392314473e-01 5.948381699225583352e-01 5.807396197466019316e-01
7.320560005931986414e-01 7.690556422907797174e-01 7.415552798334337226e-01
5.006322147150988888e-01 4.665187959636095671e-01 4.655526399220338285e-01
5.651870683867415979e-01 5.184813652483879487e-01 5.184163615501055089e-01
5.680120937455430674e-01 6.476704576313729866e-01 5.885745372309991730e-01
7.166438596458715171e-01 7.265252350671742576e-01 6.695409492822659292e-01
6.890138571446178251e-01 6.758985987966328324e-01 7.506563494310295459e-01
7.034059800307675969e-01 6.295668329675626618e-01 7.239534060570634866e-01
3.404172924931976318e-01 3.964959406596665348e-01 3.203607677341452908e-01
4.445395009769834149e-01 4.457676371167624274e-01 4.457518391915253897e-01
8.283959190886779345e-01 8.394478208906583916e-01 8.428090498356103355e-01
4.766013145403806273e-01 4.635693742590447641e-01 4.864274944779799492e-01
5.610128241917946568e-01 6.381521408882797619e-01 5.835928270118365679e-01
3.167416357475722477e-01 3.960920275095799470e-01 3.747183358718140234e-01
5.830710131021740183e-01 5.888302837577397142e-01 5.013098457768239147e-01
7.317426544746855610e-01 7.611178699690142047e-01 7.986807920094107782e-01
5.312797062362770717e-01 5.570917460514145381e-01 5.745973401119256474e-01
5.763759486391257791e-01 5.944279832581180756e-01 5.586039721779513245e-01
6.688258793696749693e-01 7.611064332506326524e-01 7.441893477168088911e-01
6.421288799762273625e-01 6.018086696348077247e-01 5.981015663315314423e-01
3.216381610688237025e-01 3.766202898079639705e-01 3.412603441659179948e-01
6.481270692691506463e-01 7.112123625985374842e-01 6.155959517600988473e-01
8.981549889332092196e-01 8.675856156077058623e-01 8.355954218268857314e-01
5.744855461161156862e-01 5.106018705780077660e-01 5.884811985960669567e-01
4.958844503371380164e-01 5.388975456489714100e-01 5.308520384516609569e-01
5.920271029645756133e-01 6.263708256778446337e-01 5.718762863469248892e-01
7.091025661761183319e-01 6.879817335345369544e-01 6.945970079358337879e-01
3.668611827941135606e-01 4.162346491114387037e-01 4.536246342635207873e-01
5.841716323680383738e-01 5.533319314406823786e-01 5.551116061005364477e-01
4.737291910531712391e-01 4.394211231993314093e-01 5.368649881420000103e-01
5.925026264672523801e-01 5.055882622160748907e-01 6.492629459788631374e-01
7.001033512047324381e-01 6.005397863012453818e-01 6.677863582171423840e-01
5.023739885491745882e-01 5.937626010290995016e-01 5.330239811317213361e-01
6.554398172083091278e-01 6.360047948153274566e-01 6.759891871162243548e-01
8.241675391836060793e-01 8.486958294304461914e-01 8.536262093583391053e-01
6.197127170989032985e-01 6.194060297204556642e-01 6.464230964644610555e-01
5.948856623444915837e-01 5.620108763202440461e-01 6.177714938329181837e-01
6.060548919948008928e-01 5.222295005806125712e-01 5.834825692623463178e-01
5.294518256360821740e-01 4.809558132904677707e-01 5.641702122642281436e-01
5.510912451561675862e-01 5.807369812627570793e-01 5.758383718798603113e-01
5.843243154382022908e-01 6.301184022521758576e-01 6.801983700833109658e-01
7.530743526283830702e-01 7.843342868217534347e-01 7.353887962386249644e-01
6.662813095330056834e-01 6.783166398391867746e-01 6.901996691121923266e-01
5.768048960077392096e-01 5.504179745975048554e-01 6.257394553635561296e-01
4.838035563918939297e-01 5.364983762875250584e-01 5.313406335430006511e-01
3.172286195075314508e-01 2.655842289242731358e-01 2.745199116044155230e-01
6.647631304968669719e-01 6.032450370642615800e-01 6.304646054672203848e-01
7.718758707286671461e-01 7.368201096312860798e-01 7.851030483592909004e-01
6.173100424686290832e-01 6.523089114045350634e-01 6.794547356610183275e-01
6.787653391342434173e-01 6.390436553576832601e-01 6.546623235675470553e-01
4.836091256490385182e-01 4.592303058234825652e-01 4.912447490748174106e-01
5.103673520979523648e-01 4.859519195596891383e-01 5.913714012657844687e-01
5.720572137553237013e-01 6.143362647916799091e-01 5.837404204563407806e-01
4.644719392317923079e-01 4.793793287243661716e-01 4.921758483555261909e-01
5.477412174297464631e-01 5.035180165968126120e-01 5.568283666562251488e-01
7.300105715372871007e-01 6.733798165982767259e-01 6.605420703212864231e-01
7.839200598357025651e-01 7.054173616583164774e-01 6.973552021853819394e-01
8.112016888443538409e-01 7.739442733674803954e-01 8.123720707856815215e-01
6.868594782572151614e-01 6.757011264866461531e-01 6.328860363151209700e-01
7.259568017182375099e-01 7.555870730764634446e-01 7.339997613856427128e-01
5.517086370988126820e-01 5.076341250055294019e-01 4.900432130851667956e-01
6.192183026837763116e-01 5.344467468371305596e-01 5.484802159183360670e-01
5.250817251315610390e-01 5.806312650433503864e-01 4.966129785300213983e-01
4.477369626530749991e-01 4.059257849245970773e-01 4.210442258374293978e-01
4.184652630415336971e-01 3.428257506430620882e-01 3.407594951345225831e-01
7.464294712266462684e-01 6.511459239697037216e-01 7.261485869918522518e-01
5.311231322535682198e-01 5.367549023048586720e-01 5.145845973171989662e-01
6.590574485806088845e-01 6.838835711744427615e-01 6.374911517649598514e-01
5.787742756906748554e-01 5.643357331887604023e-01 5.243651734652798879e-01
5.444425067343400260e-01 5.963992613172588442e-01 6.035782120918110616e-01
6.643055454162016815e-01 6.358101715070019200e-01 6.534055751046636829e-01
6.692729561801818994e-01 6.936790317799325090e-01 6.697684613679656396e-01
6.197470681578157725e-01 6.345476769611658741e-01 6.794513225168672399e-01
5.380540076702727825e-01 5.141504783215181673e-01 5.613495705169109229e-01
6.167740023185653842e-01 5.546768663192017668e-01 5.695665428068036329e-01
7.738876076934112502e-01 7.595422491817668265e-01 7.505092866264403417e-01
7.567462940377901459e-01 7.097608408618580889e-01 7.452997555968412513e-01
6.030077690171185001e-01 5.836215738647835272e-01 6.025252612478201319e-01
6.666996235303459528e-01 7.239763533510765736e-01 7.066672002401888086e-01
2.756422160404407018e-01 2.993196951326861921e-01 3.095736403698682304e-01
7.479901001135086380e-01 6.918847420455680464e-01 6.447956098914259249e-01
8.202442990928737743e-01 7.607567673767705596e-01 7.266957416974235695e-01
7.558226101661763563e-01 7.154474217037625206e-01 6.857939033290609832e-01
6.128536840449602119e-01 6.117444444297973627e-01 6.821210410358800047e-01
7.167541304814398773e-01 7.148688485140763937e-01 7.161984958629961096e-01
4.375379356966170308e-01 4.018317930020638418e-01 4.528361235546422003e-01
3.736476264956761772e-01 4.323822776554264169e-01 5.008080503163641062e-01
6.140368560394247055e-01 5.805897861979828489e-01 6.107321604108961743e-01
4.080097119772826408e-01 3.733139630484451632e-01 3.901031905602829752e-01
7.093339459883520881e-01 6.954052618608436154e-01 7.279254088626598840e-01
8.643155829632391818e-01 8.601879030156394101e-01 9.248002793393914622e-01
7.165441153800538032e-01 7.074104422536600101e-01 6.920792698275771704e-01
6.682629069505984232e-01 6.178701808967710374e-01 6.130793411684390959e-01
5.112843452621438356e-01 4.964522288186317134e-01 4.438917036395039206e-01
6.455102741080668283e-01 6.796734123645591374e-01 6.699470902879256506e-01
7.143261387028363441e-01 7.248383157708626623e-01 7.425282716349949075e-01
6.576471784421601408e-01 6.333849694674952291e-01 6.197616331201776241e-01
4.689634106728295393e-01 5.391795674948824946e-01 4.924945942673341071e-01
4.901193708502221136e-01 4.703925346102062477e-01 4.585201520722335666e-01
3.696553358016832491e-01 3.775358973824395337e-01 3.577048471572476518e-01
5.342342370077441949e-01 6.161055529137944298e-01 5.823228623119064418e-01
7.686667621073129952e-01 7.761152191494417041e-01 7.558829219873066663e-01
5.412342075730276481e-01 5.898855716699433760e-01 5.771319438166685467e-01
4.545357718981391515e-01 5.339878615707481790e-01 4.492116819794583771e-01
7.567466069849946297e-01 8.102225566773635368e-01 7.788268732792626992e-01
6.005420972786533751e-01 6.547711541112893885e-01 6.130491056781494086e-01
7.188384124060940294e-01 7.342553336348576210e-01 7.333816500359955359e-01
5.614878438125143756e-01 5.573229180773398017e-01 5.736837076332510499e-01
6.799243202911350314e-01 7.111880453462230411e-01 6.641133212991428003e-01
4.703712121928175227e-01 4.681611423402631256e-01 4.673958872517032792e-01
5.237752340145489516e-01 4.463182489815103460e-01 5.111896636572844654e-01
5.136820751504174165e-01 5.941082144222626926e-01 5.806080457654410054e-01
3.900632008456821898e-01 4.361719350143908325e-01 3.794896300276568990e-01
5.826584019606575460e-01 5.376262715901800604e-01 5.624812467170003938e-01
4.953960276118595796e-01 5.201558368286558487e-01 4.525460992885072531e-01
5.523476179208960390e-01 5.048343888594840623e-01 5.796192663621180241e-01
6.146855658952282697e-01 6.696764632340325152e-01 6.277954488215207185e-01
6.207584396423800888e-01 6.266661916841695934e-01 6.617334519683745198e-01
6.190622904831980522e-01 5.617562814638075164e-01 5.614849080771643353e-01
6.447650774895737902e-01 5.956961410971434168e-01 6.038526458899603488e-01
6.783834348975159578e-01 7.417164638928724907e-01 7.692857409546299818e-01
5.326198840089217956e-01 5.581704886242427888e-01 5.834046785271466140e-01
5.806155918340958344e-01 7.226122334243526568e-01 6.900386882948674749e-01
5.788527061286081743e-01 5.441000762768997134e-01 5.479405339250659202e-01
8.485046103798070671e-01 9.189380593171502243e-01 8.904352935456391060e-01
6.842469836451604559e-01 6.590559421768588111e-01 7.169607885843050088e-01
7.544395752101367147e-01 7.449532555841440473e-01 7.673646071184928585e-01
6.303596161356096461e-01 6.537076128564129895e-01 5.784252344583801220e-01
6.389234676597942419e-01 7.306863268483194673e-01 6.368756736364568072e-01
6.848445672134394480e-01 6.576186282912807046e-01 6.879366523390223476e-01
5.095726935083811915e-01 4.874871543122142881e-01 5.100820868693534127e-01
4.978819293904552246e-01 5.999386978999374787e-01 5.651568640835025192e-01
7.740213936358680824e-01 7.324682425964539334e-01 7.129613609982008438e-01
6.799459265812439757e-01 6.546972816994972577e-01 6.670185971587150320e-01
4.631103155176844455e-01 3.745296533821524387e-01 4.292717091911105731e-01
6.671115337079411844e-01 6.028966217790262538e-01 6.855007318580614850e-01
6.865906328204594011e-01 7.020805104983411926e-01 6.680304413924640361e-01
6.682277087195591658e-01 6.455343055505340377e-01 6.093824247520513993e-01
5.575959523524416372e-01 6.247065461641430062e-01 6.174923471720562551e-01
6.650083940677987693e-01 6.330014202395097822e-01 6.578924519335249688e-01
5.271999549088384196e-01 5.367562987494181037e-01 6.040876949351913217e-01
5.388978590946601477e-01 6.131649790885714824e-01 5.503135774572900374e-01
5.073871194301637910e-01 5.612566907659319870e-01 5.586612065280639472e-01
7.746209105708660170e-01 6.815287531346909677e-01 6.906013379639022176e-01
5.110414591312576471e-01 5.987332939644893770e-01 5.834447816766756834e-01
6.864017685521260903e-01 5.885592610173325800e-01 6.950658948451230446e-01
7.517738578969875851e-01 6.596257602944347598e-01 6.655074566013944315e-01
4.916056392535789188e-01 5.090075382030329054e-01 5.312881735309308295e-01
7.451576293674110341e-01 7.895318678571706661e-01 7.534388276162593545e-01
6.501602331206283170e-01 6.607349673986020466e-01 6.835416034223408266e-01
4.847797231155407949e-01 4.097029119772776506e-01 5.460973736456862238e-01
6.600850895960250764e-01 6.304558427543409671e-01 6.281164378613112165e-01
5.750700456268393879e-01 5.394140994445421056e-01 5.042549296737819375e-01
5.686693445481337816e-01 5.460920935973918589e-01 5.633954485174272886e-01
7.670737316745487311e-01 7.264951815078536379e-01 7.340937371744614692e-01
5.283841585242259331e-01 4.982202828317392473e-01 4.394714861542486917e-01
7.003607356447876242e-01 7.266295365653562266e-01 6.994249575045888845e-01
5.587409418476162459e-01 5.740034007381606962e-01 5.842860081682320628e-01
7.909818789452538468e-01 7.588656179505822719e-01 8.084096331113875822e-01
6.914663498041271339e-01 6.861461384744518277e-01 6.190822881850513992e-01
6.884628105430233846e-01 7.024386952583172583e-01 6.627207237169745468e-01
6.188406168157231102e-01 5.311536957080530419e-01 6.780044726503239305e-01
4.126898767325110629e-01 4.024059358651859153e-01 3.747178493475401551e-01
4.410198457374964742e-01 4.371663444943269528e-01 4.313713917700877643e-01
4.988242189753255285e-01 5.612967292182120538e-01 5.545960027932038683e-01
4.220241003219182274e-01 4.467123333080822989e-01 3.401073763828850183e-01
7.140609713077415988e-01 7.471425326699862035e-01 7.482252844361038102e-01
7.319161291833754523e-01 7.400451037229438533e-01 6.840031241724211508e-01
4.148294237992332656e-01 4.819489559258490763e-01 4.880223252482221996e-01
6.604103881148603028e-01 7.207820778201511347e-01 7.481998053039259355e-01
6.201862942900403519e-01 5.231519824287472753e-01 5.501985704112903885e-01
4.230648367187722081e-01 4.314736647028300509e-01 4.871487604355670964e-01
5.528597226199364334e-01 5.609422731974608167e-01 5.472326347129994328e-01
7.441850111476281393e-01 6.470726162139300852e-01 6.622329202818132421e-01
5.647947040055482093e-01 4.644409171394179858e-01 3.538788700273906573e-01
6.026149579031995218e-01 6.060285006012821052e-01 6.051486810780382086e-01
7.287180327202389396e-01 6.881777655402857574e-01 6.962822451491043063e-01
7.585546899105277685e-01 7.334197235775152812e-01 7.498014229217815352e-01
8.414446617519281135e-01 8.559400127561895832e-01 8.248900913552283942e-01
7.938146082243244805e-01 8.153323141367482263e-01 9.091270991577237170e-01
4.801633119677332084e-01 4.770108791972244577e-01 5.325749902256218249e-01
6.981612065399169786e-01 7.727787495083762170e-01 7.164354673921944361e-01
4.899021528934196512e-01 5.101532443440592868e-01 5.154792783209668494e-01
9.155322897931583714e-01 9.220025227235634224e-01 9.093923381924903238e-01
5.335571977869331128e-01 5.417684543880497694e-01 5.628297865677686085e-01
5.345221540680978878e-01 4.464254920339627564e-01 4.957018846578972182e-01
7.286064738164340637e-01 7.499079569179064597e-01 7.223077183341978236e-01
4.534246065258581981e-01 4.325203573420549619e-01 4.526941388435065661e-01
6.183640169465469683e-01 5.925398813777612572e-01 6.004201019827182240e-01
5.179672849954465308e-01 5.360553807784748104e-01 4.907706489041575582e-01
6.089444522355295097e-01 5.441453438857924985e-01 6.096885064858854619e-01
6.577935046518976758e-01 6.516967615155534466e-01 5.901905605910895414e-01
7.589896885556900452e-01 7.892029974003654802e-01 7.462283535721753180e-01
5.056099557243265430e-01 4.764349946916797141e-01 4.565412172042183636e-01
7.135255659599641920e-01 7.945595277084627206e-01 7.835002735990382883e-01
7.005479107999945665e-01 7.123398643805094466e-01 7.046021124736170371e-01
5.747353339590901555e-01 5.028263698402124504e-01 4.942471642129284137e-01
7.420336130483068393e-01 7.875195409861096563e-01 8.570166386196882424e-01
6.557694409670244973e-01 6.847361852417471750e-01 7.030030270547498183e-01
7.099070603048773798e-01 7.086371367352347628e-01 7.555507625965839358e-01
5.435475031668417500e-01 5.905956118584726466e-01 5.320960770632052750e-01
5.965781497375451936e-01 5.146019184953100067e-01 5.653714209640220423e-01
4.840880817667758129e-01 5.406344011527682847e-01 5.257232513608928182e-01
6.885427400561341393e-01 6.735388128812069830e-01 6.806052021731726631e-01
5.725648638525143719e-01 5.464519448435286586e-01 5.504754028815459499e-01
3.874005851705059067e-01 4.300306024811464400e-01 4.070469820210698142e-01
6.226675222441903079e-01 6.571254113913214123e-01 5.805708769126661783e-01
7.784357904895499169e-01 6.781505651480049801e-01 7.350446316657319734e-01
6.264172651912002232e-01 6.492234411815116513e-01 6.853985630877500457e-01
5.199992681465953615e-01 5.177578270486702383e-01 5.185321109190049738e-01
5.671226665684103718e-01 5.292802762769206470e-01 5.463268235974683140e-01
6.619501558156397625e-01 7.442796385316785557e-01 6.770074659127797156e-01
5.241370520833212865e-01 4.677043048861617702e-01 4.139833143861587628e-01
5.033225308661477548e-01 5.035043702188486403e-01 5.093020378423774863e-01
7.842090009280772156e-01 8.104061432088840444e-01 8.310091411959441565e-01
6.181870970989657987e-01 5.643460389061744076e-01 6.516483730622968373e-01
4.937966672488567910e-01 4.909511786231588459e-01 5.108374611465518189e-01
6.051238721206062543e-01 6.075748171582435742e-01 6.299051691136833275e-01
6.494003911931446327e-01 6.375207589319358270e-01 6.901026145437896275e-01
5.989250269404303717e-01 5.945343048200454339e-01 5.991233185934538019e-01
7.101633464733301260e-01 6.753493886635326682e-01 6.885136734769050637e-01
6.055662042019510638e-01 6.548954832770166323e-01 6.450486916470539178e-01
6.277155058151099309e-01 6.574947137874005421e-01 6.700377301123185969e-01
4.016913704533766616e-01 3.741582132804536220e-01 4.801897892834749437e-01
6.472161564090295194e-01 5.987860391171297980e-01 6.927888896748500835e-01
6.733505219541751075e-01 6.103452673591728272e-01 6.784994485008012388e-01
5.163658810875307870e-01 5.457474344968629154e-01 5.622913957546198382e-01
5.824334844552586654e-01 6.060532580065248753e-01 5.384295586904799258e-01
7.045783817363833190e-01 7.095995968133135268e-01 6.526257360058999035e-01
6.270114621968100321e-01 6.908040359263355468e-01 6.614333309025697272e-01
8.960464329536048655e-01 9.357734690515672193e-01 8.979239777123091404e-01
5.936168868962344858e-01 6.057861096993560901e-01 6.245489507747810087e-01
7.056700784192919684e-01 6.959055402802327706e-01 7.123818997355092497e-01
6.237695734949534332e-01 6.662369475319479539e-01 6.359212342679201324e-01
4.828435933299267124e-01 4.497340912197009266e-01 4.910618916803178857e-01
5.950377277803815534e-01 6.814985632858086007e-01 6.140269115491843177e-01
4.293905818256762985e-01 4.173656599054368366e-01 4.782165937309830195e-01
6.682324144780275033e-01 6.278774924371713917e-01 6.256821407570143379e-01
4.702629100560542508e-01 4.263761771704557835e-01 5.282744491685000821e-01
4.005678625333875531e-01 3.976637585608444603e-01 3.735679405434899070e-01
5.368673676194797295e-01 5.546500424523831407e-01 5.256091116940290187e-01
7.291546662247774258e-01 7.228338874312283391e-01 7.683216584126574267e-01
4.384489522056804756e-01 3.891394894848484443e-01 3.801331239452687694e-01
4.189369689515610728e-01 4.953539612294993733e-01 4.634293217717114222e-01
6.622203331637089851e-01 5.949426880359379721e-01 5.864219302725023342e-01
3.500082264306413893e-01 3.705876800643176927e-01 3.141537442533313684e-01
6.638960695323380401e-01 6.022160368437793343e-01 6.443876650051577615e-01
7.031334747307110833e-01 7.596534048060539224e-01 7.195400275125409806e-01
8.091473257964562071e-01 8.861496034875567807e-01 8.059976642157737903e-01
6.514360666153782287e-01 6.322802558717728338e-01 6.604035423301256591e-01
8.289792571145259137e-01 8.788885526664271808e-01 8.048141873871340612e-01
5.897622045927989332e-01 5.668669903644550923e-01 5.893355545512489746e-01
6.003125462130280976e-01 6.025118984240038778e-01 5.663876217601112595e-01
8.021394562079352530e-01 8.214951998508287501e-01 7.458675576410246366e-01
7.334959941115059001e-01 7.854829209495008957e-01 7.537638539061014553e-01
5.366124237805773856e-01 4.946649311973019825e-01 5.301352954533240514e-01
4.072849791278462805e-01 4.500213515841222089e-01 3.973985939304551795e-01
6.685835132870228126e-01 7.108663025143547864e-01 6.974927514069396706e-01
5.211425284068602615e-01 5.630170209731260034e-01 5.681996457393110322e-01
6.472293631547322290e-01 6.620165218737286139e-01 6.579650617647956334e-01
7.130279661809235670e-01 6.329890459942844050e-01 6.468609339380536616e-01
6.137078281750742992e-01 6.213451634390004807e-01 6.942596584165978690e-01
5.972338804933678968e-01 5.699916881441132732e-01 5.665037379805711870e-01
4.019920414081865068e-01 4.008482300412201660e-01 3.916433456523312207e-01
6.119507764962648366e-01 6.383799907923981554e-01 5.796790191604550557e-01
6.237336760324677654e-01 6.676657301669086664e-01 6.034234596077987511e-01
5.188978995769452096e-01 5.235880858868506849e-01 5.100967709018616736e-01
6.207250586865444841e-01 6.090960902701978430e-01 6.307379915075499444e-01
3.624522811284234258e-01 3.611401895836204301e-01 3.669534938769212773e-01
9.373395396016268588e-01 9.416778242630905460e-01 8.705002805836336011e-01
9.516218450190251366e-01 9.476355119749454436e-01 9.466232286366227378e-01
5.553042358972362091e-01 5.446972403179426436e-01 4.928498950297673376e-01
7.301762367898713135e-01 7.818948778931007482e-01 7.383166130688284534e-01
6.686213170474486489e-01 6.997468499902961270e-01 7.550145970788740835e-01
6.867754694468884979e-01 7.061891163407547634e-01 7.336707556468196056e-01
7.128012653747922700e-01 7.549837636721126177e-01 7.553773776726598888e-01
6.884890132371698224e-01 6.813428740049974897e-01 7.049911981800183192e-01
4.546084331433556391e-01 5.110369482322790757e-01 5.397592385239881052e-01
4.669761509707389124e-01 5.304228383980494899e-01 5.309708626697521305e-01
4.849473508244363518e-01 4.771846573435453709e-01 4.980351060065577040e-01
7.430782954067290946e-01 6.940677817439958597e-01 7.295143977775333521e-01
8.031749663579617060e-01 7.824695676351126616e-01 8.038508723832870073e-01
5.966721760638086236e-01 5.532931309692281641e-01 5.804154251895459193e-01
5.925578641115141210e-01 5.867906697690462581e-01 5.387570350784408602e-01
5.417230791455512895e-01 4.910491215180685098e-01 5.051268981465588670e-01
3.264304563853187013e-01 3.721813469864251878e-01 3.627901853646259833e-01
5.271268446214113501e-01 4.661108556288088289e-01 5.434533429168949548e-01
8.668321529553434379e-01 8.630259076343239633e-01 8.418419219055576219e-01
6.321102991766950341e-01 6.760991923861310315e-01 6.673160274680264292e-01
5.949119179401239910e-01 5.717921628492450559e-01 5.391016314472945048e-01
7.316598377423547683e-01 7.417516109068794661e-01 7.864622172636377417e-01
6.459746579685901047e-01 6.679216727312211610e-01 6.799543483225759521e-01
6.547846483832299169e-01 6.293173550363386770e-01 7.067253508596264000e-01
6.062542482253580056e-01 4.998276962871550100e-01 5.389046276269480185e-01
4.617523995013940175e-01 5.616816300160416553e-01 5.238019863024729883e-01
3.986472035832083205e-01 4.198789902700689192e-01 4.436575382256242595e-01
5.212375969489844163e-01 5.359855084349224308e-01 6.221965323133548109e-01
6.841509783759234242e-01 6.647956906495255947e-01 6.712970614255802104e-01
5.234265441293136645e-01 5.150617072968336485e-01 5.541236654446234366e-01
8.170136480349761143e-01 7.809883220829512140e-01 7.895065507750135270e-01
5.972603915970787769e-01 6.448778190082427031e-01 6.836427972481119442e-01
4.450623029220563409e-01 4.858378979168127554e-01 3.966903761671896622e-01
6.844149699146631072e-01 6.827361211378367711e-01 6.897617115179726088e-01
6.522902775634398242e-01 6.447893363838652636e-01 6.896865265490083052e-01
4.232694346453840240e-01 3.774928339812002598e-01 5.137091775481734679e-01
4.720773823958489546e-01 3.741446606820745258e-01 4.425557406602302346e-01
4.130185062401437457e-01 4.329151163308171402e-01 3.792867289294810096e-01
7.834995196778862248e-01 7.639482835832041019e-01 8.194210240470506390e-01
4.273868611171564580e-01 4.697790268777770617e-01 4.860177311088134111e-01
5.370831746208696300e-01 5.104525648752757938e-01 5.251844347064236196e-01
6.669965438979655881e-01 6.737476156210834288e-01 6.374885620832783095e-01
5.567879806786941721e-01 5.428049788156616984e-01 5.899372858487501592e-01
8.174262474321200012e-01 8.056197002722051970e-01 8.647753423315380772e-01
7.773304176064020909e-01 8.169181952137144487e-01 7.956386211460603208e-01
7.712532714904757336e-01 6.746659686556136792e-01 7.449094170073404797e-01
6.411048797359202300e-01 6.863523071332910952e-01 6.804640066364349149e-01
4.565265121916507463e-01 5.138419603609474251e-01 4.489601175042305936e-01
5.372095689704565746e-01 4.867293813330486052e-01 5.075474167229082623e-01
7.459283068783814086e-01 7.141227880974464481e-01 7.164505290081741862e-01
6.316664917117555955e-01 7.135849324586982512e-01 6.420707452929024228e-01
5.597294793073485097e-01 6.002811462071351301e-01 6.275290174326256798e-01
5.920804925458907908e-01 5.415805679851940502e-01 5.986102050935534491e-01
2.590650860755163709e-01 3.857524141007661056e-01 3.226269561217612325e-01
6.099065212356948873e-01 6.338275318234134481e-01 6.636011287269816261e-01
6.427426583799158433e-01 6.870304439744858715e-01 5.761926260710958925e-01
7.226264036510355870e-01 7.953907394464799774e-01 7.501017916275001252e-01
6.005791549025375486e-01 5.118227394340999492e-01 5.725021628147395347e-01
5.715033813832662846e-01 6.669206932108315833e-01 6.163222228390830004e-01
5.430001276214644346e-01 4.555299282752819368e-01 4.830602042305420230e-01
6.232888241592915435e-01 6.086098659317303872e-01 6.113425807638053211e-01
6.068823203643685105e-01 6.405397968408091947e-01 6.529363508016712281e-01
5.314962436652725941e-01 5.768978114734799600e-01 6.281841840796629217e-01
5.906576735221343855e-01 6.370798484815676233e-01 6.148427418113415754e-01
4.592434366538158952e-01 4.147071598179091767e-01 4.824030062284262454e-01
5.441898109387155458e-01 5.380548618810043759e-01 5.988118344916235625e-01
7.097311833344156495e-01 6.900215127408326765e-01 7.034922438751811669e-01
7.903170182910519426e-01 8.025346588195017006e-01 7.688110720038480173e-01
6.364024524950920858e-01 6.638251779850763423e-01 6.045182102091107845e-01
6.140091256694012456e-01 5.797578019221393264e-01 6.149779919317315269e-01
6.239126691325564966e-01 5.261286235360088659e-01 6.446355723669908722e-01
4.458990885545013882e-01 5.017882825592804297e-01 4.630980992174170696e-01
4.739261040548233828e-01 3.901027093007851665e-01 4.365967216119400196e-01
3.470286327288676920e-01 3.897045960582833923e-01 4.216675768705069882e-01
5.917572634834664669e-01 6.714187231900669017e-01 5.574544214775515316e-01
4.973404251013937016e-01 5.204014552975892993e-01 5.150680031818164473e-01
5.611451478877047538e-01 5.055315931416513031e-01 5.954652506385736954e-01
3.171079301254292049e-01 3.814040989197404197e-01 3.391108425095340495e-01
5.914156165411056376e-01 5.955574037048499969e-01 6.317046819988799689e-01
6.707857145561701984e-01 5.682305812794388178e-01 5.980844924395966045e-01
4.957652771105385270e-01 4.140273174968284731e-01 5.089609945896879095e-01
5.659367843757835415e-01 4.861645634181742115e-01 5.125241667571502902e-01
7.212061488149930089e-01 7.805003636859514371e-01 8.051211723293302258e-01
6.551303934888620395e-01 6.021336581171455871e-01 6.674032611964781925e-01
8.172548054769397385e-01 7.898795358776597997e-01 8.763197266004766339e-01
5.450953974975769611e-01 4.930963154123702563e-01 4.105985906183556300e-01
8.941255233743440334e-01 8.458541187984370824e-01 7.962299544126223427e-01
7.319097258719813315e-01 7.239995062624834388e-01 7.073465739903519456e-01
6.718630862309861174e-01 6.248393907062247399e-01 6.583485022571129441e-01
5.282936532212387792e-01 5.529783609668362798e-01 5.904692327932610230e-01
5.553802561514238345e-01 6.067328677802573678e-01 5.808647270468675350e-01
5.161855189434486624e-01 5.062183348112224701e-01 5.137347563998416744e-01
5.190421615925731036e-01 5.379834643719336729e-01 5.640742328551004992e-01
7.706854825490898619e-01 7.308685972841600931e-01 7.466891383315756858e-01
5.615101852378312497e-01 5.762815341990649154e-01 5.804792893080541472e-01
6.983986717923434950e-01 6.754008617025634154e-01 6.439783874476774361e-01
7.506181119309432992e-01 7.466831470499983858e-01 6.659006891660068650e-01
6.228471005260053373e-01 5.661021910467534113e-01 6.035537387043435897e-01
6.114810339671297168e-01 6.235202786127842511e-01 6.079790840397041318e-01
5.633899332454160858e-01 5.874937381928485580e-01 5.055833116287042905e-01
6.527599833531925189e-01 6.591850119348869885e-01 6.292595890586575313e-01
4.738759843449614761e-01 4.459948066288847435e-01 4.136256387674131507e-01
7.047187883094067073e-01 7.552002856082268289e-01 7.537847204683519875e-01
7.058952515649536963e-01 7.999706046905449286e-01 7.586687041601095638e-01
7.289735372038790295e-01 7.196511390714179779e-01 6.707642140623990556e-01
6.839922886096760912e-01 7.330147430136931819e-01 6.556902247519527105e-01
5.904521627728694932e-01 6.688633025453912806e-01 6.593669557326986563e-01
6.478313341334595021e-01 6.419371353956997428e-01 6.294597493797177146e-01
8.399779426683212646e-01 7.974884541851519071e-01 7.884973117136560017e-01
6.642407876412860235e-01 6.364508582596577480e-01 6.595020750803184395e-01
6.187914601783774948e-01 6.100952002744043368e-01 5.878942257582107089e-01
6.677055606267152665e-01 7.424670736787611913e-01 6.624588169210697819e-01
5.606632459960149140e-01 5.379371985648919718e-01 5.601400803061264977e-01
3.466256319069935810e-01 4.241460174371973757e-01 4.049692885609771364e-01
5.267236569561021264e-01 4.805729605330866794e-01 5.327362707616800641e-01
6.860370940767229753e-01 6.960660827861885336e-01 6.559561334770547258e-01
6.124143591466824077e-01 5.894745795075133632e-01 5.894600558689604419e-01
6.733660542286512563e-01 6.313174139261097384e-01 7.069102134681143346e-01
7.723952836842600256e-01 7.747748582700588749e-01 8.467357614560439005e-01
4.396169511970124955e-01 5.321648104250324973e-01 4.559299375301979484e-01
7.154629987322053131e-01 6.994051923879124333e-01 6.813619905053616144e-01
5.607830682541287137e-01 5.847302780753744766e-01 5.676999134147269199e-01
7.353327354782857039e-01 7.245025827427086229e-01 6.844837964835679411e-01
5.612064028887703282e-01 5.454387013109334159e-01 6.650814607092864206e-01
6.287092540851746403e-01 6.285445245138177039e-01 6.082254953178801715e-01
6.245094365975252249e-01 5.508410300589896558e-01 6.138597139327693908e-01
4.406067433190845040e-01 4.862092307798062119e-01 5.101828556216487787e-01
4.960421111747118639e-01 5.452975077956608851e-01 4.964229313492002915e-01
5.701673182612474466e-01 5.386171391668542752e-01 5.382659476850368829e-01
6.353127364933300880e-01 6.451502329982209405e-01 6.535615803484101649e-01
4.938923567530595360e-01 5.164177639613781734e-01 5.178524626973334266e-01
6.022082190382740396e-01 6.318726035599310231e-01 6.281310519352312216e-01
4.248177853922023295e-01 4.740477026671258698e-01 5.069167897411601675e-01
5.747071627709164909e-01 6.333678799370179302e-01 6.658042718567660501e-01
6.012176383047831418e-01 6.388542152659488771e-01 5.863923315831554017e-01
7.354542928502165733e-01 7.362237803300909489e-01 6.891281630111264489e-01
4.849378864696362590e-01 4.949298372216115460e-01 4.743806390675949780e-01
5.808130765677398388e-01 5.661995121987930535e-01 4.941263215244083296e-01
5.160453134267798392e-01 6.242958603154857844e-01 5.864520531935162317e-01
7.569021536614890522e-01 7.806937809363055925e-01 7.527228728026917892e-01
8.067338184565865378e-01 7.327254290399598524e-01 7.888932458799020608e-01
5.468989087816163996e-01 4.910096201533074578e-01 5.827298247507779472e-01
5.225365875976620833e-01 4.920514305739995264e-01 5.789711573323206295e-01
5.853511791516460283e-01 6.127731066260175830e-01 5.764409817817610637e-01
3.715171849152970052e-01 3.003033755776416958e-01 3.608542113673454677e-01
6.027103274475560379e-01 5.949471572002446029e-01 5.930673415922219638e-01
4.923926274282879323e-01 5.002228860753161754e-01 5.068657372064832023e-01
5.243970425271726743e-01 5.955701058190908670e-01 5.237658109974314691e-01
4.185058337638044579e-01 4.666800248458725653e-01 4.760456447015601333e-01
7.146996006135492019e-01 6.695429357451283536e-01 7.320971108122079629e-01
4.614624114967355029e-01 5.383075153466718721e-01 5.256219883206461052e-01
4.748057770660886190e-01 4.420495860242199537e-01 5.114519835228226174e-01
7.073651676852928949e-01 6.878973431631958402e-01 6.762638151940619791e-01
3.190902290491923199e-01 3.209378447581020533e-01 3.726739044112959975e-01
6.271940211546779276e-01 6.423511655625003813e-01 6.682030988554695794e-01
5.161305193154211990e-01 5.183833882452894004e-01 5.456943926154960156e-01
5.081425174483151785e-01 5.520327006357055311e-01 5.055167786200227553e-01
4.868168080115111707e-01 4.881748079260748718e-01 5.153761730297686805e-01
3.615965692964608902e-01 3.360729097148130173e-01 3.873013783392586507e-01
6.675503797249510152e-01 6.608719512581243682e-01 6.737032560528944947e-01
8.872116400076122122e-01 9.593047426867404859e-01 9.073513188309693112e-01
7.863028797690645444e-01 7.792441820082719461e-01 7.722093081195822162e-01
5.425824240295802348e-01 5.486804554403341694e-01 5.453989144078397189e-01
7.807673200762077492e-01 6.819942716032095786e-01 7.657155899886795014e-01
5.884255801449987944e-01 5.531034067411733091e-01 5.608313399745729066e-01
5.126467115702585398e-01 5.282078966904132367e-01 4.670067163351881434e-01
8.336091387929230878e-01 7.809134970575637436e-01 7.562169217413118316e-01
6.041452321823354010e-01 5.765864584397775161e-01 5.414528168088073024e-01
6.488011195763990768e-01 6.903121946474609638e-01 6.471037270275735720e-01
3.322335433069300570e-01 3.855072530300736600e-01 3.795064640700830938e-01
6.818937438552983288e-01 7.667775171638216980e-01 7.141625822054489259e-01
4.754286821781522621e-01 4.493174690570640450e-01 4.151948065310687719e-01
5.078180043385934761e-01 4.956864361343966130e-01 5.265633849483034590e-01
4.691529027004324170e-01 4.982453508401812892e-01 4.540815569118252792e-01
4.447915318990688927e-01 3.879714539622954317e-01 3.966096176723598599e-01
5.306603005155310360e-01 5.240403430603890467e-01 4.950245934255478875e-01
6.094376479965976090e-01 6.690819199744946211e-01 7.324009448557469160e-01
5.267010204035093013e-01 5.733551510461412093e-01 5.344592870058731959e-01
5.579525913984624275e-01 5.761767456557369549e-01 5.999795444394759869e-01
6.101316105245214727e-01 6.147579980883401962e-01 6.107309199723566229e-01
7.381329881068221521e-01 7.356210601367780821e-01 7.464987591376619491e-01
5.184723940270388187e-01 5.933245380300483651e-01 5.201086901255844719e-01
7.923051001040570807e-01 8.224715598858705068e-01 8.351193965771506189e-01
4.986007384546690124e-01 4.464732250235443622e-01 4.657497733724360045e-01
7.243059459777018150e-01 7.292176966043085740e-01 7.884827900801518741e-01
6.626365247952793469e-01 6.350576059931044570e-01 5.976208721363441834e-01
5.219566882061869029e-01 5.192125741018480678e-01 5.836416576583808302e-01
7.064018954219087876e-01 6.984041957349529373e-01 6.967599328789451096e-01
4.640847247909346551e-01 5.869303578062531335e-01 4.585466813899176097e-01
6.376054473451182592e-01 6.036862489252509123e-01 5.668594568704020675e-01
5.486440359585275095e-01 5.701713784290181053e-01 5.999001026095588385e-01
4.134784483440723801e-01 3.908427861274818005e-01 4.893006283844338333e-01
5.247841020106629450e-01 5.247965523597533100e-01 5.051709598145625035e-01
7.777126645978805763e-01 7.745804301101977263e-01 7.375679640646664037e-01
4.758119966680695034e-01 4.707088385080865356e-01 4.818524313227883771e-01
4.701774779352212441e-01 4.743117006670277136e-01 4.578019995098200901e-01
6.533306046342205464e-01 6.891404387201534032e-01 6.435003649469385190e-01
5.450159296177997659e-01 5.529309847835474079e-01 5.202909715881961494e-01
3.872804751659733036e-01 3.581311070324766921e-01 3.814251103824002342e-01
4.575988896064706046e-01 4.531705466420636319e-01 5.390387910531948545e-01
7.042371974373062837e-01 7.228850283558531098e-01 6.523910854146641736e-01
6.599618703315704993e-01 6.834472530296978876e-01 7.665443910579315956e-01
4.637621523476842533e-01 4.166467089765182319e-01 4.101731212074903876e-01
6.571163983253256458e-01 6.981284981777216014e-01 6.322895421614227462e-01
6.622034575321329442e-01 7.425295011857473426e-01 6.595998497079776923e-01
4.025854120553645776e-01 4.177385886431546624e-01 3.796527139328258471e-01
6.661460111671470008e-01 6.655256522309409561e-01 7.407633194175103908e-01
5.171032744228072353e-01 4.327836685391665550e-01 3.845009832437479291e-01
4.964051675816602560e-01 4.787685904277350080e-01 5.215063759172490210e-01
7.147889288999024204e-01 6.896717529503950672e-01 6.857421673385543093e-01
7.591939236050392337e-01 7.640153263684669183e-01 7.477209372311818258e-01
5.052650556565007056e-01 4.873214781351283276e-01 5.064450868598604494e-01
