7.174129259867609854e-01 6.363292341882331726e-01
6.804100599765763313e-01 5.991100711902563880e-01
6.068337867576363287e-01 6.413466753662564468e-01
8.116884618619180092e-01 7.553204307000542794e-01
5.945373563140741169e-01 5.963416686401197264e-01
3.501636437551314263e-01 4.440766905204427406e-01
6.037566776516823941e-01 5.633627808292854811e-01
5.125710964272099934e-01 4.811590325357347209e-01
9.529241866714281972e-01 8.879223141935634889e-01
5.616273045028097322e-01 4.524238221934979709e-01
7.126405426544629718e-01 7.395520256081943300e-01
4.270686178599865657e-01 5.093043721428065496e-01
7.046829602230614276e-01 6.268722468469080100e-01
4.763666634478220807e-01 5.164414805493081628e-01
7.337909913505635817e-01 6.914372914319684149e-01
6.577757916675553984e-01 6.407794573763042623e-01
7.345550029452199148e-01 7.787351943567695223e-01
4.937211896160524915e-01 5.233593082665346508e-01
2.342967743886347209e-01 1.741622177537758276e-01
5.681056052102197995e-01 6.089279199290309474e-01
7.501180882142406414e-01 6.507291861748971673e-01
3.770379949960569466e-01 4.512506605143957739e-01
7.533169517199946874e-01 6.042012554715465722e-01
7.701082032808801436e-01 7.627587865407561285e-01
9.216981551647183135e-01 8.921237839635514089e-01
5.925969592826642041e-01 6.188873710376486814e-01
4.183536514947295282e-01 4.651463901597343020e-01
5.748409804416907409e-01 6.821114409668653789e-01
6.218285272574932687e-01 5.409691132267231417e-01
5.383439439388256753e-01 5.804162986619746389e-01
5.973489623168017904e-01 5.816802965111609325e-01
5.768940110249908271e-01 6.174309855227319010e-01
7.549865507891333483e-01 6.604556661463711897e-01
6.607400591383668642e-01 6.031599924737817142e-01
7.707602953070324947e-01 7.677603460021886761e-01
6.338063219659989533e-01 5.520513928387452696e-01
5.333350827858914789e-01 5.923566549423534555e-01
5.073943286224371629e-01 5.386093091569854607e-01
5.288587556301147519e-01 5.318967375006251608e-01
7.022260295707415390e-01 6.933792896607223755e-01
5.827849472760663341e-01 6.705230027333478615e-01
6.844119952885576730e-01 5.707367471465758513e-01
5.644338240722500677e-01 4.338895859219539797e-01
7.580533394386003154e-01 8.197929558063342670e-01
3.315011907645255551e-01 3.876629022218032183e-01
8.525261271251226569e-01 8.093536700877076440e-01
5.258868492268634620e-01 4.533788333010383420e-01
8.092532825975986555e-01 6.869507715983662610e-01
7.206461297106200314e-01 7.622792712691114358e-01
4.786077671471966055e-01 5.327808909218183508e-01
5.860098333131380510e-01 6.032179083636139971e-01
8.782235138839671329e-01 8.317692955461200022e-01
7.112228427121459751e-01 8.078620893959719274e-01
6.390997941686037409e-01 5.774141426022395551e-01
7.507901022709064787e-01 7.536730401580546967e-01
5.511302827719527508e-01 4.998712810405588902e-01
7.194349859636522959e-01 6.779387210152748588e-01
7.425969827354617081e-01 7.199687818230406933e-01
7.432022947650744893e-01 7.622503057633387424e-01
5.696760730175314258e-01 5.160428428789338717e-01
5.827483673440935208e-01 5.279350110922237382e-01
5.449031506949599812e-01 4.883688377367330635e-01
5.809232891841908941e-01 5.874413675622429665e-01
4.163317085713971188e-01 3.583715516394102574e-01
5.903600089260926387e-01 5.470766913066978931e-01
5.942768251279383351e-01 5.898868316422979374e-01
2.419888596914830659e-01 2.832170067310134098e-01
7.510020400609125346e-01 7.474482911624746873e-01
3.879762584573093753e-01 3.738575088108943567e-01
6.015949607983157588e-01 6.114373285625189780e-01
5.382526003176948404e-01 4.948923079404565772e-01
4.364578351833277581e-01 4.862838074538950450e-01
6.729831924791047637e-01 5.986399872433942893e-01
5.888540457158232266e-01 5.803061076059438106e-01
4.933649518284753954e-01 5.034813471084795822e-01
4.408106159741808638e-01 5.756947985917437727e-01
8.764716903334733855e-01 7.618142497707599547e-01
6.957450106212222929e-01 5.469623105803776975e-01
4.747200138217413934e-01 3.350301647671806715e-01
6.648789527709660918e-01 7.326597161818554360e-01
5.127246705537804594e-01 5.776220688623971977e-01
4.756799198409342178e-01 5.341105569972485201e-01
5.662506887119079790e-01 6.051881150562060663e-01
4.725895084132314405e-01 5.334681981776829840e-01
7.199007439653501983e-01 6.610455927100642448e-01
5.219299250081078645e-01 5.099287813117622248e-01
7.046608750582686875e-01 7.194259862642363723e-01
7.074590474096793535e-01 5.282545923762473894e-01
4.418152969480310110e-01 5.854695128907912993e-01
4.682536946124053467e-01 4.228683084048552865e-01
6.658350779287451893e-01 7.277243404305908658e-01
8.179044223125432334e-01 8.033285842072425131e-01
6.228523905377880698e-01 5.115923024947064413e-01
6.820126823266913219e-01 6.578741449755877158e-01
6.774437658193274148e-01 7.269570461166950937e-01
5.797137915188275148e-01 6.055234123035988514e-01
6.650264529528326918e-01 5.944305330735755177e-01
5.483843096474839696e-01 5.978830898598576082e-01
6.217384211862575505e-01 7.443033747335163763e-01
6.779818313435808097e-01 7.256606987370659567e-01
6.375111858011235366e-01 6.848148366739401638e-01
9.453847020950152391e-01 9.768782072074100320e-01
6.053698450356193028e-01 6.624967947315236749e-01
3.793230880489149026e-01 4.090861667407545976e-01
2.557036894547182193e-01 2.277378466490665998e-01
6.804286425220139600e-01 7.356379285885027430e-01
7.462394513826872133e-01 6.908431311467161384e-01
6.125799566155348819e-01 5.770609744329487922e-01
7.203173068781555388e-01 6.579215726920110141e-01
7.606906892208087356e-01 7.294365498522816793e-01
8.018090349737683198e-01 6.564864633299700714e-01
5.139302394757911951e-01 5.468156170808231575e-01
5.642056260781395105e-01 7.408562833446429297e-01
7.582782386330096935e-01 7.681889811575827176e-01
7.117173497972355545e-01 7.196438204454558285e-01
7.791980494723050876e-01 8.290913395576774425e-01
5.748000951574895323e-01 5.534047431586187615e-01
8.874876953682361291e-01 9.891159378049204642e-01
5.206678834013659385e-01 4.508806292823158146e-01
7.878858400138288864e-01 8.723139684008105466e-01
6.304624711238288048e-01 6.377309873880111502e-01
6.541539326963693446e-01 6.438534234505804976e-01
6.574237308199155638e-01 6.897898320932576155e-01
6.389604552668003423e-01 5.087617682776238714e-01
7.113421498712686475e-01 5.210984304958319324e-01
5.074608372260969169e-01 5.853254201799655831e-01
6.079074799782766547e-01 6.000978252998079299e-01
4.791707454641366271e-01 4.288821551109840424e-01
5.295014731177456468e-01 5.107455823497348835e-01
6.902568519243734713e-01 6.485703053717963851e-01
6.207036743454336092e-01 5.700359123615336143e-01
8.437317581544986345e-01 8.354460997867535488e-01
5.455328765775119271e-01 5.228353350407687339e-01
6.525090533440343066e-01 6.916032676705370363e-01
8.213243364885659537e-01 8.465809427637202011e-01
6.545906609767874196e-01 5.837327129660364600e-01
5.129325162676869887e-01 5.811190076015839701e-01
8.337187860471920731e-01 8.974510185086254088e-01
4.160904082161084316e-01 3.954339697368122186e-01
5.618024650799327002e-01 5.205904648035253324e-01
6.835669130672642479e-01 6.149052288972925995e-01
6.457615621084528135e-01 7.026123316895239723e-01
4.643072910908436768e-01 5.671039576883936117e-01
6.506447787006890415e-01 6.196997564641777423e-01
2.741673215498393046e-01 4.454233022736363012e-01
6.525734978505063344e-01 5.663924455320975548e-01
8.789267503943555271e-01 8.645325037333572160e-01
8.723271877109045613e-01 9.795338175175741791e-01
4.027725527500606306e-01 4.066010408691873579e-01
7.030673988542782693e-01 7.072276978120998203e-01
5.540343072404226854e-01 5.073393629351151679e-01
6.663428842496462723e-01 6.486398557979083934e-01
8.573242242577806538e-01 9.517238444255712304e-01
8.886295930041168134e-01 7.379798847726843913e-01
7.117141586608959347e-01 7.609840230443298825e-01
4.582482443063540245e-01 4.518344056421195187e-01
4.114541087014726428e-01 4.348966844515649854e-01
6.097950194932767465e-01 6.253048738317358302e-01
6.101590621110526413e-01 4.998206785796469043e-01
8.093524756188229530e-01 7.013231302501735653e-01
6.986692365288431628e-01 6.576685277615224035e-01
4.154465879578648213e-01 5.125930244713958750e-01
7.601094541295907447e-01 8.677350278453990207e-01
8.799766811035647507e-01 8.076744007662561842e-01
5.320830078975008481e-01 5.576152590422042143e-01
6.771792262580071942e-01 6.138116956872805563e-01
8.735325019811938096e-01 8.038866121425302103e-01
5.525295103699058297e-01 6.207122809319128853e-01
7.347956769364361040e-01 5.872044382147951769e-01
6.577413083410270644e-01 5.888227853332543837e-01
3.921057407056578459e-01 5.341645106790916531e-01
6.156927410847607973e-01 5.419898683493376002e-01
7.441989419283349116e-01 6.363170094583386893e-01
4.628309144444611167e-01 3.515137244323115473e-01
5.197523131658096096e-01 4.956304293019282992e-01
3.120523742540248779e-01 2.774524710258018390e-01
5.412731577170124542e-01 5.299627595050659945e-01
6.061396278337870536e-01 7.269907043334774555e-01
6.429901000766334862e-01 5.830730396232582935e-01
4.200346989087899718e-01 4.463963851478770506e-01
5.488268711884918272e-01 5.077976854039003562e-01
6.991256828328374917e-01 7.390209988648862582e-01
6.878410300208630535e-01 6.035454953379637555e-01
6.709538167482531623e-01 6.673582880730659639e-01
4.116776882211874433e-01 4.548234444029207735e-01
7.438794025504724683e-01 7.950394721879658899e-01
6.101743221094370062e-01 5.998594964806222007e-01
6.294867174619319661e-01 6.131013127218792880e-01
5.381441465332766905e-01 6.561345960025130042e-01
5.765767072781388114e-01 6.197813890854017016e-01
7.551510538726557975e-01 7.824228756138982277e-01
4.659755455558557413e-01 4.625504592422120531e-01
5.754138349830120180e-01 5.508504747731048923e-01
5.214612552662634126e-01 5.830802044021545782e-01
6.008683249618839151e-01 6.104565739975224004e-01
5.456677418244497701e-01 5.388000457144190847e-01
6.234644314474485638e-01 7.058909622410288742e-01
6.983381114327312789e-01 7.696232707006144258e-01
8.863815695796254390e-01 8.026150807928195130e-01
2.896177463438089350e-01 3.016479014058744412e-01
5.544031734134671208e-01 4.604470079467881671e-01
4.369940438462864840e-01 4.441195135514913739e-01
4.570805444247977856e-01 4.861658510806942668e-01
4.460325765603551096e-01 4.257255857268941179e-01
4.921809017261423169e-01 4.842075860008913657e-01
5.138605733740062576e-01 4.997788833371807349e-01
5.937398342708339882e-01 5.425040591635552634e-01
5.755016701398122381e-01 4.798346036925849600e-01
8.788331067198686952e-01 9.155815359707129009e-01
5.001855853521968154e-01 5.851110874076337343e-01
4.339530052722788134e-01 4.480419510544890183e-01
6.667157243346265583e-01 6.018701384289045775e-01
5.012860249065302920e-01 5.061070957000266546e-01
5.861368751317785897e-01 5.129640155576109528e-01
5.155496634957745794e-01 4.435464317870556616e-01
7.226601836409679569e-01 7.401407803551537379e-01
4.622639964450229177e-01 5.320975500274093273e-01
6.680140590348319085e-01 7.104216140171238925e-01
5.663285000978455219e-01 6.366248373248231118e-01
6.797785375736380420e-01 6.154561574896073584e-01
5.731279026719591219e-01 6.085628520058889990e-01
5.807603473595605026e-01 5.148010647165380815e-01
7.584015187933755842e-01 7.387215947601569743e-01
6.652112568405932347e-01 6.171953526589877281e-01
7.904116036715282956e-01 7.699738573973362588e-01
6.967240564392430668e-01 8.322318270183187705e-01
6.042010376438630148e-01 4.784900627327660638e-01
6.483183507530919654e-01 5.837534815256885112e-01
6.474416007230974213e-01 6.720639855245349459e-01
7.076288115116311506e-01 7.169936927144073824e-01
5.077570196926629587e-01 5.608476160972707403e-01
5.958826252168135662e-01 5.539893458481252031e-01
4.428581656819799428e-01 4.644906850408055399e-01
6.189458323685146368e-01 6.830316832293472640e-01
6.273299987166311986e-01 5.284143458557570838e-01
7.002580632755249779e-01 7.356056666458278270e-01
2.991172824731901381e-01 5.152182537693577036e-01
6.514024669468491124e-01 6.507488257898647044e-01
4.139896927944342608e-01 3.353449637604475897e-01
7.840607962723336044e-01 8.197016898778928251e-01
6.976280423258889307e-01 7.165154230680157443e-01
5.127331736957271291e-01 5.802268700359726195e-01
5.470597042611462513e-01 5.691914458135154398e-01
8.339678657384376192e-01 8.903466814569337417e-01
5.241122292724862408e-01 5.865901431445628145e-01
4.458469311618650788e-01 3.685982378477676291e-01
7.482326434074419996e-01 8.079263954895938848e-01
6.588787064014953732e-01 5.128139422916986323e-01
5.854445818463358542e-01 6.849237163301045150e-01
5.938369747830029022e-01 5.434923198790863053e-01
7.652993911708887431e-01 7.382979715523889652e-01
4.889783533149978378e-01 4.050483273878657808e-01
5.758693429234924555e-01 4.960663839382872808e-01
7.009975416495437539e-01 8.200643290303202271e-01
6.449914505733018721e-01 6.230089888816432442e-01
4.908234287087903658e-01 4.941401179239390817e-01
5.510848050017138622e-01 4.391685231117496979e-01
5.932881857037552997e-01 5.780962215738347787e-01
5.893456435543751315e-01 5.863576062877331463e-01
7.600413756385016040e-01 6.040996266153220162e-01
5.499106699971627599e-01 5.657911863130273833e-01
6.472147053473831235e-01 6.383059944432620814e-01
8.868563279471912697e-01 9.532360455566573076e-01
4.841367137781166785e-01 5.522333357595016201e-01
6.672164884820479536e-01 6.090690745546056828e-01
2.960336895451638473e-01 2.715833012652942857e-01
7.140658253864942129e-01 6.300646262033930967e-01
7.787080148453479067e-01 8.675963410881429860e-01
6.075616337856657445e-01 5.544476238859192829e-01
5.514259485559559471e-01 5.810704786138117806e-01
7.012594005448462564e-01 6.213747647979679378e-01
6.412704454585066438e-01 6.468674974928539934e-01
4.269612980577501826e-01 3.832224868328648615e-01
5.300633935135379282e-01 4.916715322737434946e-01
9.804907166924091699e-01 9.506952111329759481e-01
4.423473587653727335e-01 4.852023728857222662e-01
5.185840963521022307e-01 5.655816410367549008e-01
8.143082855567735923e-01 6.999913689449308585e-01
4.659931929567393549e-01 5.363839055675705403e-01
6.698165873365984346e-01 7.482602362850421240e-01
5.118376569174634128e-01 4.914204688711964475e-01
6.871168952712393141e-01 5.555371835514489876e-01
2.810608323288914523e-01 5.815884563923585659e-01
6.156650285043432369e-01 6.463241120589879873e-01
5.947712530435215195e-01 5.203044830984203672e-01
3.870035440206518462e-01 3.556870317535093529e-01
7.916560460058696957e-01 7.457001343729177112e-01
5.428115675072507917e-01 5.664434648693411622e-01
8.917028561192464897e-01 9.917013272931048951e-01
4.511271441009325200e-01 4.268052175578587737e-01
4.089527569443220933e-01 4.630166465487637328e-01
4.273774120380939845e-01 4.780249539185194019e-01
8.703652238206104341e-01 7.607384987585922298e-01
6.397236225950141408e-01 5.774251615596878162e-01
6.078761139015060877e-01 5.288414497255882196e-01
7.169398745641586412e-01 7.168809318099245154e-01
5.583370148836942493e-01 5.640394938572564909e-01
6.955146321761580541e-01 7.887678245018252543e-01
8.168745475506158371e-01 7.678680244023381452e-01
5.750293608848457971e-01 5.653615370748179547e-01
4.646349885296880422e-01 6.097360270456038123e-01
5.039200562434014152e-01 4.466175157864817336e-01
7.577021733853166463e-01 6.871395947082370448e-01
4.870526805134496318e-01 6.027048584528502673e-01
5.914727691995257386e-01 6.545490008351980693e-01
5.302386063166469876e-01 4.245709414711038576e-01
5.967662372565992746e-01 7.151576098741986298e-01
6.885014422352705443e-01 6.233796579052760523e-01
4.784089382264831714e-01 4.500608709500225069e-01
6.042855689954481635e-01 6.563829749956436865e-01
6.524479278394965664e-01 6.955921238514894966e-01
6.385591548923085226e-01 6.425442221828329137e-01
5.993312487171722491e-01 6.499834640150905507e-01
4.347370686228873571e-01 4.526559366908703974e-01
5.034246156143110662e-01 5.458708304261375988e-01
4.411562925832662185e-01 4.418088214919821399e-01
6.635125974599778154e-01 7.932954616982097473e-01
6.903584242167633001e-01 6.297314254244668064e-01
5.991603938522568340e-01 6.539923153695027525e-01
6.192064369294045800e-01 6.956559347252404546e-01
4.133673211366832301e-01 4.730425947387831287e-01
6.661718125823649084e-01 7.287828969285198299e-01
4.217276265030798776e-01 4.197740076362858619e-01
6.671808456750952798e-01 6.848158527481399416e-01
8.016916909843817551e-01 7.537046852280812059e-01
5.371229879508245819e-01 5.842960104102876695e-01
5.228643239073620386e-01 7.022154652104479755e-01
6.428667244329094865e-01 6.666440921819219989e-01
6.671478537171936507e-01 8.084832646943543866e-01
7.084499838182879428e-01 7.885924984098872104e-01
4.829445525413040841e-01 6.215305100008066130e-01
6.418846095856899359e-01 5.970769254484576960e-01
4.188395513042481588e-01 4.516944686169933054e-01
5.878360788725049968e-01 6.702291333284700059e-01
6.597386238968897532e-01 7.031086737452073576e-01
5.458062921945587842e-01 6.048460071761310175e-01
6.564423645128688589e-01 5.484160473288141047e-01
5.913216647631835965e-01 5.934559155552645571e-01
4.827521820425832999e-01 5.648264557879740799e-01
5.927473037006937284e-01 4.864026802644919600e-01
6.326827768797489426e-01 6.113565103765754571e-01
6.976212123582788971e-01 6.938120296265445353e-01
6.582884902196795007e-01 5.834423134821835610e-01
8.162220573535967638e-01 8.020023043463879731e-01
7.805026472352030176e-01 7.186190050090017767e-01
8.625373547336351310e-01 8.610099919491255305e-01
3.234169868497341338e-01 3.660949708516119672e-01
5.732915748764831898e-01 6.123816317353497629e-01
4.994720095143570515e-01 5.541091824995928450e-01
7.688925109901720845e-01 7.934543545519390229e-01
7.750543380156267315e-01 6.968224598684438220e-01
4.792146971725197990e-01 4.876098471076962260e-01
3.689238413256659133e-01 3.406086114639482743e-01
7.696896190143206473e-01 8.261031076617050273e-01
6.292003197243647428e-01 6.179177296071616254e-01
4.738390100661773463e-01 3.970651391589641310e-01
6.273286595958391665e-01 7.156767273929824924e-01
3.689230612573580759e-01 4.661176574684430252e-01
5.061165372724862888e-01 4.211043012308130495e-01
7.118532052186830050e-01 5.290216690868527749e-01
5.238287971680730681e-01 4.184656841739196609e-01
8.282344134665640123e-01 7.345328291102786178e-01
3.519055237628860300e-01 3.941769132350446125e-01
5.503292094348053443e-01 5.584480757481240509e-01
4.683699216955920508e-01 4.790088781261650497e-01
7.096037737699564252e-01 7.038501987972044516e-01
5.236095228562810400e-01 5.132149254424868134e-01
7.502026392939445953e-01 7.201177787144469322e-01
3.437468080922350677e-01 3.047285242963073126e-01
4.315301226921917088e-01 6.010280048730713975e-01
3.974632054693692518e-01 5.509569264586116066e-01
7.390466192178523075e-01 6.889192284043986758e-01
8.080724054034704729e-01 8.483998065931592780e-01
9.190085684861777349e-01 8.125704066259469283e-01
8.946033370373481786e-01 8.613708752407244207e-01
7.775146729260229428e-01 6.616780831875752611e-01
4.919716665858345772e-01 4.615388939580136185e-01
4.553101033975452960e-01 3.693339211946752298e-01
7.239332284897499470e-01 7.922492121885980065e-01
4.734007953417167514e-01 4.860198654568403942e-01
7.345523404116336419e-01 7.891988642461202907e-01
7.828224108390825497e-01 7.346000760485801306e-01
6.527439368083234328e-01 5.757702568842748558e-01
6.662936862186940035e-01 6.623040546301725007e-01
5.171023922860594757e-01 5.412936050242954655e-01
6.576445134562929340e-01 7.025849904511729527e-01
5.854035035312643576e-01 5.469053013831171040e-01
5.866412322048472072e-01 5.475494991249308940e-01
5.813461918809982309e-01 6.007889932090960672e-01
6.069986392968231836e-01 7.239389485245915079e-01
7.632130088912296717e-01 8.459425071872699320e-01
4.690992174311865992e-01 4.753069787495101672e-01
7.680972934084187020e-01 7.513569976365470637e-01
4.947870221507853494e-01 4.936669498548622026e-01
5.128044691563589108e-01 3.424369220798463287e-01
4.686872583611473853e-01 5.275414808012263146e-01
5.739145834739759477e-01 7.007443936360785441e-01
7.623947527059822260e-01 7.188281467820654136e-01
7.252859063437164799e-01 6.043089416599303210e-01
2.702054849871453612e-01 3.687498432301836715e-01
6.108634302380313574e-01 5.403589634801957420e-01
7.979562165145351882e-01 7.962061891472395070e-01
4.654062137331551052e-01 3.684799953102417258e-01
7.180291651538002196e-01 7.724230637906135399e-01
6.340988945374758101e-01 7.006956860253606978e-01
5.062195872946553266e-01 5.220348685141036338e-01
5.835141323874742936e-01 6.092736603568967846e-01
8.173871315898424417e-01 7.887334955322014007e-01
7.596630361537962672e-01 7.032009224430796346e-01
8.010888496968464612e-01 7.944525548965923889e-01
7.199628712553695076e-01 7.054245020824235768e-01
7.342721436973910221e-01 6.419830007916890180e-01
3.840165997875839010e-01 3.718821752331248898e-01
4.815586758154450919e-01 5.629366665285806537e-01
7.225100886427904268e-01 6.672564943889678357e-01
6.899511946293597209e-01 6.216585706364952113e-01
7.907294906248691913e-01 8.315911718597839286e-01
7.148322869462223617e-01 7.912779059215694355e-01
6.746173415849940902e-01 6.493076861015454337e-01
6.182710879984278929e-01 7.643252726192251156e-01
1.356012290894672567e-01 2.388125143729986632e-01
3.974948772840369293e-01 4.064426892575261907e-01
5.217047122317793884e-01 6.110272343989641142e-01
7.361187336179563223e-01 6.522102605863374647e-01
7.124219497255392941e-01 5.742308023753719404e-01
8.085811429096192438e-01 7.562976260352571867e-01
9.693293416683196329e-01 1.002049348731812728e+00
6.337963013442319271e-01 5.451540237079731677e-01
5.903699574678946682e-01 5.281423080648928181e-01
6.423801847031385126e-01 6.519253101343411849e-01
5.172919085847336174e-01 5.744903182843574818e-01
8.016081024884023076e-01 8.068068331645215086e-01
8.153764292122266388e-01 7.970018354252633719e-01
4.214196425638005450e-01 4.500954117733120818e-01
6.746787217067531373e-01 6.174766890034169009e-01
6.945750612118872791e-01 6.443230197925138292e-01
4.709916313001859534e-01 3.767166194344850894e-01
7.843994727227288077e-01 7.218221323508848819e-01
5.132751404294406683e-01 5.181295035154782624e-01
7.380492949051081775e-01 6.217871369504860413e-01
5.404832191456135915e-01 6.683662098363351012e-01
6.252328859592892751e-01 6.202033000225042336e-01
4.007713528781678969e-01 4.882547302898577746e-01
4.506796326269593700e-01 5.709761743384536015e-01
6.608442547463128092e-01 6.517943291183164733e-01
5.828941622508365672e-01 5.402569580113241177e-01
5.436831655671089392e-01 5.599195981526116084e-01
7.794024108118851046e-01 7.728405789190466724e-01
5.903643618759815137e-01 6.639042867753122135e-01
7.968629689361416135e-01 7.941727327385436075e-01
8.737749988498398901e-01 7.624181749379571604e-01
5.848233833271048177e-01 6.552689780879374926e-01
5.608103304457786598e-01 6.718471746896873542e-01
5.229831602456077588e-01 4.954060110736636657e-01
5.743700102628696014e-01 7.644362633993119216e-01
6.565477020301563327e-01 6.947527691107572290e-01
7.371652188960227114e-01 7.226370693587782501e-01
7.126471866357722007e-01 6.226367918321606965e-01
8.812427756263161438e-01 9.053351061343359873e-01
7.294619872706559205e-01 7.447478744594101530e-01
7.341271680383631981e-01 7.300219643271423919e-01
5.413438083107762200e-01 5.766199751948777319e-01
7.290903797163829081e-01 6.521962372360935456e-01
7.696071494391707457e-01 7.279567673920097626e-01
7.578592818820016896e-01 6.793304083001462379e-01
8.501001972597799217e-01 8.217806653791344118e-01
6.230529406942241222e-01 7.349100405884937404e-01
4.962919349608374553e-01 5.049397812386147155e-01
5.297880285609387618e-01 5.707184923471425586e-01
6.959902613838132579e-01 7.129520006228901030e-01
3.552523593343321906e-01 4.096349564574409685e-01
7.089447727990418890e-01 7.722955452873301319e-01
7.351444387847381190e-01 7.533022003585774229e-01
6.271406145953786204e-01 4.474459675246736379e-01
4.650948764381054867e-01 4.846306058293403107e-01
6.772658031829187353e-01 6.900526718116056779e-01
6.502086641661539712e-01 5.907307250400581911e-01
6.736247723857901049e-01 5.943200427557470134e-01
7.366064671190029056e-01 7.258051748074993981e-01
5.705672131161354521e-01 5.302158216512673494e-01
5.130777451371453246e-01 4.250804393311116147e-01
5.381535571712962041e-01 5.806420189802322662e-01
6.087108383433560421e-01 6.320693260253283929e-01
5.065426718247261206e-01 4.376142477487439120e-01
3.436454842610091043e-01 3.538639081026815902e-01
5.442247872501919659e-01 5.598399687772912525e-01
5.832420597198546552e-01 5.837589577108106553e-01
6.807409482520656585e-01 6.404775668396078814e-01
6.652312335371316498e-01 7.104682801601968078e-01
4.682465934581813705e-01 4.065960117239158511e-01
8.532024067854627747e-01 7.636308815296112273e-01
7.397213034835496970e-01 8.082656299644908060e-01
6.736697536315601198e-01 6.600467950004345052e-01
5.207134146157815779e-01 5.383133539195431583e-01
6.835829621877953510e-01 6.442804388004330640e-01
9.151554449508564337e-01 7.309193791991027700e-01
5.698013252684792640e-01 5.054778936861843430e-01
4.367516335148431406e-01 5.122155575661909710e-01
5.017522835059250452e-01 6.669998190017426554e-01
7.317386444351084984e-01 7.566732990559060790e-01
6.536438447273392738e-01 6.655193167741012550e-01
5.824625703604204841e-01 6.236141614917816156e-01
6.232261838793869968e-01 7.321065501836371281e-01
4.683315359626059604e-01 5.465417659497069369e-01
7.942310772785421413e-01 8.355055335964456376e-01
7.811369264028997783e-01 6.794833732803291504e-01
6.009080269305944189e-01 5.884476215747891370e-01
4.008254549538551315e-01 5.496913853357788815e-01
5.281569292133534432e-01 3.865494120246177334e-01
5.550190202941528428e-01 6.010580417951548737e-01
5.863705280902618000e-01 7.446797028691396481e-01
7.035091498091473605e-01 7.173913121621907640e-01
6.180825383623287372e-01 6.886648881924486432e-01
7.467044159814656412e-01 8.164676436066412579e-01
3.623783614058759817e-01 3.515222613103532456e-01
6.797985697104477198e-01 8.009333612907431066e-01
3.494351131685222156e-01 4.634879385887089032e-01
8.493426130753171099e-01 9.647801108215480204e-01
5.111954975873900242e-01 5.113943074266820155e-01
8.126505810563671162e-01 8.116431735132814129e-01
7.142308746232262084e-01 6.984000783629209508e-01
7.247207398443501480e-01 7.212018934822085336e-01
7.793605803062817472e-01 7.566066618366285024e-01
7.669849865334489314e-01 7.492835765647435364e-01
7.171426596844173718e-01 6.272841447008082882e-01
3.931358401228472466e-01 4.715244963980101400e-01
7.612315693277784678e-01 8.445517838916947184e-01
4.354104627041378572e-01 4.296399625910543030e-01
6.469921012471079313e-01 6.153664649910471907e-01
4.559685061581423282e-01 4.893207656890260493e-01
7.121425685880831136e-01 6.956520191012010024e-01
5.416979852680059437e-01 6.021674757080945906e-01
5.764906599469035164e-01 6.284748123934604802e-01
6.752338924428334943e-01 6.789051818977919206e-01
7.488200980314280164e-01 8.429458060279507725e-01
8.322794510056056305e-01 7.061516153398933460e-01
6.588435040443078039e-01 7.976045889587958237e-01
5.545166994891046475e-01 5.746404596105862961e-01
7.977400298843085880e-01 7.226277336269809615e-01
6.523841770861094069e-01 6.410306041985622816e-01
6.483322217276664690e-01 5.573418551074754701e-01
4.668331282582696695e-01 4.810510180977338179e-01
4.282704581646188391e-01 3.766596028523028217e-01
6.972139453137118359e-01 6.518178288879052928e-01
6.831309660233710890e-01 7.266499538999786623e-01
6.806603186362114588e-01 6.622310309216032920e-01
5.774181292243343311e-01 6.434032873060568924e-01
5.507230443820372301e-01 6.213386007631127583e-01
3.669789715258290896e-01 3.390143158891883446e-01
4.884766207487730716e-01 5.139753457376811108e-01
4.120474548586139929e-01 4.923670036075849521e-01
5.320183733901684420e-01 5.332579755070074867e-01
5.931781616693599934e-01 4.507855699537622884e-01
4.008385963312609546e-01 3.616470700231575464e-01
6.533127576084665211e-01 6.058569874343580075e-01
3.330220886409190340e-01 4.672233393261093215e-01
8.055750187836709930e-01 8.293291408931671160e-01
4.093051133328752811e-01 5.581158573798301603e-01
5.071259547770489151e-01 4.694248414890076493e-01
3.315784362791794337e-01 3.530402895509213157e-01
4.620041328587218832e-01 5.393025030162006406e-01
5.449500776098571420e-01 5.396846271100063097e-01
6.827577736929808516e-01 7.079276777896283956e-01
7.976095143262704745e-01 7.692361412350912087e-01
7.854280390416176205e-01 8.003948761971008130e-01
5.614292224720006663e-01 5.476523619720589098e-01
5.139614581157129214e-01 4.043316276048284363e-01
7.304410856995986467e-01 8.478861302930882360e-01
6.349329382184536463e-01 6.820996954389602074e-01
6.097652011952643392e-01 5.654972262072586187e-01
5.460101769668896932e-01 5.844965377076190016e-01
5.697133427373263226e-01 5.837622152330982361e-01
5.722417474262322390e-01 4.199010248289125613e-01
5.389717590456702956e-01 5.682241216970921327e-01
6.032481903004446311e-01 6.574791328046442063e-01
6.094748663368867447e-01 6.504138057703716669e-01
4.889856198604786708e-01 5.585428845315181245e-01
6.198905892623960412e-01 6.642406346096072500e-01
5.928227066131586120e-01 7.205617237251489282e-01
7.572374010688582846e-01 7.734602237949510517e-01
6.021782364077707950e-01 6.778982812528335788e-01
4.903122579812529969e-01 5.058390263269056941e-01
3.674615236316821631e-01 2.620616970119488132e-01
5.606782011145696742e-01 4.573281369156070864e-01
7.227875031037269693e-01 8.851830718099642503e-01
5.108090322847347320e-01 6.474106664511694031e-01
5.980180697103962828e-01 6.335676808392232129e-01
6.087198831686250200e-01 5.972890681635748544e-01
5.253079976961745334e-01 6.385624591888201529e-01
3.275890231954704523e-01 2.883659415607884302e-01
8.490467250442115255e-01 7.511701390041134463e-01
6.310397838404964155e-01 6.247151365633440978e-01
8.132589005948819283e-01 7.445491809966463537e-01
7.104622585022876136e-01 7.418764720550029557e-01
4.272102040862855721e-01 4.158365020445773941e-01
7.245577997594266906e-01 8.578546340897358347e-01
7.282256040251625651e-01 7.906524514115370605e-01
5.399887018526944304e-01 5.984565790965857834e-01
6.054452860742124409e-01 7.268505176737903861e-01
6.396526831054062390e-01 7.283832760367506820e-01
6.731711537317166538e-01 6.778451919780961177e-01
8.967824872721368301e-01 9.670279739876284086e-01
5.871132406777820334e-01 6.126505855192637684e-01
4.100348222586502334e-01 3.672177231223165417e-01
4.884394311321146320e-01 4.594807699478652419e-01
3.531690531995984039e-01 4.484959944556720646e-01
6.418778233137568678e-01 5.621479368858800507e-01
5.572782522774624159e-01 5.914498342133449604e-01
7.136085685471177387e-01 7.039628841458639430e-01
4.144837155890842006e-01 4.446157541619692455e-01
6.829200803285879751e-01 7.308447136476314832e-01
6.425591250990104752e-01 6.416631192120266780e-01
7.537277530126578196e-01 7.991908278076311767e-01
4.685016779385023367e-01 5.149975259406234240e-01
7.200878553546118388e-01 5.394089500185968999e-01
5.861803423576605887e-01 5.235976195727811699e-01
7.320918458244632943e-01 7.514213590235220286e-01
6.584650437746757401e-01 6.066779992307793634e-01
5.456161854642788134e-01 4.975671888007053290e-01
8.544131641297965096e-01 7.857335759753838467e-01
7.285196506893061308e-01 8.284616387258771919e-01
4.669166497661729198e-01 4.195653226875621367e-01
5.987346944190645726e-01 6.499227480225822084e-01
6.120962510481394725e-01 6.244282323303923521e-01
4.554337599206895737e-01 4.287830288946121726e-01
6.315314317313663883e-01 5.258759924833719124e-01
5.135769532159555339e-01 5.368890208983276846e-01
6.093824104539072861e-01 6.467558264557923264e-01
8.164335110619277414e-01 7.528439808453905036e-01
6.156496425752843171e-01 5.481114050943577398e-01
6.217237421802230823e-01 4.787834986181506713e-01
2.393919113824038714e-01 2.451558997153876762e-01
6.881676252232657998e-01 7.029654364853183957e-01
4.002822523815912081e-01 3.762312077253304743e-01
3.950741174087537555e-01 4.546745828720671900e-01
4.914576551277415883e-01 5.727716343099950036e-01
4.997751434835462359e-01 4.342392081720657382e-01
5.648299445052842316e-01 6.336070172682448653e-01
7.534049383850190962e-01 8.467511102284724922e-01
6.328508100129185410e-01 5.876491716823212252e-01
6.044045628980152518e-01 6.513038810820810376e-01
8.075933335612858199e-01 8.014685054493181360e-01
6.124688233684122407e-01 5.706948414860805174e-01
7.102340634593239388e-01 7.453023789994285275e-01
6.727320377594661061e-01 8.119868460469601423e-01
5.529212957417480867e-01 5.047916758357285927e-01
5.524739877776170260e-01 5.744376646719522306e-01
5.927549121621894512e-01 5.805143346860809350e-01
6.369165790315454156e-01 7.213136462555331807e-01
3.294103534411747525e-01 3.125426270277350538e-01
6.921401188436477891e-01 6.865693840854816266e-01
5.727201199499332152e-01 6.064836411463119248e-01
7.990125515584534099e-01 7.877589023186435391e-01
5.223906386200686258e-01 5.696773635916457801e-01
3.851233776653752994e-01 4.014291368792649584e-01
3.764353090899062448e-01 4.299715001119450153e-01
3.558574562881720582e-01 3.800338010093165519e-01
5.047698734980866631e-01 5.046745491916712067e-01
4.599412204883829847e-01 4.579201550844760882e-01
4.874528998701020965e-01 4.432750308763415692e-01
4.385122258285349961e-01 4.503236418081535408e-01
8.317161552722858175e-01 7.833902463525113102e-01
6.231719272335147775e-01 5.646494586795132165e-01
7.047594307305290462e-01 8.064060080985931966e-01
7.219269188638403056e-01 7.043005801857552539e-01
6.516493112803494192e-01 6.288061636392281439e-01
3.510742048867579457e-01 2.866817075955478411e-01
3.750474538359623300e-01 3.590941496244579034e-01
5.231125471453723641e-01 5.267962976801361386e-01
4.318158000944324337e-01 4.994644332387374597e-01
5.729403537614742303e-01 5.871696967213063667e-01
8.261272649224146170e-01 7.405005172981967698e-01
3.603821155229816053e-01 3.955462740825417267e-01
5.924287775064679407e-01 5.112226225039947503e-01
6.186795134873772639e-01 5.940024252243876202e-01
7.434017005508712916e-01 7.256607493648283835e-01
8.692556687929609005e-01 7.960584844919249559e-01
7.233099169506694848e-01 8.185782781606899539e-01
7.097261369813442355e-01 8.297587856115521410e-01
5.352300078241238879e-01 5.709590661272636591e-01
6.351002051956640138e-01 4.347501159262947001e-01
7.301246950448473383e-01 7.333189478041709508e-01
7.315450655559676552e-01 5.885606742215248044e-01
5.624604399728878601e-01 4.746962724791858879e-01
5.882069949260880781e-01 6.302012817816718959e-01
4.787327080653006051e-01 5.180190961709922881e-01
6.042740341251621183e-01 5.945652933815864793e-01
7.192659094022935129e-01 6.681166717568636226e-01
6.793488222432964019e-01 7.634202773147809040e-01
5.632213142348586610e-01 6.077219407659996131e-01
7.299636836258539541e-01 7.822502797835287902e-01
7.301233160491307217e-01 7.514066666265659666e-01
7.947368285838646296e-01 7.670006658372566788e-01
5.696706432178207935e-01 6.225572267603586285e-01
4.318760727151498835e-01 5.414292944787499895e-01
6.453726307518625749e-01 5.686055364481339414e-01
4.614003156106810111e-01 5.265451380632073519e-01
6.788986591687778960e-01 6.294140333927925601e-01
3.927710744340806026e-01 2.916919619778071682e-01
5.871012766355845347e-01 5.834630179041326858e-01
7.032968894548625727e-01 7.761227954747802471e-01
4.647125349636894720e-01 5.119283538206206297e-01
5.955234644072774364e-01 5.503828874610524613e-01
5.011291632172073518e-01 4.124235951725244709e-01
5.709173784265711982e-01 4.567795587198851814e-01
6.200169967924320513e-01 5.996601007761575008e-01
5.063696899921035222e-01 4.642309729931344275e-01
7.064907616601541207e-01 6.044825580713029112e-01
5.289757102093162189e-01 6.094371646716916224e-01
6.986430952302027375e-01 6.469263714602748738e-01
5.114421634723688159e-01 5.443146423114398891e-01
7.374209674951844873e-01 6.985192912209386984e-01
5.501202182578540656e-01 5.793625992818133286e-01
5.606028214584600766e-01 4.852885957657494531e-01
7.543665476098287970e-01 6.063836505669598642e-01
4.071804814129159067e-01 4.210253843215752689e-01
5.108773719277084346e-01 6.829515601605093966e-01
6.912870031598529197e-01 6.832667201839363047e-01
5.527542116181791698e-01 6.168967970421654901e-01
7.816889162916910161e-01 7.861543494439727775e-01
6.629013477134022558e-01 7.485082909675948581e-01
9.023613820439573274e-01 9.231780640315754294e-01
8.727576798015578285e-01 1.002328029818158939e+00
7.604917346250802401e-01 7.193698348182545610e-01
3.221178008168688045e-01 3.511039277622592936e-01
7.245428476696624820e-01 5.326182422231515723e-01
4.681485776190847381e-01 4.407284656356194597e-01
5.073612124693963610e-01 5.341013973813580895e-01
6.709081648837482703e-01 6.213477518175374303e-01
5.897972325655221892e-01 7.319498310156061782e-01
7.959412159954106780e-01 6.072687257455995358e-01
5.782679529554782816e-01 5.683044385716752300e-01
8.563921463943361401e-01 7.148367768245212917e-01
4.699737250269103161e-01 4.278964959138999435e-01
5.847045713536273004e-01 6.257249153402811848e-01
5.019353055064844638e-01 5.220712567659920866e-01
5.321864853928293115e-01 5.577727641054215368e-01
5.801606038029588630e-01 5.300556959132071144e-01
5.557980881505844017e-01 5.969371221006611883e-01
6.501568801210455550e-01 6.851055819892528653e-01
5.018627094066239192e-01 4.964371526521119127e-01
1.556827628097420535e-01 1.413696638750293888e-01
6.910456224485864718e-01 5.358606494729606373e-01
9.584940680364876231e-01 9.093074403502757752e-01
4.296198724927900447e-01 3.378567813918207929e-01
6.286409886253809809e-01 6.339974893844606552e-01
5.839133032333373441e-01 5.145225698613115073e-01
4.397992763113257042e-01 4.880552076817833984e-01
7.572216636841898607e-01 7.837022112985937428e-01
6.966452454885757595e-01 7.118482297825025062e-01
2.348095232676770117e-01 2.533139934996488929e-01
6.480595893181534395e-01 5.390212170475557896e-01
7.826355452350378661e-01 6.837964468571794407e-01
4.887042943607972645e-01 4.521402019287202312e-01
7.109944658668962969e-01 7.774173567108515481e-01
6.900734965510153529e-01 7.711984454875997486e-01
6.406274908198106299e-01 6.979712320875128828e-01
6.105251281111412354e-01 5.402149776941698178e-01
4.573864827726961124e-01 4.150775582107179007e-01
8.677788392801036865e-01 8.477821198029719119e-01
7.287733383523796737e-01 6.959833346874541027e-01
4.952580622245656428e-01 4.708176048799616598e-01
5.242588957853753229e-01 5.040609582104480513e-01
7.345506409814603899e-01 6.572502713098202776e-01
5.181652286232690807e-01 5.535470063311277444e-01
7.175004090690838554e-01 7.311546558807068275e-01
6.333800210958629995e-01 5.462818326310344696e-01
5.104233155805134592e-01 5.017883803231385498e-01
3.961216799976504666e-01 4.508746404603982683e-01
5.305748266436846050e-01 6.768457263811672453e-01
6.607394071359948828e-01 6.737278800649804111e-01
5.063269110416439567e-01 5.525000666612887024e-01
4.936346285193460859e-01 5.028082342357929058e-01
8.282869537639312441e-01 7.874795584716252073e-01
4.719441705369527007e-01 4.822341002970906843e-01
6.965759622837317533e-01 6.298902074755119429e-01
4.819603580416466082e-01 4.806971375868265284e-01
5.455147877967878589e-01 7.104810837212871544e-01
5.344947759968329271e-01 4.705058132517204172e-01
3.545913101434165493e-01 3.290576362823080525e-01
7.983027190486085001e-01 8.515613269797979168e-01
7.113933344436350614e-01 7.004077646927023837e-01
5.116798949514417272e-01 4.686678926781364107e-01
5.249608615821552693e-01 5.990906585332214096e-01
6.943554615815508146e-01 6.906565479820359066e-01
5.339710907669259488e-01 5.563285634893451181e-01
8.066196302319803557e-01 8.203611937561186007e-01
5.110157826374770451e-01 5.188063562556974873e-01
5.153026433530997208e-01 4.428266789459965880e-01
7.263512078878177070e-01 6.348105160181970463e-01
6.339812040177115193e-01 6.140461875206817410e-01
7.004676507403421182e-01 6.995636250851317017e-01
6.432137503859357563e-01 6.398774513775012940e-01
9.403222752821882580e-01 8.091586062343874008e-01
7.042234825162656531e-01 6.832238090636646444e-01
5.985050768787985032e-01 5.101574834700657313e-01
4.383519795256004548e-01 3.762437465359643740e-01
5.700058469649931236e-01 6.553314404527084136e-01
5.610913817760625477e-01 6.309911752164913956e-01
7.088426468131070468e-01 8.248031902439068030e-01
2.267815564343952373e-01 3.283461716302927824e-01
7.352892423841852487e-01 7.776689708508965904e-01
4.328101631062005183e-01 5.426915746434457510e-01
3.692063604391234710e-01 4.031645418291320837e-01
5.564945502341912542e-01 5.910637222020519443e-01
5.016376040041671258e-01 4.151993863674823815e-01
7.398980868744152728e-01 7.268240987915640661e-01
3.732854621597399003e-01 4.996340244225276894e-01
7.346926624614338319e-01 7.322981596993345388e-01
6.755161284945041533e-01 8.098047763505991092e-01
5.575934674367052368e-01 5.957353807360427078e-01
8.055399616266346596e-01 7.567900152407111003e-01
4.798847321480844696e-01 5.750602365453788556e-01
5.557421558840592857e-01 6.034037021754498076e-01
6.212592103552900813e-01 5.760392254144579560e-01
4.818982259848222371e-01 6.317724451755367676e-01
4.424711655489533824e-01 4.205697395064650346e-01
6.480029907325129956e-01 7.004598384482020323e-01
6.003885532236650224e-01 5.072606684092366702e-01
6.527565818159084543e-01 7.539995700651784816e-01
6.279322668723685830e-01 5.441224214730739916e-01
6.673705656596475855e-01 6.965522737539155962e-01
6.228775537451306521e-01 5.585856695528338411e-01
7.891509846346880241e-01 8.381451658371346092e-01
4.802015867106878555e-01 6.034037084658741001e-01
7.680071004108988131e-01 7.586954962333829489e-01
6.116191920937481541e-01 5.051511992136128448e-01
4.367439834902199225e-01 4.481811379192961464e-01
6.008446137369027884e-01 7.228338191913488142e-01
8.369440680392328247e-01 7.690056754818550555e-01
4.927525418378270738e-01 5.092968843327404516e-01
4.870787717500293934e-01 4.537833060827874410e-01
4.912746127053678191e-01 4.308838966464217379e-01
5.933625195626904825e-01 5.195908478081062709e-01
3.647894656582456596e-01 3.340249837686060097e-01
7.851354831147390190e-01 8.199289480161455757e-01
6.170121151600321818e-01 6.044333884744615970e-01
5.945650984575850950e-01 6.399362134757918819e-01
6.807752804960255366e-01 5.750189658921621705e-01
6.493259451478032851e-01 6.647167861901230879e-01
5.757709902402726732e-01 5.479926099531001737e-01
7.036586342355890533e-01 7.586953474573414624e-01
6.914800387284790739e-01 6.851624133534141015e-01
5.112498769203890348e-01 5.095202415607726909e-01
5.612076990283287881e-01 6.519295234834352470e-01
5.784530587122117540e-01 5.274273309563591861e-01
8.545416511042251972e-01 9.243327385273534258e-01
7.002010788997276025e-01 8.008456855024040921e-01
5.096101590766956013e-01 3.951205985825394507e-01
7.403301510303573751e-01 8.248036613730908018e-01
7.552994552776592929e-01 6.227211691565042173e-01
5.516827867082408909e-01 5.219547699587560041e-01
5.278191581938382893e-01 5.021434667675843677e-01
7.008310461051717732e-01 6.416118631565882469e-01
5.338305886204298689e-01 4.837547683385247099e-01
6.579400279058746914e-01 7.556636031714416557e-01
6.989372650694046785e-01 6.381550199309687921e-01
7.100691131583612981e-01 8.010476312797235598e-01
8.105279785075237831e-01 8.125216210386213556e-01
5.017510311836023140e-01 5.798002935743963304e-01
5.024646417686680078e-01 4.908964590005526762e-01
6.217034246340791270e-01 6.939857600900467549e-01
5.162919096323145274e-01 5.160356571330485531e-01
6.157567474330919444e-01 6.550829483457386582e-01
5.955736118755021735e-01 6.217817203908728718e-01
2.893827320107167367e-01 3.749739970647457676e-01
3.285749270714601877e-01 2.951973488337527041e-01
3.741741077364366674e-01 4.595313301644017301e-01
4.363333145254184586e-01 4.448093972817436237e-01
6.595418078319964517e-01 6.971520348140481937e-01
8.215891532976082878e-01 8.079425690759189926e-01
6.505244673586352278e-01 6.743196655808205708e-01
4.337928720563314355e-01 4.384421632661050783e-01
2.921788776197966619e-01 3.518682558377118630e-01
7.499633548307667041e-01 6.898942056151544655e-01
6.207459241028814301e-01 5.805848026002500273e-01
7.250833116707638970e-01 6.969586390643159879e-01
8.886715753845355614e-01 9.069590839044552322e-01
5.414694634611971757e-01 5.132539718584876454e-01
5.782398146031922925e-01 5.575746094540717790e-01
4.780474965292015876e-01 5.185873984851666618e-01
6.056968277610138562e-01 5.918101875848539306e-01
6.585795246916498202e-01 5.841898441900091887e-01
7.312732059055262468e-01 7.957616475512852006e-01
5.779721418266154931e-01 5.591281096486495628e-01
7.158381234966285644e-01 7.370740954851330295e-01
7.687138850233231624e-01 8.017724948979804145e-01
6.794708735051475657e-01 7.415589319971560567e-01
5.018448802845498768e-01 3.551265889519967245e-01
6.709088267953193796e-01 7.870205351503878344e-01
6.675285894846990642e-01 6.655001922475897169e-01
6.511880523500660489e-01 6.486398295579344220e-01
3.654121519622187120e-01 3.821690608797662647e-01
7.745548710087660771e-01 7.405798996015456881e-01
6.305747982623950421e-01 6.715972051877485693e-01
4.856722345481788161e-01 5.347636633234692516e-01
6.873614400142793457e-01 6.444083689897079914e-01
5.191327137764263355e-01 2.995755020069644226e-01
4.827659842865933970e-01 5.754759295771992855e-01
5.081625780275597082e-01 6.478368551031673528e-01
8.049998614979790856e-01 7.445771295494870712e-01
5.185902040311514138e-01 6.081260903544933871e-01
5.582195548305680655e-01 4.333487180448098997e-01
6.491303820906590971e-01 5.944317614531309246e-01
6.851001491373261976e-01 6.574366924298523651e-01
5.509684290174563515e-01 4.887091585908163172e-01
5.135889134525138955e-01 4.434527248476196615e-01
5.560584232729570697e-01 6.225490176421795141e-01
5.472482734879455801e-01 5.477078919267595047e-01
6.513584172407725914e-01 5.864200279825716455e-01
5.705851968292707799e-01 6.388245150382798609e-01
4.887448286852343338e-01 4.464390484916648805e-01
5.835866200729646902e-01 5.390634948525663273e-01
7.202389566435912771e-01 6.936031836311752352e-01
6.042133367597002369e-01 5.762184376125916163e-01
3.939363600742923355e-01 3.835180701840446016e-01
6.949011256351731447e-01 8.211896442850203925e-01
9.220632927434818660e-01 8.348013391594225618e-01
5.763498857951855348e-01 5.075933367061417067e-01
8.746579948339254784e-01 8.296735963294203930e-01
6.779957348729008793e-01 6.208166117251683325e-01
5.324962925184503204e-01 4.445053113424807245e-01
6.963126792061402615e-01 7.147562213917950658e-01
6.335073892088938230e-01 5.718833970604482175e-01
7.011215400396628716e-01 6.768441259082249584e-01
7.888097981476462905e-01 7.469312916073476138e-01
4.341465427712166703e-01 3.698361900457266538e-01
4.845920722976031492e-01 4.196467732666419037e-01
6.118772283677316182e-01 5.743896664469918534e-01
5.184492342921841468e-01 5.535607639125529333e-01
5.978750091674801537e-01 6.182178873557565568e-01
7.084307389135815480e-01 6.837253909472515989e-01
5.590767596016131824e-01 4.754393018976597607e-01
4.325067435132909366e-01 4.571413327407210514e-01
6.725527453383705057e-01 5.416041493061717338e-01
6.088710114510524907e-01 6.394372754126069758e-01
7.419694054380796544e-01 7.221778791048334423e-01
4.452261260536413134e-01 4.827210000127230005e-01
5.952443770519540989e-01 7.211197711119602394e-01
7.632951674532911790e-01 6.417756618621240916e-01
7.633492029751774988e-01 7.147967213592508751e-01
6.312018138083957952e-01 6.355024699456540693e-01
4.210598776946754551e-01 4.892298437572538683e-01
2.095979407859355492e-01 3.380581107623306103e-01
3.217683368966614554e-01 2.595557772843219424e-01
7.061268352059516529e-01 7.370249156044447192e-01
4.385154823160670734e-01 4.709365579684736680e-01
6.469999002849546876e-01 7.086308984397957644e-01
6.465622056959943187e-01 5.644817370023751391e-01
3.966155630814743871e-01 4.381413284701952682e-01
6.206307255965221037e-01 5.201259598234718728e-01
4.271523412546860410e-01 3.849564763300806769e-01
6.882960492825561660e-01 7.879947077119776599e-01
8.086277364964100656e-01 7.783668008912112413e-01
5.145458694240433450e-01 7.368678943915566437e-01
5.360731120452815190e-01 6.083806290089643909e-01
7.261083969212421829e-01 7.949733995714088897e-01
7.193661716271094742e-01 8.720841810987381981e-01
5.204705916177096992e-01 5.849514081832714041e-01
6.534678250244785325e-01 7.997297933354494681e-01
1.689438960697501046e-01 1.732403607538111345e-01
6.452937080715043239e-01 7.278711417877953282e-01
5.164949631234380112e-01 5.100172674624475766e-01
4.858204477882828165e-01 4.943781003187066592e-01
4.694679872891501238e-01 5.409458172336115700e-01
4.793613261780100832e-01 5.824091482770012984e-01
7.394294402050299864e-01 6.892679061888736802e-01
4.621334946680206168e-01 3.965946312952360331e-01
7.592674884707694138e-01 8.042382268295743541e-01
3.777721712903064355e-01 5.677304689557657325e-01
6.524388680513809602e-01 6.286869661991748570e-01
6.293776648391289363e-01 6.042831273033100192e-01
7.282936575832381632e-01 7.100451274146357683e-01
3.784286596174829542e-01 3.891295808911863219e-01
5.493063019694440774e-01 5.676544331002463251e-01
4.472974265942009087e-01 5.390849385233476010e-01
6.057576202821931544e-01 5.569801856398733930e-01
6.923231405357709312e-01 6.897940127268410437e-01
4.862699246140840814e-01 4.776688397210971382e-01
6.730185120048643999e-01 6.973795035138596887e-01
4.900905226322550545e-01 5.293157574338011040e-01
6.104581438338826382e-01 5.507686444275136095e-01
4.390213589692540386e-01 5.206765410915434877e-01
4.129957213873204358e-01 4.806069052148811416e-01
6.390460061897437205e-01 6.407625975927772055e-01
4.496720518834234070e-01 4.274013216741748833e-01
4.655542328136960673e-01 3.726638674712469679e-01
6.709346446179097478e-01 6.494469312428666763e-01
6.396906892910008136e-01 7.042492586939441690e-01
9.033991358388002713e-01 8.743161837885990995e-01
4.543988597091044856e-01 5.300773533875740018e-01
5.388934210356094434e-01 5.774905742163799482e-01
9.658374803686862187e-01 9.161248691389944909e-01
8.552907716199747989e-01 8.247712158828598428e-01
4.343624162135782951e-01 2.861084597494524262e-01
1.936892183655240796e-01 2.438270913918290927e-01
8.255853951263737445e-01 8.333127762094146851e-01
3.408026403542237515e-01 3.929809971157769977e-01
5.096601118067410896e-01 4.782550024804633759e-01
7.510932503472758093e-01 7.186754962323542717e-01
