6.177861916591927960e-01 5.635595736164870084e-01
5.843385467679697021e-01 6.357965060016795844e-01
7.366967744449994804e-01 8.160700556543416528e-01
6.738426786499674970e-01 6.818809822943773247e-01
4.172012634958837674e-01 5.147588055850957911e-01
3.815552878654954183e-01 3.991259482584201823e-01
6.601349639301350436e-01 6.669246255032021953e-01
6.181558132813883555e-01 6.387469244923639211e-01
5.758939423502749122e-01 5.649768289321828174e-01
7.830518430922295270e-01 7.682141951895775644e-01
5.521671073622087533e-01 4.471816509643063431e-01
6.886856941088174144e-01 7.362537738091435857e-01
6.299638557731728206e-01 5.936876152654591010e-01
3.893869701843205577e-01 4.242476121221392393e-01
5.523329713318422263e-01 6.211226859543880208e-01
6.425520126792221287e-01 5.618181526965557726e-01
6.549665530729339435e-01 7.057144227402648573e-01
6.003026983456244414e-01 6.293848393381616946e-01
4.130413812868976575e-01 4.055063092466145158e-01
4.130944497729717724e-01 3.389940813369903272e-01
7.178665086493062342e-01 6.123385966098285893e-01
5.094136868936491869e-01 5.078536765649039886e-01
6.108753328061894416e-01 7.184438187183891378e-01
7.324410795989618750e-01 6.462661058629052269e-01
7.847214262167520049e-01 7.928937985242788811e-01
5.167273737054535188e-01 3.557062522872096455e-01
2.843064550928836032e-01 5.022373983239447615e-01
7.098855442415652472e-01 6.232240376126849668e-01
6.523991807342248705e-01 6.862182777398786460e-01
3.553975323680078624e-01 3.865307969906506269e-01
7.349505174115905648e-01 6.748833508106578671e-01
5.528938142496828689e-01 6.252272727767789195e-01
5.204927018020195639e-01 6.011267113663409933e-01
5.683163953637261345e-01 6.457002118704003868e-01
3.764045162218548901e-01 2.820621940219427692e-01
4.781023212975841763e-01 5.286687266229169735e-01
8.479813019879913760e-01 7.474587780100658829e-01
4.526214519895344623e-01 5.023906853876816125e-01
6.843702741221776575e-01 6.525945633468791529e-01
3.589593363283979377e-01 5.112264023543774405e-01
6.571365642513127270e-01 7.608011408537884712e-01
5.531427147709123693e-01 6.775261047335773279e-01
4.541935813122328636e-01 3.433612456061573281e-01
7.696759158101483811e-01 7.319351782876321044e-01
4.153410542103962433e-01 4.994563315950443227e-01
6.183429484031671697e-01 6.603438312197761340e-01
5.379849898088854276e-01 5.984073706589397856e-01
5.865150303051381853e-01 6.133072887896630077e-01
4.495933463334734204e-01 5.241092529888446983e-01
6.906691007016788619e-01 6.856756580873882845e-01
4.188054931917407075e-01 4.219277360364786511e-01
3.745386057695935245e-01 2.997448844670682622e-01
5.763366920144290528e-01 5.234749270359182471e-01
3.370008647379684197e-01 3.767036942565800128e-01
5.787084851094598248e-01 6.147715144868338699e-01
7.031818446932065481e-01 7.050670470726352335e-01
6.199964363817982438e-01 7.699936753191927163e-01
6.252825248299932470e-01 6.456450988955141357e-01
8.056830392657449158e-01 7.847691682459928542e-01
4.191306623862859349e-01 2.343645974005404697e-01
4.720155092103725525e-01 3.987656817819149047e-01
4.210466016738828587e-01 4.493166735787645916e-01
6.457058214998447898e-01 6.480701688029826268e-01
7.200276230253894738e-01 7.066609642651526801e-01
4.883717575865772487e-01 4.580980948922970253e-01
6.247262327482084876e-01 6.260143758582316087e-01
4.537177354512952898e-01 5.306675291227375135e-01
5.520767639492026868e-01 5.605933591583743825e-01
6.039736680961774740e-01 4.873233592530807345e-01
5.207959896541328737e-01 6.245979138327911739e-01
6.932354454618527839e-01 6.859413487321734948e-01
7.019187588577275871e-01 6.638955792327538852e-01
3.848013631189614592e-01 3.958901171981729639e-01
6.499433599122743654e-01 7.837957565147706251e-01
5.109375253392688387e-01 5.090105563450540993e-01
8.825466428502016791e-01 7.928139597262827687e-01
7.117426798341169869e-01 6.633919764962453725e-01
4.999649132344566871e-01 6.393025630898848677e-01
5.347731512556589406e-01 6.133790180654373758e-01
5.147939033645916318e-01 4.167765590646919094e-01
5.795024883607902133e-01 4.857684128820547453e-01
3.975021880668351271e-01 3.560151529883144317e-01
4.923442380195559576e-01 6.238847816121413370e-01
6.584391941392252479e-01 6.065572619960323264e-01
3.898891105878035113e-01 3.033086881237284649e-01
8.413438226883853677e-01 6.492626647783636962e-01
6.038264152626285908e-01 4.691110503969057599e-01
4.692217511625859094e-01 4.508564639882624014e-01
7.505722143662078016e-01 8.948377004516921973e-01
4.890386146697429659e-01 4.501886779690277285e-01
9.689419341495363325e-01 9.657938290549493709e-01
6.643355773102862516e-01 6.190927423942022001e-01
6.030290519543788363e-01 6.602210448077927563e-01
5.650769516849379892e-01 4.984210745408380605e-01
4.055312796925227836e-01 3.717008649825667144e-01
7.117981947663117870e-01 7.968434726309657767e-01
6.551156483705261602e-01 6.699670930245510414e-01
7.675345429112852003e-01 7.551916749084650604e-01
5.234597636595822445e-01 5.036921520731875157e-01
6.150825027267503575e-01 5.606429444916274374e-01
7.409493486474990620e-01 7.021776308511368248e-01
4.106766851278274566e-01 4.601998383788060143e-01
6.350674041406576542e-01 6.266680336486056824e-01
5.179979685253137678e-01 4.856849234005671256e-01
4.529061649359368280e-01 4.428699667986126798e-01
3.277137227857417345e-01 4.728533981781878337e-01
6.041273164613818469e-01 6.336652411641110483e-01
3.254476640566433265e-01 4.449823326405077384e-01
6.430755289903977712e-01 5.915089971736751107e-01
3.464321545686260828e-01 4.185980044178534420e-01
4.953325340356126705e-01 4.922585855240621533e-01
4.211654687272441966e-01 4.190618953078835696e-01
8.037692169258913166e-01 8.871938801842463862e-01
7.723903501058411170e-01 7.322240599041101028e-01
4.827868737075525218e-01 6.683595568556092159e-01
7.873580419501383654e-01 7.839917579044376472e-01
4.790218732880105468e-01 4.627488915308827777e-01
6.849630814458999017e-01 7.240900640094415364e-01
8.434163781754061562e-01 8.938476005793168921e-01
3.224722242721139165e-01 3.694532643238194747e-01
5.418731170766889482e-01 6.451654158730047994e-01
7.823188106201965919e-01 7.556460721374613776e-01
7.092800288338725334e-01 7.735933362565647897e-01
7.430141629946598325e-01 6.601234041884354031e-01
3.610485993246332903e-01 5.697353323425605742e-01
7.263162376909046980e-01 6.188610781845016451e-01
4.536603753267740013e-01 4.796132345735497071e-01
6.120360623802790778e-01 4.959799450603667448e-01
5.215650598989723941e-01 4.272850202467586289e-01
3.656921476807011850e-01 4.164036527457513626e-01
8.342611839710871724e-01 7.235492859750936034e-01
4.460217156759038182e-01 4.579532740931930301e-01
5.589487114731084283e-01 5.612475750163412602e-01
6.306507723600531801e-01 6.984974594889488131e-01
5.756043675129695059e-01 7.268112605230397927e-01
4.403584965893199143e-01 4.863647055661886043e-01
6.532201393842983483e-01 6.330062791677059097e-01
6.374493185332453793e-01 6.673238545368512797e-01
7.609704715666565367e-01 7.530756162831608869e-01
5.214316585666510795e-01 5.342128787214249774e-01
6.560092243449855420e-01 6.731821724675532970e-01
5.171532552017299444e-01 5.652532581387057498e-01
2.504562434097278301e-01 3.794687341649852774e-01
5.642126902370251385e-01 5.561124049735052255e-01
6.017885611833507786e-01 6.195714613044608354e-01
5.999511092636762299e-01 7.200746593446392119e-01
6.782450321990780573e-01 8.169328919526572808e-01
6.757923666749831026e-01 7.601293068499078709e-01
6.561264685544837549e-01 5.370189828526809039e-01
8.381819138457667906e-01 7.338901789885788896e-01
6.783583815318439125e-01 6.042356195124436447e-01
6.255990946857656887e-01 5.371643760806485979e-01
6.473537828837940822e-01 5.321498249370373301e-01
6.411063831037516758e-01 6.764071658119422681e-01
8.333885348483002220e-01 8.088502412622485815e-01
5.627405616589349346e-01 5.353908138018474983e-01
6.918267340699923995e-01 7.068639847961954992e-01
6.789607442159141248e-01 6.126070245965758998e-01
5.169112137505113003e-01 5.410330640401866953e-01
6.686369437565844454e-01 7.503820981306130733e-01
2.968359385155744379e-01 2.879210692988976028e-01
7.799558674849977891e-01 8.028869238826021881e-01
5.823599574984262839e-01 6.783152408481801787e-01
7.339775996565898186e-01 8.252109927340736117e-01
6.161420190646286210e-01 5.795095120593146687e-01
4.665560909188437022e-01 4.618695737190282036e-01
4.702459725414475100e-01 5.056232533627523784e-01
5.661552666441334036e-01 6.696228812797733188e-01
6.189392623401717142e-01 4.723559666539096646e-01
6.443488509276872334e-01 6.222618453636060698e-01
7.628255753577396492e-01 7.332797410638115521e-01
6.248475163136678612e-01 6.013416358984565724e-01
6.925537381023423311e-01 7.183364450686593461e-01
6.236187252167997297e-01 6.176660650385066287e-01
8.386136358650955192e-01 8.859505217900578433e-01
5.478143013014002971e-01 5.008009946205063123e-01
6.342861664219394680e-01 5.011634696815387979e-01
3.421904444645811894e-01 3.352227577532494451e-01
7.807838216712613688e-01 9.073035146022111475e-01
5.369728955990529240e-01 6.703249699722120258e-01
5.873718162202850035e-01 5.307292573756547949e-01
6.955263740914637838e-01 6.768441131595578364e-01
5.875907690580420839e-01 7.073542894714782703e-01
7.084055610011410486e-01 6.931029514435766981e-01
7.674321632884898436e-01 8.246131059273070774e-01
5.191775564426315270e-01 4.701787638901716027e-01
7.628138156704207251e-01 7.955842192521962453e-01
7.708797678658125818e-01 8.102412890963099912e-01
7.992012166568004394e-01 7.899858153356599244e-01
6.317520460937505744e-01 6.543871177105510251e-01
9.302587821347363395e-01 8.153901426558798349e-01
5.217208111231921297e-01 6.479262510374310668e-01
5.888200134918296635e-01 5.881867793526777133e-01
6.424441951131791839e-01 6.103199266284904390e-01
5.746796500641423444e-01 5.578489649590662181e-01
6.225438994993142128e-01 6.066642787289246996e-01
6.363336431951541750e-01 7.375443162171048117e-01
4.285500709634677552e-01 4.562482877617155541e-01
7.359665118225261482e-01 7.688562514447770946e-01
6.265232737388145567e-01 6.265159472938984786e-01
4.291442429352191335e-01 5.020110980508245557e-01
5.999611004624546551e-01 6.497540797085138431e-01
4.048555948543324789e-01 3.862129070629516936e-01
5.862730488225329495e-01 6.205440382724711768e-01
8.620059485749598238e-01 7.410466716975254720e-01
4.892176369333507968e-01 4.467816331636586535e-01
4.797696209787742916e-01 4.836724915992077767e-01
5.298154117220338355e-01 5.729335379278216456e-01
4.615447149575916397e-01 4.001084178906253452e-01
7.077386335020969810e-01 5.937870663607942578e-01
4.531419738408188347e-01 5.171923796339242818e-01
7.172312023487674715e-01 7.259973743151435510e-01
7.824362846642144431e-01 7.362239974731302761e-01
6.479681937644954370e-01 7.296398137387904992e-01
6.576015794790688318e-01 8.138105437209526283e-01
4.882368924337648908e-01 5.977996377296151964e-01
6.308841578395700811e-01 5.438819923607469686e-01
6.790134601092697730e-01 5.776727850576767187e-01
8.163380859877458207e-01 7.906588198638400122e-01
7.299263242429596676e-01 8.055295510659175040e-01
6.514472008715497253e-01 7.246719090297573107e-01
4.598506967358403918e-01 6.605641663994931134e-01
6.544240354056422015e-01 6.995827448654868830e-01
7.576774612806627118e-01 7.990431547638188192e-01
6.171578019052921249e-01 6.282196646378575000e-01
7.969834484822287957e-01 8.078316109067785744e-01
5.854794442046007408e-01 4.809561131982396098e-01
5.823493655749734099e-01 5.708431520740284704e-01
4.247825177241258410e-01 3.416878687187063224e-01
4.968485195951508615e-01 4.440856395356039821e-01
5.962273991108443250e-01 5.471251800008133381e-01
8.868047018529354730e-01 8.531397193418577274e-01
6.106439076222262008e-01 5.691583467295527887e-01
5.251495867025430808e-01 6.391088542001663875e-01
6.966621837373803139e-01 7.901325834150594307e-01
4.741334826588717855e-01 5.144125123336954486e-01
5.201640641580820290e-01 5.520480959189146830e-01
6.343897064290717758e-01 6.545776888619472267e-01
5.093799953666662272e-01 4.010200517290243294e-01
5.525606591553712255e-01 4.777112114921188146e-01
5.094620416289292741e-01 5.000250460568274047e-01
6.316985570797557514e-01 4.743122627074012332e-01
8.235491121467158893e-01 7.214023838199153937e-01
6.241943771430288335e-01 6.425973034892037417e-01
3.969553117989241264e-01 3.703205867752185632e-01
6.698216140026411747e-01 7.298546325161898718e-01
4.634244765834384383e-01 4.597154895478262615e-01
4.196733678922673350e-01 5.265377474869274987e-01
9.023225557719297685e-01 9.258603307765022050e-01
4.852959725862615592e-01 5.436715472972954988e-01
7.979871792337075442e-01 8.231262600014689346e-01
8.897136144182606898e-01 8.382618156256327335e-01
5.770923159984872042e-01 4.969816511410410365e-01
4.775671750448867714e-01 5.541276892444401136e-01
7.501235042648574103e-01 6.569970095376632679e-01
4.163072074829186620e-01 4.418813544649055625e-01
6.234161327960313637e-01 6.459470145495994631e-01
7.495857073140471671e-01 7.683990513324757687e-01
7.947819607016097798e-01 7.242211387684576174e-01
2.417876792991912605e-01 3.193073542931243458e-01
4.468864742546214686e-01 4.921144756755011507e-01
5.263993773859637626e-01 5.285070867942850414e-01
4.532578245634930059e-01 4.876161114022506404e-01
6.715097352767630534e-01 6.436020451603653436e-01
5.441125482446601547e-01 4.786153464584622652e-01
6.937112558653065753e-01 7.445123004121448895e-01
6.206175894761324363e-01 6.662862473835019506e-01
5.437695668015329886e-01 5.836747858758106755e-01
6.532399769490372377e-01 4.959197202894390921e-01
8.018487961736048275e-01 8.760252438625494298e-01
6.473080082836539795e-01 7.001577736361090931e-01
8.196095598655869230e-01 8.781395939817732144e-01
5.096080971325612774e-01 4.137155422822819117e-01
5.844660122844561601e-01 5.718896709338171513e-01
5.308822186347836869e-01 4.511707052413043706e-01
6.000392955098088343e-01 5.359939817358636560e-01
4.202941919375376978e-01 4.149100521782055351e-01
8.188464303714956261e-01 7.436986789360316985e-01
6.108894218155047628e-01 6.076821326413393010e-01
6.779987138944538749e-01 6.958883302817875371e-01
5.047556045390325652e-01 5.190649426147103673e-01
8.318732813452559549e-01 8.783778943677241768e-01
3.671915811379203309e-01 3.859480097303075730e-01
5.546541941196454495e-01 6.773801259945240183e-01
7.106094840992566164e-01 7.370977665046291039e-01
5.952943138104446197e-01 5.047379653439320046e-01
5.011507815074967009e-01 4.754977980152374495e-01
7.691189595823386682e-01 7.531143443910093271e-01
7.081189953988347163e-01 6.992533589310514497e-01
9.230194009151212464e-01 7.903580775050585983e-01
3.045631290728852414e-01 3.341399866164387888e-01
5.576785314865031484e-01 4.888954870574952483e-01
6.314182047575673806e-01 6.488966198366756810e-01
4.822588697323142437e-01 3.830463012144581514e-01
4.877414145775225696e-01 5.552434306135767272e-01
4.733151315974096773e-01 5.174110424371480832e-01
6.828257142228266741e-01 6.151197771345275900e-01
5.181030126953636294e-01 4.433741363447025186e-01
6.640601711832331278e-01 6.996329067557521819e-01
7.694151869296949053e-01 7.665579291499066139e-01
5.782083601839551612e-01 6.716021235995397465e-01
4.978734142418599906e-01 5.670840260098500840e-01
5.529153440909171380e-01 5.726270314590786725e-01
6.222320578187205964e-01 5.965983397507770292e-01
8.763021055439240703e-01 8.371603214131503323e-01
7.058153088840828371e-01 7.539972084182637868e-01
7.656523225768138152e-01 6.870675019704143294e-01
7.455413331502658281e-01 7.900003996274227447e-01
5.728509806042382246e-01 6.530910715156102997e-01
5.824653183248286181e-01 6.685360782521182488e-01
7.289994830837811524e-01 7.433097196495321857e-01
6.044981744446140670e-01 6.097829492178699073e-01
4.137785721969642894e-01 3.277961613360997339e-01
5.047038132636247898e-01 4.793645979047026495e-01
5.700395729727741889e-01 5.622800115631872986e-01
6.008687751043564340e-01 5.607554778643395466e-01
6.048154137558527932e-01 7.042056180321916159e-01
4.497868481556903664e-01 3.810611106461250230e-01
4.581645861226096850e-01 4.301657063531477698e-01
4.565507466924270119e-01 3.965964780708556292e-01
8.297576918253541933e-01 8.013581173476542752e-01
7.093764811091097799e-01 5.796448768444394384e-01
7.997677548554266158e-01 8.353215314536009961e-01
6.732076965651123679e-01 8.094226205395915752e-01
6.045993838051662017e-01 6.415122093306617757e-01
6.387090829170576356e-01 5.906489430747430269e-01
6.984880679550757865e-01 7.713729187372435625e-01
6.339185531086074521e-01 6.093526973182991080e-01
7.617410184545301277e-01 7.075563542066580780e-01
5.656885944972512847e-01 5.545008471173887843e-01
2.968357067967850593e-01 3.260515007412034816e-01
7.190772233632365396e-01 6.539923322218359480e-01
5.954065735146478744e-01 5.247619491599686548e-01
4.621281529876410943e-01 4.476705214585408044e-01
6.383893312234789619e-01 5.957511494519522888e-01
4.025347340111857797e-01 4.214634337368380335e-01
5.215219466999763132e-01 5.846521161372963959e-01
7.128236953982608481e-01 7.311815829151996349e-01
4.506734405760530748e-01 4.943467932404331799e-01
6.032389054696457587e-01 6.407385253933229885e-01
4.023032001916837519e-01 5.156739956047223794e-01
4.680579381771716729e-01 4.269624656330593959e-01
5.933036683174646164e-01 5.634939722871876722e-01
6.136938031328764698e-01 6.410685859992155677e-01
5.674779656293297281e-01 6.298417802319357106e-01
8.083622501922292924e-01 7.311742504744133120e-01
5.557914764317741785e-01 4.422211185750220541e-01
6.786049638432410935e-01 7.196637134002238367e-01
8.628527407643107328e-01 8.790750959360718042e-01
2.504727493675255046e-01 3.292329112746611441e-01
7.236713579349980385e-01 7.730480123375631507e-01
5.528901699531492131e-01 4.908897095654740639e-01
6.836886555827034195e-01 7.422925822195803880e-01
6.894815997243219918e-01 5.649161856855267061e-01
6.812510243494002138e-01 6.988373370380104310e-01
4.073099834097664296e-01 5.283983924387787301e-01
8.939632613592916055e-01 9.663053562505441452e-01
6.723204282004873189e-01 8.016287720259522853e-01
5.478520395138906096e-01 5.597652067931802033e-01
4.925257704596905928e-01 4.373445982772363738e-01
4.752087514843497118e-01 3.696360491606154319e-01
5.433085430848163533e-01 5.155071934027231073e-01
6.017607694934125062e-01 6.087941929188404044e-01
7.525797073664795001e-01 7.663587065345778271e-01
8.340588248271324501e-01 7.198318701380895801e-01
5.110207770459817000e-01 5.333852274619362843e-01
5.103421786453237186e-01 3.888385056300665554e-01
7.346045487353641823e-01 6.164473294670013148e-01
7.054841833149220198e-01 6.167657276343038175e-01
6.050483649634272876e-01 5.671536881920484774e-01
4.661199387364856617e-01 5.379171793057979656e-01
8.196038255549137341e-01 7.820303667912144041e-01
5.423997753799641997e-01 5.238390533858622300e-01
7.202938715646062251e-01 5.838151443620901437e-01
7.137909267745969899e-01 7.490587352847388747e-01
5.069573070099734347e-01 4.955059571555827103e-01
5.878112309072507369e-01 6.406659130169771732e-01
5.414683296828701753e-01 7.213703000213311789e-01
4.812188718528181419e-01 4.843376542494022829e-01
6.586335298153490614e-01 7.162749234217112848e-01
6.791596147618051971e-01 6.999954485904594792e-01
3.747437235647220199e-01 3.244098522952210684e-01
7.314552851385199839e-01 6.502369549832557327e-01
8.373077449459745969e-01 7.912674180102660104e-01
7.333444998745565213e-01 7.629510106647693357e-01
7.900974970087971672e-01 8.442268356942831398e-01
6.011996268733625914e-01 5.561840026414799354e-01
4.730408546476532194e-01 5.386572834447409530e-01
5.868794273063526745e-01 6.477161960041035726e-01
5.958322617867523041e-01 7.116121348255403101e-01
3.845335524718995757e-01 4.495105468685525185e-01
5.754276406810477917e-01 5.423519167384879269e-01
8.449290470377478490e-01 8.319773232773443050e-01
4.511470191252570094e-01 5.417270437338239653e-01
5.636215464983582724e-01 5.694630829060201016e-01
5.947390199230935259e-01 6.028240310574837224e-01
5.649731471410914807e-01 6.044780728698437855e-01
4.934346763595814367e-01 4.736271632652986896e-01
4.331944102943541264e-01 4.337593016425890236e-01
5.462563652622113297e-01 5.711204305367246770e-01
7.269481803075429349e-01 6.734216572529626577e-01
6.861623434254545684e-01 6.749755896271311117e-01
7.728624426722449092e-01 6.989720578349009061e-01
4.066829363825371635e-01 5.712492704755463002e-01
8.264397547531721067e-01 8.395459073888780210e-01
3.631515976006230439e-01 3.233708064207800326e-01
4.455412378228852388e-01 4.872131155218337728e-01
7.189605428619224581e-01 6.539445683122381281e-01
5.010231093119239532e-01 6.215201339117426560e-01
4.584422172321916955e-01 5.690419844729762699e-01
6.023650102837079245e-01 4.693223496044086063e-01
6.863898509468309150e-01 6.604205827310007937e-01
4.539659964973881690e-01 5.936927387027456371e-01
5.355681172819748426e-01 5.280525758099730016e-01
5.705825318635701082e-01 5.306101740927250399e-01
5.667379441991463596e-01 6.841483099276147728e-01
8.133793499376663627e-01 7.966104611480048225e-01
7.598101600695515989e-01 7.177286108870338799e-01
3.936098248490741414e-01 3.951008907694532057e-01
3.949319870601736282e-01 3.936129272730758411e-01
5.702220152104547912e-01 5.988222460245612444e-01
6.627691241253320653e-01 7.011830134482429644e-01
3.958354819283828041e-01 4.806500718408197592e-01
6.801487464641305936e-01 6.310807550696607704e-01
8.277124033591598540e-01 6.369585774903383513e-01
6.761992476188329881e-01 6.621329691153785557e-01
6.884497192484207995e-01 6.433740704910789754e-01
6.275356830581173551e-01 6.621721364486685690e-01
5.796724674962262513e-01 6.312525231699696038e-01
7.296266507616577801e-01 6.694984394161751506e-01
6.129300144481892865e-01 5.923429666473631894e-01
7.084973636016700382e-01 7.104545264650801162e-01
5.896249528499465375e-01 6.367608040858218077e-01
4.355410228824110885e-01 5.781869317539569675e-01
8.585730042159223085e-01 9.354893146134788395e-01
4.184491166047721866e-01 4.260455552458313755e-01
7.718184710167571572e-01 8.822800311684769747e-01
6.540577682191071052e-01 7.747200267457974299e-01
7.372234064191580671e-01 8.355090391114023962e-01
6.409617901173779719e-01 5.579421784594048583e-01
7.163117005913059998e-01 7.010657630691226050e-01
3.585161246725058204e-01 3.518477769920097531e-01
4.935807925196732393e-01 4.754827617583547994e-01
8.244322933950846144e-01 8.726442757976936582e-01
4.729482051353576244e-01 3.624980637554284790e-01
5.376037329434180112e-01 5.866304597305262991e-01
6.681072003061736542e-01 5.942917869626895833e-01
7.607728878712040066e-01 7.655532821719147618e-01
7.700360910614146848e-01 6.989127687746984341e-01
4.043717487834375124e-01 5.296678179306634204e-01
7.589062009883410509e-01 7.424673228392640878e-01
8.656791238290232338e-01 8.668522092196132567e-01
6.079282023868323170e-01 7.292859885270398523e-01
5.168860999288389380e-01 4.629898296706387306e-01
8.495732883878074349e-01 9.970006184408114480e-01
4.747656369603560633e-01 6.529325166168200578e-01
3.393993005359822734e-01 3.870067289463742788e-01
5.366026635884167950e-01 6.342928450946633268e-01
4.553630951484048950e-01 5.822414360144956280e-01
6.283420742836363093e-01 6.684538547273948250e-01
4.696716333275511301e-01 5.336784900698693379e-01
6.896560104684447134e-01 5.722992879376535003e-01
8.004837936266502307e-01 7.010733085339155846e-01
4.851193225046550039e-01 3.751118613884092956e-01
4.301115850097621540e-01 4.003681184816383909e-01
5.473857464762851288e-01 5.750611107039492742e-01
7.017020862003825465e-01 6.122534032877192667e-01
5.723211887181879343e-01 6.302585897097189305e-01
5.730247323234851642e-01 5.336630403647830700e-01
3.303138061049891161e-01 3.735568397651342631e-01
5.965846357584007054e-01 5.600088381914672953e-01
5.748688900956067105e-01 6.368246202171126136e-01
6.550423824994376920e-01 6.132800050863648211e-01
6.435784591534873256e-01 6.893630555804995952e-01
6.137866972552475930e-01 6.120061241911102234e-01
5.570021276319253589e-01 5.923086781920040567e-01
4.903225379227287295e-01 4.456447132618861495e-01
5.750506818412545185e-01 5.663155644899776631e-01
2.947830134113759715e-01 3.709976538081868891e-01
7.254177116951564530e-01 6.568868274840243826e-01
6.333856910383123262e-01 7.092273548500044322e-01
7.636095071481804331e-01 7.596561454634657151e-01
4.754951409675109431e-01 5.708453721169992612e-01
4.041813915352890918e-01 4.259406800462559595e-01
7.258633829331836429e-01 6.240755625446318122e-01
7.279360890985693278e-01 7.771508318747561983e-01
4.969054756672212081e-01 4.700898673240171410e-01
4.992445809953356406e-01 4.131342944731026812e-01
7.052872904580794744e-01 5.546870495442605131e-01
4.615589162753528374e-01 3.938009067347403303e-01
6.405576492585648429e-01 5.932997825320155405e-01
5.432485297140641212e-01 5.781681350063603286e-01
5.520376556354421593e-01 5.616295738417819150e-01
6.728145609243758596e-01 7.716124092150657976e-01
5.676603733650761319e-01 6.013851152069319417e-01
7.567768218068112729e-01 7.562688388430015562e-01
5.705368638268609738e-01 6.113050706985277971e-01
5.744675554261515771e-01 5.454322843345593697e-01
7.023221928492673349e-01 7.246833245561659087e-01
9.128306922516048472e-01 7.930267369960383173e-01
5.970365752020468930e-01 6.672955808239467990e-01
5.714506838231138142e-01 5.750002937695032346e-01
3.410355207069404870e-01 3.404252987918200968e-01
6.278690166061310363e-01 6.493601721654004288e-01
7.008763969850856368e-01 7.703266045548006202e-01
6.988778297094774272e-01 7.350231455182004714e-01
7.139964652640670151e-01 5.389121439008320857e-01
4.511773026700758304e-01 3.233663424540156317e-01
6.016262295843038954e-01 5.983389324105504725e-01
6.682162822882740105e-01 6.873579004317600383e-01
5.922475825308770592e-01 6.118367573238412405e-01
1.075414673515373121e+00 1.048170514718764768e+00
4.600979575135323296e-01 4.531481825659696705e-01
2.830207939358130864e-01 3.175101157374991545e-01
6.733258297499800094e-01 7.516529361135835252e-01
8.082656906064835667e-01 8.137138147737807969e-01
5.776580168602131193e-01 5.970064228171171328e-01
5.686310076956027082e-01 6.723971822630832040e-01
6.344738930464685067e-01 6.322029064515285457e-01
6.289057938231270573e-01 5.864398250686910785e-01
5.776104189673829659e-01 5.981586900945292662e-01
2.345350944900933821e-01 3.243178346045345606e-01
3.869806686760840497e-01 3.811958838263975746e-01
3.101238229965547211e-01 2.989067115773293981e-01
4.847891255554393486e-01 3.499846030220224447e-01
6.095914829380217892e-01 5.617222223551749938e-01
1.714457313597184673e-01 4.425659566775936304e-01
7.966982394620620855e-01 7.122756299627741594e-01
3.275214892889368734e-01 3.233284891581620357e-01
2.576006876083057895e-01 3.173695652063410755e-01
7.486044064202891368e-01 6.660291242298640446e-01
3.210299536986487845e-01 4.201246110434618264e-01
5.519120226906684135e-01 4.990366434483226588e-01
6.635915852491008904e-01 6.006080917184807300e-01
5.109397113134833690e-01 4.771155495966368787e-01
6.481873482890024851e-01 6.045160383625177714e-01
6.526244134827827725e-01 6.243892538872413134e-01
4.802818585619137992e-01 4.937701430129359248e-01
9.814897098540117382e-01 7.924189450634490095e-01
2.059897957716045336e-01 1.659349004271780670e-01
8.471123447802423323e-01 8.508350250457478170e-01
6.460191684801247503e-01 5.649633321158563648e-01
8.515527082414765525e-01 8.839133019692658744e-01
7.143544310334801750e-01 7.539953923983513384e-01
6.197352485743813366e-01 5.367927364257710776e-01
7.739274600774868063e-01 7.048053028775735918e-01
5.213821947823606973e-01 4.541115137717872674e-01
5.918209462279424571e-01 5.263635011172367317e-01
4.617577141410624253e-01 5.851568686659623930e-01
5.458203554586055217e-01 5.589320909899834211e-01
3.408458262453681886e-01 2.870455418370753131e-01
5.245692531705745676e-01 5.710252947757517017e-01
5.007273976131719762e-01 4.990331398951604047e-01
5.797508521793356406e-01 6.465162128662848007e-01
5.003500447770141690e-01 3.503812319219955507e-01
5.182040749023930637e-01 5.170300160679863755e-01
8.295168896512097323e-01 9.090101307008575660e-01
4.745368448575229547e-01 5.506917403386423215e-01
5.063724070469876049e-01 5.827235815255688012e-01
6.392181263973426564e-01 5.559060067294008256e-01
5.710249563123666050e-01 6.399412223854545889e-01
7.729964408801460740e-01 7.475296610823863874e-01
8.914539063816256936e-01 8.579872972516905394e-01
8.981594057086232930e-01 8.620896312272661177e-01
6.061953844881386999e-01 7.102449797034677825e-01
7.100268908014418789e-01 7.905631364460833366e-01
6.538932162776707191e-01 6.563335120927298316e-01
4.894296101637500285e-01 4.539331746356246033e-01
4.552789632465594760e-01 4.777065030640448295e-01
4.271238541693482271e-01 4.231124376791603470e-01
4.577685047547250252e-01 4.331057622729848622e-01
4.432105698178380182e-01 4.447748873793357927e-01
6.423811970251630532e-01 6.596098202254198073e-01
6.116170112066283693e-01 4.869712071961556643e-01
4.038507981881560016e-01 3.624177664634499751e-01
6.832317912790969450e-01 5.514117291773207308e-01
6.225344810624511283e-01 5.032926425677020088e-01
6.549789497640506886e-01 6.258331342431063815e-01
3.820579566413117578e-01 4.849971157045545600e-01
5.731432036043566658e-01 6.441105296968423488e-01
6.734852163285158788e-01 7.129212412248404629e-01
6.723870845777170091e-01 6.809065434724367316e-01
7.697574937471548528e-01 6.697941585909802376e-01
4.675001844392985273e-01 5.696063769311596747e-01
7.582486216300559079e-01 7.832042340162754801e-01
5.008683103952706883e-01 4.543570009565270906e-01
7.813781230567362623e-01 7.179859274014754877e-01
3.909053605701297007e-01 4.432924647720403177e-01
4.184581935993922364e-01 5.156611344683580400e-01
7.631026966840080972e-01 8.349113371937607608e-01
5.620873293402921522e-01 5.063749482241375333e-01
9.620495348271947966e-01 9.456928522622140010e-01
5.110736198025366273e-01 5.690655846228548365e-01
8.060483657223220799e-01 7.623346369823815749e-01
8.292581991746058589e-01 7.685986281848696811e-01
7.052509102816454378e-01 6.803880167695378622e-01
6.759099951247393712e-01 6.203416313976441998e-01
5.410108701609587234e-01 5.705661209315350257e-01
8.012761179046163917e-01 7.624120750059300011e-01
5.516420635493062274e-01 4.476675443575959257e-01
6.169655476934168270e-01 5.649389259584507439e-01
6.099045380053640386e-01 6.147879097380035684e-01
7.658206863084120464e-01 7.899784409348267200e-01
5.626899638976506912e-01 5.987156919459527549e-01
4.696394448754094286e-01 5.147966736600890769e-01
7.395733523402869825e-01 6.847146734527087553e-01
5.496320194099151291e-01 5.323897271648665441e-01
6.893101503879153213e-01 6.205745987716448919e-01
5.101716485592848738e-01 6.081512237698301071e-01
6.654223561841680068e-01 7.133450898926615436e-01
8.079696233768620672e-01 8.808042640640387777e-01
7.979953565968149753e-01 8.338857187978288010e-01
8.012713152500094971e-01 7.337709859574943483e-01
6.358293697832009261e-01 6.648944905132099237e-01
6.758994887424168985e-01 7.293481368890540883e-01
4.609855842353423605e-01 5.334535302041810700e-01
6.027085990995805220e-01 6.804718876404415306e-01
6.327425560284186679e-01 5.268501681620799681e-01
4.213976247702631572e-01 3.004740960033501218e-01
6.324931084576903562e-01 6.397074958030468661e-01
7.589537363988720919e-01 6.808100744288050343e-01
3.865762732573140292e-01 3.215507581548773253e-01
4.404919613043254412e-01 5.723767589522226196e-01
3.274104648421793384e-01 2.466170531374419217e-01
2.160983296169681767e-01 2.138928085255803468e-01
5.613073597773139412e-01 4.138189705294253451e-01
6.036751897637737674e-01 5.188035205758039226e-01
7.300044786154117338e-01 7.563498142309198480e-01
5.879588936670454569e-01 5.931099767051666305e-01
6.631664123582977632e-01 6.557218939841465977e-01
4.638683099896713236e-01 5.093935856226711190e-01
5.871614488861928161e-01 5.578295905003346489e-01
4.760337217742242055e-01 5.104945172496649919e-01
4.056621519198464476e-01 4.280107054615306383e-01
5.600670222344199534e-01 5.890742416074901122e-01
4.919575320024138776e-01 5.175021872254639277e-01
6.626557745397387844e-01 6.627887284762430387e-01
7.922850278329722773e-01 8.293177672091531782e-01
7.141394498426668624e-01 7.407933999146721904e-01
5.857560615711102647e-01 5.347889763039902489e-01
4.604435166979852778e-01 3.196991426953321169e-01
6.995406212691658299e-01 7.556109750151011051e-01
7.089758086772069978e-01 7.389918105871068343e-01
5.164784139238275396e-01 5.593660630688849222e-01
3.454600658868762220e-01 4.172769484320004163e-01
4.059189677021317055e-01 4.285700968064394822e-01
3.310078782644269579e-01 3.837547699692910874e-01
4.948607713331000801e-01 5.469423383784034476e-01
4.819791667034421523e-01 4.562292647571610238e-01
6.063129007890264432e-01 6.237641378456921792e-01
6.731325227187310301e-01 7.210994276280662252e-01
6.272013681316674916e-01 7.047376974212182787e-01
5.912292679658600614e-01 6.171627564613383354e-01
5.371388793380437177e-01 4.572830103237999211e-01
5.440900462565676499e-01 4.605349884338010291e-01
5.717150168336949667e-01 6.557393473052047783e-01
4.370722791512904881e-01 3.617886738480795006e-01
8.315424883280988499e-01 9.040665928494597825e-01
2.348071140629378606e-01 3.726205198860719214e-01
6.077223907519384571e-01 4.684392121845510903e-01
6.407262449769496326e-01 5.664308316623193340e-01
5.128933291978241549e-01 5.299894052797624600e-01
5.628943274852653555e-01 4.747566314458360193e-01
8.926695343285672157e-01 8.285648981927192791e-01
8.914454773408884147e-01 8.734371133334504211e-01
4.461589926404939677e-01 4.938364284217638955e-01
5.344700802206111545e-01 5.522052870394230650e-01
3.227868624246720275e-01 3.066876423609165014e-01
7.875206814020155877e-01 7.255885560867741946e-01
4.095883223212314350e-01 4.816707372003820042e-01
4.653161783695133336e-01 4.654254357427615174e-01
6.259659977804146180e-01 5.793185396889346528e-01
6.610718552821237548e-01 6.387253604405644936e-01
6.397384281197717737e-01 5.565143273247317168e-01
4.760685936278102881e-01 4.400078037600634318e-01
7.867366948586654862e-01 9.296339714873450566e-01
7.003162771793551844e-01 7.910313269141615589e-01
4.165477763580056614e-01 4.497203646888635609e-01
5.035238040007128379e-01 4.270376483560327507e-01
7.415967116665150849e-01 6.602905516369758088e-01
5.688111907760073915e-01 5.914803517744395833e-01
6.632371050518126587e-01 7.104691526278035241e-01
6.333405865066250584e-01 4.807245146470052188e-01
4.041828407419391089e-01 4.405838701897700771e-01
8.971146597605873518e-01 8.214830147673911620e-01
6.503781576699352307e-01 6.532240098400676764e-01
5.291434941174595341e-01 6.725542990460577908e-01
4.373430930606302947e-01 3.660008607281968751e-01
6.992084699980686269e-01 5.755699461848039489e-01
5.792999661832639591e-01 6.488576912487050707e-01
5.715035820924233567e-01 4.675679205304362762e-01
3.315177208756700522e-01 3.071224985741204949e-01
4.390457519491068883e-01 5.361082446146053782e-01
6.308078347421264276e-01 7.233392962010478655e-01
5.396275717211225231e-01 4.759994625739273899e-01
6.366130060914251265e-01 5.826563237160761188e-01
3.959528600738942417e-01 3.197372196524343457e-01
3.668959474183299263e-01 4.099375603548798819e-01
7.987317280592751700e-01 8.249071364500781822e-01
5.386503754411028355e-01 5.852020691578930789e-01
5.161126947218355188e-01 4.692423794229891865e-01
4.068344547630495800e-01 3.882669642275531352e-01
6.712072651971737747e-01 6.773992784205921103e-01
7.202848295158138514e-01 7.040347712564759552e-01
4.448132696345959425e-01 4.393547540986257327e-01
8.412833963134983550e-01 8.055331308370606846e-01
5.047518001029198675e-01 3.996761099112066118e-01
6.337217841892816006e-01 6.193044823814152222e-01
3.915265167184864836e-01 3.959350665504397515e-01
7.174604757244347208e-01 6.803490957338560463e-01
7.852671549158701803e-01 7.267862971932766980e-01
5.093863266678014812e-01 6.386057131471628567e-01
3.103471045410912676e-01 3.799120236117959903e-01
6.272856819923413596e-01 5.446786960165221902e-01
6.150337470433060449e-01 6.639316956630634259e-01
4.116894751476697922e-01 4.976127426025088174e-01
4.906832014891491789e-01 5.608202651967584274e-01
5.315323848806409179e-01 5.141756513201566348e-01
5.642572508252291508e-01 5.509881701690010347e-01
5.271874016393983675e-01 6.091468098537976550e-01
6.600677208592939937e-01 6.151442927334351829e-01
5.991754543535617872e-01 5.258351600859568764e-01
4.976177813136684613e-01 5.888737635522758307e-01
8.157297888849255330e-01 6.929260998398112381e-01
7.372506535033366282e-01 7.518249518149399124e-01
1.098561841421825669e+00 8.354587977692677914e-01
6.755440592346112494e-01 6.988918772807980462e-01
7.340337057193678794e-01 5.977086606576499372e-01
6.076451351654161837e-01 6.541026606890427697e-01
7.199290852849523636e-01 7.129912812451505433e-01
6.048957766102539546e-01 6.006837874374312269e-01
4.702453544597234858e-01 5.030809808271492489e-01
7.820565918486140911e-01 7.824637060653839571e-01
4.599673670159225569e-01 5.126432693423820242e-01
3.849929259052589092e-01 4.628460138751826491e-01
6.951381614487867067e-01 6.804739290261055951e-01
5.388419595857901756e-01 5.188034117505119225e-01
6.319209880176486216e-01 7.542360022179559476e-01
6.590195298555765469e-01 6.138279709415930263e-01
6.804819943176386721e-01 6.188839376603000320e-01
5.231335319802821182e-01 3.902762161599642177e-01
6.498007841205886148e-01 6.856221764099508231e-01
8.991289375079157820e-01 8.594902990043401525e-01
6.031854722948077896e-01 7.968126606874861295e-01
7.469625406840209036e-01 7.189571992943376566e-01
3.233090744980126607e-01 3.383315941732079613e-01
6.620484792219420989e-01 6.222488070207989885e-01
6.523944516774967672e-01 6.739828742339314394e-01
3.676696596554712704e-01 4.247277976493815110e-01
6.061425825461368433e-01 6.477209506428875940e-01
7.589041802376800261e-01 8.138349363608375908e-01
5.589513838756375863e-01 5.602451459629432806e-01
7.160448395058814919e-01 8.209299295342679104e-01
4.125188598562406495e-01 3.013958363078602098e-01
6.805144410432975022e-01 7.532163806516469773e-01
8.731897560914917422e-01 8.948787931205873791e-01
6.389092205465248808e-01 7.084512744063190537e-01
6.901484555096124573e-01 6.329586927745292080e-01
3.689662214198841661e-01 4.104958158087571030e-01
6.173375192879241302e-01 6.300146024579015291e-01
6.294426901095362403e-01 5.818009093896858719e-01
5.111649249899772318e-01 6.083625518770654494e-01
5.516099085905759036e-01 6.428883639541429496e-01
2.525637888065358494e-01 3.535327786986212084e-01
6.117525964701931995e-01 5.995124929917959866e-01
7.704457533708956030e-01 7.655945003178065145e-01
3.680847634301983584e-01 3.348450961780471413e-01
8.431785179361399596e-01 9.112303848860101585e-01
6.011837465395906133e-01 6.565455782248537098e-01
5.907481732734818358e-01 5.808046659326078220e-01
6.242899324087003432e-01 6.561650614467227083e-01
6.721151459621559354e-01 7.143675578274699678e-01
4.766693992529051904e-01 5.393335744130403064e-01
4.339930222584288400e-01 4.427511502650165465e-01
4.808113916488442330e-01 5.351341896524021147e-01
5.575316618003327562e-01 6.582686114943165911e-01
7.412347397460868903e-01 7.517996556805800479e-01
8.017335148573193626e-01 7.895372390750129421e-01
5.080659659061467215e-01 4.745874810511631625e-01
7.551225384808124552e-01 7.191579063488604540e-01
6.400470842494436763e-01 5.274975374592691946e-01
6.427333487723232430e-01 5.053686856858135013e-01
6.324118274771836079e-01 6.731423590177197935e-01
7.525229596062559256e-01 6.395965380403993983e-01
4.443163225603614097e-01 4.632829604411952684e-01
7.329633494398479776e-01 6.639960836436982206e-01
7.817980665180526145e-01 7.619222087869477189e-01
3.676841165445851600e-01 4.005136258752672318e-01
7.029183982869416925e-01 7.126757880715469673e-01
3.760828550270076120e-01 3.625417796933789183e-01
5.246527862000875952e-01 5.686559999854847725e-01
8.088758095157645434e-01 6.965862434586468366e-01
8.744426362249584361e-01 8.680042083339158943e-01
5.000083305245498488e-01 5.061920039197990162e-01
5.013594721572867119e-01 6.335424083572460674e-01
7.257511235603302246e-01 7.927281093422078317e-01
4.061809260803430632e-01 4.474518018421377308e-01
7.456803466239086964e-01 6.656486732279384144e-01
4.684471941906892534e-01 4.449132254244908546e-01
5.666112520611643610e-01 5.339396815942127894e-01
4.904235095179139692e-01 6.914519282872184647e-01
6.342305382904618316e-01 6.662044625797556296e-01
5.302756047024436148e-01 4.048479968271833096e-01
8.350199754951759257e-01 8.260395094976833441e-01
6.331109389537630250e-01 5.808605938112743061e-01
6.217676545396284560e-01 7.544404716918684528e-01
3.551332174030702449e-01 4.157385866145625331e-01
5.713259066939538888e-01 5.427909938180232041e-01
7.482213818832884611e-01 5.782487240255914651e-01
6.335054488326422595e-01 6.253548894452033435e-01
5.785025841335745822e-01 5.703251441944628963e-01
5.040795190037794526e-01 4.539305998859514135e-01
3.985786667808576822e-01 3.407080579044263202e-01
5.900290701837562768e-01 5.931801301292267681e-01
3.864154910780404073e-01 3.731116490744272873e-01
5.602047569894313961e-01 5.433251654863059388e-01
6.141866015840967696e-01 6.549449072378524805e-01
7.621722181625990578e-01 7.439402398923659065e-01
5.619129753283416129e-01 5.511391104517460171e-01
5.424846885253297168e-01 5.315581331039055391e-01
6.952508932857422996e-01 7.305385470041921847e-01
5.285643932014186808e-01 5.883586707714826280e-01
8.824905142762502486e-01 9.479858628802657616e-01
5.702561294657659818e-01 4.787747842966671996e-01
4.331444475200805777e-01 4.377120294516086418e-01
6.886825640018496841e-01 6.763721616491480404e-01
8.368170922875858286e-01 8.656906101283968757e-01
6.401096827680561319e-01 6.452500759776613748e-01
6.620719338737346416e-01 6.556203157610607235e-01
4.194667508498048925e-01 3.273500582616203358e-01
6.389386359657724945e-01 5.804326983621981295e-01
5.539391918184238817e-01 5.953053861002585156e-01
9.155620340443575422e-01 9.103756966304308307e-01
5.865438548375205841e-01 5.128937027890543288e-01
6.444923055200117989e-01 6.627773001188899116e-01
4.650577474483955087e-01 5.331456750765468655e-01
5.859259949863618866e-01 6.403257051077807516e-01
7.331402904271431265e-01 7.023936054667057061e-01
4.241360040625720140e-01 5.363521775869732888e-01
7.881662334817447491e-01 7.479185172006499460e-01
5.675847178138639926e-01 5.585948763450601096e-01
6.876759227897938365e-01 6.413882921700330142e-01
7.385783571460892150e-01 7.234477729811125135e-01
6.974921505355579088e-01 6.892926757708836005e-01
8.087436942352469460e-01 9.020123431260859137e-01
3.899927847718183127e-01 3.668807499802215766e-01
5.027270976456891249e-01 5.287216782509364110e-01
6.486347812647885736e-01 7.011968515686917147e-01
4.821340801057747982e-01 4.665026625504199997e-01
7.032218744848131031e-01 5.939283871967533379e-01
6.279619706835483095e-01 6.453652024636963302e-01
6.899808889574702286e-01 6.162295546020076786e-01
6.109847766212551656e-01 5.205509640960247486e-01
3.818766588002411866e-01 4.794185852208274201e-01
6.442931958387485558e-01 5.399962245025129448e-01
5.034410458476328287e-01 5.389154659232759936e-01
6.033229596259146454e-01 6.197937913872473281e-01
4.950219357948747456e-01 5.009554081022326022e-01
5.305233776667702683e-01 4.776911668298212676e-01
5.222240418901387127e-01 4.928617670338839019e-01
5.679225986949034688e-01 6.323876843322981944e-01
4.641731359338837071e-01 5.338388180267935601e-01
3.292506333618964165e-01 3.957854078960478805e-01
2.989566228717325247e-01 4.298193887030580251e-01
5.900655576801180358e-01 6.474516267046080964e-01
5.971445293735505588e-01 7.237521805243402051e-01
4.426720266411544591e-01 4.439084028812211313e-01
8.917647781830285725e-01 9.771647989082129504e-01
6.428152906551393153e-01 7.293708425867767575e-01
5.735326022292971393e-01 6.634435851309975485e-01
6.003949945257596177e-01 6.752821726696474069e-01
5.557295402571839071e-01 4.661195540915333835e-01
7.067370591203344654e-01 7.111668394847877606e-01
6.756868241061561031e-01 7.073883816057385809e-01
8.012800526250108968e-01 7.641854476789297079e-01
6.709858484645953025e-01 5.397587315690691723e-01
6.872582373619853247e-01 6.150583700360037209e-01
4.390444075257684542e-01 4.237327789629700137e-01
3.614215572387645681e-01 2.736316439040006321e-01
5.449418296644774617e-01 6.513386841897554902e-01
3.313674520536060708e-01 4.321796018291905739e-01
3.903593470315353531e-01 4.989908142904036503e-01
6.954891769091555709e-01 7.052256432479242498e-01
5.177343565577477991e-01 5.314152302571207853e-01
4.932394442661718892e-01 4.567965060852692827e-01
6.924013650233580286e-01 8.448990514641725458e-01
6.481159422679082516e-01 6.484365101007957266e-01
5.959502413991247805e-01 4.995172178760219905e-01
5.349694207349704467e-01 6.454752849229541400e-01
5.973779486932276894e-01 4.300504125371439335e-01
5.769893262870976480e-01 5.772861758694517453e-01
7.386652583407006256e-01 7.168823864360788223e-01
4.172128914537014954e-01 5.786019386907296225e-01
3.028882723582226322e-01 2.990064835106673313e-01
3.293581685652230417e-01 1.873888995893781828e-01
5.828769818574276451e-01 4.554273509333183201e-01
6.013278161248328813e-01 5.459760577369016099e-01
4.204098554495387940e-01 4.886578418226745768e-01
4.903846723821740916e-01 5.580115743748401691e-01
5.025962567304518291e-01 4.965879591952498950e-01
5.760977743585329325e-01 5.160285071515289257e-01
8.699225630600077031e-01 8.600817085499520287e-01
4.942937967334375404e-01 3.830177170508863860e-01
7.892321369495841621e-01 7.197204603348689167e-01
9.279249987152417001e-01 8.547000970460499891e-01
7.146604924574699869e-01 6.411240767152921460e-01
9.404091878202700538e-01 9.063177098757981831e-01
6.918263782411483431e-01 6.454953562317896631e-01
7.011542275507786082e-01 7.054957199639318999e-01
5.874407959236377375e-01 6.062466696096037166e-01
6.952907763146389808e-01 7.551226773201709097e-01
3.861872896984617221e-01 3.753930628041199924e-01
2.549482536518571374e-01 2.739055903943031778e-01
5.335740857685604688e-01 5.129677343997025574e-01
7.051341789400370486e-01 7.892228203155816635e-01
4.527095043469361313e-01 3.449691704810794457e-01
7.013552718653377482e-01 7.729710580094824035e-01
9.527470347685573770e-01 8.670203002101470879e-01
5.115679409344607853e-01 5.427867200331303321e-01
3.415263044966070360e-01 4.233619439897411407e-01
8.372811644210030879e-01 7.925028375293413641e-01
6.146968072987646359e-01 6.818925168280496329e-01
6.192112547440196124e-01 6.108741355284625918e-01
5.437221645607002163e-01 6.812568647396330945e-01
7.567764602927846695e-01 7.151579100554090740e-01
7.018456157416448349e-01 5.193190276813464124e-01
6.972331609259512231e-01 6.166666630303687668e-01
4.522979338867724186e-01 3.740853516725669570e-01
6.716448878044494197e-01 6.465104999800923569e-01
4.406887976434399334e-01 5.032456607801902848e-01
8.156153984059363315e-01 8.489812617066584410e-01
6.352719362264865888e-01 6.778131526288614372e-01
7.660457943914024126e-01 8.903765610321124901e-01
5.859191217472518032e-01 6.183472748492812032e-01
7.759994202346088832e-01 8.062921279836497979e-01
5.333732680042487795e-01 5.622947583418965722e-01
7.144763297762835030e-01 6.021415597963195587e-01
4.117865998727327503e-01 4.484350067698695264e-01
5.188834891696688656e-01 5.800161473572503779e-01
3.629103556005107700e-01 2.303058093638636061e-01
5.947701062241835812e-01 6.634121052172748945e-01
5.697216774249540538e-01 5.189907012102650263e-01
6.307433305979288640e-01 5.870557095243222889e-01
5.249392490756216167e-01 4.880189836546694471e-01
7.767422685995845066e-01 7.471474109306771583e-01
5.994308581017010473e-01 4.999176914674460792e-01
4.603107752835263189e-01 4.568143635510721334e-01
4.894257311418664380e-01 5.584547518795852650e-01
5.192144390456112646e-01 5.824049352954221437e-01
3.520778803990400330e-01 3.302200843710507150e-01
4.953971056619178026e-01 4.570491290081540314e-01
6.881636491066553951e-01 6.833948135244181099e-01
7.929105803058055235e-01 7.274616846018503447e-01
6.162697274019290905e-01 6.428497451665411422e-01
9.074914924687479401e-01 8.153461124983570896e-01
7.931195552033364349e-01 7.887262563685958350e-01
5.580139344413962421e-01 6.003049943111052889e-01
4.394046187455900032e-01 3.719183029775913196e-01
5.575006164791814767e-01 5.817474497211277962e-01
5.117872020244590425e-01 5.763378952468690697e-01
6.425196830125738945e-01 6.586141104457172712e-01
5.673661201654470743e-01 5.540628775817918461e-01
5.992709611438017392e-01 7.055774487026208464e-01
5.443141618385056724e-01 6.071673717487908739e-01
5.087222827643388401e-01 5.734508785473365622e-01
6.770185124189757042e-01 7.040156929415534171e-01
4.442348150241760552e-01 4.587806507834287784e-01
5.698941941054858074e-01 6.212514203893906295e-01
4.992694876864143261e-01 5.746599943434838043e-01
8.065869026536641728e-01 8.063575853891370437e-01
5.189120395869307734e-01 5.683951851317595727e-01
6.004205924881410583e-01 5.901092082613640377e-01
7.534955134393004350e-01 7.151419815445483330e-01
3.521538908757574360e-01 4.287034821342116109e-01
5.676706799830212313e-01 5.648365054209177893e-01
5.382060017922477568e-01 5.705467764947832476e-01
4.602834302304912306e-01 4.061752801361276921e-01
5.000772803807721489e-01 4.367477824017914068e-01
5.741374814672339788e-01 5.729521205263019556e-01
4.455311156660315408e-01 4.560463149295858054e-01
4.380752034868085620e-01 4.639275595049370815e-01
6.249372932112210455e-01 5.697714200393461104e-01
6.614672640073947507e-01 6.274014641285704519e-01
7.212002021565960819e-01 6.734412465095708233e-01
6.142061447582126688e-01 6.997778480072401885e-01
6.553148262342968211e-01 6.121913771725818743e-01
6.383203352740668413e-01 7.770122959960964470e-01
5.285194450727258575e-01 5.069901959204506925e-01
7.216684549600446141e-01 7.146978684866046594e-01
6.866119115852111765e-01 6.113852931093755050e-01
7.434078831662223052e-01 6.717456003705477574e-01
8.917485642798302914e-01 7.519877194356526795e-01
6.548444260792941618e-01 7.420072847865065713e-01
6.292488332695984621e-01 5.986071446627465598e-01
5.001005672264613455e-01 5.458668930623267190e-01
5.136238188146090566e-01 5.451152993226463517e-01
5.468042177199324838e-01 4.852740249643239800e-01
6.440804136041212713e-01 7.322749759957617455e-01
9.183912960255992131e-01 8.271350430927842945e-01
6.243971982420284395e-01 6.824407171240836067e-01
