5.883442720846028262e-01 6.717793787678552064e-01 6.533897597983847616e-01
7.086747139380654703e-01 7.279080334065004543e-01 6.763358051456156428e-01
5.754390395682931203e-01 5.132196986173821474e-01 5.987661892922133688e-01
6.813329519260388212e-01 7.212364871682671597e-01 6.899801448189027964e-01
7.596314765807399283e-01 7.558048633257952176e-01 7.386779610942387775e-01
4.999231564724740950e-01 4.827290239504171687e-01 4.478318866079192828e-01
6.371083461211088927e-01 6.281844109309518975e-01 6.651992746221110364e-01
6.944491483399897191e-01 7.375412803741573375e-01 6.326867278327938937e-01
6.484155089252102711e-01 5.615453895906388215e-01 6.465119621180450693e-01
5.080475607294684393e-01 4.940004213103099118e-01 4.642912620633564691e-01
4.858011429128825109e-01 4.301704574644298895e-01 4.825853154527623423e-01
6.385277580675844389e-01 5.627564701807959979e-01 5.913147629314333686e-01
6.673021244376197147e-01 6.193742764991935212e-01 5.796129303641711639e-01
4.820799566201593445e-01 5.136448806092031028e-01 5.212328529483116757e-01
5.188182585759179011e-01 5.416712340393103897e-01 5.260758015036739454e-01
5.047303886887328783e-01 4.814193078107715795e-01 4.950173731724377135e-01
6.739038308863766202e-01 5.493749449041300803e-01 6.085640294577775444e-01
4.879064199230583876e-01 6.126680562218035364e-01 5.712159951505270117e-01
5.516720139354804875e-01 5.581709868692094068e-01 6.262369867129828904e-01
6.277242423435905883e-01 6.025232359149250705e-01 6.216895191768500029e-01
5.254516903626995639e-01 5.426896393267449659e-01 6.102043871674481812e-01
4.898534490733112423e-01 5.181890893890446215e-01 4.755692763961942293e-01
7.701129468449843252e-01 7.294437815614945864e-01 7.328402205545913040e-01
5.642884347279923940e-01 6.503951483367420572e-01 6.614150124668216613e-01
5.738737813967033086e-01 5.993471805239645178e-01 5.906581454737660497e-01
4.930175516637047006e-01 4.763580502634840452e-01 4.724365131299679832e-01
6.680257787582798423e-01 6.781355003993134734e-01 6.672093978310734697e-01
5.390484551764531673e-01 5.881309911482092145e-01 5.833287849046417950e-01
5.137980459366380259e-01 5.089842496296463903e-01 5.324718246190481841e-01
6.353438173746378537e-01 6.683433673646564932e-01 6.117553771581756283e-01
5.598270525789794672e-01 5.367084444408255495e-01 4.982568494442744522e-01
7.348502890995344261e-01 7.136783157133346212e-01 7.025159533521703192e-01
4.686892028155783541e-01 5.439082790912780352e-01 4.779226152583351261e-01
4.189057421665742798e-01 3.829469794303510533e-01 3.249167603627811651e-01
6.999648917342651266e-01 6.793226146405361154e-01 7.772425422055120325e-01
6.594558031689863320e-01 6.321098638624685906e-01 6.512937506538196697e-01
6.006839402547924367e-01 6.165782004737192512e-01 5.970457833742948139e-01
8.031936299984325789e-01 8.197945346310495651e-01 8.271584517715787621e-01
6.136282888606617858e-01 6.492760943850931499e-01 6.208600903065324417e-01
5.716439681990496124e-01 5.817845587234949933e-01 5.480118134137466068e-01
5.788429674418010817e-01 6.038046042478431019e-01 6.016110475820076742e-01
4.012976115909542840e-01 3.573444095503907625e-01 3.480918885686740682e-01
5.176469772348905041e-01 5.699110062673856669e-01 5.241429152915427769e-01
5.215897064092949176e-01 4.980018415603806314e-01 5.084126536721743639e-01
4.965643093690439991e-01 5.042778517649563197e-01 5.147350452997296877e-01
6.094678438125235020e-01 6.674514568779615908e-01 6.286740125259095979e-01
4.776589478094974139e-01 5.229175488262534088e-01 4.892772498456690600e-01
7.207141915949645261e-01 7.157597661984930193e-01 7.273107755470166191e-01
6.896314574242877748e-01 7.739910070194395697e-01 7.416562442910843433e-01
4.802617925236782326e-01 5.285105071164533097e-01 4.662657400324449197e-01
6.616235204730015473e-01 6.627407816077398595e-01 5.674608734284330991e-01
5.817083032536246590e-01 6.782700653486878339e-01 6.146748610876631158e-01
6.103087103229644095e-01 6.227989961865125768e-01 6.917617155363527948e-01
5.596852979452150434e-01 5.558355459517810848e-01 5.380756352136792930e-01
7.468632524063053557e-01 7.993444900711298429e-01 7.499499672584480914e-01
6.071245261957076700e-01 6.449772479585806906e-01 5.700499643638767822e-01
6.210713879673952498e-01 5.992362818478736974e-01 6.017061176218998497e-01
6.827217108071690355e-01 6.386249507118636481e-01 6.470718597923360571e-01
6.733019621667301058e-01 6.698919967855212487e-01 6.213287042250139613e-01
6.284322526745927950e-01 6.174541210767499066e-01 6.541828620477984080e-01
5.811561967343860102e-01 6.629467830808527529e-01 6.619653240105755065e-01
8.584620132068619958e-01 8.489496030043421904e-01 8.618786822386620416e-01
5.841906280221386139e-01 6.101840363965492786e-01 6.144382421136541650e-01
6.660675649955652977e-01 6.312724006089507345e-01 5.521894530577627913e-01
6.411157473439478283e-01 6.443952993623978109e-01 6.146373754457942207e-01
4.928624530741337328e-01 5.298157153880680426e-01 5.075805590912104703e-01
7.292344184375917360e-01 6.642252192868958183e-01 6.758515720409578043e-01
8.923359066071129275e-01 9.301248567972328907e-01 8.454552781040965970e-01
5.052158185349362451e-01 5.242185305640683080e-01 4.813243665464298493e-01
6.543960414416417626e-01 5.628451224239396922e-01 6.379509475308610122e-01
5.876802047371967319e-01 6.682357192272253554e-01 6.255484295831161834e-01
4.876498742040896173e-01 4.827064392023027728e-01 5.141066075479314712e-01
6.956471417555374348e-01 6.705409428706323727e-01 6.973879295833135261e-01
6.322800171731690622e-01 6.177511655765436371e-01 7.000670440039976627e-01
5.401985761750031090e-01 5.684379009755279322e-01 5.665456573340659219e-01
5.765015420270925839e-01 4.884129949139999760e-01 5.291391287347315675e-01
7.856023748508134119e-01 7.942590184860611746e-01 8.351333079586917840e-01
6.148049792047985962e-01 5.955049221586484753e-01 6.231296903743495097e-01
4.593510458165022681e-01 4.592372445624836597e-01 4.397305066219817649e-01
4.836260094858518821e-01 5.278237477983339643e-01 4.936228165621333597e-01
7.136066957492015472e-01 7.430940329187796234e-01 6.876136374189785183e-01
7.828806585405139185e-01 7.317014070983752783e-01 8.164785545131616473e-01
5.144445183342121197e-01 4.718639463049654204e-01 5.004140072463402200e-01
6.487878609630736149e-01 6.604030736638588639e-01 5.959185731274950770e-01
5.693737864350527644e-01 5.771014485992638221e-01 5.284083875995080337e-01
7.925522688863293475e-01 7.830009452239634626e-01 7.359252774167347466e-01
7.630826105180917862e-01 7.356523906851997197e-01 7.270552201441912166e-01
7.137001117115665538e-01 7.124126620329572779e-01 7.200994166194232271e-01
6.503523305339981020e-01 7.137793751357859318e-01 7.193696083309888412e-01
4.669217826835465046e-01 4.675745849321391590e-01 4.797964189580263827e-01
6.046058493378020371e-01 5.460147094542912027e-01 5.935391327940474637e-01
7.465059627698937827e-01 7.575050349929780547e-01 7.477227140382896042e-01
7.407241497916520201e-01 6.690641148685502193e-01 7.359100892291987606e-01
5.407859115600304190e-01 6.178216728976572147e-01 5.754673739160853785e-01
6.759541719443580288e-01 6.703070106676172202e-01 6.947708193789403630e-01
6.691271351975227599e-01 7.447380168766998265e-01 7.428985973478934302e-01
6.312654941319777446e-01 5.754932726507606677e-01 6.090128066771568482e-01
5.235830075534014805e-01 5.632363669852255006e-01 5.803467814055809360e-01
6.792010746525507514e-01 6.775842076331211050e-01 6.232848289533692299e-01
4.991895911663910557e-01 4.917148384026346908e-01 4.530345057063934200e-01
4.735356555941669932e-01 4.191081656550497136e-01 4.730178233982800795e-01
6.184296589973555802e-01 6.303294991452477181e-01 6.850166555828813841e-01
6.206632928058782861e-01 6.511425115129867436e-01 6.148054901867389122e-01
6.707419579981128699e-01 6.526037169628091661e-01 6.427578014838567499e-01
9.004071521326137972e-01 8.766437920728352706e-01 8.924236816252796300e-01
5.117866716521523029e-01 4.850873852152430832e-01 5.799095927830277830e-01
6.868316543384005435e-01 6.210504169125407037e-01 7.104610753025517589e-01
3.959378803920184375e-01 4.323184974099135713e-01 3.881404358620859640e-01
5.955162074046319587e-01 5.000239675911737347e-01 5.812548569984934410e-01
7.512018944119380759e-01 7.776250532290912565e-01 7.758593232371319148e-01
7.980327965319026218e-01 7.320147103867237215e-01 7.365270631147656788e-01
4.887215122256711175e-01 5.249535730521387444e-01 5.136265296656891133e-01
6.156200560251843257e-01 5.679646055684597350e-01 6.230505299965106714e-01
8.779254004642323972e-01 8.315470013897543478e-01 7.874489772990803660e-01
8.044467102303689554e-01 7.755252506323252470e-01 7.426552704063228427e-01
6.131843673740769995e-01 6.026579563058526157e-01 6.437603260848490105e-01
5.336495289593750080e-01 5.413409624080210980e-01 5.384386070142588299e-01
5.520737115510250259e-01 5.863216972946807548e-01 5.757738629340561909e-01
5.542625640229084105e-01 5.782402705492838413e-01 5.199051938212241319e-01
6.571529274508107754e-01 6.664675936877704210e-01 6.676766481080375071e-01
4.632449729701967334e-01 5.240663584275231379e-01 5.242707435156807039e-01
3.441312110623610532e-01 3.553154416765965107e-01 3.622491067731756220e-01
5.831657418315012720e-01 4.951841426143303027e-01 5.017277005138769397e-01
5.648196014587428815e-01 5.684639790439175444e-01 5.554144292163123442e-01
6.968616256859668789e-01 6.047635973531110265e-01 6.344192130407898533e-01
5.946667811192677400e-01 5.796727373143679696e-01 6.184525265149901641e-01
5.274764963897573544e-01 5.494239522922973462e-01 4.903748328511321475e-01
6.530423088553771738e-01 6.257305004279088978e-01 6.282921766226239324e-01
6.572154192846515475e-01 6.240949487806779494e-01 6.712168243939856671e-01
5.478716555443008396e-01 4.593051681625193727e-01 4.794263044538196739e-01
3.560485460187349238e-01 3.513286031777707041e-01 3.680783723870897917e-01
4.159004838123919190e-01 4.463753250372053949e-01 4.580199509985111717e-01
7.007411305312415406e-01 6.920769562183040069e-01 7.721587231842371724e-01
8.536313573095374307e-01 7.772810786623951529e-01 8.655098074511571316e-01
4.159445183251331279e-01 4.077420101963525334e-01 4.445419560033865847e-01
7.246050810153622512e-01 7.312327560782970748e-01 6.915212321517556493e-01
7.840068066047973794e-01 7.996255612325072759e-01 7.729442556731046521e-01
5.968672167496771319e-01 6.827688382893728480e-01 6.106473282675252134e-01
5.578266224293954023e-01 4.933734529380985889e-01 5.145190257932845679e-01
7.305052245017477075e-01 7.145074738177453755e-01 6.881809619569027037e-01
7.542100543063635643e-01 7.694651830193194320e-01 7.690658245384164315e-01
5.769646974558091390e-01 5.617850262982522214e-01 5.740991110869106961e-01
6.679109498930954070e-01 6.753354125900487004e-01 6.628076325746549147e-01
2.644795115091441162e-01 2.595967278622370866e-01 2.573840479012630689e-01
6.727922809398771964e-01 6.933701883331819804e-01 6.535080365522487611e-01
5.990012744565129665e-01 5.670312345040074975e-01 6.012955462943370133e-01
4.814543800087077163e-01 4.740680028091964759e-01 5.107643704814657237e-01
5.510944985702170840e-01 6.265817110903132425e-01 6.690889723953272750e-01
5.002301063960685745e-01 4.862910825844125040e-01 5.190368675222428729e-01
8.099165494323976588e-01 7.783790398126357868e-01 8.033010681686189036e-01
3.727602775323016204e-01 3.663188565730838842e-01 4.008376134157669579e-01
5.099393575288473368e-01 4.998561609499513891e-01 4.301422439678954102e-01
5.445283669956014760e-01 4.820888278696987550e-01 5.056050472746259627e-01
4.402022539655725542e-01 5.063576623925580833e-01 5.182800310836869206e-01
7.873393008226835521e-01 7.497911501867687845e-01 7.686389656653065394e-01
5.616186720746650929e-01 5.081344169910142483e-01 5.668975965616380730e-01
7.945485746110748648e-01 7.914694000915254435e-01 8.424751574872632043e-01
5.088290333511229502e-01 4.693838350022673800e-01 4.422045936881117689e-01
4.340944907781203455e-01 4.695896267346403308e-01 4.479015254567999538e-01
5.579847934261031872e-01 5.990077794641016640e-01 6.153359688009315542e-01
5.141051740297876149e-01 5.528141858193472702e-01 5.280167401241908642e-01
6.745649511072203675e-01 6.773018811193960431e-01 7.036252457251862547e-01
7.918065765644551890e-01 8.419565211817735539e-01 7.726032834692037055e-01
6.613939667556615332e-01 6.232040152379978437e-01 7.078426832261757173e-01
5.173651579318997440e-01 4.668328090403928154e-01 5.120576839834670713e-01
5.127840021187661801e-01 5.111980952811271406e-01 5.176716225006222638e-01
4.484535167727330407e-01 4.934749972152522313e-01 4.712462947628378584e-01
5.355980054753450847e-01 5.631334819301446748e-01 6.407179864354820564e-01
6.661248603385307998e-01 6.813590075767229637e-01 7.170053088630035099e-01
6.704042025128637006e-01 6.808982538953520791e-01 6.676377801482487051e-01
5.622937084869255031e-01 6.379899445453725004e-01 5.241149046650908083e-01
6.150020192365377447e-01 6.984210468942713135e-01 6.592347200958004194e-01
5.419224819737367138e-01 5.975798321262132395e-01 5.770510192215940748e-01
7.390300892467054350e-01 7.161797349378981048e-01 7.035794467358646997e-01
6.507347144122141991e-01 5.204244691952645274e-01 6.119247741059848922e-01
7.528075766959609894e-01 6.867394607407898421e-01 6.300771722698152999e-01
5.265848708514597742e-01 5.065385069006721475e-01 5.410525938745729402e-01
4.684355933604137379e-01 4.732290948504407346e-01 4.887180851073034682e-01
5.789406177984337543e-01 6.037924266245965343e-01 6.084593172260455152e-01
6.962122937235835085e-01 6.980206245021298717e-01 7.270323579925920265e-01
9.091755125666192150e-01 8.329804084008812781e-01 8.722127255132900991e-01
6.393233622436956809e-01 6.067148148033875144e-01 6.148596082577094668e-01
8.567420178539344455e-01 9.187700316510221121e-01 8.606924178364276923e-01
5.362064366070784516e-01 5.151463826956674819e-01 5.384613932376470791e-01
6.772337034014577206e-01 7.145583639198140880e-01 6.737420224655670253e-01
4.823498973342228990e-01 5.006241142476556272e-01 4.438022350793879300e-01
4.930082375372120129e-01 5.389878739716416067e-01 5.484042312358755611e-01
5.273358109920421866e-01 5.449519828965155854e-01 5.240293043517998406e-01
8.099877229221034147e-01 8.587216594483610965e-01 8.226194903557205729e-01
5.190411588192084258e-01 5.233015151295841161e-01 5.581993856924412079e-01
5.113977312420916466e-01 5.134363089786906365e-01 4.867834037153033200e-01
6.502546986453335842e-01 7.033310390788861666e-01 7.094046707371644001e-01
3.304467306307165009e-01 3.189912300224468367e-01 3.616202628117535234e-01
5.288307301986194808e-01 5.855356625261955994e-01 5.952236146769414038e-01
5.657116026038337964e-01 5.778798393736622740e-01 6.281886622270418385e-01
7.689148040372277837e-01 8.125281927326303277e-01 8.514908711517585882e-01
6.452451613790588514e-01 6.339368922648425109e-01 6.284102928326970039e-01
5.822643740316456595e-01 5.257288167930064260e-01 5.636818802648208004e-01
5.419175571747911757e-01 5.107948363118099966e-01 5.363565347103137482e-01
5.645833527976216182e-01 4.853164348646566983e-01 4.788853650274494389e-01
8.262924013991012062e-01 8.451426826033227035e-01 7.943239315747465668e-01
8.032631937542985545e-01 7.413142967501497038e-01 7.954187864010344722e-01
6.208949254982564225e-01 6.033291095558597217e-01 6.097440460794031347e-01
7.158475743702046312e-01 7.206898399323566906e-01 6.955354321491136194e-01
6.494985568585645019e-01 6.593696245853487570e-01 6.943725946525194370e-01
5.959163416605819386e-01 6.076559408114391436e-01 5.850300559285259716e-01
7.739552151860195073e-01 8.036460248303296527e-01 7.953688708919435246e-01
5.592870321515444054e-01 5.855779871518039803e-01 5.755779686679459717e-01
4.879282931227881259e-01 4.968594893583036520e-01 4.759021077912339304e-01
5.833057623909280176e-01 6.382493092901018183e-01 6.175006334526698115e-01
6.642079609221422931e-01 6.414961596015473777e-01 6.935702678325621484e-01
4.764458886105532032e-01 4.689071146834773995e-01 4.590623029058473747e-01
5.661957327703437404e-01 6.220035473059544184e-01 5.982530511267291073e-01
7.845060740808407207e-01 7.155265224280358272e-01 7.595340309036737736e-01
7.097823237507354666e-01 7.306703577363139468e-01 6.838187142809020180e-01
4.938475887381043594e-01 4.703360700641790459e-01 4.264732163157888278e-01
8.819944704696514037e-01 7.821866160941667312e-01 8.542608029356829613e-01
6.843430061234636597e-01 7.200445030817399505e-01 6.559066962322579464e-01
5.538174649419482787e-01 5.574339829712905425e-01 5.675258824761226784e-01
5.893095939915871107e-01 6.054116138899404698e-01 6.294222690345416815e-01
6.375730579015357335e-01 6.094758841064530364e-01 6.000735417058514765e-01
5.302071937312876626e-01 5.528553562052609394e-01 4.944917233132111178e-01
4.756739393490762580e-01 4.563844232822602542e-01 4.440151983189482010e-01
8.521043748260546113e-01 8.129328944459727202e-01 8.347261868631197235e-01
6.759950551485642833e-01 6.717519517327299461e-01 7.301213265288798437e-01
4.017205114744902272e-01 3.937866372339566268e-01 3.685053351133999455e-01
7.255127027485311908e-01 7.350558101210915574e-01 7.277954664534177498e-01
2.514189877174123899e-01 3.557478216197703103e-01 2.995419150608464309e-01
5.345695110346037060e-01 5.902391232862644888e-01 6.439142810831517405e-01
6.803316140100148512e-01 6.970956627710960252e-01 6.657953759300544450e-01
6.432745163748015971e-01 7.237136178765367633e-01 6.560678726613523581e-01
6.932599283139911917e-01 6.568418542045396658e-01 6.487760700811312509e-01
6.743188242651644293e-01 6.520712003374103949e-01 6.740788277357289138e-01
5.281190675370275311e-01 5.654409068839298946e-01 5.148000783541836212e-01
5.998072034767059080e-01 5.691081266441415654e-01 5.937886133796124177e-01
6.403859295248428563e-01 6.965586075126009025e-01 6.806700838022282651e-01
5.237508891221023255e-01 5.131699239442363281e-01 5.371885707305708024e-01
5.872836049156304750e-01 6.236204093265330650e-01 5.714158269063970286e-01
4.434401861753409224e-01 5.144940161790754196e-01 4.638986989936912386e-01
5.211796044351528767e-01 4.562827200781268688e-01 4.573409037669922128e-01
5.360026369601637031e-01 4.799465509231869431e-01 4.286375856995460754e-01
5.334317926980147728e-01 4.878863246177362889e-01 4.352560295740657836e-01
7.330224840038400691e-01 6.681633303269429724e-01 7.611963831082826371e-01
5.827185682233049224e-01 5.576100544749538201e-01 5.807890549678560443e-01
7.423915599155656020e-01 7.650490722318485926e-01 7.126266306838393572e-01
5.902514195534172003e-01 5.646764529842953628e-01 6.072195376740007200e-01
4.421129613733720820e-01 4.900940570738258617e-01 4.386403930617256419e-01
7.164650599542511378e-01 6.889509323168084842e-01 6.919057753212601858e-01
4.285592386987141511e-01 3.760875008085650117e-01 4.396346401956124361e-01
6.827046287859721563e-01 6.356339420108310101e-01 6.419619111572705261e-01
7.664141073617125599e-01 7.393326945915819071e-01 7.226258970170417184e-01
7.472333360723182327e-01 7.051247426699392973e-01 7.443139426011502469e-01
7.058518325761290457e-01 6.884901955762198211e-01 7.439218869572368220e-01
7.730684280877189174e-01 8.041386605544029731e-01 8.050180709381073996e-01
8.757727469653925345e-01 8.188168444236103571e-01 8.576114152929776857e-01
6.511336307040660465e-01 6.969600462768162918e-01 7.337856233769950443e-01
7.594285941385212624e-01 6.759153147921423965e-01 7.318611987354656234e-01
6.001798312758438447e-01 6.119177168321898730e-01 5.547718645330513842e-01
7.008038370677548423e-01 6.622426961238737642e-01 6.292492778868082892e-01
5.411054054870150232e-01 5.308040788612782279e-01 5.472574133033097921e-01
4.953570776888270855e-01 5.103333440645733132e-01 5.339427525499421678e-01
5.625678235951128148e-01 6.583199268559640771e-01 6.216429025449280443e-01
6.113498833698823853e-01 6.329100708704464839e-01 5.933709541451999137e-01
6.651635226315499860e-01 6.718315464937695269e-01 6.915647759309999643e-01
7.087014048204970385e-01 7.012989417040587092e-01 6.732730652663616588e-01
4.367728083932951866e-01 5.037322892011844022e-01 4.519139821156367698e-01
7.609093889889252393e-01 7.807478052949227143e-01 7.970292062128681021e-01
7.214179471909331065e-01 7.299218611001748735e-01 7.072370270193946151e-01
5.331837907646012065e-01 5.342018103044364752e-01 5.257078784391728821e-01
5.301642083158794039e-01 5.756053192930187246e-01 5.256553387689355539e-01
4.956349741832003497e-01 4.987656931878929889e-01 4.788597697688037891e-01
5.763579625862891298e-01 5.652794469387318887e-01 5.899453905561656830e-01
6.768110406594679551e-01 6.479896413144412559e-01 6.780573701628151984e-01
6.376012241842901052e-01 6.177234963406741386e-01 6.331497129422345438e-01
6.266070686429482395e-01 5.909305451128585851e-01 5.926387508364054924e-01
5.066798651489343719e-01 5.186788111837348225e-01 5.343604434630309097e-01
7.703619721548732313e-01 7.905859391893010901e-01 7.119726591139767802e-01
7.460048761966729947e-01 7.929220380543916535e-01 7.626481253589945108e-01
5.634526177316866447e-01 6.209083449014958234e-01 5.491267949802348669e-01
6.471020566645568906e-01 5.936061302082847879e-01 6.804668983101322954e-01
5.866287954122411108e-01 5.631208756612988697e-01 5.486296137011482665e-01
4.760004649900091978e-01 5.137547149856990236e-01 5.673035037293201466e-01
5.451494380409731555e-01 5.792751999299352583e-01 5.639259765676911673e-01
4.363944114542374630e-01 4.219633214281869882e-01 4.768079312589588170e-01
6.772775724644259920e-01 6.454131516503927024e-01 6.667015827347234636e-01
5.758345300898086716e-01 5.676659299761395161e-01 5.867613899674367639e-01
6.544343083222888824e-01 6.732162421729648294e-01 6.937610837630701077e-01
7.741505145207380201e-01 7.867772266502380818e-01 7.760370269160653534e-01
6.778596950050083114e-01 6.405000099001102454e-01 6.764738521178967900e-01
4.678776723806646332e-01 5.068125295739356329e-01 4.739822414011088947e-01
5.731065017468608414e-01 5.860480606621647492e-01 6.055825369072064257e-01
6.351258921327709306e-01 5.824297035782781684e-01 6.502103485016998974e-01
5.934939414563283888e-01 6.185073129445616269e-01 6.324136813693319592e-01
5.715256024872783502e-01 5.438737570008774780e-01 5.197524670763792320e-01
5.402704526679663610e-01 5.315975326633239906e-01 5.458922385085489548e-01
6.115423309977378041e-01 6.160367394497519022e-01 5.622657363619802950e-01
8.159234827493504483e-01 8.017625677807921347e-01 8.891467417277213459e-01
5.451054108823666366e-01 5.177621046584601761e-01 5.155635486609120299e-01
5.787895497860724436e-01 5.405545400862608041e-01 6.330492376209286842e-01
4.615416179671207875e-01 5.257947134755063257e-01 4.570548951237876634e-01
4.046867257588229183e-01 3.910394320592759931e-01 4.067418937537766177e-01
8.056927245365829160e-01 8.078668664886120565e-01 8.264313370332740938e-01
9.289407845753125947e-01 8.881791961264293711e-01 9.203768982939787291e-01
3.021143175240123546e-01 2.637719864636833278e-01 2.789307834682855369e-01
6.685823577500421555e-01 6.745514373712646616e-01 6.816304107803101697e-01
6.134025991690843505e-01 5.507639324566057093e-01 5.222936386207769344e-01
4.818707700634672353e-01 4.582432085006150624e-01 4.963907391745504549e-01
5.237873434356196123e-01 4.965167786734537847e-01 4.801371023286685191e-01
6.147433691994482752e-01 5.532771490367266454e-01 5.104115370506123739e-01
5.434033366388253405e-01 5.216928708923208591e-01 5.970481620898708819e-01
4.933268049511124187e-01 5.021749818390514042e-01 4.547619278551364719e-01
4.990819906736078670e-01 4.692243935250345332e-01 4.815235498980025008e-01
6.471149121190059583e-01 6.483177484949463887e-01 6.739543927825655256e-01
2.363730453227473882e-01 2.492751885743261508e-01 2.552020897998025784e-01
6.120966107162064684e-01 5.190085522129670448e-01 5.641243507711558580e-01
3.364362023577462391e-01 3.672242305126298678e-01 3.392833376993123484e-01
6.672436324555732767e-01 6.437565273053971193e-01 6.089915796063773978e-01
7.207885517620867821e-01 7.755922135236160697e-01 8.002748497436142916e-01
7.269110695257874344e-01 6.970861147325650986e-01 6.819027215485802262e-01
6.767923155851512940e-01 6.872621062037310713e-01 6.255373432872809447e-01
3.574784848873706622e-01 2.306069068069707961e-01 2.259409883502517535e-01
6.175787068421777493e-01 5.966919753517186953e-01 6.250067881044989448e-01
6.841940567252565719e-01 7.170356535773843021e-01 6.850581617372979437e-01
6.506146256806771833e-01 6.426717440401268355e-01 6.019753251212822676e-01
6.998186914078049492e-01 7.439577443751081987e-01 6.973252933091458328e-01
7.993389840582687533e-01 7.816555360613599568e-01 8.393020667810134894e-01
4.196779352338041447e-01 4.601391843330830400e-01 4.285148107951184948e-01
5.142617759182861459e-01 4.789677983355647428e-01 5.850218872758889965e-01
7.601967688702693238e-01 8.022286791938687545e-01 7.983133861739007964e-01
6.491098910184325277e-01 6.351617607702280122e-01 5.459592172346947603e-01
7.536148190781075673e-01 7.919055269388125540e-01 7.632401953280827378e-01
5.364599153464713055e-01 5.973904366474698246e-01 5.703576458500676516e-01
6.124852598794763292e-01 6.546634802245742124e-01 6.313094672335696211e-01
5.119587315608227218e-01 5.370773714707769431e-01 5.963415546411798829e-01
6.339434835491660758e-01 6.244547181870347963e-01 6.547491989789513411e-01
7.064665690902085515e-01 6.438451756923397884e-01 7.553687828290918116e-01
5.744969972900119126e-01 5.996148800692170378e-01 5.852352798981730331e-01
4.416352477827007461e-01 4.808890978515132364e-01 3.742123154156887233e-01
5.131184273716031807e-01 5.279798732824894092e-01 4.780836718677319852e-01
5.234052368504252817e-01 4.417763425217253737e-01 5.028933273932549852e-01
4.655616431242265429e-01 5.156766007904504123e-01 4.904709662577408369e-01
5.767683240504412057e-01 5.665337448577523194e-01 6.116404046784308379e-01
4.663600886973896520e-01 4.624531480678690243e-01 4.875372784040703511e-01
7.881283459626543531e-01 7.414956143217110718e-01 7.497516592467596830e-01
6.444171483164444769e-01 5.868894169367269154e-01 5.884369108166617179e-01
7.791499379076370913e-01 7.312901751755884749e-01 7.577766528910504507e-01
5.581257347183754547e-01 4.713831646428400801e-01 4.313075166017301676e-01
5.383081543620557019e-01 6.187579937354584780e-01 5.266787218136332882e-01
4.038073803064770595e-01 4.286448456095741655e-01 3.400428819524858870e-01
6.916062282789279259e-01 6.663250442833735798e-01 6.606325780555778460e-01
7.456927244349564887e-01 7.251142574890963033e-01 7.582276670119537654e-01
2.580385425670698729e-01 2.609366819112244884e-01 2.759794859450576676e-01
3.030213473731488971e-01 3.673359282490625266e-01 3.675465036653791651e-01
6.376251632730103314e-01 7.238106220092105358e-01 6.832875963744979853e-01
6.512643611835259305e-01 6.736923109542458654e-01 6.255234335638035770e-01
4.481352589268310926e-01 4.484536718579779091e-01 4.377795214843351324e-01
6.868380336821658938e-01 7.020280460383887533e-01 6.941075642350977848e-01
4.397758882942843228e-01 4.482560292932207258e-01 4.533011301549957905e-01
7.275086299226465325e-01 7.618063770561456227e-01 7.148319398154169280e-01
4.973014691989851577e-01 5.186370244279370212e-01 5.002401759421140071e-01
5.551051812968911259e-01 5.523299794711274968e-01 6.616461889351483716e-01
9.235014091906516009e-01 8.963808936660743187e-01 9.492870233549740577e-01
5.032183127698833802e-01 5.788704225116341195e-01 5.887880227977108083e-01
7.325353619060831489e-01 7.202610929541978235e-01 7.883986155125385364e-01
7.864201747834952405e-01 8.242057532045875545e-01 8.866891134928716056e-01
6.191026410837867644e-01 6.512213932124659710e-01 6.469886487483783588e-01
5.167973624484680784e-01 5.888669614310038103e-01 5.580129774593700631e-01
6.686772983574833518e-01 6.607442649405931290e-01 5.970407723826527402e-01
7.093417674075364054e-01 6.815027517495869658e-01 6.650310428964124609e-01
3.601147418757492669e-01 3.818629917990031819e-01 3.172480844247941301e-01
6.822416044408619040e-01 6.390286686952307837e-01 6.854992948289286847e-01
6.033893569970458781e-01 5.618953093684332378e-01 6.692017075619782762e-01
5.344264303090352497e-01 5.498772855548000882e-01 5.703175053710500819e-01
8.308716068006164468e-01 7.843646466040682386e-01 8.132378622763395404e-01
5.080070558702732830e-01 5.666571433289782078e-01 5.744281930152106419e-01
3.917405901425323744e-01 4.412998307929976161e-01 4.173249475714934098e-01
5.584746659497676902e-01 5.882592940081968758e-01 5.549912183687181200e-01
5.818268180194403616e-01 6.364281483563000164e-01 6.552848802306808773e-01
8.791564963548955669e-01 7.639080693473266903e-01 8.534713399676914225e-01
6.600411931284385636e-01 7.321795544322525773e-01 7.051621501382014934e-01
5.881669940846008249e-01 6.155142113360373424e-01 6.351479480195409977e-01
5.233743799339742875e-01 5.375811364095249845e-01 5.278504349440282795e-01
2.637902987815773925e-01 2.598410866861288748e-01 2.988068247873663652e-01
4.420112962369089904e-01 5.272155108904598153e-01 4.768662616834473678e-01
4.869423008158441091e-01 5.146824160620822042e-01 5.141072788140751415e-01
5.483215112576294015e-01 5.994005121806238456e-01 5.929471681130950023e-01
6.973631429437159301e-01 6.491298686205235757e-01 7.150683028215621961e-01
5.341293247489995455e-01 5.573277639748437373e-01 5.112416878017335131e-01
6.449570877560075743e-01 6.751998303912302157e-01 6.905406851360592624e-01
5.821631182071993482e-01 6.104191959831121173e-01 6.381473614023696062e-01
6.576109478921328133e-01 6.152394891738449667e-01 6.389854077975298807e-01
5.511549443638447121e-01 5.133746991370952140e-01 4.947843834642515204e-01
6.028057232467574078e-01 5.429267422017944877e-01 6.246136906128207933e-01
5.935238994846661065e-01 5.921998236081503775e-01 6.227601846026159516e-01
6.479517892200621354e-01 6.480523880228237221e-01 6.520096141510268728e-01
2.556625087345162362e-01 1.838961592065465334e-01 2.665885912043975403e-01
7.662972784967800877e-01 7.809122484385335738e-01 7.351761084022839787e-01
6.521898612417358354e-01 6.102984233440410522e-01 5.902435977747050311e-01
6.909354228842827794e-01 7.733022518831568215e-01 6.556744776858097756e-01
6.844097758382836627e-01 6.931553827833945025e-01 7.337904633180313274e-01
5.725624108853795136e-01 5.881588737994554172e-01 5.299644245484409488e-01
3.477905235593354849e-01 3.582659798663982986e-01 3.305998323377329906e-01
5.664789771293186060e-01 5.167691589565851507e-01 5.977701852336595456e-01
4.396329418388053578e-01 4.470739058921235354e-01 4.731858702364209468e-01
6.697796982107871999e-01 6.324440754916339502e-01 6.095639518635554976e-01
7.540324927225647844e-01 7.370448392972961393e-01 8.727242522308913397e-01
3.457634031180292777e-01 2.852805426277154610e-01 3.724427929870011145e-01
7.896257350132964703e-01 7.358355123841786583e-01 7.688729053797984658e-01
7.597767529254704222e-01 7.303547291145695564e-01 6.440739057228729303e-01
7.301978559951400882e-01 7.045935214084335652e-01 6.125064501261008321e-01
2.532527883136990177e-01 2.987082344613835039e-01 2.767346355358403232e-01
5.732109377061418432e-01 5.332949362577431573e-01 6.196885988174841708e-01
5.835453334741348419e-01 5.360372469168894760e-01 5.479081236210631145e-01
5.314199599584462641e-01 5.366019041132343848e-01 4.922951901079392067e-01
3.657189100724176356e-01 3.742034266064713233e-01 3.922645505945051014e-01
5.972233284606238701e-01 6.972722498944864400e-01 6.202162156579938967e-01
6.678785232597936883e-01 5.934354588947856612e-01 6.711540549763863606e-01
6.502640055307593592e-01 7.145069258810909929e-01 6.712049737057128596e-01
6.463396720407517115e-01 5.541448106202357948e-01 6.246884701333375034e-01
7.354164710608813715e-01 7.176599103741084784e-01 7.100109470418916047e-01
7.275500959759867436e-01 7.192421680281622098e-01 7.243422689425902394e-01
5.961048163259697885e-01 6.410331802645803378e-01 6.328437656370179409e-01
7.380040592756329509e-01 6.854918509505888435e-01 7.314222956651037499e-01
6.815711513427217261e-01 7.130180006448187946e-01 7.313599916939073076e-01
5.836789371234745172e-01 5.217752081913993312e-01 5.240664569538944217e-01
7.513584574817251394e-01 7.846779314340533995e-01 8.043501112018444088e-01
7.417435123623986604e-01 7.545926731485994576e-01 7.316049898970555798e-01
6.736272948420631845e-01 6.609511659024150942e-01 6.053185629415316349e-01
7.714170680109755374e-01 7.218431549327685159e-01 7.817625020340078779e-01
4.374592843344459192e-01 5.215049797639769169e-01 5.064018164308004000e-01
5.603627983193567585e-01 5.433663548560722090e-01 5.646723083661467912e-01
5.174830920246212829e-01 5.764579303029084834e-01 5.715504426613127187e-01
6.178358356813679064e-01 5.667061563592338258e-01 6.000954040471219164e-01
5.679126284085102006e-01 5.678463072035846437e-01 5.100213536904605327e-01
7.020834445290214942e-01 7.335880321728198705e-01 7.324798991750737231e-01
4.801133593656559118e-01 5.064281050454306765e-01 4.111024497115411402e-01
5.448988156975813624e-01 5.530060405274622726e-01 5.693051526217992597e-01
3.704609453514633444e-01 4.139309267341139131e-01 3.785443404953666158e-01
6.042348283648478757e-01 6.173603580431101800e-01 5.627318401106949919e-01
6.874741255394943851e-01 6.195443540834134621e-01 6.740213511046357908e-01
6.338368849053713783e-01 6.168217101092384747e-01 5.968415335544199340e-01
6.497371025151011947e-01 7.028465423765902775e-01 6.795946473035814339e-01
4.732297249573026443e-01 4.126181531105196920e-01 3.729177443424641081e-01
4.604553538444733918e-01 5.184885306767701429e-01 5.808958783421195315e-01
4.981029827843803659e-01 5.049395401585414778e-01 4.577551322320060345e-01
4.448117963141640097e-01 4.746077136962819631e-01 4.097442332186401748e-01
6.355103274571517469e-01 6.724885212346681795e-01 5.968919916773018919e-01
6.304335549185589027e-01 6.427348042536538131e-01 6.615330396572894900e-01
5.971975554642423578e-01 6.261803501064783228e-01 6.441715076639015214e-01
5.765477414923841915e-01 5.729415462881618515e-01 5.468750760103178177e-01
4.893111525507130577e-01 5.014975789560632835e-01 5.229535191561897056e-01
6.362931777804251565e-01 5.656513621347484255e-01 6.045431838149895043e-01
5.551376750851644282e-01 5.670080606177416715e-01 6.053086765698756366e-01
5.393582213592554853e-01 5.678433463308472096e-01 5.926526496389186160e-01
5.570061747202997848e-01 5.384837551876937578e-01 5.482439297394363642e-01
3.219929104065611392e-01 3.570168678058123768e-01 3.436221580620040794e-01
6.267423309248966179e-01 6.302674317572679596e-01 6.037129145119572993e-01
7.474704885306575619e-01 6.959642025869828830e-01 7.026045139249496030e-01
3.850413422068857949e-01 4.344396027066810828e-01 4.612329279009970140e-01
7.473277941663424295e-01 7.368486631329177472e-01 8.052196411624535921e-01
5.501626463874143003e-01 5.131706189007646524e-01 5.039933204532700550e-01
5.437401685939495799e-01 5.805055917944107469e-01 5.528809930105972326e-01
5.769592792330280329e-01 5.354363433243345405e-01 5.748699936178485181e-01
5.916501523010211372e-01 6.069758871253587706e-01 6.103294507901112498e-01
6.961006979043385945e-01 8.002256591389528273e-01 7.229578563890498577e-01
6.212656842532570112e-01 6.180203568340743026e-01 6.531179035993269766e-01
5.660994232334684018e-01 5.636016364782744370e-01 6.026800214437317837e-01
5.049479025437064728e-01 4.933185096188094643e-01 4.585766435121306772e-01
4.496524282978193177e-01 4.871140281551043505e-01 5.303174634000999976e-01
6.685520366459712926e-01 6.681591413539232915e-01 6.633484633423336607e-01
6.197010953191187665e-01 5.584746352834728533e-01 5.789603027729645079e-01
6.788400114908728078e-01 6.970852535579360465e-01 7.370679674552356175e-01
4.966748658448929543e-01 4.507542729465905951e-01 5.450109159516942636e-01
5.188236211597686554e-01 5.385889896444390201e-01 5.756319242660157265e-01
6.501811660475286248e-01 6.820143490873278314e-01 6.116916525850520925e-01
6.842414046491344104e-01 6.275585026773372599e-01 6.226154769898711860e-01
7.094641499665955697e-01 6.275509237117459227e-01 6.176157014841207049e-01
6.943760847888154064e-01 6.899986672594511372e-01 6.899855078670081854e-01
5.735576689124358696e-01 6.073121623098060029e-01 5.630895018660428963e-01
7.490331860895431682e-01 8.490572884785501095e-01 7.629618276029743740e-01
7.261240505202629647e-01 7.298812953427497030e-01 7.363467579980162991e-01
5.941490150238117884e-01 6.016391786704856637e-01 5.627676990525692924e-01
5.263315417929702589e-01 5.433660179616813801e-01 5.695770370745595335e-01
4.736374356647933825e-01 4.643356254709562481e-01 4.660953284378311912e-01
6.283486327189906628e-01 6.565230218404503049e-01 6.299734745721348173e-01
4.830673896336661888e-01 5.290972636646434912e-01 5.344434830882880405e-01
5.676500561295434455e-01 5.435274458724838054e-01 5.400684454720120486e-01
7.376650672723054081e-01 6.827607797117448696e-01 7.024507859094134554e-01
5.968333415437189204e-01 6.297324642532479144e-01 6.639140291323829546e-01
5.877793626755454248e-01 6.745223194118434851e-01 6.599092144516169878e-01
5.448085107187681242e-01 5.477440420248882447e-01 5.111972795202864850e-01
4.540637720422807666e-01 5.027591887564509809e-01 5.445855182237167025e-01
4.999533693970414361e-01 5.012942899549341913e-01 5.142126564575385528e-01
6.020664783599181114e-01 5.961810510090198578e-01 5.548925666616520980e-01
2.684836995227213308e-01 3.533570823898822821e-01 3.038565250228338899e-01
5.752349615699723362e-01 5.765734794538383001e-01 5.471856628413098722e-01
6.958787446579176583e-01 7.160217543013109864e-01 6.968280157984720891e-01
7.004451553014361398e-01 6.862525467882891750e-01 6.790328356184769376e-01
8.640389999468893745e-01 8.568198424965964843e-01 8.541805402292568239e-01
7.208385832311876573e-01 7.248871227562214692e-01 7.665641422422592166e-01
4.519760725862129180e-01 3.864710131004471250e-01 4.276383325333677488e-01
6.283146967216415302e-01 5.953357324197109390e-01 5.538888993838723129e-01
5.353090318407505155e-01 5.302883810450712554e-01 4.388636324940641265e-01
6.422554210901381122e-01 5.742755061436568553e-01 6.084540627779008171e-01
6.857337444383773128e-01 7.316210510328641226e-01 6.675019940157138620e-01
7.855956900257461406e-01 7.798529987462854418e-01 8.019752928085732702e-01
5.214479194779062521e-01 5.076788017844843237e-01 5.023026102464854814e-01
5.634441187329151113e-01 6.401362253269951008e-01 6.117947367455851548e-01
4.475982955361206272e-01 4.526025470440729337e-01 4.460760554272100720e-01
6.428487848483234179e-01 6.756771232325499144e-01 6.803215730944820461e-01
9.284962330397403818e-01 8.922089633626832939e-01 9.265932096634875714e-01
6.456447351462478723e-01 6.544578377810014169e-01 6.761804436119460693e-01
6.516155781752952514e-01 6.421943452401610575e-01 6.506581388233906305e-01
4.958015780210351942e-01 5.248312886286250478e-01 4.802870708147379819e-01
7.854017081983880599e-01 7.594596157829101024e-01 7.797340240538470635e-01
4.953614431733143197e-01 5.440507110465570006e-01 5.662311246258553421e-01
6.586660761905112071e-01 6.212148258402647727e-01 5.969369159771767963e-01
5.773334610869395034e-01 6.055526961258163032e-01 5.897756071514986820e-01
5.638839603678559298e-01 6.099185341714343789e-01 5.679473337269749234e-01
6.307204376021696701e-01 6.385379316076049694e-01 5.965239143063854055e-01
6.230999610326888316e-01 6.222067922194649547e-01 5.904367231885543355e-01
5.745392955705171945e-01 5.926986619160844461e-01 5.779885023279569545e-01
4.966260628657935272e-01 4.570214294515660969e-01 4.778255874816056403e-01
6.915523849123614841e-01 6.382834119962444985e-01 7.055067790418376728e-01
8.198881383595230110e-01 7.447554010629595656e-01 7.642297147306768013e-01
6.581624234085641234e-01 6.528082128126886374e-01 6.112306548634844905e-01
6.603798413617996133e-01 6.492053927432027693e-01 6.620688234230036606e-01
5.198931494513049367e-01 4.947471029026573874e-01 5.049155813399810455e-01
5.591737534460139436e-01 5.989016400672062534e-01 5.947196050248176880e-01
4.958637102333438018e-01 5.231256829781660844e-01 5.086222324844426046e-01
7.383353440142673696e-01 7.359493257837083080e-01 7.190244806909752429e-01
8.267017577999281608e-01 7.310105783683831238e-01 7.475930205251242189e-01
5.003148280206466403e-01 5.222121371365302522e-01 5.450029824661571931e-01
5.391108704532884266e-01 5.519355156522943728e-01 5.365553227322299445e-01
5.354242885085940262e-01 4.842397215048665493e-01 4.824033631512066322e-01
4.180693190549193972e-01 4.467619601058404610e-01 4.326477824137440198e-01
5.792403138583669397e-01 5.825264915466356053e-01 5.214837374673667592e-01
5.424276614685300535e-01 5.229019901786159386e-01 5.231663550705016874e-01
6.080170930443143940e-01 5.203997266871834837e-01 5.635382379712058354e-01
6.995176700201822806e-01 7.465232603521516630e-01 8.058978472781037627e-01
5.369950207112739182e-01 5.079920304477411053e-01 5.044212586501256590e-01
5.557377837898150874e-01 5.200889430093033061e-01 4.992005406179079174e-01
5.196707368207906796e-01 4.987106004054921438e-01 5.201363240999944404e-01
4.600176694705543912e-01 5.165065948761146108e-01 5.624572884783075599e-01
6.145602385056412320e-01 6.040810262139891806e-01 7.018501815313373804e-01
5.974466856857658659e-01 5.863030678779828087e-01 5.390180601333591781e-01
6.091512917586522358e-01 7.197736530608094263e-01 6.328470491003818088e-01
5.261673826304963386e-01 5.118227087478860460e-01 4.932195898485651209e-01
5.842646643555728936e-01 6.072350827823813635e-01 5.510972356683443429e-01
6.369210650063875656e-01 6.244974859764148567e-01 6.444097574769080961e-01
6.379587635205098417e-01 5.581111241778222709e-01 7.163225885852108066e-01
6.290347756198185758e-01 6.301312936838225909e-01 7.126177052945877888e-01
4.343850951980129937e-01 4.632009988726854544e-01 4.392305685076174360e-01
5.633162951115526784e-01 5.175032124724040505e-01 5.102805297005286178e-01
7.486820602920585266e-01 7.118877409633921349e-01 7.129886185141975918e-01
6.459391206675617614e-01 6.894708840293363172e-01 6.576382146719075283e-01
7.000326854942465760e-01 6.340366229792850916e-01 6.614327027142061777e-01
5.214006350427776715e-01 4.349569142464000948e-01 4.224987793649934709e-01
5.962609600857724512e-01 6.087750559172028231e-01 6.055902261718713042e-01
4.300287754421580066e-01 3.697919788777929151e-01 4.011987721640568605e-01
7.348608049762777039e-01 6.352096281836246972e-01 6.139558250155024988e-01
3.443341039193594244e-01 3.369729077077787127e-01 3.040745607147786744e-01
4.570326818612100439e-01 4.688333538263306233e-01 3.906617938218681085e-01
6.622499115776847578e-01 6.523867416573841949e-01 6.852734979853908337e-01
4.400004049672651130e-01 4.294219379722362118e-01 3.642136948909961425e-01
5.386840237711110202e-01 5.926179386265167937e-01 6.367967596676590292e-01
7.102103273435224073e-01 6.721826753066957316e-01 6.723103491482637084e-01
4.726868544231854208e-01 4.676542348737038890e-01 4.583621493759735821e-01
5.011771086551300991e-01 5.186816888521200708e-01 5.295009960258771908e-01
7.217233151562523208e-01 6.667302078376072805e-01 7.257740371090002363e-01
5.785756297664891301e-01 6.041492986394414455e-01 5.194620806671894631e-01
5.173555411928570935e-01 5.013253208516156301e-01 4.982550600186033685e-01
5.479902395023444894e-01 5.199778573642765966e-01 5.768237704869130233e-01
6.454064675956991959e-01 5.967263536071704122e-01 5.919095804837990471e-01
5.366902423885236972e-01 5.583205719865496075e-01 5.786097919813398827e-01
5.368795883430205196e-01 4.580086171566425945e-01 5.148636496689310560e-01
4.826062639992245717e-01 4.358867424162904958e-01 4.749377217946346152e-01
5.526785510997956896e-01 5.835837852064659215e-01 5.957201677139406515e-01
4.599108806126832039e-01 4.499152768893420196e-01 4.939926445896348772e-01
6.231855026778168050e-01 6.753352414266802217e-01 6.367189901266288032e-01
5.768796443083512582e-01 5.490744901108298714e-01 6.181749190903171876e-01
6.272739723606686191e-01 6.501523417578740638e-01 5.770554668717673419e-01
6.612045733412862392e-01 7.363863954576648219e-01 6.543265697129416747e-01
7.109832250168530710e-01 7.510033572957364179e-01 7.313237039775700721e-01
5.734186336553696028e-01 5.562308223642533633e-01 5.304853007322716252e-01
6.600412759241565119e-01 7.421046208165961167e-01 7.029087685857435819e-01
5.120227113889080917e-01 5.374598760082134330e-01 5.086592998398108412e-01
5.879564834976584997e-01 5.605150073193546634e-01 5.298436633868327528e-01
6.684760084853661466e-01 6.674018417103207979e-01 6.943284549082749946e-01
6.431938206058767094e-01 5.905865106024925648e-01 6.298989163499215671e-01
6.746586234685393313e-01 6.808505716442304623e-01 6.720183850897947231e-01
5.591543006654124959e-01 6.094615401608328709e-01 5.858823061355182826e-01
6.858657215137702323e-01 6.731604277830416372e-01 6.760246108607289584e-01
7.336545219063828061e-01 7.179008794313859187e-01 7.336921641977826036e-01
3.029953123379903190e-01 2.886949713809862650e-01 2.662915309442872025e-01
6.063327992373311881e-01 5.350848824162997008e-01 5.222993701611445827e-01
8.087320320963399256e-01 8.329233049367658070e-01 8.481375219036495494e-01
6.955375985903128333e-01 6.413021055036820517e-01 6.127247262505607361e-01
7.114477597403556786e-01 7.061203710844013992e-01 7.719134462022781973e-01
3.657769926482026257e-01 3.775530850117346238e-01 3.712672682845724048e-01
6.549174555108973061e-01 6.539495322456683191e-01 6.983449127211270868e-01
6.362773061427312582e-01 6.638318505956422033e-01 5.942142290402560034e-01
8.351221833644539849e-01 9.000578415714181046e-01 8.832195819201731357e-01
3.848297799729168966e-01 4.701310986321132757e-01 4.044837561379587831e-01
6.583153912950489017e-01 6.030132277610849023e-01 6.440305960243124517e-01
6.142028438051567729e-01 5.663683893799156266e-01 5.178392367642153937e-01
4.492979324277235342e-01 4.567869474375856331e-01 4.752062176586054898e-01
5.463839597465730558e-01 6.157064961163027927e-01 5.615302687084715583e-01
6.212024904461582731e-01 6.093583139992440056e-01 5.852000521583596848e-01
7.138987130038605411e-01 7.287264918238742784e-01 7.354222276520163692e-01
7.486804767913856073e-01 7.508249921569222218e-01 7.614680257415336051e-01
5.267306768378792192e-01 5.124013447230411078e-01 4.422056410996902387e-01
6.678058594436385720e-01 6.593422720575116136e-01 6.100844291834477406e-01
7.747008918850634140e-01 7.036501046683497629e-01 7.379243867608493712e-01
7.363444173304980467e-01 6.871478567297952811e-01 6.684351993387980251e-01
6.329176022448685934e-01 6.938631733550048031e-01 6.522487661328362218e-01
4.290852170709671953e-01 4.184797620145288555e-01 4.337397360883322728e-01
4.715167429383071984e-01 4.732061282255911050e-01 4.574092216510059483e-01
4.895344034996430560e-01 5.545491832091374862e-01 5.122258444566040181e-01
3.805487534456138965e-01 4.635023615275430386e-01 4.521587142219615219e-01
5.880238494456839771e-01 5.751928867514848331e-01 5.700282000997992649e-01
6.239097704950385959e-01 5.640235339485973887e-01 5.677962311288120567e-01
4.692987618826684471e-01 4.760697855701910286e-01 5.350753981097692291e-01
7.461049585766990067e-01 7.113527548985587590e-01 7.309274271678178891e-01
4.357865320186511959e-01 4.749906074660220079e-01 4.761752172510582137e-01
6.767322980138581467e-01 6.803160341307868952e-01 6.016198542290320805e-01
7.015386993744626709e-01 7.084979893737032297e-01 6.770228606476371702e-01
3.668500625571113893e-01 3.834848992013237257e-01 3.782571199432937514e-01
5.483805108260771943e-01 5.335344954599250400e-01 5.793269484066858599e-01
5.039301462223974015e-01 5.281245952014985701e-01 4.382792038215299057e-01
7.090043124384955986e-01 6.685770670854689346e-01 6.872763913818643600e-01
5.991662887912310165e-01 6.269047359341477499e-01 6.502948370662938737e-01
5.085811165350410112e-01 5.298078660927675321e-01 5.727223040977693636e-01
5.216700644683697208e-01 5.146124264444770224e-01 4.988401087232783859e-01
6.462919851672852545e-01 6.711633120362782146e-01 6.380796258073243576e-01
4.623899481279405421e-01 4.894756277183451854e-01 4.990715837374009034e-01
5.653798263549273395e-01 6.064790268528866823e-01 5.663344442743435403e-01
5.254995788007069679e-01 5.537261661944136160e-01 5.387455089179621348e-01
6.702697847572943735e-01 6.338521897078857048e-01 6.561686593942748225e-01
6.219341168172073386e-01 6.662092724863218907e-01 6.435804259494284363e-01
4.608760330407615791e-01 4.928814817945268989e-01 4.222020724001439573e-01
6.825063341786072879e-01 6.418537907277481747e-01 5.907088361358768802e-01
4.842277984037620109e-01 4.999950995820285904e-01 4.712382994306694717e-01
5.288901170301647525e-01 4.335960131058104738e-01 5.377332435300878899e-01
5.474026064874756292e-01 5.755800736859131295e-01 5.648044038496410346e-01
5.572640096504554164e-01 5.678912957491742963e-01 5.692823537815433488e-01
7.041519088582985919e-01 6.710641505681940178e-01 6.665040961092942862e-01
8.021083237266487531e-01 7.887736576063164584e-01 8.316084671704393472e-01
5.123813528590404065e-01 4.860345768341139405e-01 5.632305547007452340e-01
5.287765861399669198e-01 5.802632380753254271e-01 5.224753919630621413e-01
5.243645729674635270e-01 5.404231957958058885e-01 5.286366141423837206e-01
5.360053638074478988e-01 5.229755324991132159e-01 5.268598011135020576e-01
6.742286496184575206e-01 6.775790864106261413e-01 6.850172804152249162e-01
5.493730436071319057e-01 5.499842572440163391e-01 4.994194504959397207e-01
5.754757130738799020e-01 5.116209319032313241e-01 5.288687209636875330e-01
6.474521061773732544e-01 6.292483332536947804e-01 5.787156726287580044e-01
3.420332020395187578e-01 2.906585309565822284e-01 2.965593580969460019e-01
4.273619228426756012e-01 4.226802151566130816e-01 4.010050094083303374e-01
6.271084175382040105e-01 5.965702052484531670e-01 5.869082470438902188e-01
5.957177505774962079e-01 5.585850085045100943e-01 5.880977740147180777e-01
6.386659087071622221e-01 6.450269968958131095e-01 6.557666470187081265e-01
7.796307914222119217e-01 7.274086733212148381e-01 6.971473119120860096e-01
5.968641046318743371e-01 4.893724613380184829e-01 5.262054399978046693e-01
6.151110975578845119e-01 5.885564029207336345e-01 6.403718137940277444e-01
5.873511274141502980e-01 6.016574752702291695e-01 5.834263592806057108e-01
4.643017289143810400e-01 5.818837717282293598e-01 5.668142539453490114e-01
5.603079940222932542e-01 6.347331896242167648e-01 6.320047045089814963e-01
6.055823588131665769e-01 5.480673568148720642e-01 6.015942776987702745e-01
6.123503322767973600e-01 6.915905705284705052e-01 6.481511315933892181e-01
6.144085152518031778e-01 6.311757084363438519e-01 6.536451979777162524e-01
6.554745200756167955e-01 6.482408974454734185e-01 6.883058034180566942e-01
5.393227094895297613e-01 4.859868524081709107e-01 5.438171963318840785e-01
7.195645335553467747e-01 7.106516597863693496e-01 6.331056675346281581e-01
7.196465966183086538e-01 7.838250048483348387e-01 7.397214241780820654e-01
5.533738564767699541e-01 6.232768769249712459e-01 5.858368948484868888e-01
5.371322040546008258e-01 4.840565106614195812e-01 5.022731214511271247e-01
6.103970528085662650e-01 6.345309498301426876e-01 6.220309396218745013e-01
5.485043831948616111e-01 4.239118529544860237e-01 4.734820002746180645e-01
5.379735377987319156e-01 5.710514682591045776e-01 5.676963540879597092e-01
7.386949530038905420e-01 8.113891523623415480e-01 8.012635640923638780e-01
5.999793268247658462e-01 5.336521495102640733e-01 5.661162348735018224e-01
6.167273106523871729e-01 5.067714075428217946e-01 5.124092480346069678e-01
5.718907415944713968e-01 5.782780265599130054e-01 6.035989929048060088e-01
4.723833701215735537e-01 4.250146289599283644e-01 4.642648795544709328e-01
6.405533921914805529e-01 6.947660172166838510e-01 6.365479638213143998e-01
6.822146930360847294e-01 6.952054298825599554e-01 6.753120389832114601e-01
5.585796913450037371e-01 5.182442940807044929e-01 5.090131177316643551e-01
6.595889755428172574e-01 6.236109547065898928e-01 6.260074712105051509e-01
6.418789320729911818e-01 6.283932610350594361e-01 7.126473276356930509e-01
7.106836724355719559e-01 7.402851891116163374e-01 6.897432678994409594e-01
4.450273220379180605e-01 3.853757513440587146e-01 4.169274863007105258e-01
5.399637020810904575e-01 5.296893763137595634e-01 4.973448387815572191e-01
5.438509181006355719e-01 5.115408173224508248e-01 5.033986549925980603e-01
5.876227341429891560e-01 6.112385090147393063e-01 6.129185296450131437e-01
4.573817463866098332e-01 4.925819375335185879e-01 4.440661084611882137e-01
6.691676947592207769e-01 6.693900324831842941e-01 6.606282363841766703e-01
3.497890282821586316e-01 4.441947380074459661e-01 4.294696959099534306e-01
7.547732406880468536e-01 7.262775664909381090e-01 7.313399735754350095e-01
5.568060483172089237e-01 5.574200064178670422e-01 6.151649393077907035e-01
2.772071412138450430e-01 3.529567332844872896e-01 3.004472517545299093e-01
6.120560928677493129e-01 4.747381925665090097e-01 5.946068594797393470e-01
7.970432762817251104e-01 7.285720853462430702e-01 7.138544162059990983e-01
5.301012779455159807e-01 6.319397067070853247e-01 6.400068881847128521e-01
7.170856319151032165e-01 8.009741355581230238e-01 7.372432769500389949e-01
6.901255109427900658e-01 6.824109621882031851e-01 7.228671702790706588e-01
7.273211698420861682e-01 7.495225144753420166e-01 6.565342776684582882e-01
5.710384900597696989e-01 5.611058775939520293e-01 6.177585395170962501e-01
5.497332786460855658e-01 4.917765515182664360e-01 5.868649253824880230e-01
4.450880458122637995e-01 4.466291343582636797e-01 4.557282730596777798e-01
5.000130821785480073e-01 5.309404778753060716e-01 4.986710071028547242e-01
6.574089938840993463e-01 6.453671457222096564e-01 6.458049080875163384e-01
4.822340870356054410e-01 4.819512018693294375e-01 4.740273594769841559e-01
5.694794453078024787e-01 6.935615907947781933e-01 6.111463940856536325e-01
7.231979071722482999e-01 7.113589496770317266e-01 8.257501686297944454e-01
7.149324531042465791e-01 7.501623502146983480e-01 7.490193456122006266e-01
5.134294217722309428e-01 5.218967819983260092e-01 5.029972863631962943e-01
4.892058927088447362e-01 4.865130858401158220e-01 5.344628929090721181e-01
5.693238840211823915e-01 6.512159416012281987e-01 6.117010516433081246e-01
6.129463221131175032e-01 6.287590727412439850e-01 6.131875516396627646e-01
5.407650793469709338e-01 5.591620967008470444e-01 5.452614658138205117e-01
6.659337346830354054e-01 7.235523162251086271e-01 7.158243607384980889e-01
6.824680270072472910e-01 6.729703152273163180e-01 7.159709054186791377e-01
4.686881579855146085e-01 4.192085113837948351e-01 4.201039741883482170e-01
4.500161427386396018e-01 4.273084132809340518e-01 4.848146128245989783e-01
6.189377324839228089e-01 6.606498348316276470e-01 6.628587046810491268e-01
6.417187699358590791e-01 6.429183012275653253e-01 6.547355570571418149e-01
6.740588084456444751e-01 6.678724598926876199e-01 6.219971755019104709e-01
6.378858248132092124e-01 6.720260368032814347e-01 6.312800030488457947e-01
5.522311662153500667e-01 5.393561370621777762e-01 4.830566777127914269e-01
6.100388379035688313e-01 5.778517256745928643e-01 6.044608405933283857e-01
3.688641336508036161e-01 3.899851431909008848e-01 3.813806633060966567e-01
7.207563535004227750e-01 7.244879547102995865e-01 6.691295056007509068e-01
7.648226838490012058e-01 6.921385682735040623e-01 7.145074849942630868e-01
4.416089900042957095e-01 3.700379031233893001e-01 4.663113590757944626e-01
7.476901194958822661e-01 6.954597075275598117e-01 7.577349148595223793e-01
4.165773891350097458e-01 4.862166182650908275e-01 4.424797761168831056e-01
6.029207885255296606e-01 6.684704438923058101e-01 6.363927397636641725e-01
3.558278968753794125e-01 4.252266855088101538e-01 4.183980333036342314e-01
6.400066206674865921e-01 6.757435851769798552e-01 6.178202292268473172e-01
3.951191640920381221e-01 4.753914876732216466e-01 3.773180436648866931e-01
3.966152321840570871e-01 3.563137427329935991e-01 3.517095601662686422e-01
6.822949627660758187e-01 7.100986147184167319e-01 7.224102625529732480e-01
3.908937420244333327e-01 3.807319998985810305e-01 4.109207620338663491e-01
2.874777995797336838e-01 3.599958863343344917e-01 3.489365287297403473e-01
5.007791294791955616e-01 5.465448750567134528e-01 5.168930341840414222e-01
6.721572969932505526e-01 6.680126383078570651e-01 6.507155015755122784e-01
5.395353129749737020e-01 5.278948880386015174e-01 5.247027464722233692e-01
8.947649451683589161e-01 8.215899800256376562e-01 9.138989356388097507e-01
5.710150253434402856e-01 5.913911346782602108e-01 5.768406682946883857e-01
4.005927227996053941e-01 4.368956241179601241e-01 4.169559083858718762e-01
6.084369088889544086e-01 6.772192421458411715e-01 5.868567705706100313e-01
5.263202299954803376e-01 4.837459343363082476e-01 4.860603498542623857e-01
5.847041693671882756e-01 5.918192454379912482e-01 6.360925408634557909e-01
7.282046946341891314e-01 7.167073868815991844e-01 7.159306273720748015e-01
6.862960790339486250e-01 6.046463437310876099e-01 5.847750691194680828e-01
5.831697132458925070e-01 5.788872464466616741e-01 5.900207070765903783e-01
7.626461033087316155e-01 7.207795475166492993e-01 6.674617396439153083e-01
4.816610290738623235e-01 5.544336666919257306e-01 5.274136405573458530e-01
8.055024329116674542e-01 7.933344027737617710e-01 7.702761422534188940e-01
6.654691294546115632e-01 5.644274515837093276e-01 6.754535374924662827e-01
6.595631073186211113e-01 5.998032313004888483e-01 6.108847095652873982e-01
5.134596991559512436e-01 5.749082433236688550e-01 4.984489995134120943e-01
6.999208949409948533e-01 6.607065168597875404e-01 6.474790997619529476e-01
5.973173423077658972e-01 5.718276647790017098e-01 5.571125216699004401e-01
4.723916452275112032e-01 4.706540525815770537e-01 4.238125495062163295e-01
7.993528199952024682e-01 7.564587061726568695e-01 7.161233130099753375e-01
6.872416682166681001e-01 6.869981271133298595e-01 6.675036074961503418e-01
7.127191658511140560e-01 7.646647566275228680e-01 7.073236783299353680e-01
6.901007532523332211e-01 7.338298539540030196e-01 7.003705986487862578e-01
6.505250242620828072e-01 6.258596245977376960e-01 6.045517953721601945e-01
3.851097025783755123e-01 3.970688099880869126e-01 3.861495810850071320e-01
6.323805682703342868e-01 5.989949576849944446e-01 6.022574450851372330e-01
5.504931876164814719e-01 5.913594634468576361e-01 5.329933742870712754e-01
6.154739441908774200e-01 6.036499956012741919e-01 5.756264672302814356e-01
7.434412332485046404e-01 7.453662692044099591e-01 7.538857237432216030e-01
7.649874052000322777e-01 8.208293313488378429e-01 7.369075916548110117e-01
7.226693293105305171e-01 7.628984202649778945e-01 7.264592142786198137e-01
4.214679060664224264e-01 3.888017652144748482e-01 3.877081778004467516e-01
6.208437110862845554e-01 6.198863909275657003e-01 6.619875143094575698e-01
5.862969336132877185e-01 6.040990523254442524e-01 6.565631483248913769e-01
6.842722116892933082e-01 7.155827197937395523e-01 7.191531657100388442e-01
6.200398508747212434e-01 6.111561970259946630e-01 6.236679967394540558e-01
6.447183008326158316e-01 6.191350752272581914e-01 6.687361628316326190e-01
6.923949348231466239e-01 7.383026383156865435e-01 7.042842354073377553e-01
4.998935696109870208e-01 5.124175255003577956e-01 4.740001160764903965e-01
4.693536048257276327e-01 4.117390348071675588e-01 4.183560355984248802e-01
7.686108337313832806e-01 7.448570194940066225e-01 7.060776187962334305e-01
8.045472476238055837e-01 8.062214437191261851e-01 8.402968939265280657e-01
5.792770767090782424e-01 5.949223466188305887e-01 5.836377783726628410e-01
5.644182304609725032e-01 5.448405208736176730e-01 5.811900775750448167e-01
5.821937985553486961e-01 5.739497479533459678e-01 5.359324890649205253e-01
6.551139941239414455e-01 6.555810491452562783e-01 6.488641562305277333e-01
6.803047002928436227e-01 6.645588741386362353e-01 7.176449413078860307e-01
7.069553153882425223e-01 6.981466893791425932e-01 6.953247678115335173e-01
6.959885568929069510e-01 7.263480353279428980e-01 6.581531055296689914e-01
6.394122696844912745e-01 6.806403768498738849e-01 5.704228630891230445e-01
5.875587054773110385e-01 6.275048404979173267e-01 6.052861497256180057e-01
5.338313796278020273e-01 5.711687574667404510e-01 6.314935787286843905e-01
7.339807597260321614e-01 7.064770042405994488e-01 7.569626349633180595e-01
6.586342108764670078e-01 7.166640890420374888e-01 6.668775050876203370e-01
6.570759749756446277e-01 6.910004507009956942e-01 7.250320281383040300e-01
6.636457981238610415e-01 6.249707476381045623e-01 6.543277049870784845e-01
6.425842163359919423e-01 6.150964147015369754e-01 5.992743414027813520e-01
3.619176254450156005e-01 3.301038566072824199e-01 4.079761750681995536e-01
2.905742982446982703e-01 3.380618823260580497e-01 3.503598755900835249e-01
6.086215213376496846e-01 6.944788489793404240e-01 6.391533295080353838e-01
6.848933512491230946e-01 6.780780775554647866e-01 6.753390414791680119e-01
6.285141191030010344e-01 6.213342149637738343e-01 6.253079013424652777e-01
4.669943362978791757e-01 4.374713305249627315e-01 4.573659777427438455e-01
6.143621533837730908e-01 6.206939855113966509e-01 6.357131158400984861e-01
5.825422050306804378e-01 5.444764589722674852e-01 5.570031595896292043e-01
4.708823394929671502e-01 5.191907468283234461e-01 5.202638229107018342e-01
3.692045854644394054e-01 3.907545641159597682e-01 3.741112432685364531e-01
8.403929896870069305e-01 8.542742814129457019e-01 8.528228442876366611e-01
6.541750601125646547e-01 7.131617511400419884e-01 6.590749304097034411e-01
3.593123247174402346e-01 3.602081967706959320e-01 3.619526618106970739e-01
5.541017252583911867e-01 5.644430399000593956e-01 5.853922744097170838e-01
7.140359005889898025e-01 7.144544807165844613e-01 6.996963851472591811e-01
6.188373122498935786e-01 5.805813986110303082e-01 6.073946510070691307e-01
6.663488688583272257e-01 6.647716288138507679e-01 7.301650599545141951e-01
3.969089874948503738e-01 4.542580765202497428e-01 4.342446522444308732e-01
5.264793485198445699e-01 5.596367634768271149e-01 5.427312674647575275e-01
5.940097793159535566e-01 6.123829215498864942e-01 6.108534561171657939e-01
5.532011815926771714e-01 5.906131293175774788e-01 5.501813269576280030e-01
4.684726045653149762e-01 4.516620819324112523e-01 4.228269915889651398e-01
7.372841913671913661e-01 6.693952561287765946e-01 7.151145660467961296e-01
6.581552630190933284e-01 7.034578383288837555e-01 6.334341868961572697e-01
5.194538691071025616e-01 5.605941112241346058e-01 5.510038695162084998e-01
3.848155790018400468e-01 4.376617164111444302e-01 4.127254494775100535e-01
6.312271638124651307e-01 5.645891254798385273e-01 6.979620185994557247e-01
6.215251826677491431e-01 5.898295893300860016e-01 6.423991590697472054e-01
5.573684831284577701e-01 6.113728244419114333e-01 5.783783439430896234e-01
5.667888334324215904e-01 5.263111985026327488e-01 6.460800841527372107e-01
6.177023467300165604e-01 6.802372436026069558e-01 6.152729775293462877e-01
6.231809197145965484e-01 5.686332135165582669e-01 6.622467616686851244e-01
7.304949455624709653e-01 7.028126376301558897e-01 7.556865450063104950e-01
5.470576483535953827e-01 5.818533451334421125e-01 5.434012512778366721e-01
5.166403126890780628e-01 4.696096393847400963e-01 4.529938300629174908e-01
5.772690636376291984e-01 5.473618834951499146e-01 4.800634969049498713e-01
5.420022219159268406e-01 5.570302882795700183e-01 5.186543311723943450e-01
4.886851072752538272e-01 5.418895444676137263e-01 5.064685301242949356e-01
4.701951259271360817e-01 4.937870610118437198e-01 4.915273075137338576e-01
3.968416444518539365e-01 4.065701476685910087e-01 3.884935560871674576e-01
5.196427301014590050e-01 5.294730694964486784e-01 5.132714399388677018e-01
5.981217292574640965e-01 4.657522924007139187e-01 5.355498110242117304e-01
3.969970354157223991e-01 4.378991471283477654e-01 4.439510364666861553e-01
6.086537454453972984e-01 5.786355366667768063e-01 6.704072485394809711e-01
4.507862269677175293e-01 4.445680054744315379e-01 3.981475410621359012e-01
7.705764287972804993e-01 7.454015452453606194e-01 7.515750155252010067e-01
5.976305627909810347e-01 6.044940185863987292e-01 6.450234161356575013e-01
4.612725367873687365e-01 4.740997510410017157e-01 4.319300586743811676e-01
4.439211373556818940e-01 5.025198208225147845e-01 4.498938171500889149e-01
6.451580871429153374e-01 6.792231972736746393e-01 6.252941372660448804e-01
7.770589294236917022e-01 7.707518051641483181e-01 6.783695328050884932e-01
7.970148417410667374e-01 8.117314192965422448e-01 7.668959591658983665e-01
4.410624185975149936e-01 4.786143952974241667e-01 4.878991273251684913e-01
6.301978543616970629e-01 6.077279331914661187e-01 6.586232854925442304e-01
3.337201125663529222e-01 3.501205851586212114e-01 4.116531390035629845e-01
6.516374863588929589e-01 6.540054997056189423e-01 6.773599479575959093e-01
3.675544223715486170e-01 4.400136225406288681e-01 3.604286745321711449e-01
6.453012288353912052e-01 6.564343907235171693e-01 6.918101042632921471e-01
5.133034240481031407e-01 5.375168563373277086e-01 5.336174327485723179e-01
5.738251380698838888e-01 5.834092413687618217e-01 5.920793110191628905e-01
7.567407180126201061e-01 8.606942739345313509e-01 7.570865362713639080e-01
4.695512363093954367e-01 4.817793512313082727e-01 5.127483046366968500e-01
6.013002040382231517e-01 5.519322244743783967e-01 5.879064746797409979e-01
6.272572016715070031e-01 6.817172608295458680e-01 6.459135146068933908e-01
5.322657071422460806e-01 5.269820314207697143e-01 5.629948582209587382e-01
4.831282562868569053e-01 5.193663332811992994e-01 5.795394779371886296e-01
6.082636860518064736e-01 5.656153653977016305e-01 5.362197125780510110e-01
6.215126526106385940e-01 5.354457683618170094e-01 6.004876976842346004e-01
6.812353761305947053e-01 7.361817626841191675e-01 6.770768567743725708e-01
7.407789732445685393e-01 7.247062930318173279e-01 6.258596057754896025e-01
7.299962009038525323e-01 7.040086553113213963e-01 7.266943675630407329e-01
4.910441823117090432e-01 5.749840322343002796e-01 5.587379402474759171e-01
7.298598683528809694e-01 7.360913582544343914e-01 6.779921320929656048e-01
4.889425678307903200e-01 5.345332759261024469e-01 5.135838042732800979e-01
6.577888996354377404e-01 6.628292571531402277e-01 6.517148321851236048e-01
4.654949476689990151e-01 5.289084603878427826e-01 4.684369097710633367e-01
5.468081687623081999e-01 5.417307916360758480e-01 5.695504424634977303e-01
5.000959944480672936e-01 5.115569137252321541e-01 5.560425937123251172e-01
7.213276783297345451e-01 6.832138629604280755e-01 6.523547651956896898e-01
6.902379083122581749e-01 6.296082290406697091e-01 6.739824212970957351e-01
5.116363199909982340e-01 4.853176443953050034e-01 5.442412848825602945e-01
7.356359747005268845e-01 7.486923506025890962e-01 7.445130967748112560e-01
7.412855189880868112e-01 6.944111677831341645e-01 6.924024090889331351e-01
5.160414222343698842e-01 6.105703593630082970e-01 6.146827499980639375e-01
3.139067578988659624e-01 3.379639934268705015e-01 3.135466469791013400e-01
6.264703409793640487e-01 5.843821154008761454e-01 6.066648340277316365e-01
3.389345966646357677e-01 4.254757193068732790e-01 3.902074948439861468e-01
4.044080030077035759e-01 4.238680931558284626e-01 4.480414747196358460e-01
6.550300286537678041e-01 6.164527451944024072e-01 6.183613982430721245e-01
5.008687314901043575e-01 5.769084691791652730e-01 5.156859991505710061e-01
5.680172772371443468e-01 6.631521048326963763e-01 5.529325558769966342e-01
6.945367537917719325e-01 6.424425980629555610e-01 6.746237680902337219e-01
6.228154752104323455e-01 6.542103621436438088e-01 5.940079112788133608e-01
5.994160785771929234e-01 6.558445004364690245e-01 6.084995695649277891e-01
4.927877049438259549e-01 5.306878277994778736e-01 4.880417924894593362e-01
8.603810479062665717e-01 8.047944114768587065e-01 8.013392186669271444e-01
3.788525456640156053e-01 4.213302170430966442e-01 3.914960794705613645e-01
5.152811734297041424e-01 5.075806528377019289e-01 4.950085036099288183e-01
6.177734809560743168e-01 6.626490134994432735e-01 6.065897628189523827e-01
6.500824569932256436e-01 6.239674965235085802e-01 6.420663432089770417e-01
3.985029984981156570e-01 3.974590498836532704e-01 4.236584231429612046e-01
6.187059054599165497e-01 5.969422133573967226e-01 6.890615129643689052e-01
7.417941102779774809e-01 7.488048628484810232e-01 7.603132805721920517e-01
5.485296877687466655e-01 6.235824886109536669e-01 5.889180759456114078e-01
5.311278556273876239e-01 4.779171082672130644e-01 4.621007904654472753e-01
6.468394251103036785e-01 6.652173927768075812e-01 5.787734513697907479e-01
8.052406100854527793e-01 7.710976615125938460e-01 7.185022955084783280e-01
6.818989667239052643e-01 7.006318978620084126e-01 6.601410278154097311e-01
6.243624429734883075e-01 6.250395825049327447e-01 6.532894696608365637e-01
6.092966678093740818e-01 6.254292598299449057e-01 6.528404621446347589e-01
6.119997316593971393e-01 5.888279560474060093e-01 6.722096970500471835e-01
4.737008545926901237e-01 5.355724103865757701e-01 5.371535543704429871e-01
7.412760096133227394e-01 7.857436277086751186e-01 7.746686536071739626e-01
7.058914076750285593e-01 7.014249259351279520e-01 7.053778052882483385e-01
6.494220709759969123e-01 6.736629180654987170e-01 5.772231389299057325e-01
7.771675080805915403e-01 7.869999357354592329e-01 7.150107910065854888e-01
6.506326184242628985e-01 6.989060431715956589e-01 7.071842183093238754e-01
7.051990665277736436e-01 6.881648457050958401e-01 6.549903896337212483e-01
4.353765104977675438e-01 3.649816067020584254e-01 4.823773134111393746e-01
5.103904338646115812e-01 4.745232733920969337e-01 4.474724556195415759e-01
4.997305957475303151e-01 5.003294217894793672e-01 4.532423495997561780e-01
5.388592989278535583e-01 5.713702190379246204e-01 5.207681273794423360e-01
5.389988261112931278e-01 5.666181680864593728e-01 6.096209188628247677e-01
7.093864297454987033e-01 7.178113668140052583e-01 7.660687818135797356e-01
5.347342661138645425e-01 5.035660316216912236e-01 4.918660339776492751e-01
6.494609171083641774e-01 6.317951772991549086e-01 6.085052022636018298e-01
6.982533838149314054e-01 7.263708084918328867e-01 7.083231097297537637e-01
5.981202601428191601e-01 5.521510938091912513e-01 6.167247200256533723e-01
4.948812872178854350e-01 5.010003243391000227e-01 4.819863149654688428e-01
5.324275468572076120e-01 5.727573977981105235e-01 5.484987580384518280e-01
3.691847010083181835e-01 4.315640132337763557e-01 4.207509473928256472e-01
5.583372853622597942e-01 5.867476272440369511e-01 5.903884795852084588e-01
5.778867478354222653e-01 5.943749174976030725e-01 5.405225720518468391e-01
5.609021125447852807e-01 5.672553367421124815e-01 5.847507906008219125e-01
4.964002823993114988e-01 4.285657914065847951e-01 4.453156346919238673e-01
5.853597328483390871e-01 5.666451472422026070e-01 5.931391174060952620e-01
7.224628627996536601e-01 7.488507797682667499e-01 6.978344890358506580e-01
6.985641613862569876e-01 7.393843058498126286e-01 6.781387162011018876e-01
6.766146352728339419e-01 7.354048486495707859e-01 7.172628776148700647e-01
7.039246918885279092e-01 7.409691979159503950e-01 6.780380952614073475e-01
6.943318337932008477e-01 6.148051486872361249e-01 6.016582066857212308e-01
5.775545135156714416e-01 6.120606279984908138e-01 6.011704825569860189e-01
4.952515581334570594e-01 5.274305050645199389e-01 5.397080030932951411e-01
5.710600859542319663e-01 6.707522940918962950e-01 6.306274038571487717e-01
6.186936059315123471e-01 5.973854052784348667e-01 5.315248198731041818e-01
7.530836707144510367e-01 7.652306005383988641e-01 7.794060103601121448e-01
8.178239417590608129e-01 8.189204570479758916e-01 7.707255411303737258e-01
4.819670513288930591e-01 4.597829842638467279e-01 5.240940422501559892e-01
6.409794965032842295e-01 6.992815777445997583e-01 6.314318802512740580e-01
7.347537313359545630e-01 7.478985014053612934e-01 7.261533873363468228e-01
5.113944017020167765e-01 5.253350911783807309e-01 5.692334370857058401e-01
3.793891874688209431e-01 4.243574233974637955e-01 3.873813381338443440e-01
7.675401768907154088e-01 7.738576549316312780e-01 7.580505625373724632e-01
6.295433427160913586e-01 5.548083709825563092e-01 5.390835365152696346e-01
3.253892556729781060e-01 3.569270706956914063e-01 3.699999780727322163e-01
6.718658192679264340e-01 6.271566349424866349e-01 6.565712130776163447e-01
4.950612140130059569e-01 5.148205621818392475e-01 5.052919393866466269e-01
4.734894391234577005e-01 4.404135036758652921e-01 4.796385924981416138e-01
7.677822812719791168e-01 7.442547499866276617e-01 7.603781738685001512e-01
2.804481038322222952e-01 3.150440071374200346e-01 2.984295175108556131e-01
1.343364740895895137e-01 2.249056013494594164e-01 1.809003850361016741e-01
6.965983460607447775e-01 6.711566204767801525e-01 7.107021848931046604e-01
6.697390926069159978e-01 5.540967679488738584e-01 6.679927489539438934e-01
4.478274063536199501e-01 5.771525801136265788e-01 5.364537576088602711e-01
5.660854953666938361e-01 5.904473860253238726e-01 6.410209521075315164e-01
5.281427174391996049e-01 5.455959460060618715e-01 5.148622290175471905e-01
6.304972879270120956e-01 6.951309302925663403e-01 6.333397630150982005e-01
5.005371525639346064e-01 6.175018398074740844e-01 5.626185971634216632e-01
7.505119859386960579e-01 8.006381891212370761e-01 7.553572538431077010e-01
5.820512182802786150e-01 5.641862865453869391e-01 5.692916084099943763e-01
6.285849446743236868e-01 5.979357898007108263e-01 6.105013793292772828e-01
6.561168419934831908e-01 6.737475445180690636e-01 6.560613158282952995e-01
8.110405708083342491e-01 8.147115726550945292e-01 8.638291803703187499e-01
3.845781624175030333e-01 4.700879988151734912e-01 4.802817531089179082e-01
4.988317703726080077e-01 4.989812468724993400e-01 4.929753738860052636e-01
4.076086209878355682e-01 4.745646398980103986e-01 4.604491686215522184e-01
5.409768116530370152e-01 5.320252841305581626e-01 5.396746878131338798e-01
6.013467659561303469e-01 5.604940792105538305e-01 5.859202382356031302e-01
6.691091410229750291e-01 6.087106732596018199e-01 5.773544592039139278e-01
6.352221407688366517e-01 4.934819756480333663e-01 6.359857879766105393e-01
5.634029815164003363e-01 5.869003142925675043e-01 5.238547655022051108e-01
5.478332914393615471e-01 5.424398033019510734e-01 5.395988629221273314e-01
5.644454825130811315e-01 6.005842512969004066e-01 6.025549681650198552e-01
5.930494115647269027e-01 5.972050495514580337e-01 5.763214065984240131e-01
7.019880677377771105e-01 7.314382460758581672e-01 7.100745142806598187e-01
7.409032163010842442e-01 6.511070866295280979e-01 6.677402490861322759e-01
6.534303448310454510e-01 5.985014755520556839e-01 6.407872888961811952e-01
5.166426323399829768e-01 5.415437574089063677e-01 5.472101743974423504e-01
4.580344844804571380e-01 4.469530842583581132e-01 4.967422296307191787e-01
5.089054540316562125e-01 4.838384099666397375e-01 5.236342010967827143e-01
5.263899483161473825e-01 4.904086195069473630e-01 5.082153821158383877e-01
4.529318277685696614e-01 4.688962764711626652e-01 4.451896000708556733e-01
6.156357560842238286e-01 6.145498317920706777e-01 5.827439838917261028e-01
6.619541806061948197e-01 6.908797638270816055e-01 7.402729705424427875e-01
5.394412185876304999e-01 5.884056720520779438e-01 5.650138875335142252e-01
6.282981994965599615e-01 5.700072721782498686e-01 6.331920778992575771e-01
4.079073428379590971e-01 4.570388171836531344e-01 4.816013758594072103e-01
