7.042241695958345593e-01 6.624526494667423160e-01
5.158336069427523762e-01 5.516977048964165631e-01
6.952470511924447871e-01 6.725952654215120452e-01
8.699612047377575097e-01 8.886920855093255467e-01
6.001959116048952714e-01 5.990078232283976289e-01
7.969398762514848800e-01 7.068330989859786806e-01
7.680209818664478494e-01 6.968840266744158463e-01
3.067143936298101226e-01 3.459654774698646129e-01
5.275315718884284744e-01 6.022861631833883456e-01
6.190748725447375866e-01 6.071009385664100089e-01
5.111920140625837439e-01 5.105266442452355280e-01
5.071971438453025671e-01 5.622275325452218420e-01
7.954018663129498456e-01 8.148661386966025155e-01
7.002153398517346750e-01 6.212944841602420221e-01
4.070306277896403313e-01 3.267178736741596645e-01
5.368157591583202493e-01 5.073758891190793818e-01
5.002860547617933307e-01 5.411264966148130462e-01
8.128605317687161991e-01 7.679551358268766892e-01
4.378784097048731838e-01 2.667255115297244017e-01
7.579870595079768458e-01 7.253531470976025686e-01
2.633489847399602679e-01 3.458920876699589364e-01
3.862667783129851706e-01 4.406796625756996821e-01
4.064490090136687050e-01 5.148515700584107568e-01
6.495457681377212467e-01 7.071976262325723184e-01
5.485316386825744850e-01 4.233246313807161876e-01
8.861773490936528663e-01 9.175877267737213572e-01
6.049349077457012447e-01 6.024340541276850258e-01
5.275789406348367905e-01 5.924717007786428624e-01
5.413342434521150048e-01 5.530234948836388886e-01
6.569360370643678726e-01 7.750275973926973316e-01
6.565702150486020239e-01 8.034417735308240216e-01
3.075356059866055092e-01 2.866923662864055422e-01
6.319418418580330377e-01 7.052883448442687220e-01
4.368819822802680330e-01 6.024359981120676055e-01
4.827998956717975410e-01 5.119403822467309961e-01
4.621156660927808191e-01 4.636481350254472722e-01
6.156218066184248050e-01 5.647051105693011719e-01
5.896944527516871926e-01 6.263186266710834005e-01
4.243276400194927467e-01 4.469322565514324275e-01
7.595200164400175424e-01 7.734268561064052694e-01
7.729280199248950156e-01 6.712502463270769715e-01
7.538530020683743560e-01 8.055436415513673731e-01
6.956027685607355515e-01 7.530520918289964616e-01
4.361827827091784293e-01 4.780645796088530686e-01
5.661524589117697959e-01 5.516904692772922614e-01
4.949170332097258540e-01 4.911592357679216980e-01
4.249047142835316593e-01 3.656639907773807097e-01
4.436245367298966014e-01 4.316910665564846483e-01
5.896569145368356635e-01 5.441482835241010507e-01
7.847391825195182413e-01 9.647480198670088658e-01
5.472368107700912310e-01 5.818694096695661289e-01
6.335495802857785685e-01 6.417066882501115677e-01
3.944636956591425214e-01 4.188538735037421468e-01
7.312716067562602396e-01 6.897013878208425597e-01
4.070898132169841199e-01 4.320871821314967720e-01
3.904160911487214447e-01 3.395669134282114365e-01
5.727965410040696259e-01 5.205123354317724438e-01
7.933499451964933780e-01 6.632888756834345312e-01
6.758638421266240925e-01 6.313703210611356642e-01
5.955649091753191238e-01 6.478401445662530511e-01
5.827901929241475765e-01 6.503996179359189389e-01
7.532895687227226800e-01 6.862524137396589508e-01
5.672100031478405358e-01 5.674675991921803719e-01
6.094238903457739331e-01 5.925058596297775315e-01
4.122391356338080404e-01 3.423589019627680252e-01
7.326192283094656865e-01 7.368120301841274422e-01
4.812531668694342013e-01 4.565338360938387963e-01
6.379143350901314014e-01 5.551674236504394733e-01
3.361339294660314336e-01 4.608803729346220845e-01
4.453222841821972144e-01 3.695572297214624324e-01
4.762039265681018985e-01 6.228333427572256831e-01
5.188042950637774542e-01 3.139531610959023222e-01
5.592727986478914781e-01 4.543333516591156473e-01
6.194163277578168536e-01 5.995977052692560427e-01
7.735469098054205128e-01 8.424107638465719861e-01
4.782600818709112911e-01 5.878099959688576348e-01
5.669376765451478173e-01 5.617368406137513981e-01
7.494810457683143134e-01 6.834783735159872808e-01
5.462861922541044635e-01 6.144591651920845443e-01
7.458382186483548670e-01 6.883939211978921113e-01
6.889615699926072701e-01 6.777992508822847650e-01
5.097112987366200221e-01 5.385393503269194637e-01
3.836788900146340109e-01 3.944302864411531329e-01
4.266557900401206083e-01 4.342253313074525001e-01
5.697304516918156869e-01 5.144304373101927785e-01
4.712630784078294943e-01 5.112537385286393121e-01
7.417828462911396636e-01 7.353216525742291010e-01
6.149630468427905727e-01 6.140506278471932200e-01
6.233353248593381801e-01 6.911439793145132127e-01
8.620561370131953893e-01 8.063838959182014765e-01
5.123871809623583573e-01 4.221169596920620881e-01
7.137104578746433781e-01 6.785817287744242421e-01
6.474612678204587635e-01 7.502112518549228781e-01
6.326880448340528318e-01 5.377703216856843937e-01
9.122504577700529804e-01 8.458427184338654925e-01
5.263147109020767100e-01 4.984010732264236854e-01
9.227511071428395883e-01 8.648070214591114802e-01
6.868876109218252646e-01 7.981912000190206635e-01
6.552788589627563942e-01 6.093766617640720140e-01
5.785309730762701053e-01 6.279188445342872571e-01
6.541203395654331398e-01 7.705459534255330034e-01
9.085305773012842812e-01 8.350034538497422831e-01
5.785979398717633337e-01 5.309349479849831965e-01
5.993280696677688590e-01 5.056095939714168042e-01
2.530979624147756679e-01 2.698956441407714957e-01
8.443363526706744171e-01 9.587778838570886197e-01
4.602119837070578479e-01 4.844671631816152013e-01
5.016824357905312892e-01 5.007381804903329181e-01
5.838481922226365084e-01 6.748597884751089682e-01
8.226594939803667517e-01 7.206246519026061614e-01
4.841246227088976672e-01 4.506512826024596796e-01
6.822465225005180933e-01 6.210189373995704809e-01
3.600276356227913865e-01 4.287486626277512425e-01
5.295236452143716743e-01 5.698390335672782747e-01
6.456677012855346343e-01 5.858885660174776300e-01
3.606603906647554703e-01 3.226235282347624245e-01
7.615500695431451916e-01 7.176553525748901041e-01
4.299894402171515195e-01 5.125872830727761231e-01
4.199038909248140605e-01 4.762399464324102993e-01
4.142892648932894883e-01 4.123489716164994712e-01
7.173759488240240012e-01 6.975759988527493460e-01
6.044590828892776324e-01 7.236119200282969954e-01
4.946147180095029627e-01 4.851890835704905092e-01
5.289809900739268489e-01 4.806230634407782087e-01
5.701553701176231836e-01 4.526496719122683476e-01
3.075753915114990411e-01 2.503558907325704741e-01
6.771284350361054249e-01 6.323628785132974217e-01
4.261901230483419178e-01 3.987505676265898913e-01
5.009733681393426785e-01 4.721106804957552194e-01
5.693439000754630941e-01 6.203558630771176530e-01
8.033831326681231122e-01 6.345024758066479809e-01
6.831932400736526745e-01 6.840618541375007577e-01
5.079108515272460211e-01 6.325671581431605572e-01
7.388416559006379947e-01 7.272384655558409294e-01
5.253613416250055845e-01 4.296860432987621436e-01
6.975920589635501434e-01 8.047506573292969589e-01
5.726172041750107189e-01 5.889743380705815268e-01
4.654913766766949901e-01 4.255603548536825431e-01
3.052639991235862604e-01 3.722448785479626210e-01
6.737851094077849101e-01 6.974051949425927877e-01
3.852518855225920968e-01 3.268552164272427452e-01
6.710051428904145743e-01 7.911078296673706989e-01
6.108458078063386809e-01 6.464913285099583851e-01
7.223725317333947737e-01 7.161831537598423170e-01
3.597886243338121459e-01 3.466623351750723336e-01
5.077514954210580189e-01 3.869292711290196474e-01
8.897178836028538651e-01 8.341367882910033504e-01
4.518043137837349787e-01 4.281135148139961766e-01
5.471435468282522807e-01 6.357374791905844313e-01
7.811785559885345842e-01 7.792867173386660573e-01
5.744376457264283031e-01 5.327320867088852774e-01
4.981285285419086994e-01 4.520754090951860649e-01
6.460859691502587321e-01 6.493678735287602422e-01
7.070755120687030049e-01 6.821101970446735718e-01
5.766606678166761313e-01 5.510193467283430735e-01
7.239308135037009206e-01 7.546112476526410928e-01
6.482909379546963891e-01 6.480935186149299199e-01
4.826548977573866805e-01 4.982650074998898893e-01
6.688348222890960759e-01 6.409186219588296485e-01
7.565722672822554618e-01 7.508285276529411689e-01
5.561745587957304116e-01 4.720458500279713365e-01
7.478399455432745979e-01 7.515677781352126940e-01
6.012828521265978221e-01 5.015509979025312148e-01
8.335850793976544715e-01 8.875698776840490467e-01
6.451336757555157231e-01 6.143994811368231890e-01
4.488443338932711635e-01 5.343311725146416835e-01
5.507881937886414114e-01 5.898790174302739331e-01
5.713392396024615794e-01 7.163149679358559174e-01
8.062079053844509735e-01 8.683884815434942395e-01
6.155930418445789698e-01 6.247635273357403651e-01
3.002790314642677649e-01 4.715154761847529241e-01
6.104011457669881180e-01 6.957723486143424507e-01
4.517013421662008366e-01 5.222234333756938796e-01
6.930403973023504527e-01 6.035741401073282386e-01
6.524387593954286135e-01 5.988662000831379562e-01
5.892146676467776567e-01 4.980288999545833262e-01
4.708658701329977436e-01 5.054768430824757575e-01
6.774991437554733764e-01 5.445788909183664206e-01
4.985811029519295889e-01 5.080008530195723182e-01
5.623726065744798497e-01 4.615212909212246806e-01
7.454723314895618236e-01 8.207794474243691463e-01
8.850053266911102057e-01 9.054352958006450791e-01
2.943859099196608486e-01 3.398643442854863972e-01
5.391313276600280258e-01 5.016608099768176121e-01
4.846214223802849386e-01 4.899450624621757289e-01
4.069155547274449503e-01 3.173645451973742815e-01
3.923182972545868896e-01 3.128533245774240967e-01
5.674448630874275867e-01 6.673019713247292373e-01
4.779788422056664987e-01 5.606109367070253313e-01
7.229501590504502362e-01 6.685385343618707177e-01
4.746527747734641256e-01 6.795842019978348691e-01
5.305159849049854159e-01 5.029523631860826072e-01
5.615244397849501468e-01 5.248882637205045665e-01
8.788332797503889404e-01 9.154437059940651045e-01
5.779716240793135729e-01 5.762142434055383955e-01
4.954488319741914282e-01 3.604264247690996958e-01
7.114306434893181708e-01 5.399590797140901843e-01
5.237437904636459418e-01 4.954545220115031401e-01
6.122893983735897550e-01 5.531373950561702113e-01
2.734070533009300696e-01 3.143835645427581760e-01
6.660189801151322753e-01 6.063917427655146630e-01
9.079159437997837978e-01 9.067397202135570877e-01
5.996798287989346665e-01 5.104252561876851946e-01
5.904456595021391196e-01 5.449358902714157571e-01
5.037608386439887953e-01 5.764297145637374831e-01
7.468796512740900617e-01 7.495208447750405512e-01
5.581608912458306815e-01 5.240217272178728791e-01
5.127812368997402004e-01 5.338647377292438101e-01
6.231675219593107995e-01 6.153295785500606518e-01
5.662582154143727120e-01 5.780151179595280908e-01
7.028046093186314236e-01 6.802666365449195895e-01
5.697250650486501700e-01 4.692185065665818722e-01
5.212424070268381060e-01 4.574778501212246606e-01
7.612001883474099895e-01 7.029250197266838640e-01
6.640005029084190546e-01 7.647526504751300802e-01
7.109696347986976805e-01 7.369076552250674039e-01
5.652722288183730237e-01 5.079011769251787767e-01
5.810149436087588271e-01 4.263591935869566196e-01
6.352750219088429962e-01 6.844024685927982965e-01
1.352888162602897404e-01 3.267084056652058699e-01
8.654502392069343131e-01 8.379637757237541340e-01
5.930762206748126930e-01 5.718686680880743500e-01
4.667353012303557813e-01 6.057357842334082365e-01
4.117462259247296474e-01 5.643216495559141288e-01
5.702096747103934105e-01 5.767085299830146949e-01
6.547469909901180163e-01 7.406402737566453176e-01
5.849133391457261855e-01 6.020306368826870980e-01
7.589361063201658375e-01 7.132476570926054027e-01
6.139198728639689850e-01 5.674924630786726265e-01
7.554292903488093458e-01 6.981549664184405479e-01
7.469592579211921102e-01 6.983257612028532790e-01
4.091137782243181586e-01 3.129123173324119822e-01
7.645147565089746022e-01 6.750914287932167079e-01
4.784972334917173553e-01 5.114650042975042998e-01
6.626415842248580823e-01 6.681763057405090134e-01
7.397674290934782571e-01 7.809407883920064242e-01
4.269940111675298300e-01 6.072982796452663923e-01
6.287708334430024415e-01 7.271886915857388445e-01
4.775901949033766192e-01 5.029106388547833761e-01
3.448704389097050349e-01 3.669943601311824732e-01
4.823020226440065117e-01 4.856725884129163284e-01
4.565984635375000544e-01 4.527225377422760544e-01
7.954499035742086388e-01 8.454998361610071012e-01
4.078181484635878262e-01 4.525478142213640864e-01
6.861646726643003680e-01 6.097687846877747342e-01
4.574471417910258575e-01 3.237129777844470757e-01
4.457555710407683502e-01 3.125437899410785647e-01
7.507726999597501560e-01 7.303423817680811947e-01
7.560124788313327127e-01 7.169687255672836379e-01
4.343879943017364686e-01 5.611358650694385775e-01
6.414178896744465730e-01 6.757536032732701647e-01
4.198834569738323363e-01 2.549298838638756060e-01
6.010028609620455819e-01 5.788975508726913466e-01
7.152997130987268637e-01 8.094399474636568836e-01
5.543529404305390651e-01 5.808720506828554120e-01
8.020237011983447628e-01 8.395987273449451171e-01
9.396061490359554069e-01 9.583712384687818053e-01
4.282421092932001128e-01 3.638366958801150797e-01
9.075891022805232522e-01 9.054866181494455324e-01
7.171292471807863000e-01 6.617564182731036082e-01
5.496718801753266437e-01 4.772846114249679750e-01
3.754576952389481748e-01 4.188021180325602333e-01
9.062464285671582020e-01 8.991103270446375584e-01
5.936125935141143284e-01 6.466989137530363418e-01
8.733272617082559197e-01 9.406449938009118217e-01
5.258533158562800347e-01 4.351513429750076822e-01
5.269564239996701316e-01 4.591956261106998061e-01
8.051799739794027744e-01 7.677064546804799328e-01
4.247015581147481345e-01 3.498507707838919845e-01
6.650519909895163950e-01 7.556951718756684810e-01
6.803176621024242809e-01 5.472222195529690136e-01
5.964190723170287312e-01 4.715183016080086165e-01
5.756915299235790817e-01 6.182450493244892042e-01
4.047770993440707454e-01 6.064092548815268602e-01
6.189799600307600569e-01 6.529271374373587511e-01
6.354458018896802507e-01 6.292432074673586229e-01
6.485701887668949839e-01 6.522348203784676945e-01
5.954204350823426584e-01 6.167202292354763138e-01
8.038044653876561529e-01 8.483063750069488318e-01
7.958845813282544590e-01 7.713560969488029162e-01
5.792664099935795896e-01 5.327663161045963491e-01
6.227555996422193818e-01 5.931114026558832464e-01
6.246591841387219013e-01 6.900174140217323338e-01
5.739727922652940739e-01 5.595530322315421801e-01
5.656665440311168247e-01 5.527017383190335753e-01
7.739726012571450653e-01 7.022905156243059999e-01
4.328505046522622135e-01 3.203883872632467544e-01
6.900714853978165975e-01 6.107714141808205932e-01
6.390947017021435528e-01 6.778631297928201516e-01
7.598679155429218790e-01 7.416211914429423624e-01
4.808773478877496621e-01 5.050815400269890176e-01
6.301053671735717954e-01 5.990367478533283885e-01
2.238074489446152116e-01 2.965315684547336628e-01
9.141108130320260150e-01 9.755192331596284072e-01
5.102380528314434116e-01 5.500210367860307592e-01
7.532381336605975530e-01 7.166267926543929967e-01
4.867156514130305256e-01 4.561595802511682063e-01
5.193194437249835094e-01 4.011023149354495665e-01
4.084181779493913367e-01 5.318530456228592884e-01
3.207083222776515030e-01 2.120617770424076398e-01
7.104687377401193160e-01 8.041876346841256851e-01
6.627512226326464084e-01 7.543082662508981961e-01
5.009724702234441551e-01 6.829042408032648392e-01
7.172907471251739331e-01 6.506912881368585033e-01
7.302855218072741295e-01 7.317332091078778689e-01
3.203052880464550278e-01 3.730214237047069781e-01
5.611713587091127220e-01 4.724374431461439983e-01
5.616328688629171895e-01 6.020777600696513021e-01
4.611659274566106692e-01 4.431802684940708836e-01
6.102030993956754079e-01 5.213259559835278223e-01
8.225415486870667481e-01 9.019462562081573820e-01
4.347069242004157896e-01 5.309552411544522510e-01
8.401798884689168911e-01 7.464035881142516704e-01
4.631644095920322002e-01 4.576917154828129553e-01
5.938245546165845656e-01 6.548872729925023783e-01
5.361924021532844531e-01 5.316173115414501993e-01
6.900887423127261000e-01 6.711479370981675574e-01
6.849270389667293513e-01 5.906823537566520121e-01
4.720545326904312944e-01 4.387110560962835804e-01
5.071600189009837223e-01 4.878459339285050045e-01
6.047790494126197292e-01 5.753234500673438667e-01
6.116550737181214448e-01 4.639097107356285332e-01
6.954629943465114872e-01 6.887950741372063090e-01
8.600574246561430991e-01 8.563061754431208206e-01
4.876083511762438483e-01 5.446721111200338861e-01
5.030792868097875292e-01 6.343329219066002889e-01
5.988109714139152606e-01 6.227455813859471556e-01
4.511711274431715046e-01 4.234862487274244081e-01
5.540526660547286930e-01 4.401673461276777166e-01
7.229865145362690537e-01 6.070685358022211986e-01
6.010264140209742312e-01 4.620757276427788773e-01
3.632170379073786370e-01 4.428353974194849108e-01
7.106007297583888382e-01 8.055469932255353571e-01
4.960985470842251832e-01 5.896538547368921357e-01
5.138573110370528996e-01 5.556136700760060387e-01
4.981671917956914108e-01 5.702758003032343259e-01
5.518100462887745028e-01 6.169831506338452343e-01
8.439254048032049926e-01 8.527036872606108542e-01
7.224556128347986439e-01 7.026003791362439577e-01
3.851861724885138338e-01 3.629356165267292322e-01
3.892881461886320005e-01 3.925269455332184854e-01
6.243506974599017934e-01 5.498113757547555824e-01
6.023546598249580608e-01 6.348506090483272413e-01
5.137600289532445741e-01 4.613410864548826429e-01
5.509475956476365122e-01 5.610669915563423205e-01
4.195183652650636419e-01 4.667488360845857831e-01
6.113334574435600466e-01 5.961708870864672605e-01
8.627012441856256597e-01 8.717661181649081215e-01
6.833877492846015533e-01 7.694250450609857461e-01
5.199394059236918109e-01 6.276228953906560770e-01
4.582172308210870071e-01 3.720108115078368805e-01
4.158053785473678210e-01 3.826281167365526703e-01
4.596569890149376225e-01 5.429274152688879918e-01
6.962651434687522345e-01 6.829825551510481096e-01
7.958290534615863887e-01 9.067712162900498640e-01
8.477192951514480601e-01 1.007428745695816863e+00
5.914778251995349567e-01 5.882596871940921623e-01
6.057486645204889220e-01 6.347713213556093192e-01
7.382047319707069066e-01 7.451715641511754695e-01
6.541403430456403933e-01 6.911613800206727332e-01
5.774334578453076405e-01 5.881055950473862426e-01
5.602010907906469495e-01 6.825768877868940709e-01
5.359073081483978207e-01 7.755682792810618675e-01
5.688998671058116408e-01 6.053363513443255073e-01
3.596712079549410079e-01 3.744451350027675485e-01
4.746755628504393254e-01 4.537390507296991116e-01
4.447459032229088560e-01 3.842503070366568574e-01
8.133280581206234761e-01 7.412978948992667849e-01
5.988895689725233229e-01 5.402740260220582069e-01
6.806296621759714283e-01 6.550512505518523154e-01
6.398069588269515995e-01 7.728303181379668763e-01
7.781144679026145150e-01 7.828776757363123950e-01
4.590847257642911017e-01 5.286483611566353824e-01
7.312647371601881385e-01 6.668559078814948471e-01
6.058312751051567746e-01 6.747894151814707309e-01
2.116726352527463773e-01 2.270677615797085380e-01
6.911660107088283267e-01 7.001841295009957333e-01
6.305960678850576207e-01 5.610098572834848474e-01
7.412129961271023415e-01 8.559548432999131151e-01
5.875522436014080085e-01 6.619668104669986786e-01
8.117508278651826004e-01 7.038130345370978702e-01
5.837209555554352391e-01 6.420560814949036743e-01
4.187392918838617195e-01 4.503185271990012284e-01
7.350577177994920275e-01 6.892234720518576330e-01
8.879022645610885611e-01 9.032739194797325677e-01
3.579234386686915848e-01 4.126969583453435897e-01
6.092362986935375702e-01 7.086851251901442605e-01
4.574164904470998105e-01 5.323619813814718382e-01
7.666152673368515913e-01 7.430493993601019476e-01
2.822464426837508200e-01 4.161084776101892646e-01
5.730103344479329230e-01 6.945426670349355014e-01
4.827532331763538798e-01 5.554447234633416164e-01
7.319293344378634547e-01 6.610562282843657211e-01
4.813455272527784046e-01 4.262988432243609016e-01
9.353503922078945099e-01 9.285813897393933036e-01
9.987212900154295303e-01 9.812321762392380853e-01
5.318037139893018184e-01 4.157173515296934685e-01
8.508185510411849783e-01 7.563241815207537577e-01
6.013934746490203764e-01 5.883673285021282506e-01
6.544774445906847982e-01 5.976395747006782999e-01
5.193874476574684707e-01 3.571739178350507027e-01
4.813972004182049402e-01 5.181302378804857334e-01
3.314092709330693776e-01 3.917101499384573193e-01
4.972162568827480644e-01 4.473191382198909993e-01
7.067036600763180187e-01 6.070986391599629828e-01
5.541761986825112229e-01 4.608538572232493413e-01
4.643486608291074180e-01 5.100285018026914363e-01
4.468533250048931094e-01 3.996940234883610832e-01
7.461696742859679210e-01 7.355212765951929521e-01
6.048089195732168077e-01 6.679139076260282026e-01
6.472219606477012110e-01 5.944242900688463394e-01
3.714584504095259643e-01 4.948378796432082449e-01
6.003148275136540590e-01 6.894965035072875281e-01
4.343841732179148374e-01 3.549043700202690332e-01
9.395519411241713970e-01 8.705843914041172527e-01
5.904542517827044978e-01 5.765929792579589375e-01
3.485223499056714913e-01 3.216835968592202666e-01
6.713620049663346911e-01 6.303147947862879352e-01
5.124445495913475535e-01 4.519560338320925963e-01
5.927496558988879505e-01 5.182410819825603587e-01
3.968674517089718634e-01 4.958572504910512269e-01
8.369175843185466812e-01 7.295669188009014094e-01
3.871652164392861417e-01 4.483865632092209896e-01
4.793304232803844434e-01 6.230708061466726511e-01
6.734116674363351818e-01 6.218112652157065101e-01
4.312368602537015594e-01 4.379829962917654029e-01
7.553837316122919976e-01 7.488754604095086975e-01
8.213680691272607914e-01 8.235717118683790750e-01
6.708271673957982850e-01 6.242401747859133154e-01
8.719944357451028250e-01 7.908466157825624343e-01
4.163345100891385764e-01 4.112603217490261587e-01
5.048295201463975923e-01 5.064012045023974506e-01
6.032823332173972153e-01 5.998847263874979019e-01
7.866447343934928060e-01 7.398906491064372037e-01
6.833140999391019710e-01 6.166863887500820818e-01
6.708633130404589862e-01 6.056437410161187307e-01
7.500878746054313595e-01 8.081802180112822587e-01
4.000640209074948217e-01 5.219304650226085363e-01
5.559552722358311883e-01 6.116208092234138860e-01
7.759877999242376090e-01 8.412947887674765424e-01
7.322201052562813395e-01 7.844851183762748814e-01
6.238020424113660534e-01 6.161362658617833832e-01
5.445033432859724964e-01 5.025666500640764145e-01
5.474841139701646098e-01 6.932978152621892542e-01
3.340249740252617117e-01 4.234886010510028886e-01
7.422864163481660560e-01 6.153056359806360343e-01
5.980624061439283601e-01 6.241534281263618755e-01
9.469205467849020619e-02 2.111413105214544894e-01
7.163260183063541175e-01 7.061637742592331568e-01
4.884934692506643916e-01 4.696122044257809991e-01
4.326821000740599388e-01 4.408709141434585810e-01
6.113875764440737104e-01 6.222771166028864265e-01
7.744706020407456926e-01 8.467541490745951194e-01
4.389893180488222413e-01 3.959741309496155326e-01
5.354502423842673053e-01 6.628663390095153041e-01
5.626602550824095772e-01 4.168758956981317709e-01
6.705797271242036617e-01 5.733108320376466560e-01
5.926317695719840462e-01 5.865286747126354783e-01
9.725804295617720419e-01 8.476933405998369198e-01
4.202287324514172306e-01 3.782286870212794305e-01
7.242995891862026303e-01 7.024833968649580873e-01
6.581841472880574084e-01 6.618282011624812000e-01
5.436775350372983207e-01 5.991116067576217619e-01
8.696985618994113043e-01 9.006457104485681153e-01
4.511025265299472564e-01 3.553699814939413337e-01
5.372708135392295636e-01 5.046969169989879989e-01
5.294297117086478321e-01 5.736575851439914553e-01
5.764449023034866615e-01 6.696887196534265785e-01
4.773976334843936797e-01 4.616073986548687724e-01
6.240454161249014975e-01 5.884928456396568697e-01
4.902863629103543230e-01 4.691129408615952734e-01
5.701703880322196438e-01 4.838273139517789145e-01
7.675219506470974951e-01 7.581601268310823594e-01
5.802717055711524852e-01 5.688286918336801223e-01
5.965154101992662383e-01 6.483359270137969421e-01
3.714146923826158186e-01 3.197547461432780347e-01
7.328568809715686472e-01 7.145312128679294217e-01
7.809278980303029360e-01 8.489612583785326461e-01
6.830128282706241505e-01 6.106663303253342390e-01
2.901237099985751189e-01 2.784701766874643769e-01
5.548473895195316086e-01 6.118424576061145537e-01
5.726446075797623214e-01 6.382214725073024342e-01
7.408954806535343884e-01 7.551215371861688119e-01
3.478887127769672571e-01 3.205376022072578546e-01
3.021156642799051606e-01 4.043610612564065288e-01
5.712612458519183978e-01 4.291723531012434090e-01
3.407171107318193171e-01 3.409911782939610836e-01
5.160764608203322057e-01 4.499032985958666964e-01
6.290444068269799294e-01 5.681905915357033932e-01
8.004153172459788079e-01 7.311458800296567473e-01
3.953045512746322654e-01 2.826857744922399718e-01
3.182049899086615286e-01 1.969478476108294240e-01
6.871270070024030341e-01 6.965232089500722479e-01
8.368196419930385987e-01 8.040315068559361622e-01
3.666403674701684823e-01 4.602329460113926407e-01
6.944400147184049965e-01 6.354921186188123849e-01
8.219176103600976946e-01 8.524000201187423853e-01
7.897322839695818386e-01 8.266845813733992854e-01
5.374426422363086653e-01 5.743747693306896496e-01
8.543880153313473391e-01 8.605035232678520662e-01
5.395414049288573821e-01 5.212030711838706587e-01
4.855595346183808059e-01 5.395867467663506556e-01
5.485231330140655226e-01 6.100198672627644703e-01
5.446129196803088934e-01 4.378406590174713786e-01
5.640425647297374612e-01 6.004883931021057775e-01
6.300946373984986915e-01 6.509843893373360446e-01
6.240396594969229715e-01 6.321911276851951422e-01
7.929876315455561819e-01 8.084042463366118980e-01
6.328048415631553070e-01 6.371703772686927447e-01
4.029667272665598543e-01 5.332178467378577702e-01
4.891385720545891047e-01 5.051468507321381640e-01
6.839378038273143945e-01 6.439230034180877249e-01
8.348126238693613921e-01 7.723015506874397751e-01
5.240408561641889396e-01 5.704620384321894555e-01
5.850767004329989751e-01 5.154375726742072006e-01
8.196302293738448874e-01 7.915403845562440921e-01
4.095063655557804605e-01 4.449858684701735179e-01
6.172064161276884509e-01 5.837843895870964417e-01
5.188910387249219269e-01 5.381353567210396260e-01
4.056914699970168292e-01 3.118840206535296589e-01
5.785328196517390831e-01 7.009993489726810134e-01
2.573809983154327630e-01 2.939396205601182976e-01
2.935677186748852363e-01 3.182169952606880847e-01
4.120677669867334747e-01 3.965418608465741124e-01
7.395968212979012746e-01 6.637169040453586577e-01
3.764719921670236502e-01 3.610061158166096851e-01
4.296617893619214534e-01 4.441783608391448590e-01
4.947380529631434376e-01 5.137583272421247793e-01
5.304962875690752977e-01 5.458143545806104502e-01
4.672769198827187997e-01 4.968368802905024362e-01
9.569927814968000046e-01 8.170526184634332445e-01
4.967835077612048900e-01 5.831814411528610798e-01
8.196738710023544483e-01 8.752882112934853298e-01
6.090229203133531444e-01 6.433011430689424826e-01
7.485860878303381982e-01 8.584579902740890889e-01
6.656376696905297319e-01 6.282772750411382834e-01
8.516348532976835140e-01 8.020757826648082789e-01
6.012927405769405986e-01 7.456930618705552849e-01
6.077813771492331929e-01 7.592443425264280288e-01
6.169931836355991850e-01 6.474992168417036398e-01
7.809946051815190859e-01 8.789155424433692243e-01
5.104119819178696282e-01 3.513080224006802643e-01
5.152704307056625854e-01 6.173076172827640651e-01
6.667690691444368989e-01 6.367437140545076923e-01
4.830028524195827955e-01 4.720617623777434990e-01
6.935006768255297382e-01 6.683161519945816087e-01
4.883435629354340723e-01 5.324848635780793371e-01
6.340784325462911486e-01 5.872523049918085825e-01
5.927184048668172611e-01 6.539150770991288830e-01
6.973782466807776359e-01 6.490544465009706609e-01
6.270100780608225399e-01 6.441013780276720890e-01
6.253466321796544714e-01 4.562261194143198972e-01
5.410522941081671311e-01 5.269139828743046872e-01
5.731955113768193444e-01 5.521953389783927912e-01
7.592073349605344967e-01 7.024812643189245476e-01
4.369557695297925926e-01 5.041474502861611473e-01
6.875365650854718957e-01 7.273145524764115244e-01
5.431236303419687550e-01 4.824976122919178989e-01
4.184181964908488816e-01 3.433250765341107069e-01
6.699653542431310838e-01 7.887406031292946151e-01
6.920607598019250517e-01 6.925208768339745635e-01
4.684709395952626476e-01 4.306291188631693467e-01
2.759742455068998623e-01 3.372376477064158440e-01
6.355446146832287591e-01 7.399293093338040750e-01
5.605187758498104689e-01 5.675747261791777021e-01
4.019750136379980354e-01 4.107261356729715596e-01
7.271047103905826647e-01 7.308492367737476902e-01
4.570724604790054602e-01 2.713046474185537016e-01
7.155671192244639212e-01 6.270199969235068505e-01
6.258110073333026380e-01 6.456829818260821918e-01
4.880913551622547697e-01 5.021710326078084874e-01
5.951867241635350192e-01 5.555543990432455503e-01
8.077657788922464333e-01 8.171413574876630337e-01
5.283567146664601699e-01 4.557901877883881459e-01
7.796969355886624875e-01 7.900584226518110320e-01
5.869198742590819862e-01 4.997605639509241637e-01
6.394000278348076494e-01 5.826301904204719273e-01
6.589794996040747588e-01 6.980332343041240062e-01
6.389424730954157416e-01 6.129723374105023881e-01
4.201903981297747115e-01 3.761915947606598309e-01
4.417845738085220963e-01 4.601849342025109424e-01
5.422805260546774697e-01 6.061310213929798074e-01
5.323261903470025702e-01 5.814683954036555802e-01
5.825491480237218189e-01 5.496964740984934261e-01
6.434107510451442247e-01 7.098279508255739279e-01
8.547119996194673108e-01 8.193892993166779215e-01
3.737643117303964257e-01 3.710801334729854628e-01
6.594662549668276474e-01 6.838200030684274955e-01
5.695766361533455280e-01 5.408585406006346519e-01
7.713638482056495160e-01 7.675367001702311232e-01
5.255719492176775809e-01 5.942345978526091255e-01
6.399267409740544421e-01 6.621832403626358721e-01
7.038299184830021371e-01 7.167966614112204482e-01
6.436897644719171696e-01 6.607268336505526252e-01
5.857695778306889478e-01 5.969780102031480018e-01
4.365110200628296022e-01 4.152773558147284660e-01
5.387464321124902922e-01 4.847540229245338450e-01
5.482290805443127413e-01 4.721182713841142742e-01
7.453093286546809138e-01 7.144030412597878188e-01
7.994308005421824070e-01 8.886263350756338220e-01
7.265691010379193848e-01 6.740584504812288102e-01
5.240439958777434182e-01 4.646486846399751069e-01
2.443475644825373327e-01 3.410136405630070922e-01
7.386377237882016944e-01 7.130613955886117017e-01
5.435631688005437834e-01 5.866881604094069669e-01
6.994464026978034488e-01 6.885606932242444023e-01
9.682481807954307351e-01 8.355986070028277313e-01
4.455409989260673553e-01 5.269969793289897009e-01
7.468852819482821870e-01 8.095170856511414437e-01
9.337839624641721681e-01 9.836121109462752088e-01
5.102912758375854896e-01 4.987576308532336022e-01
7.849898093613572048e-01 7.150600705615166586e-01
7.195676088316677044e-01 6.344251459024862205e-01
3.817560240467366972e-01 4.430112536031775017e-01
7.271757249822381475e-01 6.847850100849077748e-01
7.038915833925836196e-01 7.780692545088079282e-01
5.553308148513623754e-01 6.002322947261898856e-01
5.358079673105258234e-01 4.882099921594851288e-01
5.858433099856837911e-01 6.088866320293470080e-01
5.742677789580712400e-01 5.004245371423494682e-01
7.485312682882588886e-01 7.538289535537351371e-01
5.289451453939384429e-01 6.689508103498349456e-01
4.937170217024708929e-01 4.095324379938094506e-01
4.336550400910816894e-01 4.844832281444561017e-01
6.058315917894794289e-01 6.632744889142030420e-01
7.115548590306484122e-01 7.941074824509857244e-01
5.472549551702104997e-01 6.139649824211385054e-01
6.313386058052948835e-01 5.731491752244998183e-01
5.631685197180719138e-01 6.446828835790033851e-01
4.031190958052808249e-01 4.266880321698980350e-01
5.699715020113776953e-01 4.880141674285073949e-01
5.115931713352800392e-01 5.567429927002639500e-01
7.662210457467975022e-01 7.043382627333480972e-01
6.595977894009876774e-01 6.090138753130009963e-01
4.850658648653258243e-01 4.638410080825319803e-01
4.853686982909026226e-01 5.058118751556625048e-01
5.729654002139582536e-01 5.040744291798232579e-01
7.260597184524743009e-01 6.887246598153787813e-01
7.315705057920085519e-01 7.169990139654214278e-01
2.994093320005014047e-01 3.167238682537741323e-01
3.812026905519289022e-01 4.380141772579468906e-01
5.769637628418455844e-01 6.389209073842017084e-01
6.636741790493556614e-01 5.856408671460011650e-01
7.970892045649995428e-01 8.204067421975371754e-01
6.240693374401590221e-01 7.801283918226004088e-01
5.673240908268004645e-01 6.205271078558922682e-01
3.682220827119067064e-01 5.025641275623934368e-01
6.248396055135145843e-01 6.255160949672344817e-01
2.696932004332696087e-01 2.731659042908068935e-01
7.464948708808702982e-01 7.471291378505420244e-01
8.145035337505226458e-01 7.127289395159532859e-01
5.186317784356111460e-01 6.837757853913319916e-01
6.736622946553773028e-01 6.106218882934381087e-01
5.063567437642624292e-01 5.473805150367012651e-01
6.551429126097716438e-01 6.959312669037576171e-01
6.519167814568509467e-01 6.087385462511412104e-01
6.183770371771547536e-01 7.899170863058314618e-01
5.784739317987452889e-01 6.206795773671924810e-01
5.900578202167963138e-01 6.699236911888917234e-01
4.098672169934140519e-01 3.938654821447287735e-01
8.191260542440140791e-01 7.101196373725650046e-01
6.342419640071845777e-01 6.190462040694106882e-01
6.438117293531556706e-01 5.480812131198821158e-01
6.905602131868905369e-01 6.339222588280625237e-01
6.278290955278645891e-01 6.062448796687170960e-01
9.624061486614613470e-01 7.945602701172519433e-01
4.045534015317541199e-01 4.048367174387604850e-01
5.022265933062330934e-01 5.618462898094738200e-01
5.831175491160855984e-01 4.762149695988606157e-01
7.505589803641501412e-01 8.147645397104015252e-01
3.725849894195262801e-01 2.664810118250970361e-01
6.496629761742288567e-01 8.254446736611483759e-01
7.166531013939301253e-01 6.729968952957119388e-01
5.790504188849844303e-01 5.660100059118894356e-01
6.312535580968339222e-01 6.221083303290444455e-01
5.906256777170546535e-01 6.516442067468177779e-01
7.389905006128043574e-01 6.424565009723315345e-01
6.612995479424976786e-01 7.791503986774850343e-01
5.676292504391636795e-01 4.073529086716264347e-01
5.913742022316078595e-01 5.177876769402339763e-01
8.879602374759961725e-01 8.849868350445665444e-01
5.855571064850295659e-01 5.449335992108326199e-01
3.592146839942396142e-01 4.766958682055497665e-01
4.337550744362884125e-01 4.234004383483702116e-01
7.839401279967461722e-01 5.666566269108039844e-01
7.487019571338632273e-01 6.507468213464567830e-01
8.280507705165506271e-01 7.618298759210261339e-01
5.278088563062626193e-01 6.841866803246468010e-01
4.042839659906798944e-01 4.085779376753879144e-01
4.484875013193732607e-01 5.398117807953740632e-01
5.102717952309067106e-01 5.573768787628160526e-01
4.850640657115016796e-01 4.454400106628809142e-01
6.091632019615798033e-01 5.219259668151523535e-01
6.180828972365146612e-01 7.633322009071143999e-01
3.833253241773895703e-01 5.505095118744184335e-01
6.680800339820498479e-01 7.448051555524359824e-01
5.997912824389387554e-01 5.444760105007916406e-01
8.386152436548448552e-01 8.223882517622025379e-01
5.514097154703798687e-01 7.672732193507658671e-01
5.780029879447432517e-01 5.475681731709070021e-01
6.150631661939180983e-01 6.149204144422579787e-01
8.342364159187724004e-01 8.327700066293280967e-01
4.599020097517400041e-01 4.129914684057484076e-01
6.111038559933452685e-01 6.074128604391209052e-01
6.423702882233159883e-01 6.301239886494007791e-01
7.791109962822835300e-01 7.699616292584392507e-01
5.237582242651036557e-01 4.950942614907042350e-01
2.268316934027844178e-01 2.674981985966842779e-01
6.011099040589668041e-01 6.351530259252705646e-01
9.180325742731739735e-01 9.292364319475835410e-01
6.963537231269659733e-01 6.194600921151981465e-01
8.995734731617928137e-01 7.354082280896101498e-01
4.817410478569788546e-01 4.894040234456193406e-01
6.426272951859711702e-01 6.393733911188964614e-01
4.818005428277213342e-01 4.657355312942678127e-01
6.077666924168639850e-01 5.628204797205219601e-01
3.872775692732260411e-01 4.405668378109240391e-01
6.895121670559580807e-01 6.281061741395228548e-01
6.534758611617094148e-01 6.826722872868374870e-01
8.276257026632453107e-01 7.408561486396284534e-01
6.820019570060834591e-01 6.958108755112167865e-01
5.224210488222157389e-01 5.557749190692989893e-01
6.402117822924134893e-01 6.276284243951238961e-01
5.795906743866598987e-01 5.825158552171121329e-01
5.959837914922238022e-01 6.255966992095131074e-01
4.986190436595909214e-01 5.280127081977165071e-01
4.548723260281434810e-01 4.720825855808182259e-01
5.999067482252191663e-01 6.904933822077021777e-01
3.980112368392956790e-01 4.078618195210612085e-01
6.039667224062043038e-01 6.559303076302983593e-01
6.698742916540701975e-01 6.669118774519581239e-01
8.490976580778270000e-01 7.548578596120133488e-01
5.962815915796959576e-01 5.568387517944650700e-01
5.138029411138048674e-01 4.393857456419286711e-01
6.388903682157646147e-01 6.345102843303479512e-01
1.018323733869765491e+00 9.368249844037065399e-01
8.469370779537498395e-01 8.886120780078149428e-01
5.769787914689421537e-01 4.881982562726149832e-01
5.975899518150638023e-01 5.787881701294892434e-01
8.254578351964109162e-01 7.453997698891420276e-01
5.299869182666864242e-01 5.602341105890674688e-01
4.623689508582981555e-01 5.062356619069308117e-01
7.617762415527313813e-01 8.318599673366466885e-01
4.394704111873383168e-01 5.302358315208240969e-01
5.653393013442011839e-01 5.926591562264504898e-01
5.520099284711361687e-01 5.320109496838218988e-01
5.002840673780510894e-01 4.914136611613100780e-01
6.208055005641580637e-01 6.192624091946749010e-01
4.089634508094378007e-01 2.931712025155839840e-01
6.128824897381899284e-01 5.306823089732330967e-01
8.600788645164527679e-01 7.863603516845849573e-01
7.038260461655682088e-01 6.350413892427434481e-01
5.615687346619677722e-01 5.364337400944141354e-01
8.252383369921871825e-01 8.695406310629281155e-01
6.360994929140763032e-01 5.875699259171703881e-01
4.861086100394846898e-01 4.920736327543189237e-01
4.465316507295754578e-01 4.289927230821488635e-01
5.174457845448517945e-01 5.293537122775918702e-01
5.452749427072985933e-01 5.084285161024283406e-01
3.118353979795101538e-01 2.981691974624338104e-01
6.702570609857726458e-01 7.618786451261888581e-01
6.148886753179134690e-01 5.715536188544088070e-01
5.241542889732804245e-01 4.709133722422021440e-01
6.539162382214378511e-01 5.743125888075479857e-01
5.381629672932993769e-01 5.569987038643228194e-01
6.177039059613250727e-01 6.385142157762088155e-01
8.248724411596707329e-01 8.245341688983022221e-01
4.317864592818739800e-01 4.427036526231468150e-01
5.851100820437451500e-01 6.168745753830180423e-01
4.662888436501154144e-01 3.067827987200564821e-01
4.805786546744588716e-01 5.777623146643908747e-01
5.284157536324856075e-01 5.049387662314126501e-01
7.853060166760487126e-01 7.757799824408168066e-01
2.552087340476509869e-01 3.158671703115687457e-01
3.177970042258583261e-01 4.487360074238616603e-01
6.486523664667556144e-01 7.042220647523047550e-01
6.234939464905671080e-01 5.948283142335666351e-01
6.799812710638898361e-01 6.355341106341966251e-01
5.183440076678759167e-01 5.188860122147805898e-01
6.090375578142259716e-01 6.446871983619488766e-01
4.124688939922062092e-01 4.467205141788155309e-01
2.791539745135261374e-01 2.731283335215514696e-01
6.494589801957972863e-01 7.248826335432916323e-01
5.184872327562617400e-01 4.973347013649379034e-01
6.309760690531032168e-01 7.945015672331947609e-01
5.667989419507887261e-01 5.617585568632675885e-01
8.716416156448683061e-01 7.443457665322619210e-01
6.061262790149871682e-01 7.062968109367208092e-01
6.070441062124238840e-01 6.086604382186742157e-01
3.961637129309671379e-01 4.662624685969185001e-01
6.075092680675023837e-01 4.826834951785526906e-01
7.050804529936777199e-01 7.385833595216505509e-01
3.387197215618003021e-01 3.888093324170284193e-01
7.614998739674025963e-01 7.326200728379543836e-01
7.069271828009771053e-01 5.915516300625967006e-01
4.024280424556312963e-01 4.531494638825772081e-01
7.258180239125109345e-01 7.796504630705989314e-01
7.635617043431232043e-01 7.167432996483030783e-01
4.527492803542854660e-01 4.324074125436389582e-01
7.018024677136776024e-01 7.100007334945621640e-01
5.958830020378111936e-01 4.372441216426810051e-01
6.064711595360841034e-01 6.521734952417506115e-01
7.318974885877256309e-01 7.464392640687367297e-01
3.028163405549094689e-01 3.857581055036707340e-01
5.530163368343430363e-01 5.669615093449218435e-01
5.321221563761289186e-01 6.415251297459632074e-01
7.221504981043563864e-01 7.461736179288501747e-01
6.339600316191694729e-01 6.677432281574263717e-01
9.178906002882871729e-01 9.106850800083141628e-01
2.446383682088852651e-01 2.374751947218929626e-01
5.982564029075387868e-01 5.762899202550624267e-01
5.092630235755389867e-01 6.464606964129194777e-01
4.354975794513340492e-01 4.569117834152754964e-01
5.120203161875662712e-01 5.289936839034303784e-01
4.682985943722964839e-01 4.428173314743765188e-01
8.804019288993921721e-01 8.694835387627303236e-01
4.802014518749824767e-01 5.190931205090324463e-01
6.358485575619674535e-01 6.313146853271525138e-01
7.401987918532619837e-01 6.552712836132974505e-01
4.230790071470525437e-01 3.242392977442192792e-01
5.685615325585413604e-01 5.372471836590373417e-01
8.326523310164369862e-01 6.837958685341908316e-01
9.529166838483467128e-01 8.676785180872408354e-01
5.783190807900183694e-01 4.600264524625522489e-01
7.300276741942084424e-01 7.061570898190601131e-01
6.113466689284209332e-01 5.935755440730868804e-01
6.642943481571720321e-01 7.145900720310959242e-01
7.559515287301484809e-01 6.736753868612469498e-01
5.437491344201244026e-01 5.741218162460830499e-01
6.287447489463059425e-01 6.047582595878232548e-01
5.847904248838529107e-01 5.196297596634300575e-01
4.753732546225941658e-01 4.241333526785039387e-01
7.929136322124267222e-01 7.112698970778025265e-01
5.885172795672889423e-01 4.960949300978861887e-01
3.974291779164690896e-01 5.190096617923027900e-01
7.267296701615482135e-01 5.985536247948530786e-01
8.214225977905313947e-01 8.240726013991197529e-01
3.187729692054013797e-01 4.887890990130182023e-01
7.998252647705240692e-01 7.876960276210701606e-01
6.322611984328135870e-01 6.617023466181993774e-01
5.445659208649843430e-01 5.303244277476016899e-01
4.915538654608767599e-01 5.460124126492068575e-01
6.532609370229186529e-01 5.650457628555779488e-01
7.723901709242693148e-01 7.551194168765928971e-01
4.684957946435819309e-01 5.693648755156190955e-01
6.634792038056879226e-01 6.781160538203151456e-01
9.076044743680917737e-01 8.620481223341389665e-01
6.855617886599137956e-01 7.843297362542153150e-01
7.719247350260315388e-01 7.246492536240386473e-01
6.594902081330761279e-01 7.239225941674555242e-01
6.730339287788108527e-01 6.926540099980550425e-01
4.982130497945788106e-01 5.295123813652139466e-01
3.221921441728340385e-01 3.575879982471725782e-01
4.570037830463892226e-01 4.772631450705789868e-01
4.505682276991516133e-01 4.947591181317828601e-01
7.491576203586595151e-01 8.093102453889123860e-01
5.674923773397831939e-01 5.807783506687326236e-01
4.580717431593127054e-01 5.707347564867343293e-01
5.503188230413359472e-01 6.801291618687709262e-01
5.229418369476630524e-01 5.213930990270896348e-01
9.580905786682319958e-01 7.474712919198961414e-01
7.054290192349069732e-01 7.383788879163398766e-01
3.337831134969883595e-01 4.024692794160784071e-01
6.124786510962706432e-01 6.533698508239692559e-01
2.631866468799906600e-01 3.234471351217624302e-01
5.109176937801406249e-01 5.837379982605260809e-01
5.520227145250814482e-01 7.613640141840213316e-01
3.758269991694246359e-01 2.917412881213445885e-01
4.358516113221566624e-01 4.033948469422575789e-01
6.049374695740717955e-01 6.460443686434430566e-01
7.220892633628904766e-01 7.352982173223131523e-01
5.875855305971502407e-01 7.151274137382879204e-01
7.164937855966039271e-01 7.184068650396865374e-01
4.853960773668861139e-01 5.592313913335619224e-01
8.572031477799744170e-01 8.980779291492630989e-01
5.795511180837966680e-01 5.396006222291143128e-01
4.869831034231954514e-01 5.154312935095299864e-01
6.626197403181945944e-01 7.147136403568234986e-01
2.972857994941581206e-01 4.494749079101971745e-01
6.256074918585531330e-01 7.112744332410930737e-01
6.160103010714501615e-01 6.911639220206768908e-01
8.764614889052813052e-01 8.126671138631784697e-01
5.843695991212467522e-01 6.734952783206917815e-01
5.467459150136394497e-01 5.634061462592873104e-01
6.009683505449041618e-01 6.301499041904305987e-01
5.898272569734934745e-01 5.838478125383081974e-01
8.588248281691580610e-01 9.310609948067335440e-01
7.645821175060736330e-01 8.556087987423537378e-01
5.997994079583590654e-01 5.848898757248746083e-01
7.247285528954082734e-01 7.372664499701296892e-01
6.588754875043674186e-01 6.404339801500313900e-01
4.919168718581464206e-01 5.115796404245005480e-01
1.961539732122302704e-01 2.878707131949863052e-01
5.163899949414682000e-01 5.658539227371720548e-01
7.932111273068739310e-01 6.929754418345642764e-01
6.392883560121012110e-01 4.914867038174963731e-01
6.403710888311144878e-01 7.322136623173465253e-01
7.690434949645118534e-01 6.420135615668541851e-01
8.094440545724813640e-01 7.496566336208682069e-01
5.698240977925336237e-01 5.771240173874364610e-01
6.459994127137554942e-01 7.071528372949101859e-01
5.975845716255722140e-01 6.193261284867815908e-01
5.282282975131848968e-01 4.878302737815830015e-01
5.438973625686056579e-01 5.728896349364520635e-01
8.243535057545062772e-01 8.213309526780748770e-01
7.003771935036837704e-01 8.082750675324366085e-01
7.650135034294153202e-01 8.235242204372855701e-01
4.972659087476730133e-01 6.331489598432076260e-01
6.852401466691595555e-01 6.878156380613671406e-01
5.660460552078866447e-01 5.457944241492772575e-01
6.037477608368906346e-01 6.565235493936636413e-01
5.416676906535061731e-01 5.197678506381478991e-01
7.644906720526452037e-01 8.106640021315512090e-01
6.470200445970480940e-01 6.389069502822376512e-01
5.538862114008733517e-01 6.241310977045773090e-01
5.068467996501473394e-01 5.880613238000689247e-01
7.088724957252438008e-01 6.729465449227060025e-01
3.064864032888868217e-01 3.764984517358573313e-01
6.311154963941780771e-01 7.004531962920976795e-01
6.155812411272334472e-01 6.590629680111679267e-01
6.183959678933772519e-01 7.229297854269161050e-01
5.911710870179199828e-01 5.820744995173808833e-01
5.135884286228273865e-01 3.781718787689228312e-01
4.695225002142884296e-01 4.609853166928058466e-01
7.187204945874386963e-01 7.072786848097404322e-01
6.794354277088897609e-01 7.105646574647795921e-01
5.257652756275650319e-01 5.305889152225689021e-01
6.616785757548847569e-01 6.944029226620843653e-01
6.259889195280069485e-01 4.881171823940712584e-01
4.298294968484756007e-01 4.439331058838517086e-01
8.277223104935104159e-01 8.495823769642144585e-01
5.745082830675359853e-01 6.739539237366266589e-01
6.088545417523000269e-01 6.576724479756087538e-01
5.674760597416613761e-01 6.238571217606981856e-01
6.105999275826089479e-01 5.963749070318661305e-01
3.457901244321787138e-01 3.442625890942512257e-01
6.540750346799796278e-01 6.293031801726974850e-01
5.916690531092286820e-01 5.459825294960226616e-01
4.462554947287577511e-01 6.102762115684929878e-01
8.053470653202181584e-01 8.000590446474928896e-01
5.773092742804677435e-01 6.669589436722056508e-01
6.633419374524630596e-01 6.299699423676589083e-01
4.049118118876439687e-01 3.567667064488027617e-01
7.685971467711485428e-01 6.704495431704189379e-01
4.709847267390506187e-01 4.058830412106409491e-01
6.497446652636151843e-01 6.862597892712576364e-01
2.213442111387806943e-01 2.227652462264109456e-01
6.830833614532419995e-01 5.140181019793615969e-01
6.120343238128198582e-01 6.429780056944343070e-01
6.205179252214992891e-01 6.047715602810929125e-01
5.336127545076565504e-01 5.095992699727962538e-01
6.549909852752946460e-01 7.762933529246263120e-01
5.740927210063653252e-01 5.853957146664701128e-01
4.185911932238999822e-01 3.898097247900575435e-01
7.376189989730690399e-01 5.492045899645980889e-01
6.560109282965209676e-01 7.197988885294233086e-01
6.591988790495549866e-01 6.513712299643702464e-01
5.303011990868771175e-01 5.242467708984399621e-01
9.072046183728077473e-01 8.288890495066019160e-01
5.855314769909560901e-01 6.494905378946220775e-01
4.794739055181135301e-01 5.206030344923592290e-01
4.183479905913125019e-01 4.474812788898435145e-01
3.764113712997126382e-01 2.809264992935034955e-01
8.342996250779122214e-01 7.981101458833368412e-01
7.145003325357914825e-01 7.517988111439815047e-01
5.681106572195864235e-01 5.290888302483591765e-01
3.929880115135133134e-01 4.751895513594409093e-01
7.349988197965182657e-01 6.826163518155574650e-01
5.959018691611908114e-01 7.879743405672801071e-01
7.636494435200478215e-01 6.300077359182303383e-01
6.763842468553399323e-01 7.103281159607349737e-01
4.426174182658018097e-01 3.855954630327295130e-01
5.868665371819580256e-01 6.481428534402099428e-01
7.577893745940416093e-01 5.706315232403111892e-01
4.729965912364516023e-01 4.212232418196155126e-01
4.067230339597057709e-01 4.177074848311792543e-01
7.795555663927343781e-01 6.115355840761184103e-01
7.008648089661601022e-01 7.047494353717077553e-01
4.321717159767121119e-01 5.112484864707669274e-01
6.926742000817865952e-01 6.745585116244322554e-01
3.477070491822820686e-01 3.699038079627003373e-01
7.886801205259633685e-01 9.190353254338129441e-01
6.091480854430406655e-01 5.778235284392279070e-01
5.560479021102880948e-01 5.870562676150120618e-01
7.532009031035941105e-01 6.640997703967760346e-01
6.469694481818156762e-01 6.244724759344787435e-01
6.262111722368385314e-01 6.085747986833117684e-01
3.246230733211804553e-01 3.907584928851856043e-01
7.835952418287979171e-01 7.876978138277450636e-01
5.322485636421931954e-01 6.020613770389950936e-01
6.118762778487070175e-01 5.695841300934063600e-01
7.487256472280562347e-01 7.810841036643777491e-01
4.096171526938608420e-01 3.178191937147470392e-01
5.176646852551913813e-01 5.281921324159970510e-01
7.584752911444564427e-01 8.143938742046022972e-01
4.598163375174855183e-01 4.532486155852424314e-01
3.429618597055903995e-01 3.046862332311118249e-01
7.283247240319264959e-01 7.788914672464465339e-01
8.102754422894208330e-01 7.469311757248667805e-01
4.968175442543957820e-01 5.610523467745844872e-01
