4.725720064048445357e-01 5.208361920005489809e-01
6.872495720582963985e-01 7.524123404851003061e-01
6.745971669776893442e-01 6.151477017152604532e-01
6.286671460059616301e-01 6.772951066245880281e-01
6.926599160459750992e-01 7.005806206907200240e-01
4.336275741411249607e-01 4.189836646471627457e-01
3.532878332696156032e-01 2.915764950731606908e-01
6.347592259203032050e-01 6.015974338609786365e-01
5.947680767892015163e-01 6.169095175705606726e-01
4.906777464137848654e-01 5.740028755473797206e-01
6.757370235714140749e-01 6.821623668714843491e-01
5.014486219753760965e-01 5.042342098317550425e-01
7.520309586369875454e-01 7.472248536543253383e-01
5.753279072743595624e-01 5.403511007205994421e-01
5.127151832671063003e-01 5.479435429543647595e-01
6.326651833611879328e-01 6.873229232909040531e-01
7.843714771159335797e-01 7.899712367988651618e-01
4.774494023163622924e-01 5.744641457878852941e-01
5.789631655291463952e-01 5.635345076971639555e-01
4.783288456012693701e-01 5.045235750374006400e-01
9.525620554406902807e-01 9.994474896421544630e-01
2.707640448986551873e-01 3.033565236437206214e-01
6.574865651405016331e-01 6.327127081925670860e-01
5.583689354894912915e-01 5.278563846010048133e-01
5.008337394032885692e-01 5.418070462526328734e-01
5.155487383371264443e-01 3.903511809832249657e-01
6.553351234096670419e-01 6.353280116420466639e-01
5.262853012986999923e-01 5.901970333133291780e-01
3.639008422293141254e-01 2.959324300757659176e-01
6.372446292264045686e-01 5.821186025570487255e-01
6.510155984846016652e-01 5.629016896926423152e-01
4.781049342494905208e-01 5.526124405365444581e-01
6.521330449033648780e-01 7.055997628329433446e-01
6.414444114488722093e-01 5.353464166896055865e-01
4.328286853853736682e-01 4.768048243350934134e-01
7.082447767134710803e-01 7.298805091861121364e-01
7.340590790369123653e-01 7.681167766642467143e-01
4.869355143211456793e-01 4.975757422134686747e-01
1.600851564366627400e-01 2.677059586130410840e-01
7.019626431075816075e-01 6.325830718293141697e-01
5.836795738162998681e-01 6.237709545136933542e-01
5.597979182413850285e-01 5.600995292224211219e-01
8.441781506436444316e-01 7.579677376102212927e-01
5.771700153323473526e-01 5.777349384745640304e-01
4.262895026956152189e-01 5.255903044107339550e-01
6.665451896398328913e-01 6.718293616356860731e-01
7.806392059289719576e-01 8.218616614213363203e-01
5.815452842899883068e-01 6.590404991639596810e-01
4.167625944321350917e-01 4.099027079482828184e-01
8.191831741058845928e-01 7.395130671967307112e-01
7.074590784487593265e-01 6.992680862805873421e-01
5.904673862725675626e-01 6.472147922048698820e-01
5.344611428022842947e-01 6.608813445316192858e-01
6.351753604913479290e-01 6.322142064962206209e-01
6.679834684990277882e-01 6.963627425521150549e-01
9.021330124344199008e-01 8.810480351693666945e-01
6.480361804269573200e-01 6.636195025539742831e-01
6.147323496767719275e-01 6.289754754955699800e-01
5.604634916974557957e-01 5.747793310629609742e-01
5.843706549525709004e-01 6.423542625668974271e-01
5.681829006207818056e-01 5.152542769101419173e-01
7.210019690360539579e-01 7.724658532246538867e-01
5.778732199923765078e-01 6.222917688540751113e-01
4.995318341275565843e-01 5.278792884633202176e-01
6.214465973639392571e-01 6.761089586153942177e-01
5.828004368025148096e-01 6.163232759173655761e-01
4.322186569834601810e-01 4.406876906744936484e-01
6.240818934562587517e-01 6.988172936764086574e-01
6.808593817730355102e-01 6.532155643814039347e-01
8.454443320820661523e-01 9.260382853123754199e-01
5.105088752531072860e-01 4.730358158148291747e-01
8.672170203308090519e-01 8.048679026516672996e-01
5.704855344370455272e-01 6.872967029456068522e-01
7.063126842310666342e-01 6.970771475041229737e-01
5.633445557624668920e-01 5.266646984569053336e-01
8.232511293312635425e-01 8.087755903425021264e-01
3.379143645193320444e-01 4.623291196386686841e-01
4.966544538327762326e-01 4.536271398071722305e-01
5.111497641274381776e-01 4.465764524808525371e-01
4.666632993536503626e-01 4.404446288106885765e-01
5.261562521177389762e-01 4.912263656568878201e-01
5.707997695814770456e-01 6.099116484358397816e-01
5.966433366347881906e-01 5.501042280844151700e-01
5.760405965554917795e-01 7.212185765287260075e-01
5.132665126931600375e-01 4.935179955843781996e-01
5.875997119431889404e-01 6.559396097456672292e-01
7.076919237070735669e-01 7.125529846498610542e-01
7.867485226619761463e-01 8.650084495598657774e-01
6.314928402177952815e-01 5.398965490961582514e-01
7.815721863204128095e-01 7.035413601437154885e-01
4.586295424788174313e-01 4.922963931324726983e-01
9.065199652296931365e-01 9.156944222359166830e-01
8.020273113347888838e-01 8.414229927832983513e-01
4.750764696438199430e-01 4.338088690310529238e-01
6.702036654731549081e-01 6.496884092476753469e-01
6.145912704600455800e-01 6.088428919059296618e-01
4.769873091598791359e-01 5.600881297999817932e-01
3.912488833169162628e-01 3.685683409180607328e-01
6.322553854792068995e-01 6.806897443452536445e-01
5.812560686132991483e-01 5.697327247231082081e-01
8.970316377005079778e-01 8.386371138339000497e-01
3.801925091629647091e-01 3.696451804096989036e-01
6.157000860344936655e-01 4.852953596189943930e-01
6.203463102279668240e-01 6.587530133583191505e-01
5.079501934821637477e-01 5.539215032600788291e-01
6.119247194264162415e-01 6.093651393508198177e-01
7.874413144580362234e-01 7.960341840895256427e-01
6.846402483168916309e-01 6.987864039680093953e-01
6.671504981724801775e-01 6.450239109850240959e-01
5.737102981907309385e-01 6.061847272050790991e-01
7.218197918473402419e-01 6.612013972011200336e-01
5.561909335617781780e-01 5.620397392983563778e-01
6.626970569352118590e-01 7.010357932963716676e-01
6.576746582873456148e-01 6.739856050569910106e-01
7.912595244199697175e-01 8.140989833875641457e-01
7.174650978713136285e-01 7.479624577803750674e-01
5.930486139904741494e-01 5.746912612514177843e-01
5.208947113573552112e-01 5.325541714250277003e-01
3.759511357200523984e-01 4.367667104956803326e-01
8.320696251738098903e-01 7.754148330075752993e-01
4.636816276604098785e-01 5.318168084981018673e-01
5.657422610564775134e-01 6.071047918308276614e-01
7.269086576982259906e-01 7.336651225699899470e-01
7.172635060108512040e-01 6.598695539911954011e-01
5.818815559885639477e-01 5.685131403997270017e-01
6.965253274636737935e-01 7.052669136764266877e-01
4.157395504866185920e-01 3.724436233960801701e-01
5.489971496220336089e-01 6.169930711136966117e-01
6.895616089214370303e-01 6.867938420350850892e-01
5.070079253817466602e-01 4.957517005393780041e-01
6.519357410719323065e-01 6.843011754392823720e-01
6.824693711006052377e-01 6.937150805140498422e-01
4.987426714524206273e-01 5.641216687713465072e-01
7.193927481672994784e-01 6.970008359076764748e-01
5.369653559117741892e-01 5.288313809781197694e-01
7.075293026462121659e-01 7.278207502955866826e-01
2.518610562076448178e-01 1.750947139412933895e-01
4.248313511609814741e-01 4.408998905889971454e-01
4.297278281059316307e-01 4.825949963943573784e-01
4.974252195357733441e-01 4.414102623759814659e-01
3.807659311334417596e-01 4.108728454782629158e-01
5.966208755727111512e-01 5.757528473185378193e-01
6.769855193471669974e-01 6.269453947247902725e-01
4.904105005158302388e-01 4.320963435992197788e-01
5.694098547162892432e-01 5.042514065570239401e-01
6.785018898924540798e-01 6.752310778860378671e-01
5.447313457745590615e-01 5.785847672252470986e-01
6.570168827299560643e-01 6.917971012048766966e-01
4.460413797447276840e-01 4.663005349434836688e-01
7.933514149712768138e-01 7.064050546231721572e-01
6.074374675188606298e-01 5.283864313147211833e-01
6.854538741596446494e-01 7.233463871106110554e-01
7.432381873710264264e-01 7.973592122707312546e-01
1.221134520550681835e-01 2.236925707849213851e-01
9.567593875071699339e-01 9.329942077316225602e-01
6.071547353149990833e-01 6.321298249967952643e-01
7.243754230751012768e-01 6.371623254586770146e-01
6.938702473029102480e-01 6.938760991209594886e-01
5.856909708376534240e-01 5.540365438274357235e-01
5.924996480091414552e-01 6.459468554303912091e-01
6.927365525628923493e-01 7.161653798306275576e-01
4.580967651046198297e-01 4.962464179761540972e-01
5.276059799117825966e-01 5.368078972370972091e-01
5.628548478422215062e-01 4.717034163089342536e-01
1.849105039067270306e-01 1.522310415215885615e-01
7.231970798002460565e-01 7.124909494194213710e-01
4.398134584752034781e-01 4.254870388269157422e-01
4.643218553160338158e-01 4.475841026127153621e-01
3.386879171876496231e-01 4.803589164692256275e-01
5.402062136919917323e-01 6.202827102975528861e-01
7.718839669524617531e-01 7.231709987538308404e-01
3.893420023302269772e-01 3.885002239268501301e-01
5.645576586689230458e-01 5.536492035081775898e-01
5.034535166822589058e-01 4.515006066149013786e-01
4.325619490027899361e-01 4.739534089497174363e-01
6.440876812273738095e-01 6.474433435084782085e-01
5.638113706399041636e-01 5.705350546516336774e-01
7.353749286639620353e-01 6.273274132571305950e-01
5.511753411380443390e-01 5.543815696645350011e-01
7.667099702326924948e-01 7.952724620103557296e-01
6.665057932345344049e-01 6.894328692879596598e-01
7.580165362468848089e-01 6.999146046270686705e-01
5.686791621077518233e-01 4.653358008039739091e-01
6.389131827012901610e-01 6.277584950774151018e-01
8.572861743752068220e-01 8.497350192843781125e-01
6.344709648800433976e-01 6.264298619291520653e-01
4.400002280612865802e-01 4.291493871226816914e-01
7.634835988220153302e-01 7.755581371025862536e-01
3.367557577727418039e-01 2.492315329040828698e-01
5.175022801179756105e-01 5.502609922507681883e-01
8.566822735446149029e-01 8.154522019591567972e-01
7.393664810296888268e-01 7.065176735931600893e-01
3.160341842996981510e-01 3.176402037750038487e-01
6.187478310401977044e-01 6.036068318160274782e-01
6.927839005191183119e-01 7.058558714066767159e-01
7.464684668912222598e-01 8.163099101953774639e-01
5.305381766506249708e-01 4.366299402313915112e-01
7.409481025603373849e-01 7.309398972227080238e-01
4.494787908635922702e-01 4.733511410121111207e-01
5.281320245176061023e-01 5.710439408803892336e-01
6.143958314636612794e-01 6.347401247758266418e-01
7.481488876869089033e-01 8.196693677458726235e-01
5.574476669606502899e-01 5.663113027632991070e-01
4.486745757033440696e-01 4.505413761548746066e-01
7.083215817779586754e-01 6.704030382060144344e-01
6.498117517011637867e-01 6.447467135396242055e-01
6.491569679340675192e-01 6.212709281549902984e-01
6.053593705006353742e-01 6.661454030453396458e-01
8.460406422218612610e-01 7.683519054540969284e-01
5.977024231561754997e-01 5.369275780074566073e-01
7.363119941336185859e-01 6.863802220802189824e-01
7.109671973901611208e-01 6.129427607277594392e-01
6.370851208843807401e-01 5.696236264408417460e-01
4.128853277272639954e-01 3.955475037972762675e-01
6.081852156772789009e-01 6.716179979628984498e-01
7.042434443234441011e-01 7.225712253760779857e-01
4.717670074580425088e-01 4.861106962327352288e-01
7.067292707381758188e-01 6.609594252472901221e-01
5.415408777568967436e-01 5.314061288400454552e-01
4.087845692701889688e-01 4.297079301314478683e-01
5.891333162872913753e-01 5.944193696631931978e-01
6.235615386684719708e-01 5.719539227428601658e-01
6.017417329540341031e-01 5.745195111341140359e-01
7.259378625006569496e-01 6.285421639187755982e-01
4.122322633236006340e-01 3.707643345327756856e-01
9.618966171898735151e-01 8.842570884365008599e-01
6.272837382613880575e-01 6.376433942442263358e-01
6.022453353221977057e-01 5.685301815091128308e-01
6.444857323888195655e-01 6.922107838978122096e-01
6.880734711132532322e-01 7.705374928379107313e-01
8.113863714039935005e-01 8.300358439871775573e-01
6.475207547222382454e-01 5.733367211355898663e-01
4.795216070060183133e-01 5.432530602858643975e-01
6.031346558258385837e-01 5.819601359976649402e-01
4.784514934604883751e-01 5.162110342798740259e-01
4.686889581603481680e-01 4.642546699414218381e-01
5.435046471798909984e-01 5.318150005204007602e-01
6.898270811798772328e-01 7.124622101053095236e-01
6.926044555768079425e-01 7.161079426632198652e-01
4.203722817523565247e-01 5.229354335294456035e-01
4.335713015652360447e-01 4.539201395965203334e-01
4.247839284719402975e-01 4.090278746668141729e-01
6.875592076220707893e-01 6.815413841210605783e-01
7.838954605686221377e-01 8.655573362451141062e-01
9.255108118409675066e-01 9.247550661761504420e-01
6.702547271727518075e-01 6.741245885981189678e-01
8.383348129906535995e-01 7.359624788112271165e-01
7.152777587376660806e-01 7.052218068513990135e-01
5.603913372497880685e-01 5.730264316000103220e-01
6.144025081376444097e-01 6.327263433214261878e-01
4.527109746429759385e-01 4.917488064840138673e-01
5.517374839242433771e-01 5.174343826312918226e-01
5.770544616742389055e-01 5.981555662365921622e-01
7.247664652330308988e-01 7.074743774075707980e-01
3.699979467119838272e-01 4.591792535395794461e-01
6.376436542234519278e-01 5.859550212870315855e-01
5.264897104942375394e-01 4.353565422783890471e-01
5.638337110708504518e-01 5.863915973093978273e-01
6.464290377410252253e-01 6.150080795512135046e-01
4.240456426103543230e-01 3.924582823465027626e-01
6.363395032030890741e-01 5.851679894582840769e-01
7.921057561954949477e-01 7.808877243407659208e-01
7.223830475444006360e-01 7.449250688200030890e-01
6.048931990590217245e-01 6.275399212575344388e-01
7.287126644277101828e-02 8.711417621752211293e-02
6.279604441247809143e-01 6.690269238084901593e-01
4.819930194787024336e-01 4.376714320193149099e-01
7.493660861851840771e-01 7.104645701782539291e-01
5.721425178660740629e-01 4.677951865178603397e-01
7.805622811688187612e-01 7.497774190141001105e-01
3.782157592042565408e-01 3.530127656035982886e-01
5.638597925647920173e-01 6.335348533186843101e-01
6.595770137302946479e-01 6.515496628687075242e-01
7.438821459519976420e-01 7.663799539394290372e-01
6.393359047586906208e-01 6.284739554877307732e-01
3.288792099764615839e-01 3.232049369881940803e-01
5.162463576424650702e-01 5.049796127354245767e-01
7.266374319339469201e-01 6.136074693241829747e-01
5.216275148872764333e-01 5.767214097777888515e-01
6.369616639917660139e-01 6.051938640752104748e-01
6.756267937791121669e-01 7.591278000031186357e-01
5.912862128142463147e-01 5.752102417256980127e-01
3.762359432565526296e-01 4.562481620890639356e-01
6.682987869778536094e-01 7.598380752529987348e-01
7.189915014643606384e-01 7.218086357838899847e-01
7.259599010907874517e-01 6.648669910347057010e-01
4.416940844726020554e-01 4.603632931630419201e-01
6.991028041559246287e-01 6.718562576502484784e-01
7.770525958065540584e-01 7.310100029707858882e-01
6.363008142083892427e-01 5.643322422330443455e-01
5.189756919334602703e-01 5.132158132476978274e-01
5.462102522501327551e-01 5.595083202973220038e-01
1.014478766346005534e+00 9.990610669225052920e-01
4.138470010767300034e-01 3.880187327654430751e-01
6.552071559517111954e-01 6.677282203982402020e-01
6.571304125535507579e-01 6.541760952252745343e-01
7.475610450719778477e-01 7.732815225860547592e-01
6.774950529902012963e-01 7.160233104525197678e-01
7.068254417304895565e-01 7.438332678660903863e-01
6.704932661988363130e-01 7.564838775577180652e-01
7.099823395240441037e-01 7.536759887090282994e-01
6.342795774031566580e-01 6.558759941563543361e-01
7.368807036080996520e-01 8.094524227158904628e-01
4.864674053745062787e-01 4.138599022279805251e-01
9.241218171824673311e-01 8.208978376194370208e-01
6.561875656781892552e-01 6.689582543859646790e-01
4.958286448270439739e-01 4.498703958631117827e-01
7.774137439012740458e-01 6.825438851092637815e-01
8.226505646785715609e-01 8.451248241661817318e-01
4.113126154267185419e-01 4.810462301124192597e-01
5.804021127385050605e-01 5.248897843173780942e-01
5.858563124293174607e-01 6.443814143208608236e-01
4.439086279295879622e-01 4.337887515980185515e-01
8.213797043358468386e-01 7.466253319457074600e-01
4.682255351075412797e-01 4.867294865425135786e-01
7.463011653091865538e-01 6.628848758719340095e-01
8.330497511814354272e-01 8.145717258094407054e-01
4.725510870257498275e-01 4.670200615584751414e-01
6.539145787836119217e-01 6.317234883218442176e-01
5.670497741970655925e-01 4.736316595179429489e-01
6.837528592101034253e-01 6.835871828004200790e-01
6.217671136701405921e-01 5.689648483029345893e-01
8.762404764527357282e-01 8.719873490421964357e-01
6.783419851115924937e-01 6.563720363205730601e-01
8.792649099683601532e-01 7.472248317927611128e-01
4.867726539402555952e-01 5.236741900789180226e-01
9.046367593261395168e-01 9.059273325707308810e-01
5.346986018994165368e-01 5.451805663759669018e-01
6.354555082611861305e-01 6.893154490107116228e-01
6.399447334955716826e-01 5.974722369007174905e-01
4.859524843202310262e-01 5.282333466619741902e-01
5.843192460176599434e-01 5.163868063665820740e-01
7.457803929170655488e-01 7.186763119504212538e-01
4.276107093595155062e-01 5.088867467276907419e-01
4.967876056195207335e-01 5.086622030205046885e-01
5.329443964925892896e-01 4.544696046705012926e-01
6.116740326572743802e-01 6.824636097338511176e-01
5.707573908221986736e-01 5.610822191601071429e-01
6.553769834919360715e-01 6.157113133430280882e-01
6.036811843087580565e-01 7.216598724462316428e-01
7.307682102361717780e-01 7.286807151688509121e-01
8.000356025824166828e-01 8.079927452670145893e-01
7.351047854254340042e-01 7.650336106944350956e-01
4.469103073530667491e-01 4.985161935327253047e-01
1.564603644521883608e-01 2.473548496434641031e-01
4.238395024324443372e-01 3.898362663233532754e-01
4.159670696777424403e-01 4.328073359575111967e-01
4.227964445778864544e-01 4.646785743514186828e-01
7.536259357469788922e-01 6.919700963653164782e-01
6.765758288776106966e-01 6.344573813733136447e-01
5.581129720459743204e-01 6.572850807091326075e-01
6.876269955452088967e-01 6.945784708188916801e-01
6.069972191057876332e-01 7.053505174171440517e-01
3.527350000463618240e-01 3.408698749396726901e-01
8.084460913823199313e-01 8.550981143077158730e-01
8.420286419257879684e-01 8.152067286568324134e-01
7.349971952600112823e-01 7.629792878699511727e-01
4.294353400019612077e-01 5.714376608763450660e-01
6.615054474155364073e-01 7.624695557784659794e-01
6.639853815716314500e-01 6.414830742739139335e-01
6.472223023583582036e-01 5.811352999058821966e-01
5.045544170935429840e-01 4.752469541777868955e-01
7.764172822861815648e-01 7.259495161880910041e-01
8.050084629299966155e-01 7.508807296173222179e-01
4.944039544543153974e-01 4.537037356206957694e-01
6.453820246993775545e-01 6.048800601516903797e-01
5.890620191617441659e-01 5.885931098969097164e-01
5.084547671437841254e-01 5.650741348920705898e-01
6.502865053949778984e-01 6.213033324662179391e-01
6.844368134223992595e-01 7.601184088002317374e-01
1.430064115900660793e-01 1.319864137261025083e-01
6.871593760228570380e-01 6.168994035052327574e-01
6.867047241902822785e-01 7.423406458665121610e-01
3.798172933200113510e-01 3.371257673570534630e-01
5.279686759055386425e-01 5.098264668541268030e-01
6.406676952962275795e-01 6.678700489726632217e-01
7.776326436379682461e-01 8.188338356654806249e-01
5.406194224135880688e-01 4.757500936293277971e-01
6.128106799617396572e-01 5.717681335884905458e-01
3.506002900181461879e-01 4.324404199453399933e-01
6.176590088666699119e-01 6.617067958210430811e-01
5.941647852434788213e-01 5.641734643743407940e-01
7.353849530356880715e-01 6.841033696540613773e-01
7.639474214005091968e-01 8.332063760144924336e-01
6.608358024535200270e-01 6.713997073242877756e-01
4.772019229049211941e-01 4.802290472763936502e-01
5.169272700690004108e-01 5.443862308283602403e-01
4.643372814599406873e-01 4.798380379414910468e-01
8.360048870888192596e-01 8.909477412442901034e-01
6.253577527264704283e-01 6.668224393201473976e-01
3.929020962485338386e-01 4.152092004607888520e-01
5.378047468544290277e-01 5.082062272529362934e-01
6.070060349280946843e-01 6.170385517064175263e-01
2.710619697191737898e-01 3.184968246829699701e-01
8.406803853169033669e-01 8.340350073511508810e-01
8.127443252121734352e-01 8.214569468990710055e-01
4.238894941645190984e-01 4.685274689471216614e-01
4.769538151178205898e-01 3.851204601142760864e-01
4.852835397354871572e-01 5.402054651454444301e-01
3.833101000289183546e-01 4.478718578800907069e-01
3.851867890110288184e-01 4.170934318407196195e-01
6.717657959597883588e-01 6.198955480363202986e-01
8.194860409675506219e-01 9.569453169366655132e-01
8.783618466086218213e-01 9.293426039868271094e-01
7.590264201554294266e-01 8.454773585314413475e-01
8.379596022017045120e-01 9.195410984126924925e-01
6.706865190386646081e-01 6.966710887525549012e-01
5.930890116223319630e-01 5.219490187136095471e-01
6.426892022855938968e-01 5.830021286389435176e-01
6.368123134235661453e-01 7.395457415624637765e-01
5.007947173106621630e-01 6.236567049440342458e-01
6.886276240468133247e-01 6.887309379570608625e-01
6.265855332042616910e-01 5.923139200172745644e-01
7.093429242936404311e-01 6.866303127750179591e-01
4.890981686674427675e-01 4.701982295882877749e-01
7.925216673817858659e-01 7.642823993838281371e-01
6.807771916142442148e-01 7.189406666318087780e-01
5.295773079448615750e-01 4.770848296929828258e-01
5.489254576510856909e-01 5.431521461983431776e-01
7.015776902516307478e-01 6.679218578967501818e-01
5.409913959763575919e-01 5.579064505398431129e-01
7.489848171658839426e-01 6.540980798205346947e-01
4.560330781205716444e-01 4.720076004355746035e-01
5.065755883250722125e-01 5.535366955696361391e-01
6.741304979736121306e-01 6.177401302198731736e-01
1.017722451616090096e+00 9.258937284993455918e-01
5.350919541174613547e-01 5.058468877349914239e-01
4.366964854313354349e-01 5.115931408498439747e-01
6.728471677362815040e-01 6.714231210126091476e-01
5.805360450079093404e-01 5.854919372735989391e-01
6.948957786420041360e-01 6.996983846602070622e-01
5.580321669074516100e-01 5.147170652424181148e-01
3.749029598766719928e-01 4.286988396955797587e-01
5.205659511377938031e-01 4.736402395331570370e-01
6.752060124274639197e-01 7.005521821883018418e-01
4.940218500265036172e-01 4.822843055653450173e-01
5.475781376185413496e-01 5.185188366800550508e-01
8.179342028783888052e-01 7.973083044487497828e-01
3.727044553172466634e-01 3.969600865711429560e-01
8.273300922680701941e-01 7.687265737668467214e-01
4.374501520408126121e-01 5.279662146636833198e-01
7.996606025490787806e-01 8.007898619327024070e-01
9.081138350335056231e-01 8.513176221869620530e-01
3.420248646158716710e-01 4.085130823918629028e-01
5.121617937395639419e-01 5.541821764411509754e-01
6.908209128023037326e-01 6.626353533639921523e-01
8.150648014642720707e-01 8.003856854554347589e-01
6.514547943728907775e-01 6.725180077662662459e-01
8.157103652225594637e-01 7.728070527515717991e-01
6.294321442919583731e-01 5.720412177858131830e-01
7.869417362544441907e-01 7.896735119490183585e-01
5.347482441049558055e-01 5.388223186681213583e-01
7.412476390402370496e-01 7.212329684147998909e-01
5.692264246579602505e-01 5.704183814048869872e-01
6.524494537875149547e-01 5.939054011273243727e-01
4.713391686952275172e-01 5.168993060235980153e-01
5.909696226362821658e-01 6.439938092693471283e-01
5.826705690873598131e-01 6.376248623863306486e-01
6.259683359657464141e-01 6.978798923881921468e-01
4.234419076181967778e-01 3.242782763760986287e-01
7.479947605922163678e-01 7.286194046442582284e-01
5.110153020405678870e-01 5.696906373401748880e-01
6.975717028368634276e-01 6.718141808522356540e-01
7.575531528451292518e-01 7.627985197478676094e-01
7.055747188762423461e-01 7.267967099521913665e-01
7.029209357136866343e-01 6.753541370378636222e-01
1.010147788984746775e+00 1.067645378199796102e+00
3.154413208081320863e-01 4.207642694555682739e-01
4.725052821905411649e-01 5.466057387127847278e-01
5.941657883643297611e-01 5.810669740064130506e-01
8.000306171296716062e-01 8.485517554461541323e-01
8.250614273999398174e-01 8.425092849034180320e-01
8.416370676743755164e-01 8.020646939945333953e-01
5.480715733737850925e-01 4.861485594312949243e-01
7.423196964804198439e-01 8.190399278137664441e-01
5.632077978142882024e-01 5.650519619876428479e-01
4.799202787496936184e-01 4.297151139601223524e-01
6.167110197888813206e-01 6.108532490409331883e-01
4.788552953379341948e-01 5.672482801243328154e-01
6.481511363796941261e-01 6.392026447766283592e-01
3.818830378393329728e-01 4.250287251701079239e-01
5.160040699946073506e-01 5.226505938781225158e-01
8.883120773484113331e-01 8.184283006503118019e-01
7.197828486809740856e-01 7.247682809074593724e-01
5.306428434002030681e-01 5.040169651186268140e-01
5.570209309621049210e-01 5.188890045177912969e-01
6.449932489034627681e-01 6.365248169232203823e-01
6.961386544627905515e-01 7.264311842643633721e-01
6.806357848989044168e-01 6.083034507303792804e-01
4.767049296004157166e-01 4.926616359004885592e-01
6.776689249691354444e-01 6.882480762362153115e-01
3.855330242217175907e-01 4.109986435807002070e-01
4.980909417826623886e-01 6.228852278313319335e-01
7.634832413782444149e-01 8.323629618639083461e-01
6.755001848695394440e-01 7.017050817645309468e-01
7.040612311050635785e-01 6.851041054468678393e-01
3.900070694905282132e-01 4.810301011581791242e-01
6.490752920443040308e-01 6.655079328085310442e-01
5.078445881724540367e-01 5.643147920521871530e-01
7.512959284211073729e-01 6.739456329260857803e-01
7.777641855156340878e-01 7.399053717565766686e-01
5.982044344103778499e-01 6.137029187767302219e-01
4.762327225918933649e-01 4.911405361967368655e-01
6.409683921836755172e-01 6.496095434213171593e-01
8.017998838667412809e-01 7.537517545230467686e-01
3.989413558273218752e-01 3.781929731203683143e-01
6.335329968054743688e-01 6.429358858615197292e-01
6.102492384999256281e-01 5.449167142369593098e-01
5.079617147340369510e-01 5.219945759812645303e-01
5.713371750667048943e-01 5.474167163870187203e-01
5.414494479924911730e-01 4.798064970791946493e-01
6.971053105490199187e-01 7.696636504708258553e-01
5.103402050608943918e-01 4.979485650795034135e-01
6.776982621587068767e-01 6.760034000058523507e-01
7.479012627981922456e-01 6.934391631043155257e-01
3.240932767736366404e-01 4.109500012068244557e-01
4.385298154815315819e-01 5.351849449411645310e-01
5.443612802478708934e-01 6.105904710215862563e-01
5.855046917670906348e-01 6.380747108138348223e-01
3.319528216005578347e-01 3.890499964640996566e-01
5.753607512234218957e-01 6.171694779437472134e-01
2.434359728930140243e-01 2.293363663188625334e-01
6.312610004360360572e-01 5.926903503582673371e-01
4.868293391364444944e-01 4.138991463695567696e-01
6.026274359393580804e-01 7.138503183197394408e-01
4.539078865921660766e-01 5.307841443850138674e-01
6.041702200243229681e-01 5.149718221812155106e-01
4.654146828133856606e-01 4.366511016730375006e-01
2.529505259479996604e-01 3.519486726812585675e-01
7.584994767089932033e-01 6.974719236693085467e-01
6.776586398897997965e-01 7.971088064222514591e-01
7.030364560760804515e-01 6.595830828562017079e-01
5.092522582021319355e-01 5.496274919415307103e-01
5.734875215334858112e-01 5.484625892592633889e-01
6.853826930856155020e-01 6.354962747793919675e-01
5.136493742560535036e-01 5.556109509937614543e-01
9.737398829699714931e-01 9.839394324903667499e-01
5.831241510602646061e-01 4.954339756110220372e-01
5.830959527225656469e-01 6.127773741644286787e-01
7.020652499057318252e-01 6.964660138652192245e-01
7.284251008903077640e-01 7.335107170423542655e-01
6.399547897360122750e-01 6.055832589687617507e-01
6.485178107763756028e-01 6.995947144600271894e-01
7.035967290698817989e-01 7.269147120931204187e-01
7.078519510288265870e-01 7.292203641776409118e-01
5.856374448514244380e-01 6.403794520063309514e-01
4.878022671658803766e-01 5.165224100983074607e-01
5.414974514213384271e-01 5.606298468949859615e-01
4.672052430339718732e-01 5.133434489534152156e-01
5.244410693349892405e-01 5.068304612657092978e-01
4.228381769712479255e-01 4.339585884383538872e-01
7.152162814294444892e-01 7.806124194573362818e-01
7.042710176826841861e-01 7.733643204054990727e-01
7.117180085926829713e-01 8.120635529444159006e-01
6.438928188366324079e-01 7.332666017515181434e-01
3.788979905856565411e-01 4.257115811746594591e-01
5.987324905183954993e-01 5.612800967976829813e-01
3.212384749282202190e-01 3.188465239971538523e-01
4.026651941752920627e-01 4.206358900485731023e-01
5.161437196175584496e-01 4.898532947053837461e-01
7.539653076590743241e-01 7.284762178161371393e-01
5.931460042976685054e-01 5.841604529832139514e-01
6.879885297439535252e-01 6.326741472868414595e-01
5.683480944515970634e-01 6.380978494229994080e-01
5.399580431301466144e-01 5.455435629961239430e-01
5.961937952031316490e-01 6.906274559608284180e-01
6.352125491332718532e-01 5.669539178196993934e-01
5.077636811677707085e-01 4.759128391319515927e-01
4.709616471183202258e-01 4.157721493337904750e-01
7.132629380670736374e-01 7.110937179198550950e-01
6.083817393029264942e-01 5.154183646465091417e-01
4.447167402705558548e-01 5.220380251590039933e-01
8.772365385402917104e-01 9.630049982591278868e-01
5.818858105369136835e-01 5.996555960839021759e-01
5.034479609612667605e-01 5.165640908873017079e-01
6.544362926449983631e-01 6.157303578030858260e-01
6.157161900442325031e-01 5.537917783990413678e-01
6.798056969342362033e-01 6.307679738425430171e-01
6.798121436187554156e-01 7.079891586427102812e-01
6.784719711509366036e-01 5.977629614630264321e-01
5.964534559531289304e-01 6.851910425265828053e-01
6.339755244135644174e-01 6.716944527847693580e-01
4.308269662260056920e-01 4.888369948599885495e-01
5.658145515175005968e-01 5.655546401654161226e-01
5.042808369238299671e-01 5.442462338419634671e-01
6.162114029895754408e-01 6.915941038427674270e-01
5.640018774306010396e-01 5.498224689112214403e-01
8.102995731575309835e-01 6.835519892006433063e-01
6.845821584906368606e-01 7.526075442981867702e-01
5.557715285655878690e-01 5.663192395322199646e-01
4.760538355138614341e-01 4.328734867984425638e-01
5.027105205664940124e-01 5.094382411693213486e-01
4.219938987797394736e-01 3.838510043091798440e-01
3.891494597636616093e-01 3.511339433617108319e-01
5.940080584480591508e-01 5.106901311503044827e-01
6.471113761687568022e-01 6.687447288529604350e-01
7.801247512120611516e-01 7.536192371999091977e-01
6.298388625152028242e-01 6.379132566227333490e-01
4.069986510279177683e-01 3.915088181395051103e-01
7.685024953435273254e-01 7.124189157892248936e-01
6.146682514313415169e-01 5.642237107598946366e-01
5.826120644222856360e-01 5.574743655100171669e-01
6.573574844486556046e-01 6.409689845590740287e-01
6.497375556516662432e-01 6.423723524948834473e-01
3.411211179119482684e-01 2.527113589674105376e-01
5.270943765924027691e-01 4.759019847407961468e-01
6.418072603046841573e-01 6.869206245599760452e-01
9.138225100512339383e-01 9.216525297988259480e-01
5.353182255902486641e-01 4.929404351722623812e-01
4.121829279364263021e-01 4.347568763463207642e-01
6.113284782612958823e-01 6.275532908485569328e-01
6.040484752600310259e-01 6.454781884175535556e-01
7.813283890167090906e-01 7.574225396951288491e-01
5.984919178056736788e-01 5.596595720834839360e-01
5.788141092416292377e-01 5.263616138785800480e-01
7.724542692054241488e-01 7.343383206533717900e-01
5.755610747463358878e-01 6.516906877763951611e-01
7.910589990796011994e-01 7.556866694536937823e-01
4.172187683049795037e-01 4.551539472880620218e-01
7.262089197373760019e-01 7.708099206165781592e-01
8.089437567211460456e-01 7.259927663894262251e-01
4.036173357937029582e-01 4.111404756936787308e-01
4.858231022695834178e-01 5.195591609024227120e-01
6.278644640817587774e-01 5.944092594591778855e-01
7.132948436611800114e-01 7.313567664094698939e-01
5.333428973856322308e-01 4.612040166575168687e-01
6.693885730710955606e-01 7.075739436711327990e-01
4.818683356578978838e-01 4.472913352581470159e-01
5.427998544564635042e-01 5.992994479772481009e-01
6.003390504154828555e-01 6.787301469488618011e-01
3.939714873734147527e-01 4.294569347304699192e-01
5.597395169910642787e-01 5.671384136141904841e-01
3.607463333990937882e-01 3.459558183872436521e-01
5.882897773188906498e-01 5.546901422464118880e-01
4.116498190044373673e-01 4.190347402980289515e-01
6.254415412441226563e-01 5.984605326538400272e-01
4.261747171362025299e-01 4.393372382257232922e-01
6.192950517707489499e-01 6.603292272396790175e-01
5.684471378379845063e-01 6.877348538957559487e-01
6.338478730460119781e-01 6.496356888142660324e-01
7.328027108331816031e-01 8.289624680957254910e-01
5.319905546950328690e-01 5.062910145637035120e-01
7.890741244262639009e-01 7.654999690604630258e-01
8.030920410339805748e-01 7.385465157653414714e-01
3.645452856229711158e-01 3.956578612505033399e-01
6.465922228745273337e-01 5.850424446464324024e-01
8.255625139326787654e-01 7.824184480635554273e-01
7.255407531706608015e-01 7.476553880902978566e-01
7.632551922060205607e-01 7.492747441810764242e-01
5.100599298782395596e-01 5.508712049180206627e-01
4.822530336423209163e-01 5.339697675064812854e-01
4.275176465032316520e-01 4.304065130217922253e-01
6.468791423426346610e-01 5.291568982056417125e-01
7.724203276327935574e-01 7.523126934258762555e-01
8.029994314238859676e-01 7.243842526056085696e-01
5.243349531864399671e-01 5.690492650639228378e-01
5.874195577487335562e-01 6.179687046744799517e-01
6.345764565087663733e-01 6.741217131400374374e-01
8.502370712883805526e-01 8.587446387262350767e-01
5.248908732620224393e-01 5.711381878874571827e-01
5.057255713002343223e-01 5.296287854420486108e-01
5.285625988037050416e-01 5.674768276063175687e-01
6.720149643902213477e-01 5.870900430392911318e-01
3.737094252247631365e-01 3.932236689036147093e-01
3.766292002993981147e-01 3.200925232750052030e-01
7.181165100604997020e-01 6.738577485776061637e-01
6.340473055885560427e-01 6.413521534095620868e-01
5.621434388108177416e-01 5.646892799110205807e-01
5.324405038196630136e-01 5.030585177336436287e-01
6.999053034717033217e-01 6.876668873708937646e-01
5.210880922906084844e-01 5.259514186246037060e-01
7.025989769484524139e-01 7.868530785369947100e-01
6.641678972370247402e-01 6.919074308566736109e-01
5.250840649917430936e-01 5.442168893817854736e-01
6.049592828918798348e-01 5.221328429263701887e-01
3.484220994139152205e-01 3.928439094308924240e-01
6.571596886388660907e-01 6.853645968621243645e-01
5.064176520174353824e-01 4.070301639041906672e-01
5.477126767153239761e-01 4.720628880710324715e-01
5.133346381607329922e-01 5.226754713277438347e-01
6.175284812450940741e-01 6.641062347362283180e-01
4.672890935110528554e-01 5.535612715260042060e-01
8.329767413660342790e-01 9.287079690882953376e-01
6.410989889648268658e-01 6.942729459695338168e-01
7.141317147681706112e-01 7.302744501693384516e-01
7.569176347247570380e-01 7.091751536987316307e-01
5.633802866710161394e-01 5.581779692067104781e-01
5.801806383711993753e-01 5.680648408794721771e-01
5.285351418350552333e-01 4.555226101860623267e-01
1.190492797676510617e-01 8.669006803318352050e-02
5.654037394052600085e-01 5.805693098839830313e-01
7.180836292728973724e-01 7.068493168072609301e-01
4.144604516194184685e-01 4.930951279968517342e-01
7.495431571259137948e-01 8.214793379259123229e-01
4.647279598673758061e-01 4.307644614208965272e-01
8.585006851741816547e-01 8.957473352646942999e-01
6.642776589313568181e-01 6.093114068002933870e-01
4.548552298280574835e-01 4.932683720036349362e-01
6.011080989369835814e-01 6.020467999261319703e-01
5.150020222251991964e-01 4.979974215406870464e-01
3.962548799406095390e-01 3.765426771385523286e-01
7.237661131857195951e-01 7.007178269320135655e-01
5.727124236362808318e-01 5.165599027117264708e-01
6.218705551530978592e-01 5.988322746653365058e-01
6.548034895517741427e-01 6.578297672709275679e-01
5.007776600377989995e-01 5.004989419711537435e-01
7.595759736003709905e-01 7.834618184591489731e-01
6.895883997267369114e-01 6.504763512819813354e-01
4.847392451779568012e-01 4.969736838646004462e-01
8.176829376194075794e-01 7.698981226586320004e-01
5.053098140529834748e-01 5.496614136828517072e-01
5.082951708093739196e-01 4.716725026157784217e-01
7.640834666185930546e-01 7.055851637373456997e-01
5.193325901778073073e-01 5.459724382460072745e-01
5.936906643016915952e-01 5.304482696510702810e-01
6.581597569819225280e-01 6.622187735279662091e-01
7.982581968982636056e-01 8.217239291445588290e-01
5.825036438606340239e-01 5.047066788873634247e-01
6.406696065132608808e-01 5.529273067149269583e-01
4.965752214170188195e-01 4.915581015664083342e-01
5.980195552968905481e-01 6.445916703582670326e-01
5.091122375714817183e-01 4.766493890666182454e-01
6.195480366416392659e-01 5.587635360416209895e-01
5.172568239350709973e-01 4.328619810428220860e-01
5.314820291252317919e-01 4.674424552200273641e-01
6.417550300424861298e-01 5.616611428542803708e-01
6.212167321613820681e-01 5.423726077267535528e-01
7.531748527053365727e-01 7.491050409790402931e-01
4.855139164499168158e-01 5.060265456523173055e-01
4.842968381576137071e-01 5.057666395733932951e-01
3.951469584525627576e-01 3.294625185557820135e-01
8.289994326789904555e-01 8.514294837925362458e-01
9.973101325009167128e-01 1.012722342488694416e+00
7.906091529114666061e-01 8.173231719309718146e-01
5.329082464304926159e-01 4.687651853077580699e-01
6.402758865339821526e-01 5.723789447515996720e-01
7.102797780662943872e-01 8.013856051670775749e-01
6.483839862792702968e-01 6.230909508209888648e-01
5.600229926797491986e-01 5.277975514424663173e-01
7.410380938381538884e-01 7.986355859205970242e-01
7.336112023339768085e-01 7.356494826921619046e-01
6.213782467141444332e-01 6.224649128084831506e-01
7.115251542600913304e-01 7.372307710834986594e-01
6.302860278970581209e-01 6.062200819351732939e-01
5.746093129204290495e-01 5.320308927033587931e-01
6.308829219030170909e-01 6.977478403720734912e-01
6.595572748443242483e-01 6.252317619681567740e-01
5.667758266244318222e-01 5.507260089023207073e-01
7.569651485185513451e-01 8.272890902194305340e-01
5.088738735461252327e-01 4.915396112796633910e-01
5.340257589900111457e-01 6.299578521401231201e-01
6.007620914191360573e-01 5.204727582719248513e-01
7.774697197382224312e-01 7.505929915690620069e-01
5.222897467199654198e-01 5.492911350100611045e-01
5.178686421970891685e-01 4.761771307924695940e-01
7.066512872106993637e-01 6.569888265195213961e-01
5.359210906325128088e-01 5.193886828677337641e-01
6.374293343045396298e-01 5.863283073263854117e-01
7.832465614641653806e-01 7.993453467973198334e-01
5.459806388376008401e-01 5.153793922195711863e-01
6.595468863786247971e-01 6.113742450904221526e-01
6.558012897529577057e-01 5.835566980427808748e-01
7.168832373118497747e-01 6.920396506212388443e-01
5.162781525033840468e-01 6.123871016791689881e-01
4.143912782259564498e-01 4.230021387338546157e-01
8.831748355488998614e-01 8.377448472112359878e-01
6.968572650788381617e-01 7.370478770838698734e-01
7.059359377198002328e-01 7.088379457300644226e-01
5.094182957559717506e-01 5.440658798613383640e-01
7.143655081923426797e-01 7.006572401030536357e-01
7.346248422649159782e-01 7.083055326884042380e-01
5.048334327132437682e-01 5.195914641545231749e-01
5.985170010481122294e-01 5.420573613556822767e-01
7.607017977862314817e-01 8.210663773233574103e-01
7.240295185591117955e-01 6.336302581965617131e-01
7.835426469760987667e-01 6.808233216226536877e-01
5.957895928150159781e-01 5.983571779915711764e-01
3.790716470486470424e-01 3.411441076625567614e-01
5.740519450468195561e-01 6.086402077969581548e-01
7.243787341667328183e-01 7.365576134510484207e-01
6.041130468461847203e-01 7.221865824833492153e-01
4.809234612181329527e-01 5.765092230363054737e-01
4.811799957629201430e-01 4.800919404306774885e-01
6.820910817574307172e-01 5.915406545646554326e-01
5.570508530862798846e-01 4.834204014535465332e-01
5.902938120118781384e-01 6.741691713873294578e-01
8.616318256584708513e-01 8.290948624212536311e-01
5.861001524633910886e-01 6.130273082795913986e-01
8.143622525920622968e-01 8.528536716943079243e-01
4.011157881838064987e-01 4.054242926938017022e-01
4.403157110125059948e-01 4.632175956707206277e-01
4.591499038754531803e-01 3.873300885856030273e-01
4.394015510012311831e-01 4.897506720374701916e-01
4.597313904507772664e-01 4.601000219605774211e-01
7.736812980673896112e-01 8.252323226979806359e-01
6.428126011535864048e-01 6.368595965378553991e-01
6.047474275086508477e-01 6.185037974445093401e-01
4.926452583428910792e-01 4.731627667253710534e-01
8.926527196298361666e-01 9.133562286864205237e-01
3.569480364853774845e-01 4.292603744448997838e-01
5.599144360532319897e-01 5.700738341862405800e-01
8.134586700662230774e-01 7.898313667026594098e-01
6.530985573679596312e-01 6.141078928004030102e-01
5.120540120814373042e-01 5.294961778495897997e-01
4.603501271951786489e-01 5.042554215181817012e-01
5.671143130729721094e-01 5.073773725741403950e-01
6.682657565524157128e-01 6.886369032543087076e-01
5.140980946210893521e-01 5.445134404066918066e-01
5.523875001676686880e-01 5.132036913286309732e-01
3.799242661110548425e-01 3.984010844484079938e-01
9.143254544423337071e-01 9.066055482801619325e-01
7.171764240982884120e-01 6.753219256352497313e-01
6.365573943349885910e-01 6.094935928976855655e-01
7.149065858517744676e-01 6.849442512122654314e-01
5.954743025423929748e-01 6.358282731271078791e-01
6.939113996519742367e-01 6.664121761726563564e-01
8.553975981890332703e-01 8.681557392992288458e-01
2.838397041237910590e-01 2.944957503386425590e-01
6.240387366706429129e-01 6.576846741732235158e-01
6.706875575385213839e-01 6.996341779868242572e-01
8.441921604744736518e-01 7.667262051570326031e-01
7.502147784041589551e-01 7.965432044301611336e-01
8.671062979989142550e-01 8.438618658507558434e-01
4.449074432913976418e-01 5.085013485081238960e-01
3.831049247264684543e-01 3.923491269181301200e-01
7.587659332013927393e-01 7.976858061140179590e-01
7.280607727858021683e-01 7.530869556778716500e-01
4.506012827004271526e-01 4.894515339651913099e-01
6.817851454315021487e-01 7.029416275146381787e-01
5.961034422110392805e-01 6.643884306381867555e-01
5.268547829239402791e-01 4.744009591666027426e-01
6.176317927152288334e-01 6.265456592628135812e-01
5.412894860770892658e-01 5.736967800099016523e-01
8.703665504433004685e-01 8.307984956701113255e-01
5.425497159890569909e-01 6.077696689466846047e-01
5.613089199158767251e-01 5.711822022716339653e-01
6.504869367669350311e-01 5.914397512057654183e-01
5.850067680530953718e-01 5.745722188114924522e-01
6.704156341408992192e-01 5.639080605311029837e-01
6.068090375926095126e-01 6.542096707795056476e-01
6.055973271361854149e-01 6.949096527515206123e-01
7.549812840715620643e-01 6.997841753325070302e-01
6.756082999789710941e-01 6.389772630543580911e-01
7.324620671859671805e-01 7.036242724540953120e-01
7.959097925590744582e-01 8.299122820700973735e-01
5.793628052816239826e-01 5.698307494246841465e-01
6.902073053196268182e-01 6.446999123237325824e-01
2.570270198035334297e-01 2.862500764711782275e-01
8.804816706455135256e-01 8.582211871680248683e-01
7.323326617661736204e-01 8.137776154381561877e-01
8.747060684321120716e-01 7.485583595756682973e-01
3.923460696574147533e-01 3.574812613486386126e-01
5.527666545531093600e-01 4.813449852465665479e-01
3.613331417600863515e-01 4.605762437298209777e-01
8.868304321194246942e-01 8.847859701577951430e-01
5.908641433579024937e-01 5.792750692535708623e-01
4.430049749971040618e-01 3.829543292050219816e-01
4.267876015792007038e-01 4.242007399434710724e-01
7.783272193888135515e-01 8.053724565716786632e-01
5.696482650626519817e-01 6.160948758634414713e-01
9.148505817853448407e-01 8.884321283125574675e-01
4.879549227640529452e-01 5.783745715903556572e-01
5.614434105725520929e-01 5.241749571223932591e-01
6.448198825506076259e-01 7.072837800923504892e-01
6.611297567978211553e-01 7.389791885236776103e-01
5.119539846375316117e-01 4.874657489141935307e-01
6.848341558301418441e-01 7.009515852712127071e-01
7.340468935458138722e-01 7.366768839977927419e-01
6.774388427401152324e-01 7.292253902109995245e-01
7.463779472234727264e-01 7.332396085939315578e-01
5.133883434493539122e-01 5.430145985597322200e-01
7.819300601112789684e-01 8.044390420738142256e-01
7.706913339091630011e-01 8.582987251010931740e-01
4.935577821713914015e-01 5.243930006506556385e-01
4.604199580332287156e-01 4.082781109449172274e-01
4.833357842679459337e-01 5.035312762134084297e-01
3.956835958359900540e-01 4.496972547718422475e-01
7.089198195698699356e-01 7.292173267899580980e-01
8.908219900438564265e-01 8.773465152361438202e-01
6.832819603499289407e-01 7.011742147252488788e-01
6.036351298518042308e-01 6.463975337853037351e-01
5.145865301918867152e-01 4.688878598245816987e-01
5.104191183954429611e-01 5.596718376614822077e-01
7.922167611599247872e-01 8.183576417543062531e-01
9.742400227442440386e-01 1.004564613088896552e+00
4.693609917837519019e-01 4.590903291492297589e-01
8.790273424482136777e-01 7.666990772500635876e-01
7.239401966783718390e-01 6.601851419220041706e-01
6.003617181806345515e-01 5.440976709764603347e-01
3.632673473857682689e-01 4.182328630829578175e-01
4.649000482530956102e-01 5.102368477081847820e-01
5.901244524453299611e-01 5.580121820271306543e-01
4.631741582416528114e-01 5.369517981962267372e-01
5.946390878461998986e-01 6.431297552107474447e-01
8.644272694352268527e-01 8.514238976978241169e-01
6.755407201681323803e-01 6.640758375129883762e-01
8.324060547379925623e-01 8.157230986941919060e-01
5.466019580717433879e-01 5.925483844749173112e-01
5.963168671703911183e-01 6.363878670076268396e-01
6.223166311724734889e-01 6.603533358650408580e-01
4.884566339364881382e-01 5.294374044506041654e-01
6.693358461092812073e-01 6.874749579788009823e-01
6.283962990831385431e-01 5.652198187689351228e-01
9.234291464325750098e-01 9.155957559314762406e-01
4.959376693484378040e-01 4.722081961546210072e-01
6.220493299653203634e-01 6.019642299297754962e-01
3.810905901252444328e-01 4.003597321066680315e-01
3.272112955159524605e-01 3.754737211123959084e-01
4.428256284168393120e-01 3.897162984172647948e-01
5.295825261767367342e-01 5.265461198161137668e-01
4.348226750892636439e-01 5.102723283445063096e-01
7.146221716483476261e-01 7.841846327299448749e-01
6.784535618954596892e-01 7.386012304255704652e-01
7.124527161774972805e-01 7.864593624124572857e-01
6.865343804962931173e-01 6.298049961208072034e-01
6.483917544786303999e-01 7.100826874855439286e-01
8.634031311497338823e-01 9.416167120321508044e-01
5.273216344699191982e-01 4.373762733146757675e-01
6.175439477891391249e-01 5.932595614786386751e-01
3.453477129986856076e-01 2.925814331570610882e-01
6.444293865433710078e-01 6.468721510462822621e-01
6.623176397532706261e-01 6.867410584772575266e-01
5.737407085775272364e-01 6.415225982206569366e-01
6.011255383892400994e-01 5.636067034799588926e-01
6.545401574715055126e-01 7.016729832203001394e-01
4.666171165809648302e-01 5.124047050135652759e-01
4.565683032589443746e-01 3.793455112939908558e-01
3.495641696201798321e-01 3.748907052357586811e-01
4.982166186177076073e-01 5.015351395269278534e-01
4.660691802979853859e-01 3.819738655423877693e-01
6.226621343302944922e-01 5.595161646375823583e-01
6.194337882914163762e-01 6.408640469504497394e-01
7.835692501724625947e-01 7.140553889141193489e-01
8.128521215224026042e-01 7.999694936002789136e-01
6.781224079339789323e-01 7.868642245917951694e-01
5.609386281390443818e-01 6.515865845713212368e-01
6.965464482366535703e-01 7.298761192959642985e-01
7.097781874768167576e-01 7.184561995932086109e-01
7.334848516906680160e-01 6.932045664371808691e-01
4.934418932119115087e-01 5.754598127168569777e-01
7.988328421095018950e-01 7.531128834031926012e-01
5.289929151401174812e-01 5.578247411984545989e-01
6.257197932017468656e-01 5.912925060419513823e-01
4.949988092401174100e-01 4.990896467813058512e-01
5.342112201232250834e-01 5.204022963034987681e-01
6.758535021747551497e-01 7.705042296295292470e-01
7.578398268488075740e-01 8.175550475394393057e-01
4.867375375158268236e-01 5.435654512705702102e-01
5.506941496383298551e-01 5.189971083873038404e-01
5.633111519332124617e-01 5.327813988164030734e-01
7.715752298489727545e-01 7.994649682043889483e-01
8.273448794930671202e-01 7.031979745341581101e-01
8.087860568597462496e-01 6.918721009518506992e-01
5.472167117403995418e-01 5.405566481385658539e-01
7.548276836411864643e-01 8.364638898121332655e-01
5.534220870108265133e-01 5.426057052923561885e-01
6.716382935512663632e-01 7.878672946731299920e-01
6.424631276208864206e-01 6.267523016799235736e-01
5.657100583497622903e-01 5.713139814864762744e-01
8.445835850246836696e-01 9.014100538410556585e-01
7.330764876114618245e-01 7.653868858741396108e-01
6.010393379720901930e-01 5.816124507083424433e-01
6.849973503566150201e-01 7.242582985843998289e-01
6.301139312144181659e-01 6.019005436232807149e-01
6.114489880034151836e-01 6.144826348246422709e-01
6.017066381440479006e-01 5.727574248777340671e-01
5.677636462974356979e-01 6.454534886500086222e-01
4.308937799532308599e-01 4.618071333708509973e-01
4.853162834132741521e-01 4.433425961302586149e-01
4.237120281460118876e-01 5.442140596654921891e-01
8.421051395544064677e-01 8.136598213192259843e-01
8.662075124582842012e-01 8.668601940825340080e-01
7.707197904387407261e-01 6.828681468940446253e-01
5.984488055435333020e-01 5.836119414472373812e-01
4.625250882607648828e-01 5.430480892458123821e-01
6.341246124806786399e-01 6.626055263618292335e-01
4.153946470581008632e-01 4.486685389352260134e-01
6.731635655140100205e-01 6.641822667358432408e-01
8.955234691367861544e-01 9.279187243502635685e-01
4.853301256700989219e-01 5.086271690405551604e-01
6.379574090541357823e-01 6.560553415451202408e-01
5.326332047911315204e-01 4.632139215885328065e-01
8.015816219956911626e-01 8.795701523460047744e-01
9.174954474736303212e-01 8.742464768399076380e-01
6.367298225399113942e-01 4.951194276488842250e-01
2.569961068476234178e-01 2.117810005623604053e-01
6.005431006457323528e-01 6.226728678382090765e-01
6.070311979542399872e-01 5.325277171804918552e-01
6.142533443047324404e-01 6.309331460185554352e-01
7.885645147095141638e-01 7.930677063169784269e-01
4.393631373153584208e-01 4.436217254886741235e-01
4.116833559195330339e-01 3.913090373176567049e-01
6.356194388786261529e-01 5.937304909568791311e-01
6.504027116158909161e-01 6.154108817848150670e-01
6.600954963105344353e-01 6.894202360708027166e-01
5.212820642178824793e-01 5.577689170225500481e-01
7.199145175685262021e-01 7.600152376546602806e-01
5.966742781273873808e-01 6.128018194825565201e-01
2.668001809417804293e-01 3.488514203468069952e-01
5.384546235074378906e-01 6.062452397131028459e-01
