5.882827513720354506e-01 5.296603742868287723e-01 5.210134792388119163e-01
5.078132901823499967e-01 5.582011707358599528e-01 4.900949693233043747e-01
5.033906377929293630e-01 4.869945274793059942e-01 4.813333376456245816e-01
4.327048232579760456e-01 4.845447773823088333e-01 4.527692608287445797e-01
5.198457997513702411e-01 5.135174079223141508e-01 5.595283905726077256e-01
3.737767384753031830e-01 3.936412497810019007e-01 4.178577369984075585e-01
7.170378734970214163e-01 7.210516415074101904e-01 6.741500502771741177e-01
6.097043558957905285e-01 6.755611030826069729e-01 6.211331446869681194e-01
4.303786887667524486e-01 5.562869025421949276e-01 4.187353121599662331e-01
6.427432568403772528e-01 6.658072078246678460e-01 5.735689146913874881e-01
6.348573363126027713e-01 5.671231639387330770e-01 6.153784839236038362e-01
6.336855722901941768e-01 6.439733132050642350e-01 6.416531078921073883e-01
4.132546199621690564e-01 3.581154055901661359e-01 4.136218206486447224e-01
6.475820675188217468e-01 7.185479458787470408e-01 6.963250639072346981e-01
5.641097924931679497e-01 5.298023006913842314e-01 5.683950103657666730e-01
4.324531876224260718e-01 4.810572315590473380e-01 4.683656362267538120e-01
4.505510541031758076e-01 4.457992208674084189e-01 4.195956761917181144e-01
6.810059864477936431e-01 7.081516586070695229e-01 6.153772062709924606e-01
5.292439568235801639e-01 5.696219550439597379e-01 5.213048157747940392e-01
7.280434034652847330e-01 7.656502920237415744e-01 7.651804578875612828e-01
6.973493865276850778e-01 7.036362339184545345e-01 7.205468694216465853e-01
6.539364929638928903e-01 6.565034789484612832e-01 6.571251942441902472e-01
6.192370786729172183e-01 5.711677863410997702e-01 5.044353414274282965e-01
5.029642238658073028e-01 4.976823362891342750e-01 5.129281875527018641e-01
7.957366499034774776e-01 8.080445589175568877e-01 7.914414056949233833e-01
7.467693370747265913e-01 6.936122573184527740e-01 7.265165038058002400e-01
5.144074282897012074e-01 5.851683480375103885e-01 5.382600556596337515e-01
6.366501585626187509e-01 6.006261696590565746e-01 5.575677503203395613e-01
6.281034180743498840e-01 6.071413305434272267e-01 5.681126146819233114e-01
6.480564445160283960e-01 6.373226477141779034e-01 6.708967119099467080e-01
7.159929070369072113e-01 6.525146885890851234e-01 7.559672453213981402e-01
4.858707554749784330e-01 4.543575058220555851e-01 5.384637433261605377e-01
6.729139361090431537e-01 6.882242906767224166e-01 6.867483962511744533e-01
4.240910331217165319e-01 4.005614411109882367e-01 4.176434482848979668e-01
5.535072100954677721e-01 5.649087506190038077e-01 5.406679697104609383e-01
5.125322124137839941e-01 5.263015327342973615e-01 5.264076232948891043e-01
7.115766397556786416e-01 7.238560988033090338e-01 7.189377562678801459e-01
5.453965972751956270e-01 5.816574116226497226e-01 5.359731466150728929e-01
7.325472175482045101e-01 6.996918154301782211e-01 7.286507069105523371e-01
5.080217571868417270e-01 5.210022594808426666e-01 5.362979904702229739e-01
3.946347546718021460e-01 3.953273087371158012e-01 4.262472278295798001e-01
5.735449292886027894e-01 5.818277949977430641e-01 5.563755208656723239e-01
5.958961878965688408e-01 5.266385259537268437e-01 5.913440194444293807e-01
6.549640729238911385e-01 6.222404775887823147e-01 6.047108083815762036e-01
5.181076117406191450e-01 5.605668304824625858e-01 5.338711606126975706e-01
5.641846663527370076e-01 5.799293903110404047e-01 6.386425156544608406e-01
5.883840882754525214e-01 5.744233378968296444e-01 5.314920094216268875e-01
6.988902495454394348e-01 6.767850039142970786e-01 7.252153156460923178e-01
4.944075135271666643e-01 5.412432328921444880e-01 5.047350904170974095e-01
4.191325261798204416e-01 4.445046394395333889e-01 4.534482577959361160e-01
6.895947072354959850e-01 6.297275482463049467e-01 6.589037964044019979e-01
7.513552998092718482e-01 7.088659310273714986e-01 7.178455057886695689e-01
6.466091453831964708e-01 6.592192277006141410e-01 6.457523463288634691e-01
7.374716492412358715e-01 7.566541734216070125e-01 7.684721469823811990e-01
6.361275114952785747e-01 6.431064460708686426e-01 6.693266503397966583e-01
6.342912358172759779e-01 6.169455449205766273e-01 6.019854337395795785e-01
6.391710454013022069e-01 6.353836837026654027e-01 6.673052234991071474e-01
5.684239374475097417e-01 5.819197792511344725e-01 5.818671855520637370e-01
5.419758760845383438e-01 5.249986914682912564e-01 4.900609434190574820e-01
6.048296548245514215e-01 5.729436975716826197e-01 5.887388962344116683e-01
4.724509571828635623e-01 4.949232306594153474e-01 4.704360549180258699e-01
8.195097278835454802e-01 8.194238399540264561e-01 7.256209043697567918e-01
4.917111734651744559e-01 4.594266275878268191e-01 5.487189299359663819e-01
6.122481512191886299e-01 6.077923171789949564e-01 6.089201448532545191e-01
8.731889671146869647e-01 8.385821472881801464e-01 8.919574058864393473e-01
7.229969355254929342e-01 7.900590205446804681e-01 7.416379383977591555e-01
5.310224935294708404e-01 5.163363744978402003e-01 4.888208017429084840e-01
6.752193515112315803e-01 6.416307275545066746e-01 6.698384860111752381e-01
5.295805931457771010e-01 5.515555531137740219e-01 5.823135288497748308e-01
4.914397512312763672e-01 5.072113941323075359e-01 5.191293831506625933e-01
5.665756586241472714e-01 5.926369630398189425e-01 4.765394720826310881e-01
6.840614439092507215e-01 6.495308909782292472e-01 6.690879671993230637e-01
4.583645975348088486e-01 4.350195769391743683e-01 4.547810849426041080e-01
7.327352575967793769e-01 7.474676486788572882e-01 6.968437204997093293e-01
5.513235711386247351e-01 5.229554497753983178e-01 5.535593854633025224e-01
5.890737988076965026e-01 6.093391670219404643e-01 6.735991215144524480e-01
5.677700313966389523e-01 5.301118404505505977e-01 4.373673985924839136e-01
7.096060247419351263e-01 7.375385748576782641e-01 7.218819596657620741e-01
3.398644936121195115e-01 3.862279372483084505e-01 4.107085845687695747e-01
4.680574295684412633e-01 4.699489451280048913e-01 5.273607654537301181e-01
6.311956790013867336e-01 5.779176410647600681e-01 6.539214866466939169e-01
4.840554469555923833e-01 4.849151211276498397e-01 5.411466036889569509e-01
6.413970020337825817e-01 6.339928430016938954e-01 6.782071180728892479e-01
5.738533918277805013e-01 6.028305378789202695e-01 6.473603493302326761e-01
4.546806457958114667e-01 5.202223198890150169e-01 4.998516135351163125e-01
4.878603596740700987e-01 5.173623585028287453e-01 5.126048964171843192e-01
6.451944039059587244e-01 6.245853295660783733e-01 5.905390002407193695e-01
4.830997796483280649e-01 5.215850395849870313e-01 5.265676787728544861e-01
7.329338606572814996e-01 6.684933689356075126e-01 6.774425159106187699e-01
5.839655685453017941e-01 5.566935547470746037e-01 5.974428359968276814e-01
5.685900227849460808e-01 5.586697600465899693e-01 5.811741603727275107e-01
4.945852259794060179e-01 5.092695811397029981e-01 5.227540202934799485e-01
5.080714172156910458e-01 5.279361449410773233e-01 5.777214280790973211e-01
4.644665009831786540e-01 4.095452382489938037e-01 3.981162181052665949e-01
5.241517704286491330e-01 4.885670070624545391e-01 4.888596566304101443e-01
4.702054444533377286e-01 4.419988107231831442e-01 4.768287707193810676e-01
6.042953174567078367e-01 6.142541360044320164e-01 5.931037150706630623e-01
5.249476296165392908e-01 4.698189719034136513e-01 4.973437925022308193e-01
4.794190316996263523e-01 4.863350306103654819e-01 4.717483846366573030e-01
4.066535132922090012e-01 4.254902929689182156e-01 3.957434963235688108e-01
7.187131973713588584e-01 7.702378410080132909e-01 6.870495391475911484e-01
4.907281225523396073e-01 5.109762157680516337e-01 4.250961705392003465e-01
5.454884937392171507e-01 5.108567395192878946e-01 4.974894908722056197e-01
6.090482295961607839e-01 6.149471251804209393e-01 6.362631973626753368e-01
7.835023225829036431e-01 7.764409889840497847e-01 8.004166472778804220e-01
6.974940500709350122e-01 7.063132982836294316e-01 6.589178373465712779e-01
5.381886165671377897e-01 5.518648391422371624e-01 5.199459877652941042e-01
7.120719262493026003e-01 7.138195707771631815e-01 6.703940735624430713e-01
6.529897210004471653e-01 6.092362036781386880e-01 6.711633580435881763e-01
5.881474493605256537e-01 5.023593706867383046e-01 6.050250320885013355e-01
4.740409046278265537e-01 4.892107626768585904e-01 5.217253484276199726e-01
4.038177946702539156e-01 3.965765047236091689e-01 4.102874781769073054e-01
7.470968238909277970e-01 8.464620463982538423e-01 8.007164522327196998e-01
5.122614137122545319e-01 5.416660220362482514e-01 5.438166592863417081e-01
4.592619146320651158e-01 4.787695321885083732e-01 4.698236259453298369e-01
5.531966693217788000e-01 5.073793632994905156e-01 5.432638920523804593e-01
6.192757354343837450e-01 5.955719015586075082e-01 5.752782859933851523e-01
6.277224173626650972e-01 6.253616133102133379e-01 6.240128020973233491e-01
5.699272766112581934e-01 6.206633230348381769e-01 5.821262562752165248e-01
7.096499501778541497e-01 7.936194131461224988e-01 7.680470915331966131e-01
5.178345354936074729e-01 5.508424081513938475e-01 4.916079018269111089e-01
5.286577869681564623e-01 4.407754322257190771e-01 4.660164906911581917e-01
7.807302817642157722e-01 7.679360838649675891e-01 7.494315522254496598e-01
3.567560072011899397e-01 3.910024457148004728e-01 3.760841031378646115e-01
5.785963805976988006e-01 6.638331828269325996e-01 6.040886757748966662e-01
6.820064364680651359e-01 6.726988666135548245e-01 6.558824605784224770e-01
9.380846148176433807e-01 1.000576449099700449e+00 9.106131232103126250e-01
5.907249604509181573e-01 6.297669459226801214e-01 6.613516046567454731e-01
5.669451205699274077e-01 4.905987246499797783e-01 5.483933486857156536e-01
8.264185072496634810e-01 9.101265929137086763e-01 7.981063948946505171e-01
6.377264499839611078e-01 6.746581030233256282e-01 6.562804487996508618e-01
3.871930914786944622e-01 3.496110416218594086e-01 4.372241520962704686e-01
5.463545191103432730e-01 5.677112576514614650e-01 5.969830775837460246e-01
6.907443784429132538e-01 7.468313881364098128e-01 6.944402587894081824e-01
6.039917459290118362e-01 6.022812484529110888e-01 6.006477535587795291e-01
6.743643217975091586e-01 6.986442041232412414e-01 6.839532517967918945e-01
8.277123911668443634e-01 7.877850052055257457e-01 7.795466500243249941e-01
8.457886338199539500e-01 7.932175472280457162e-01 8.163056241904227406e-01
6.312338928266703064e-01 6.549950337832707303e-01 6.295902347629621643e-01
5.876622278177777714e-01 5.358216487195124333e-01 5.908750236700491820e-01
5.157821613072143263e-01 4.064034734124282733e-01 4.556030352705808251e-01
5.406213657915107662e-01 5.622888487531131352e-01 5.297262110716670636e-01
3.784988871120416598e-01 3.808387113191022411e-01 3.614752723095346898e-01
6.813164915024711998e-01 6.793392358198346859e-01 6.839041173803440676e-01
6.448387773702768389e-01 6.222626090797374054e-01 6.371277314565420014e-01
6.163994417548560589e-01 6.334747828567722783e-01 6.595712905202203435e-01
4.028678568778754077e-01 4.196569436574097978e-01 4.551989682873576748e-01
6.349852246566312086e-01 7.125445918584709659e-01 6.121380470108247485e-01
7.574062795876078669e-01 8.132091498872002777e-01 7.617925439271265864e-01
5.540982893114706487e-01 4.754910556036595626e-01 4.832534647568276220e-01
5.469279572724328187e-01 5.434537606791131070e-01 6.472149071671825515e-01
4.675062659881318861e-01 4.992029261489129843e-01 4.672767631487103057e-01
8.507863377840926278e-01 7.787335253636259447e-01 7.877597043490152107e-01
5.466279069478571229e-01 5.985036573001371041e-01 5.954038516221712429e-01
4.459834117079373716e-01 5.133178914518194969e-01 4.675172196543330161e-01
6.075329319827120766e-01 6.176239453578524774e-01 6.890267921386549199e-01
7.134428836750059677e-01 7.248464194541046623e-01 6.734690005009260627e-01
4.321249500059290427e-01 3.897590060260426315e-01 3.440719632018763852e-01
6.553919546478437219e-01 6.192558238882304167e-01 6.702388487832285913e-01
4.949234260579071232e-01 4.967670230213401816e-01 4.765590668130313401e-01
3.354973934253732137e-01 3.086837285857878532e-01 3.196886492169449534e-01
5.652661547556363519e-01 6.016231966997270808e-01 5.723941744705779433e-01
6.384322036150242852e-01 6.266534482032855014e-01 5.911431978711173540e-01
6.591080318801819660e-01 5.968401870031397882e-01 6.558050330041138576e-01
6.132063874255554436e-01 6.984999256644959242e-01 6.850360808063568063e-01
6.911622888559283417e-01 7.089319233390838360e-01 6.919809246562790284e-01
4.440780061945307500e-01 4.467081447451404230e-01 4.514494874076153685e-01
7.402937314610299468e-01 6.416649334628332646e-01 6.440450661241547969e-01
4.718707461332449227e-01 4.704034318387008140e-01 4.743746151295047953e-01
6.148807781856934218e-01 6.640500211319066981e-01 6.605333349398584408e-01
4.960212370225204337e-01 5.548076591267970814e-01 4.995773985782824278e-01
6.078609904640026596e-01 5.620516068808102395e-01 5.867316953080138342e-01
6.077910380091977594e-01 6.291119017700452787e-01 6.170269038733460221e-01
6.752278012472406887e-01 6.227088732304555396e-01 6.490705642488139304e-01
3.898650733130890056e-01 4.018716776556823800e-01 3.865250516867685393e-01
6.385155996416964630e-01 6.482566405137093479e-01 6.589619814552396537e-01
6.291440967834375231e-01 6.724018531594744275e-01 6.380902897569731280e-01
5.082021759637656011e-01 5.622761187393954252e-01 5.383607432720881603e-01
7.639230088782691386e-01 8.015853200717604210e-01 7.605856665926884475e-01
6.581437556556134494e-01 6.337800675585184562e-01 7.019291605082628172e-01
5.912592938933779463e-01 5.883446098341459374e-01 5.930647505464071712e-01
7.059897394419683003e-01 6.666539598412681844e-01 7.011120814429036008e-01
7.348635947355155462e-01 7.201930093531613286e-01 7.528950573938940627e-01
6.830628716377111775e-01 6.710829812553951168e-01 6.767616550051408497e-01
7.143528482994839779e-01 7.486185673236709359e-01 7.333033850068993997e-01
5.877541337959115708e-01 5.705052322846000390e-01 6.325912040748653542e-01
6.575521198463765149e-01 5.969153693832712770e-01 5.942907736679993169e-01
7.409735668118022645e-01 7.003776922561683049e-01 7.401247741094475474e-01
5.856974826432036485e-01 6.199742433104155070e-01 5.848656977272010948e-01
6.177089633304941874e-01 5.834940437740513408e-01 6.025704746350626362e-01
5.239093742459800529e-01 5.775044248611738151e-01 5.197788118237461896e-01
5.755448648256397126e-01 5.507066248482679338e-01 5.924239060409790536e-01
7.157802244637092581e-01 7.142137021703025557e-01 7.217266485251612185e-01
5.837489245649328806e-01 6.094050295322771538e-01 6.025195701152331607e-01
8.614244448955319378e-01 8.429331881542460048e-01 8.327271504269353475e-01
4.670011077790335863e-01 4.621984281427001795e-01 4.859983553331734263e-01
5.160563943822062960e-01 4.821539170334969704e-01 4.636402700127469911e-01
5.375258381711207623e-01 6.292824936087328958e-01 5.638536970835597018e-01
6.670497438882924124e-01 6.371362091440472275e-01 6.614787681843284917e-01
6.099247079760491408e-01 6.249011715291959979e-01 5.568644208018809216e-01
7.192876655272180120e-01 6.437988261883722529e-01 6.882685036766322817e-01
4.590017407514011549e-01 5.226612568438481210e-01 5.054953333877504340e-01
3.835974782270380468e-01 3.788845828343842537e-01 3.967235239146226222e-01
6.353229993937219433e-01 5.616356374670586904e-01 5.932543275065943478e-01
3.129075288635088103e-01 3.465960350210847696e-01 4.149944319367320222e-01
4.457083578683992964e-01 4.983800216035558228e-01 4.837313057648232051e-01
5.952712598275803346e-01 6.651466512868376979e-01 6.232290744945218064e-01
9.425891191746016418e-01 9.314633105364946708e-01 8.870656840187431946e-01
5.160013503828685399e-01 4.380093654150418736e-01 4.704277711277126683e-01
8.205574637515413716e-01 8.335391019251853217e-01 8.502663917601299692e-01
5.509097199676683543e-01 5.138750547330960261e-01 5.838330652452003999e-01
4.896155549481670533e-01 4.466805280654771448e-01 4.714334561231848242e-01
5.875937445630587952e-01 5.735518692352288284e-01 5.710845030506992437e-01
5.013264263208040417e-01 5.341541194000732906e-01 4.981254592926778191e-01
6.417310903203087280e-01 6.816452156754922997e-01 7.281331931587698980e-01
6.971772177421204919e-01 6.752396867318680718e-01 6.806289365291460225e-01
5.545862228614771849e-01 5.537882514002366863e-01 5.470493735461677831e-01
5.323394242006919130e-01 5.231759511823645958e-01 4.985509367262346281e-01
8.575670754550243080e-01 8.412673049764621824e-01 8.065712916235977525e-01
7.537835784575526166e-01 6.680680229383558766e-01 6.388381507051139607e-01
4.695665105802167005e-01 3.546612830848022146e-01 4.896387228802159819e-01
5.034698085587570038e-01 4.992378354004902152e-01 5.017880996301924412e-01
8.754225398875782327e-01 8.686193025670805312e-01 8.918160986379276567e-01
4.031780661424266832e-01 4.278758096232974650e-01 4.112670135617162437e-01
5.391708881519224894e-01 5.275001057160955131e-01 5.768934474934214185e-01
4.860258845236699043e-01 5.411360411820457239e-01 4.990595313166149016e-01
6.911945265119835424e-01 6.334368649993971090e-01 6.393687306096493828e-01
7.152179892610219802e-01 7.329919165215423860e-01 7.495961022095940507e-01
6.101713271179212139e-01 5.904033441076004252e-01 6.255528577283417935e-01
6.251384119495417835e-01 6.331225421361706962e-01 6.002448107731119809e-01
6.132806798269788695e-01 6.148706769502262359e-01 6.193246024531884331e-01
7.221752285345069966e-01 7.725025011149380116e-01 8.050761556828393006e-01
5.463871486842225567e-01 4.504528462083823293e-01 5.331599268069124875e-01
5.658785070549412488e-01 5.316438845393195445e-01 5.882406934609984983e-01
7.576406973444841375e-01 8.351674525232337665e-01 8.484660134173022117e-01
6.297387562932649230e-01 5.669617311946667515e-01 5.928958198478271324e-01
6.876191974916638916e-01 7.343673138356918706e-01 6.972231111377240609e-01
7.269701627311979664e-01 6.796341968725178040e-01 6.904697065976895809e-01
6.550492182971690003e-01 6.322745311031356952e-01 6.748491034385883935e-01
6.934055627037357672e-01 6.804285290505575068e-01 6.985994783242988060e-01
3.930688373152808612e-01 4.259848104271193869e-01 4.498036857550327672e-01
7.215373998596150695e-01 6.516261671093415142e-01 7.212889607939785286e-01
4.944897037869830925e-01 4.974010741251253531e-01 4.900482432521625076e-01
3.906358730634139631e-01 4.504697496435688953e-01 4.806399502148424596e-01
5.921685337314350761e-01 6.085115188847030065e-01 6.351787547282113922e-01
5.843221043938210402e-01 6.243852833407116387e-01 5.147520709395247973e-01
5.761665211911415341e-01 6.708632943501000589e-01 5.465728920977831473e-01
7.302137339378316216e-01 7.143107698570062558e-01 7.084859129932182809e-01
5.450618581115158623e-01 5.171923135731728571e-01 4.971778790986832175e-01
5.112157416580851432e-01 5.600655581130996596e-01 5.258134329187199585e-01
7.018742540669742347e-01 6.098007439024617504e-01 6.209031779813898311e-01
4.148162598402556633e-01 4.434267865118997065e-01 5.008016405358383105e-01
5.949758504315227903e-01 5.861307859734089520e-01 5.576366676946356016e-01
7.285563698542431021e-01 7.290967116180341323e-01 7.459046735326430033e-01
7.301296398029341050e-01 7.475073080606270404e-01 6.743657845675157247e-01
5.843375896381316492e-01 5.304929536684483971e-01 4.720161692401557696e-01
5.684305635349534702e-01 6.436516919917092405e-01 6.485226486247132049e-01
5.170140359742708691e-01 5.037982322847119887e-01 4.577686178540343320e-01
7.748555651844684089e-01 7.193055368812301120e-01 7.094559877018953298e-01
4.860211477877822706e-01 4.706401369666779466e-01 4.731925702807412426e-01
3.170021116169102759e-01 3.823683925357723168e-01 3.919826880628607402e-01
5.817662605611383375e-01 5.968902109457523419e-01 6.122279105016916745e-01
5.362885457637075470e-01 5.601112694910018730e-01 5.485319730338501509e-01
7.321330783488949612e-01 6.836753242114177453e-01 7.350801295781612676e-01
6.196779196107184973e-01 5.733769191562041456e-01 6.050371475912278418e-01
5.479565364191343324e-01 5.557422797599830266e-01 5.940412866646258561e-01
4.143295999027239440e-01 3.926230667389093987e-01 3.722852622525734678e-01
6.986972994000051340e-01 6.576533764013030581e-01 6.728871474149059617e-01
8.320243505757621838e-01 8.626432359443195752e-01 8.696198018454782686e-01
6.893952460592055465e-01 6.042252636542273514e-01 6.504721254543749387e-01
3.942089998704103593e-01 3.843550489022691807e-01 4.385576900493400321e-01
3.468085976368919798e-01 3.097401433901617596e-01 3.928468586885894287e-01
5.522798966659516751e-01 6.103680693500566079e-01 5.484703517830686881e-01
5.266968533648385131e-01 4.981058022945407116e-01 4.894890235007905988e-01
5.216494151622940167e-01 5.443915482172461129e-01 5.317237338143532277e-01
4.843602494171657669e-01 4.959300418512632702e-01 5.138929383159402953e-01
6.052678223131918722e-01 5.160419867423775564e-01 4.675379422128275175e-01
6.086797727813805237e-01 6.048761553993727835e-01 6.492126407377502018e-01
6.986584535785728134e-01 6.954432728427161203e-01 7.096003225734216491e-01
6.729952488971133739e-01 6.365458328036359692e-01 6.830810024462488084e-01
6.793720931259709106e-01 6.370825267339882414e-01 5.908212980726481600e-01
5.544712765557255896e-01 6.168074814178027276e-01 6.143031826034942577e-01
6.566299098577951243e-01 6.795548182212965971e-01 6.898238440394900417e-01
6.113274219313501456e-01 6.387035877714501986e-01 6.190460305736472657e-01
4.528497215318035840e-01 4.557428059318902602e-01 4.851238805729669035e-01
5.823173288316499940e-01 5.772087986515791469e-01 5.706062297302924025e-01
5.308034151163651959e-01 5.380572902496741916e-01 5.067227248226324754e-01
3.108095386382956349e-01 3.748553602723999068e-01 4.281396801773781902e-01
4.931761560940163824e-01 5.178070920489791229e-01 5.052752164556214565e-01
5.195551486262727225e-01 5.089740094118356817e-01 5.478343605342398392e-01
6.366855293014643813e-01 6.435229863052679411e-01 6.278651647008096637e-01
4.795132295463402916e-01 5.009922482330247950e-01 4.984765056626723201e-01
6.156959857795467617e-01 7.246709275477899448e-01 6.743676414318459100e-01
6.847280921787060048e-01 6.298906162828933342e-01 6.467281913209040889e-01
6.816251368536372368e-01 6.756445613621985258e-01 7.304924507650997212e-01
3.881089627480882598e-01 4.060299752948632324e-01 4.120548890969073508e-01
5.941973773245595725e-01 5.620199485136014861e-01 5.870514031123932330e-01
5.682344038322301172e-01 5.609991896332339190e-01 5.704010138860011736e-01
7.916125619612357500e-01 7.882263143626859758e-01 7.970146662038034568e-01
4.115096214631514537e-01 4.481536261269150612e-01 4.062093637884009456e-01
7.176245380303633015e-01 7.760615688395594569e-01 7.721597825805021076e-01
6.217528547469652889e-01 6.187683961895156237e-01 6.544137706824530998e-01
4.280023245300806911e-01 4.554533180458210095e-01 4.215176585112780372e-01
6.643202119844209275e-01 6.654016672435415503e-01 6.513665904409489116e-01
5.821000935619675687e-01 5.705364226970386365e-01 5.918065885064357490e-01
6.678925175519949686e-01 5.622353032221951707e-01 6.471862881898664543e-01
7.003796952431150524e-01 7.461870504811650706e-01 7.638227612965002855e-01
5.801046874207363979e-01 5.513808096651300339e-01 6.098126063724085277e-01
8.310885662933480411e-01 7.396682387902908662e-01 7.578190211598541115e-01
5.147081995219712214e-01 4.047621801300032018e-01 4.610372650974127184e-01
4.637141029566331785e-01 4.851320116831348561e-01 5.037992055241462541e-01
4.028984218054367239e-01 4.742476077825271696e-01 4.214165489470286796e-01
6.729962367120341238e-01 7.007777801612974367e-01 7.037597924396049587e-01
4.841265052744623265e-01 5.029970820187572578e-01 5.194607377808829751e-01
5.694884165472007265e-01 5.687621230050322607e-01 6.204870703617370031e-01
8.760090035514694895e-01 8.694196737390901264e-01 8.759771273829973781e-01
5.012477817526562740e-01 4.819140936062668579e-01 5.062910138699491247e-01
4.747332462910666684e-01 5.047470604714979769e-01 4.441933662545476946e-01
6.877253403351057948e-01 6.668315883697203406e-01 6.819425163825614256e-01
6.151226078955752685e-01 5.553450496473906206e-01 5.962664503257231186e-01
4.512341388047831359e-01 4.426734932961177704e-01 4.485062516334607507e-01
6.423186811835527310e-01 6.296575856778745539e-01 6.535905640036117070e-01
4.340784178887920342e-01 4.524236521101641650e-01 4.664936062028151031e-01
5.732432331448478191e-01 5.651339953444912689e-01 6.231737483767916252e-01
6.537914103741360172e-01 6.496676888326488042e-01 6.604478056226261717e-01
7.149688587935335571e-01 7.305727872797797007e-01 6.960555074495471395e-01
6.778311832719098318e-01 6.849610497803910736e-01 6.565381631845026433e-01
6.494782571482797806e-01 6.517563067945525423e-01 6.217872791104527286e-01
5.930331783536675339e-01 6.028470858097148000e-01 5.708581881539215308e-01
3.883287300314841595e-01 3.970709914043356048e-01 3.768937223726386843e-01
5.666704930563356557e-01 5.737842050090726786e-01 5.718203818218580148e-01
8.974545965525266844e-01 9.340630400982833370e-01 9.359785429294784631e-01
4.707802267962663545e-01 4.614766785676100436e-01 4.769050486985825787e-01
8.029729532603852027e-01 7.387962658234581426e-01 7.310633590376691693e-01
7.435096835751817679e-01 8.349401048709610418e-01 7.515553560396964761e-01
4.047139372427147608e-01 4.565593716410232816e-01 4.302457792259052338e-01
7.970650686743413482e-01 7.692205774502277604e-01 7.230478039977650262e-01
5.565535069643563482e-01 5.862198750965829097e-01 6.129132482172248153e-01
5.590867563426463738e-01 6.029709640052189901e-01 5.731281645545103220e-01
7.347143508992245442e-01 7.292207801093644193e-01 6.892281299454516841e-01
4.491497808872351172e-01 3.995808680104810384e-01 4.107380066342715130e-01
4.238253753040504002e-01 4.012062832538200730e-01 3.414205551662419236e-01
5.433516619443973239e-01 5.656732395165909866e-01 5.201224629954934731e-01
3.344049568826855667e-01 3.395261197168418787e-01 3.791174151602653142e-01
7.908019241155657131e-01 7.977421941802174121e-01 7.960800399464992294e-01
5.361302099825765444e-01 5.337684758718318490e-01 5.721485013381963913e-01
6.664760023124974841e-01 7.330984424469326743e-01 7.155476424088265119e-01
7.159947574554467176e-01 6.745728583372918585e-01 6.355597195719614456e-01
5.761782800194992227e-01 5.330802068875591937e-01 5.656778613344064510e-01
5.518324896068982355e-01 5.725618064531919904e-01 5.454743731648675764e-01
4.840745615258764678e-01 4.817806430375392579e-01 4.919240680893998130e-01
7.627189612638628491e-01 8.238086266258690671e-01 7.541580672543940489e-01
4.455628048832183108e-01 4.618455687486405226e-01 4.130501816968002449e-01
6.737075511103112202e-01 6.483828971812428676e-01 6.687323156539920488e-01
7.646622143798940119e-01 7.953310335287792077e-01 8.021109463905475856e-01
5.691693188957031024e-01 5.186196869907017115e-01 5.517670278840675069e-01
7.439693198672527874e-01 7.612372088438079665e-01 7.776597060923564619e-01
6.640444694448573992e-01 6.978634964577755673e-01 6.743203338098534561e-01
4.870833804565737890e-01 4.407401035990139437e-01 5.196247956334582030e-01
6.072021497357011910e-01 5.581789149361571223e-01 5.195877729797022671e-01
6.497343046263712729e-01 6.657275071258911270e-01 6.928233527435101458e-01
6.792345374635028188e-01 7.105440603969153113e-01 6.405659894573471069e-01
5.263427772292876838e-01 5.654379721046223217e-01 5.612650703789270334e-01
4.038495613589552224e-01 3.591505210752939381e-01 3.344613834294569155e-01
7.903900542849597866e-01 8.267404946436704982e-01 7.722957558598048111e-01
5.689901490914591742e-01 6.033114853802139521e-01 6.235978452588643028e-01
4.738854400249928323e-01 4.699426259297025399e-01 4.687248911673792540e-01
6.339355061124698487e-01 5.801629283307352392e-01 6.032983514663220470e-01
5.231618084208660147e-01 5.828454246390222249e-01 5.547047506558876462e-01
6.272014660739556602e-01 6.214672532764410340e-01 6.199331919282199399e-01
5.250425024317120215e-01 5.406492767852577597e-01 5.077776600673474805e-01
6.929763134327789897e-01 6.352846219406736994e-01 7.117501091758519083e-01
5.027233722406666550e-01 5.323814141794313004e-01 5.171743163219576500e-01
6.165909087216766560e-01 6.223507033972146552e-01 6.444905906145246277e-01
3.505627984625706017e-01 3.966926140293280389e-01 3.766873102278009422e-01
5.897512523810214402e-01 5.382572265888455609e-01 5.081697117976893274e-01
6.731691552113500121e-01 6.540865451492927640e-01 6.157652993644058270e-01
7.339717296406369496e-01 7.955014501656164638e-01 8.144347341734468060e-01
5.561429638233826855e-01 5.740245006308336562e-01 5.721144121761182477e-01
6.136735893555531618e-01 5.835973201274647915e-01 6.499524958483584580e-01
4.480750942974821571e-01 4.666509534696550721e-01 4.553217375191457306e-01
6.859666735033548290e-01 6.281217907890668251e-01 6.870999767417356185e-01
4.788805843196625722e-01 5.694058281870520988e-01 5.796855017919514408e-01
7.362338162815238451e-01 7.307483572218715917e-01 7.825613567967077966e-01
7.039338906626531056e-01 7.095838379281770303e-01 6.899128679207462422e-01
4.990212999771186930e-01 5.570340773011366320e-01 4.804764020188787566e-01
4.795721121059948189e-01 4.637541540890637859e-01 4.775221613651201569e-01
6.275667151020981605e-01 6.718696025989744358e-01 6.797972740966174987e-01
7.477333744115671754e-01 6.832294980831125075e-01 7.546565170688590563e-01
5.937785089688661921e-01 5.989175368575714309e-01 5.487112858642517743e-01
5.841359293466934499e-01 5.965525564415653514e-01 6.130940555025192751e-01
5.254629757870820095e-01 4.736243049713212971e-01 4.910550569307443047e-01
3.578514205653003932e-01 4.605732223714159024e-01 4.478240107846333529e-01
5.761247899051047394e-01 5.568595318629568913e-01 5.742706214706397860e-01
6.401590792485664094e-01 6.965351405299808896e-01 6.646740514928844989e-01
5.191178342617781549e-01 5.832975875312663705e-01 6.141349233927287932e-01
7.049427365783659249e-01 7.326489683112609175e-01 7.293202176538907677e-01
5.644435347281863136e-01 6.393211841425704423e-01 6.039680737330619387e-01
5.675031333580616844e-01 5.451766961259816302e-01 5.888328510328941778e-01
5.858790285568825640e-01 5.977128118355529152e-01 5.696523260588036708e-01
6.846192841377437555e-01 6.043152557695850025e-01 6.788688464765626485e-01
4.228167800158617595e-01 4.719234085210900487e-01 4.743618959422378767e-01
3.994532578099751485e-01 4.345122476442859205e-01 4.621835463214920559e-01
6.734743971364128834e-01 6.946196204901928795e-01 6.622557188365472136e-01
7.714806223802953555e-01 7.506090886432380538e-01 7.180139781089960316e-01
4.846696357076170081e-01 4.315879004880234238e-01 4.733590427330003347e-01
5.221029574739096679e-01 5.448251791360061436e-01 5.278502451377786731e-01
7.182290228420430411e-01 7.370892809984574967e-01 6.901991095535556786e-01
6.323339958204718947e-01 6.202972279121213850e-01 6.158182794966232665e-01
5.919976716919869153e-01 5.860396940168641766e-01 6.476339261259337343e-01
6.997624704505630566e-01 7.207336786575588850e-01 7.877297528228783818e-01
5.948910979745274386e-01 5.996552074941338129e-01 5.725628969584222183e-01
7.038454672089355935e-01 7.306917525326113161e-01 6.980989263544560286e-01
4.521117843319883423e-01 4.229817706022632740e-01 3.609540286653261654e-01
2.573423874109213583e-01 2.539635122960119396e-01 2.991248522748122807e-01
6.381849640735571816e-01 7.207757770907698980e-01 6.957113328103047278e-01
5.062311401277860279e-01 4.761269176877023224e-01 4.426287703953488140e-01
7.774997969109520568e-01 8.003561028507393260e-01 8.341693019251604779e-01
5.136712629169248867e-01 6.129206000790081710e-01 5.480598199217431299e-01
4.014392778851033627e-01 4.235184852406027045e-01 3.823804972917421163e-01
6.902401457022225850e-01 6.476446146159059447e-01 6.531149491034506926e-01
4.936790188008036706e-01 5.609889579877841426e-01 5.149737481755207735e-01
5.778238508271508200e-01 6.070314210060524518e-01 5.947249331896137248e-01
5.545482998769487581e-01 4.887651465352706448e-01 5.202615495508773336e-01
4.653669305761671815e-01 4.228133883948035909e-01 4.626468450733600135e-01
4.032628453655837109e-01 4.432701470459221582e-01 4.626992462705999953e-01
5.238074123606905053e-01 4.923852623259803996e-01 5.235278826487824722e-01
4.522483925646477165e-01 4.787207013130099775e-01 4.821526257202687349e-01
7.015627080343505018e-01 7.021141964096427879e-01 6.755636974891486846e-01
5.725652340075896296e-01 5.812139010550501084e-01 5.175795134916537643e-01
6.173618720767760637e-01 6.506741729404339480e-01 6.585303617127636899e-01
5.727178582933920570e-01 6.151125020092080842e-01 6.044008688358439851e-01
6.059659798657848206e-01 5.799705800461778527e-01 5.953362377642613668e-01
4.719083821296909953e-01 4.672342156994145346e-01 4.685197506404926715e-01
5.918014245233896853e-01 6.344260617843403560e-01 5.623718537226641834e-01
5.330968620405118763e-01 5.425790503825865807e-01 5.889483215673170236e-01
6.784770810912570393e-01 6.707453448769636895e-01 7.071438347404264135e-01
5.515931850429959260e-01 5.702502821650953235e-01 5.585877732378503602e-01
6.743420901686875135e-01 6.868283065482984062e-01 6.066338631073734389e-01
5.855973996421846017e-01 5.652924643640202529e-01 5.733679998434343394e-01
6.577459121549591448e-01 6.895628581865721474e-01 6.587706811244823379e-01
5.932173133681103439e-01 5.422134764233800253e-01 5.918703823540389930e-01
5.987210001898021217e-01 5.661863211810578278e-01 5.723302913032622952e-01
6.426385782249958156e-01 6.132840086554799397e-01 6.895864707162411289e-01
4.781596179787637180e-01 4.697291392090036100e-01 4.560187984979337528e-01
4.857444877771782132e-01 5.180767313173706423e-01 4.407765048283269205e-01
6.070176699773521811e-01 5.897002528530254084e-01 5.392691315995025159e-01
6.093203769622441701e-01 5.976208114251168046e-01 6.445066228846494383e-01
5.194459881988574557e-01 5.310757994774142343e-01 5.824230697568032467e-01
6.100620992806343734e-01 6.469846623046600076e-01 6.838183732498496203e-01
5.377056581555875736e-01 5.409552793068258536e-01 5.933025593533962638e-01
5.263345994623300772e-01 5.580192853127682318e-01 6.089804499453089770e-01
6.181642470242337817e-01 5.552305280785830854e-01 5.826480510337286312e-01
4.688277441663507572e-01 4.721636608853244654e-01 5.081179923848894164e-01
7.035632259853253911e-01 6.680812295804581247e-01 6.669493707471135790e-01
7.200760346499657238e-01 6.244498544494604397e-01 6.754704161359372794e-01
5.401792985492948063e-01 5.926666266278983741e-01 5.043143067672254398e-01
4.430825275725523982e-01 4.636301246433912060e-01 4.565401818202066142e-01
7.108359558828621916e-01 7.319554252878865963e-01 7.409084683432780594e-01
7.171786745708010891e-01 6.517650888508861318e-01 6.463418268735759975e-01
7.940029337153049482e-01 7.567074560980853182e-01 7.406375122227757402e-01
7.669595788996728114e-01 7.242199930997217372e-01 7.798442186351345340e-01
5.931671655137578103e-01 6.261704013870970087e-01 6.195562793279086877e-01
3.697928502509459925e-01 3.397606640094602559e-01 3.536107495478756357e-01
2.828767628983608895e-01 2.886375711140481970e-01 2.345675713042520705e-01
6.080591712756889811e-01 7.080728997549801118e-01 6.471566768742877951e-01
6.981130765823222450e-01 6.813860993921058151e-01 6.912112289699510193e-01
4.537585979171482320e-01 4.627074439771708958e-01 4.920818437787089494e-01
4.965068669968747406e-01 4.985521329067901797e-01 5.147845993821603683e-01
5.996409685448057525e-01 5.730261558013358680e-01 6.126870224443209390e-01
6.429616768704793373e-01 6.397763576299684285e-01 6.209676638559880057e-01
5.784755161438484006e-01 5.741904596644077374e-01 6.031922538800935651e-01
7.482876790070925876e-01 6.606022626498555539e-01 7.522597407788330637e-01
8.018302152519525272e-01 7.270566620031009286e-01 7.360981257515527565e-01
6.152735961471700321e-01 5.765856803876028280e-01 5.597577462889304911e-01
6.227870286898707919e-01 6.571370094719738431e-01 6.286240932146527349e-01
5.748835774156025868e-01 6.288741261252848158e-01 6.003174473275344480e-01
4.528759502675888116e-01 3.861500738914195319e-01 4.947739173665930967e-01
4.149664162971791193e-01 4.334488109763711683e-01 4.426287798659578887e-01
6.174845843197913631e-01 5.671123153085217972e-01 6.104907467390650044e-01
7.082772924419952210e-01 6.802380084336230315e-01 7.171066476810068480e-01
5.374288758619071293e-01 5.446248351965577994e-01 5.376816220188206374e-01
6.984334088938284335e-01 7.885576531832165781e-01 6.937551203929259724e-01
3.992049429482084633e-01 5.073663926534017765e-01 4.916927733297759007e-01
5.281952756956764805e-01 5.743300019469663731e-01 5.551132065974285767e-01
7.409376207869707853e-01 7.353894566913621311e-01 7.511805960319125619e-01
6.554967906931012944e-01 6.882071366824452641e-01 6.540669703966656146e-01
5.233673183044468269e-01 4.649619980539042019e-01 4.857406163252523945e-01
8.015951228093681769e-01 7.320057334476036681e-01 7.622373279498120269e-01
6.664741021212320371e-01 6.776363406916442456e-01 7.155629470788885671e-01
5.055726099144408625e-01 5.188186652497819296e-01 4.988097684926766084e-01
5.310540639471132973e-01 4.891121353673577032e-01 4.826967081545986971e-01
4.147950516852260683e-01 4.354672953547466530e-01 3.913797360248665869e-01
6.940639712433225306e-01 6.874966279443412986e-01 6.936314432090808779e-01
6.139103246257826552e-01 5.894984703871165577e-01 5.399524533462537468e-01
5.896942981592496746e-01 5.453730503228753079e-01 5.715582605983160480e-01
5.430098766126556509e-01 5.370153065174775309e-01 6.071752331130577662e-01
7.719886078179871713e-01 8.350434062444392902e-01 8.222101261422847251e-01
5.106721748463103339e-01 5.198636048559100997e-01 5.307619308224530430e-01
6.751233909788839638e-01 6.839122531882860789e-01 6.145642715734285222e-01
5.509298440609382563e-01 5.721688564000653177e-01 5.980122952431472516e-01
4.919072738243358001e-01 4.567730732006335947e-01 5.935684124413272977e-01
5.210377601023952199e-01 4.864301516872452935e-01 4.845861510686370610e-01
5.084416050989827296e-01 4.644508127546747023e-01 5.190081098943277738e-01
5.343278209698063552e-01 5.167882026824647257e-01 5.233363505192968335e-01
5.843835415077304196e-01 6.690608903546374497e-01 6.287982214496012912e-01
5.661842638086701518e-01 5.236710464521431296e-01 5.928479161800231934e-01
6.369564204335923518e-01 6.157183577758302828e-01 6.491415928352241016e-01
7.033538058958062056e-01 7.684356123194012733e-01 7.122515376862753600e-01
6.518685485363494569e-01 6.295877477201351491e-01 6.775101684044334549e-01
4.904181216145760414e-01 5.135541275334511990e-01 4.826767846972001008e-01
5.795112194438499786e-01 5.852601738645707430e-01 5.944602775196304867e-01
6.246830330659516317e-01 6.055044111338467872e-01 5.755193212940042935e-01
5.420539525234927547e-01 5.571771249731282127e-01 5.576258217456981914e-01
6.281698918330554937e-01 6.278814386874986830e-01 5.898947684196672592e-01
7.583401023123882423e-01 7.234443939150853042e-01 7.391105899572490978e-01
6.033134884837776379e-01 6.035837407515102226e-01 5.216126089531853971e-01
5.715445196675591477e-01 6.001797257761551929e-01 5.176578611852495904e-01
5.465351553968578191e-01 5.579286149957497498e-01 5.444922637032031387e-01
6.852420629950148889e-01 6.382941558298350637e-01 6.623279007919794514e-01
4.135100406101124282e-01 3.546907979251944232e-01 3.842865902224779640e-01
6.017434559939696115e-01 7.098271031707670264e-01 6.918875286691001936e-01
6.969200205227146228e-01 6.668359219309921704e-01 6.815224389246596903e-01
5.468405451112887672e-01 5.588034243648406507e-01 4.835974730440633085e-01
3.232033237854629037e-01 3.428462383222387611e-01 3.614315507336459676e-01
5.778717114293479007e-01 5.474083167504667502e-01 5.503971366241720009e-01
5.603526439112276325e-01 5.374551577147851367e-01 5.192772678940236197e-01
5.606534283052702072e-01 5.719861600287420300e-01 6.534653663111931188e-01
5.354855476918567447e-01 5.270847510264552449e-01 5.520524891152558400e-01
4.701960229792646051e-01 4.555086742454416138e-01 4.520622195622573947e-01
5.851241686018269217e-01 6.693535209200214275e-01 5.717356162520502716e-01
6.220895014568440518e-01 6.876714863607367167e-01 6.348182403947337793e-01
6.732829749386510798e-01 7.079275801378506205e-01 7.475065170143047055e-01
7.173743893786761472e-01 7.083331772967794704e-01 6.995088972812455452e-01
5.656291501889174622e-01 5.421000352171188030e-01 5.860552825607394656e-01
6.649829805578744146e-01 5.631143492931001138e-01 6.581551136274691460e-01
5.336465978242758146e-01 5.466873006277618297e-01 5.734904818337984711e-01
6.775873393348869067e-01 6.698814231332353986e-01 6.359829167570687503e-01
6.196986912339310649e-01 5.845143205996845559e-01 5.763729037269164079e-01
5.464572986082313344e-01 5.819036026856567734e-01 5.125441747749818200e-01
5.796234970271408882e-01 5.460150106258634395e-01 5.898948543373099263e-01
4.796242667320574915e-01 4.936036826086666052e-01 5.835913481443434359e-01
5.684355074953196807e-01 5.073095375917816563e-01 5.289761080570923868e-01
5.900908588120193921e-01 6.095008884462742582e-01 6.296117314662047493e-01
8.129237950770352716e-01 8.363940155897955364e-01 8.438716280054321395e-01
7.598948426843665782e-01 7.622233039972482471e-01 7.521533891649238024e-01
7.431479754415233341e-01 7.692252790807430074e-01 7.227838479043340314e-01
5.589675206764336268e-01 4.905695516238837706e-01 5.491419113572303390e-01
7.435021871023098639e-01 7.537602923959789702e-01 8.090779968282403312e-01
5.753210398848520590e-01 6.050168830551791999e-01 5.381311687358856233e-01
6.766488547832545386e-01 6.089992847098252282e-01 5.793297055604352819e-01
4.563911020079155501e-01 4.841490616343600006e-01 4.577163434957710053e-01
3.816097677927257625e-01 4.433360209134095675e-01 4.530792390362660127e-01
5.232741214025700138e-01 5.174608465319062711e-01 5.561207157848242488e-01
4.800489552946880512e-01 5.345871740748164846e-01 5.355050343234044607e-01
5.707839938494939647e-01 6.006999850739767055e-01 5.360526174225287432e-01
4.623940398886283165e-01 4.453213066950059695e-01 4.429164601432036830e-01
6.320227746216968701e-01 6.442606738499806474e-01 6.671086377002676260e-01
6.752897751084881994e-01 6.819947201731744180e-01 6.588105871902504296e-01
5.053766956373519914e-01 5.328336348566511393e-01 5.648124735190174217e-01
3.241798843328278501e-01 3.499660433116673075e-01 3.089863018797477934e-01
6.194229375178915697e-01 5.961374065397700983e-01 5.980653624412453073e-01
5.444226023503255796e-01 6.145454383489832306e-01 6.142633372499292088e-01
6.516505411181446883e-01 6.147841687659166832e-01 6.456838792405115157e-01
6.801660008811259983e-01 6.952838081459583597e-01 6.432041367090221007e-01
2.856978165330180675e-01 2.767747275633994919e-01 2.572501373033159178e-01
5.415393931944999517e-01 4.745496407621735968e-01 4.613757477922209027e-01
8.291569861443478517e-01 7.941826211696771942e-01 7.843594382811474031e-01
5.116852858859005648e-01 6.034517528580582990e-01 5.671533955393825988e-01
6.310983569680925775e-01 6.619294470327268254e-01 6.697344917829350930e-01
5.302387110569236617e-01 5.968286930170727533e-01 5.770284818069820743e-01
5.968730122767096358e-01 7.000645213470736428e-01 6.730029735829559101e-01
5.579310410553566246e-01 5.144674831533844195e-01 5.470679333725376736e-01
7.793385426163433882e-01 7.721828280678907364e-01 7.529789717288680739e-01
7.496091285976678176e-01 7.847152489078811355e-01 7.529398499450407067e-01
8.204217783328930924e-01 8.725054597244031873e-01 8.638688467907255086e-01
5.320999239456323249e-01 5.971184541855708572e-01 5.912798171349219478e-01
6.192718268307035867e-01 6.521837278927348214e-01 6.053299731744045120e-01
6.652296299289617298e-01 6.085659990380137829e-01 5.781069159321208240e-01
4.338428889323665549e-01 5.482798108768802692e-01 4.369981444625471445e-01
5.076605654616028751e-01 4.887448972358213739e-01 4.800989745733971747e-01
4.480581455653006029e-01 4.259193326497324183e-01 4.310034478583161799e-01
4.713195279615586264e-01 4.877005904485176568e-01 4.781163698167577025e-01
5.436378879708032574e-01 5.551701679000796696e-01 4.925187439034890979e-01
8.228966781160834687e-01 8.447717813623185634e-01 8.678535553836520533e-01
3.812541669076435769e-01 4.076603592344159588e-01 3.270366856055176852e-01
6.989858371870522058e-01 7.326174176023301232e-01 7.531276219775087100e-01
8.484306889013363273e-01 8.060363503784617745e-01 8.165706529036597106e-01
5.270286396004452145e-01 5.429589849531490930e-01 5.584629259935812717e-01
7.466081998935091280e-01 8.230569552437619896e-01 8.133462129722427436e-01
7.068360284009705952e-01 7.178113428949748354e-01 7.528484269593862521e-01
6.714516396379756058e-01 7.082616766408872389e-01 6.334443872956323496e-01
6.924125127756556308e-01 7.005588145763893548e-01 6.211454334668171651e-01
7.997508809671726171e-01 7.911512580493815783e-01 8.099877230467958933e-01
6.517023611864272148e-01 6.588946269809886624e-01 7.141676599460016206e-01
4.526506928281759379e-01 3.724321609077065331e-01 4.258718073897906908e-01
6.282152368579495549e-01 6.142130275971745546e-01 6.415593282605125403e-01
6.969934875238431582e-01 7.002709143335148489e-01 6.943040384138102761e-01
6.050147353170222120e-01 5.915626516130184642e-01 5.276341793377449241e-01
7.139966738699808912e-01 7.030048402612730785e-01 7.335549817854835064e-01
7.161422419653462601e-01 6.770400514061034603e-01 7.044559473465948907e-01
8.115143664704772553e-01 8.150656884495591781e-01 8.478630018729816920e-01
5.836187380495226895e-01 5.470298932466630681e-01 5.429677174628447789e-01
4.554542165468364878e-01 5.434297176145800323e-01 5.175260270029350407e-01
7.534564377477410702e-01 7.687890028962358624e-01 7.642182938770659684e-01
6.526644533350867139e-01 7.002057485206227838e-01 7.327049926791582291e-01
4.802262918880054188e-01 5.246850725279913474e-01 4.907956369366205385e-01
4.234846034718336427e-01 4.082671692902648530e-01 4.518603476789831430e-01
7.102580324682463697e-01 6.546434355638363067e-01 6.585211396241785753e-01
6.386559276394020435e-01 7.481866210576583187e-01 6.991855869924255007e-01
5.290523647539998597e-01 5.320779504887200861e-01 5.239814219213227986e-01
6.394354327324153209e-01 6.406667557361523935e-01 6.225326207010288826e-01
6.521701171666803853e-01 6.512104403355788440e-01 6.150064287933518781e-01
6.044678618152302674e-01 6.712413480870803584e-01 6.435527901879916080e-01
5.558309377799010020e-01 5.288083074136500361e-01 5.033436796891364029e-01
4.683368634832165145e-01 4.909004537502016929e-01 4.510579293447875560e-01
7.145319691028443332e-01 6.992946177632155536e-01 7.218978993248971188e-01
5.983230273955278955e-01 6.079920459598203708e-01 6.471339616317083321e-01
4.598553100515588299e-01 4.798862020678892337e-01 4.364484195177734116e-01
4.898929602478087064e-01 5.223914071418679361e-01 5.868964138232510841e-01
6.321087833715529625e-01 6.721315613348373130e-01 6.281423427569617912e-01
4.462196745447835622e-01 4.426937725089589715e-01 5.027893319023359897e-01
7.645931956803101448e-01 7.805210687630573796e-01 7.935111232752877219e-01
8.641657547139024453e-01 8.777686056696782924e-01 8.424296127643347010e-01
5.513935762041094479e-01 5.763713583717355871e-01 5.669096759389385953e-01
5.731611488324129811e-01 5.227790857586436246e-01 5.246469834038001157e-01
8.035193410851144691e-01 7.935322039047586484e-01 8.259099347412235392e-01
5.274582247631135479e-01 5.163763855241899625e-01 5.522135825806879783e-01
5.588116206746359671e-01 5.321050044897709386e-01 5.568890551152808621e-01
5.370528489618292545e-01 5.706823102998002106e-01 4.941859982218506087e-01
7.493636339131637403e-01 7.566633799838241581e-01 7.262538068739299302e-01
4.784183140304627546e-01 4.356709584818910241e-01 4.027136796528172913e-01
6.331326202347657972e-01 6.879803476727313072e-01 6.397683559287643540e-01
8.041840681267525826e-01 7.800748225477459608e-01 7.837184018524135931e-01
5.374125220272041314e-01 5.948526597092813617e-01 5.883684302479943451e-01
7.420326924353465303e-01 7.614636569575515823e-01 6.977807648241194372e-01
6.283169981104094193e-01 6.746652571453173319e-01 6.732923029417307026e-01
6.817403674625551746e-01 7.161102439712015988e-01 6.604993808865796678e-01
5.843571886036684759e-01 5.398977488184596440e-01 6.050971478015764182e-01
6.777232521320848413e-01 6.575100775431649280e-01 6.883599359262184691e-01
7.094095829374015283e-01 7.607279260076477145e-01 7.376396492990962006e-01
5.276661364797644582e-01 5.804781469367710223e-01 5.861023666093102547e-01
5.584115422559130515e-01 4.569306968823497184e-01 5.129136024966572949e-01
7.648518597274756026e-01 7.593952574349459583e-01 8.075602692991624698e-01
6.734020827634132900e-01 6.524431176796240406e-01 6.938396869140086576e-01
4.675397051420309147e-01 4.885396488213462618e-01 4.860637692840522051e-01
7.988271012861707376e-01 7.492751801068273654e-01 7.165014367831309405e-01
4.464354280006947451e-01 4.685292911230016788e-01 4.771350235649705063e-01
4.651213273004161652e-01 4.678445928092770378e-01 5.229936747533436847e-01
6.035562572305310791e-01 6.403034556302779068e-01 5.770286910254016632e-01
5.222361222408090642e-01 5.372129439916712990e-01 5.190711997384943599e-01
6.445588347953987718e-01 6.802785242117088682e-01 5.764880223541154480e-01
6.009361571515600131e-01 6.179683442268106841e-01 6.074427979758380003e-01
6.697184658187389505e-01 6.767232903418032297e-01 6.419842890363867127e-01
6.316326064179900168e-01 6.395436119606617842e-01 5.757839800004015407e-01
6.345705129855965243e-01 5.861565067473517576e-01 5.991098303818473969e-01
6.795739328033020277e-01 7.345273631149030757e-01 7.007467251126153762e-01
6.752909620990249495e-01 6.989556881735397020e-01 6.255239800126904948e-01
6.629161655535011910e-01 7.232350204981421449e-01 6.868955124882494268e-01
5.318318399749425440e-01 4.963685274264090230e-01 5.438776729359289241e-01
7.356129072810059233e-01 7.581880721143304802e-01 7.164794427624514572e-01
5.150039412675941897e-01 5.409400607278959106e-01 5.191845500807173996e-01
6.892188140267977436e-01 7.709944430644457558e-01 7.078446812977632341e-01
6.093890416705977087e-01 6.670059529153425926e-01 7.027030896095589618e-01
6.478303691565769906e-01 6.317431578517161972e-01 5.769233417597406932e-01
5.952089573957902724e-01 6.172896427338384617e-01 6.575300399946725216e-01
5.253645854357225087e-01 5.559143549795565464e-01 5.472794815572921134e-01
6.411878907485411005e-01 6.781838935100209520e-01 6.399247968422363542e-01
4.806649821210875473e-01 5.644076210331424592e-01 5.586075937473143904e-01
4.991294479218276736e-01 5.819056856784428078e-01 5.535371443484695675e-01
4.640000065739071644e-01 4.614058861572996051e-01 4.670629417515023696e-01
7.186137463096482492e-01 7.845244840680147824e-01 7.751543591915153186e-01
7.458809789728179096e-01 8.039482352061861903e-01 8.226758712699447917e-01
6.806529494952620052e-01 6.938686835864373847e-01 6.776361061189306589e-01
6.270905760062338574e-01 6.337868350540184492e-01 5.966430329988082759e-01
6.448694492766446906e-01 6.280020756628463818e-01 6.041841567529451229e-01
6.442462183432765555e-01 5.752236386599711704e-01 5.981454832516651665e-01
7.193117506173302145e-01 7.891784309663453234e-01 7.111529438862602692e-01
5.268811681870533281e-01 5.365976789014774706e-01 5.913191957757641948e-01
6.120137656900920264e-01 6.110789785839189081e-01 6.278782343385346243e-01
5.264752354807233914e-01 5.731648214929701002e-01 6.128648397326759145e-01
7.497017134706176478e-01 7.731473121384524472e-01 7.056371893184590904e-01
6.138416063583183035e-01 5.777745333206693035e-01 5.902546018665753014e-01
5.323499323663897220e-01 5.867554396006213757e-01 6.200276526364839613e-01
5.438712523893687312e-01 5.377959183318937741e-01 6.429741694448174449e-01
6.793769870479369200e-01 6.813087828482417008e-01 6.753232293491941984e-01
7.538534703570285433e-01 7.363342365596662331e-01 7.047157042962249873e-01
5.691958636741859534e-01 5.559464377006485547e-01 6.165939761944039255e-01
7.502395981239980971e-01 7.457202299985815630e-01 7.089930092765704961e-01
3.736199637203773127e-01 4.567909843913715573e-01 4.198425988276859311e-01
4.861775459918816766e-01 4.677114465779774743e-01 5.213343119035784845e-01
7.412460957167223974e-01 7.478567040871443306e-01 7.031125576569960955e-01
5.532946786491852453e-01 6.006720102604239386e-01 6.350970680059202511e-01
5.988583490579066915e-01 6.281766884157224951e-01 6.518849750824987632e-01
5.092402905295844162e-01 5.268212955144071508e-01 5.091422830963447943e-01
8.642502319720813952e-01 8.086135033055489307e-01 8.052327213247569837e-01
4.132678265959252029e-01 4.175710974952515642e-01 3.951101572262847306e-01
6.129894183584255751e-01 6.189997119527815839e-01 6.646075697253095438e-01
4.490663223390436998e-01 4.797922477233791394e-01 3.733340504288720219e-01
6.764393999293236703e-01 7.446838034600531397e-01 6.749644198908066883e-01
6.926287644858422077e-01 6.831389061277770569e-01 6.718517694798982198e-01
5.915912040336789302e-01 6.218851463104650978e-01 5.964839287330072626e-01
7.615283154222891593e-01 7.239873392371808380e-01 7.765599245215922819e-01
6.451374921695322007e-01 6.302623253298015316e-01 6.671172451603571973e-01
5.515745563782777916e-01 4.789703871950445890e-01 5.172535474672191880e-01
5.678567719105669376e-01 5.471894391304039651e-01 5.402937959439207960e-01
6.449344114765438452e-01 5.894061116059619021e-01 5.967471747256393177e-01
6.928129404446834450e-01 7.346200084190951385e-01 7.753407812717547642e-01
5.620548499976059098e-01 6.105075825461037109e-01 5.998066045690810810e-01
7.320049065699736346e-01 7.412031993363420446e-01 6.960325994321414633e-01
7.996935283989988763e-01 8.310674090022864835e-01 7.457544037203892584e-01
5.341593008123081132e-01 5.317892442079310555e-01 5.408899545735753600e-01
4.809103369150141694e-01 5.478854622713856815e-01 5.605777954524264750e-01
7.789185844707526840e-01 8.005289923464632418e-01 7.898605274257147757e-01
6.624086650740579341e-01 6.466330254801037070e-01 6.626637477773820173e-01
6.021010289793763404e-01 6.227570161147321093e-01 5.719221820149688051e-01
4.714044995158914730e-01 5.329126540460394912e-01 4.721959940889504104e-01
7.244992114301745945e-01 7.080930280475797867e-01 6.444821418931985235e-01
5.672928774791772266e-01 5.656887367489159546e-01 5.536995076353328216e-01
6.621403481489844811e-01 6.267652541693891077e-01 5.973615851763631746e-01
5.786253840211227351e-01 5.749345457052404962e-01 6.070412927754388344e-01
5.179980200857913220e-01 5.747926436639274606e-01 5.565214167696430625e-01
5.893872512051652190e-01 5.816303177930906010e-01 6.080842657079810198e-01
7.426984470222615098e-01 6.942840469899622668e-01 6.758096952061264373e-01
6.995791888031127614e-01 7.156055241789942567e-01 7.090565297687352331e-01
7.746816990240150691e-01 8.173088784326745238e-01 7.716593212071871655e-01
6.305267085532615390e-01 6.557592448187913314e-01 6.669164701512275695e-01
4.751666666258560490e-01 5.270088277316504755e-01 4.851924585701101744e-01
6.115379291879355916e-01 5.613118627184378040e-01 5.976492364745165098e-01
5.284849521377058545e-01 5.391963975578540902e-01 5.813385433027433713e-01
5.109963242405779482e-01 5.243570440640720198e-01 4.389370463569228220e-01
6.318225902035448094e-01 6.345084803300371501e-01 6.446319611451755138e-01
6.333811456542819407e-01 6.565117223094919519e-01 5.985354798068170945e-01
5.410452531114898767e-01 5.930654810576290181e-01 6.057377309963173362e-01
7.716542861508138840e-01 7.920273536833642991e-01 7.768829951506642795e-01
3.595447480242707772e-01 3.640684312792946131e-01 3.780916286889669520e-01
4.858826402091156460e-01 4.279169360994496407e-01 4.714238710849611436e-01
7.116469744154731991e-01 6.892404056923584488e-01 6.716954244716603073e-01
5.315648033001817430e-01 5.379881574055678239e-01 5.310270847327668298e-01
8.032747758222885670e-01 8.027364023054356368e-01 7.825184389154141718e-01
4.303717086326772634e-01 4.367478575405608354e-01 4.178419542104402362e-01
3.177792802482037327e-01 3.468925630032026475e-01 3.530407112619118326e-01
5.816670059429212003e-01 5.562003028497399804e-01 5.347843600958070986e-01
6.672377567390137543e-01 6.916827936697884649e-01 6.510961863478567091e-01
8.019265450198438394e-01 8.139689868024033714e-01 7.111670255193012213e-01
7.182386457375348199e-01 6.743329393232554425e-01 6.694795462973536226e-01
5.450599963258244696e-01 5.881980538398171587e-01 5.166201849205558361e-01
6.394341995143423274e-01 6.355395181756664513e-01 6.102656320720596383e-01
5.651474065138604175e-01 5.356689484237178167e-01 5.184170521448004942e-01
4.746022617309763048e-01 4.308851710289112180e-01 4.791142479433729839e-01
7.659268417319806677e-01 7.406281074397907949e-01 6.778303490727530800e-01
5.807902610947847100e-01 5.703945004040748001e-01 4.917419517362358605e-01
3.925590705801611513e-01 4.222599244698148069e-01 4.156396654187972106e-01
5.682098425017163557e-01 4.898464682425904826e-01 4.707174740484686981e-01
6.741767418627575559e-01 6.990412859577033178e-01 7.187053848100058984e-01
5.763951149788848483e-01 6.187033703426040310e-01 5.877874903359130432e-01
5.410249821257745451e-01 4.739191965713389076e-01 6.012062346789672773e-01
6.835975517796583079e-01 7.020380755633103265e-01 6.898009314942524783e-01
3.302127762622260598e-01 3.584858924553534498e-01 3.139395618123883569e-01
7.374239252699480440e-01 7.577370197054199563e-01 7.060075805841794505e-01
7.489377503757491672e-01 6.822071137806293706e-01 7.391433118551001824e-01
7.874862936904490907e-01 7.821338558968037313e-01 7.573791166697328991e-01
6.411695846739741134e-01 5.673213024604040200e-01 6.280099470444419074e-01
5.753853143982482488e-01 5.112980705181445762e-01 4.915159879177826707e-01
5.057554688496697093e-01 5.063461507719745347e-01 4.665477146793564067e-01
7.556739921936282967e-01 7.109385055492097871e-01 6.983918914788300736e-01
6.547706028779310961e-01 6.983582166505011291e-01 7.218189654265095845e-01
8.391033956755371559e-01 9.129192788836413275e-01 8.418722300914026624e-01
6.369658257826200654e-01 5.876025212031549261e-01 5.405380751927741922e-01
6.421496112590414640e-01 6.541096823767347246e-01 6.726007873806260084e-01
8.629806662964569774e-01 8.519900756596356928e-01 8.465036880072506209e-01
8.163082722684261716e-01 8.169612467504701048e-01 7.879350835238990713e-01
6.287094605548503301e-01 6.282326581140835753e-01 6.307339422973735621e-01
6.177403616762507932e-01 5.612540203464901900e-01 5.826735030466874132e-01
6.290444740348564157e-01 6.633344686559233816e-01 5.510449160876134123e-01
6.919806006971611634e-01 7.020215235052683633e-01 6.896509361114925296e-01
6.340735948229901942e-01 6.082907279210417739e-01 7.027369183209630776e-01
8.263086168144565535e-01 8.174121417329784922e-01 8.320947696508144142e-01
5.579837481040710312e-01 5.799205092097806657e-01 5.411431085429520005e-01
6.501182106423649687e-01 6.100175477454982120e-01 6.861621408388478560e-01
4.951240972831117415e-01 4.715022074415967102e-01 4.999568017275729526e-01
4.963708387189144089e-01 5.550119445406989094e-01 4.941417427856547029e-01
4.412420677535401348e-01 5.048297494519389250e-01 4.454723090057096102e-01
5.772404256437660974e-01 5.586534192737945270e-01 5.324668155062793895e-01
4.793795438111179141e-01 4.241832869930369232e-01 4.539473821214932148e-01
6.807006472703130973e-01 6.843090145013555059e-01 6.882591440872414257e-01
5.143884533102315304e-01 4.630166217381934679e-01 5.012792384236457455e-01
4.981271958059804716e-01 5.110925365955185651e-01 4.810644726015712580e-01
3.582451140530586997e-01 3.774980858829227737e-01 3.033762569723567060e-01
4.655472324587193733e-01 5.451451506431428395e-01 5.206157203804804290e-01
6.561460801819966049e-01 6.286801185149780702e-01 6.952657164756996799e-01
7.132856660525468406e-01 7.861189555302833254e-01 6.930624505413455205e-01
3.633594105656370865e-01 2.522130543274734293e-01 3.734332477314136756e-01
6.218396930068115225e-01 6.138189612177207266e-01 5.567358332442905455e-01
6.497349875698517074e-01 6.080073012067472860e-01 6.454723775483981463e-01
5.805938266756245358e-01 5.951769389701510038e-01 6.398196179799838790e-01
4.560751370928290971e-01 5.047514758249356248e-01 4.691025131777817325e-01
4.610479397299852011e-01 5.103413981376272446e-01 5.363734947199733094e-01
6.037724176745834503e-01 6.118996147338687797e-01 6.160538270930625560e-01
4.098041717591674460e-01 3.657506793451970606e-01 4.510649703278710176e-01
7.512163274899016363e-01 7.566850228433289471e-01 7.640499993172451543e-01
6.495554012302413582e-01 6.408639287562456488e-01 6.268437342215881225e-01
4.179544487612879555e-01 3.916137587428602518e-01 3.919080313262695014e-01
6.484383202500615395e-01 6.669423882138263426e-01 6.819937199781944681e-01
4.796966979191736868e-01 5.469803341531226382e-01 4.632893638110186507e-01
6.618396922099163415e-01 6.665921038183195702e-01 5.702922193595045819e-01
6.295400003351722118e-01 5.628060889256550903e-01 6.056916244525805126e-01
6.046773910864319257e-01 6.191506469122860512e-01 5.979338283514245012e-01
5.626654034552726058e-01 5.627683838746644351e-01 5.152476815593697301e-01
6.802014137566360086e-01 6.872111875457114216e-01 6.871211040618436794e-01
6.456157953771347602e-01 6.187323661640855565e-01 6.102955784585022414e-01
5.365104040395201057e-01 5.811862476781421982e-01 4.925675544488863355e-01
7.711580591529136885e-01 7.857355753521483299e-01 7.369227198876634466e-01
5.036834436121577774e-01 5.035527532982346788e-01 5.305683777172324200e-01
6.621173320899077508e-01 6.412135422561719977e-01 7.403967692832466030e-01
6.149320444632470073e-01 5.999866416505352795e-01 6.143324974965218566e-01
6.588290119911486276e-01 6.361855290057898404e-01 6.951795376566616280e-01
8.177113233694688343e-01 8.094612377298714412e-01 7.861539102257174561e-01
6.731114954515833304e-01 6.327551051726287845e-01 7.043219262770733513e-01
6.113121208471566925e-01 6.184700605651749505e-01 6.281831732574287841e-01
5.027563150329235064e-01 5.073053712940145399e-01 5.263500836696791696e-01
7.302430177565036873e-01 7.112296251934552282e-01 7.614563916382811604e-01
6.160238681574390363e-01 5.501438452498993437e-01 5.652592023065788895e-01
5.503903268679142258e-01 6.243655690857458085e-01 6.060035108523048608e-01
6.185792372503533532e-01 6.358342839211663655e-01 5.785575712327649667e-01
5.051338170466557198e-01 4.952639770186515467e-01 4.983335077758063725e-01
7.515578385376975312e-01 7.843293915805437111e-01 7.229264429824837634e-01
3.979484594259699581e-01 3.678186411697046965e-01 4.306840165895389760e-01
6.117272757653685611e-01 6.033580614590652313e-01 6.177140854401989012e-01
5.471973804179799394e-01 5.235295528287212674e-01 5.844633142416396643e-01
5.960859591325823326e-01 6.050074036191304128e-01 6.238105913590205054e-01
4.788041288729859013e-01 5.589426944566988631e-01 5.887957333037512342e-01
7.327098731105109453e-01 7.565241959772041058e-01 7.640561337092182104e-01
6.917983573257177055e-01 6.964085565954301060e-01 6.928229936913503639e-01
2.580061645539857840e-01 2.820862147899699801e-01 2.725925554362574332e-01
6.833718648928769346e-01 6.264980141002338687e-01 6.588843041969190129e-01
5.239295114364115324e-01 5.150690122880083877e-01 4.996340714054571808e-01
7.542489514286367935e-01 7.482174665882923570e-01 7.941838845761014509e-01
7.059993991571795746e-01 6.710956106517180775e-01 6.329620144209295862e-01
7.390123136115909208e-01 6.393852968146059856e-01 6.762166176785996408e-01
7.205946927918333023e-01 7.156396819858440450e-01 7.019152666957557685e-01
5.292553213094042253e-01 5.120728819800124398e-01 5.342886071120899194e-01
8.031964656296256555e-01 8.128520746057776858e-01 8.109455355178725178e-01
6.814903900363629141e-01 7.317650218723991129e-01 7.199921651490219787e-01
4.334295216098351666e-01 4.342655650448284943e-01 4.102041675246022590e-01
7.146553742307512058e-01 6.947445794833694288e-01 7.341854003223050595e-01
7.878272891054285409e-01 7.756669745015412065e-01 6.970817106832174481e-01
6.897840010523776932e-01 6.636984520622883910e-01 6.444133411581568494e-01
5.409697759331232314e-01 5.396086495731476917e-01 5.092348733115804604e-01
6.709661243073975490e-01 7.043794126940948752e-01 6.642445776509420252e-01
7.419346435160555364e-01 7.852972508362088266e-01 7.817903162450408061e-01
4.503129164647842742e-01 6.234918212813799210e-01 5.236627235017520254e-01
5.041109978800669689e-01 4.697137967435354167e-01 4.403185796540442509e-01
6.356588563844777218e-01 5.643131915498887929e-01 5.310117807993955941e-01
6.708428489279011364e-01 6.648806029455373023e-01 6.933969722229080812e-01
6.969839370781416577e-01 6.561029482516193001e-01 6.943535497956908609e-01
7.959603164466120262e-01 7.906459607910938381e-01 8.240090410480489513e-01
7.614410298748035544e-01 7.843850739593029031e-01 7.074092609150951505e-01
4.540423502510867459e-01 4.453618999751366991e-01 4.335895170889598749e-01
6.395102269261332406e-01 6.181352230546079962e-01 6.657007552862236333e-01
6.432324578710834073e-01 7.408898951406358568e-01 7.503081350888235468e-01
6.722812009779034481e-01 6.629709863669176473e-01 6.357322178906098520e-01
5.860209016092682299e-01 5.633567135240602486e-01 6.061740092253585788e-01
5.885079961596954012e-01 5.283166992967944786e-01 6.315520991181484689e-01
5.169267207909153949e-01 5.393015340626502452e-01 4.408753725540338619e-01
6.434740366850588700e-01 5.866221761425906012e-01 6.168363371040320731e-01
8.337774766581381725e-01 8.214868817106356635e-01 8.842692920989205785e-01
5.164978307355558851e-01 5.458113357579857938e-01 5.081505703505747595e-01
8.294039617953372634e-01 7.873147073829075415e-01 8.375868989030261780e-01
7.426263679430752385e-01 7.504537106159624438e-01 7.297659704839951633e-01
5.149078898512766678e-01 5.069608722476792728e-01 4.114656503451029623e-01
5.869792793918666707e-01 5.590569758069018347e-01 5.407937392602183424e-01
7.374318379414666058e-01 7.822719118892630386e-01 7.903513937769294229e-01
6.293569923254243026e-01 5.811350041960933188e-01 6.073114810756770066e-01
4.531754727236635416e-01 4.755751928750681090e-01 4.238648118538604903e-01
4.338270584647435646e-01 4.044241861510424196e-01 4.288227784884576788e-01
5.903701183847049894e-01 6.192193177847186147e-01 6.198908740921618143e-01
7.891300530150604509e-01 8.222933734996881183e-01 7.870391044796958280e-01
5.537378210315202498e-01 5.231815234769278122e-01 5.612773856775121750e-01
5.831201128117422527e-01 6.498663291417741128e-01 6.343615044989319163e-01
5.061446113269478797e-01 4.790764015884321769e-01 4.718438301554375713e-01
5.796672272153783334e-01 5.378820454977156773e-01 6.110275002915005471e-01
3.951075978452812110e-01 3.258387396152586657e-01 3.976866307602114903e-01
7.991752652935785184e-01 8.261683904992284111e-01 8.704527556260412968e-01
5.144294597396260604e-01 5.882065797342387325e-01 5.179827710036800648e-01
5.692105795772196553e-01 5.821894125514986973e-01 5.904044626070573676e-01
4.761120283150575561e-01 4.788346290153671636e-01 4.359038118496170733e-01
6.447357332969594346e-01 5.953472503136925109e-01 5.975321871497045745e-01
5.934270576917437534e-01 4.931101589408132813e-01 5.632537346937636080e-01
7.366704067981798554e-01 6.451156758092706500e-01 6.722919671947660269e-01
6.401389309755742829e-01 6.274636167708319556e-01 6.726053404768994604e-01
7.128438992101737703e-01 7.646773438005871615e-01 7.483658465580308450e-01
5.982669793743694564e-01 5.624720877829831878e-01 6.183517269342915235e-01
5.425377639366265603e-01 4.856744775995529007e-01 4.729561313238629938e-01
5.569773736952025045e-01 5.951401498433590564e-01 5.892920379125553554e-01
3.967511028828658026e-01 3.905286588388196534e-01 4.173049551764714815e-01
5.705347408481414861e-01 5.641587304472354125e-01 5.711037902903574048e-01
5.894472726485381342e-01 5.965649784941446931e-01 6.295397976948509111e-01
7.155399239456849969e-01 7.426995179753107523e-01 7.212880721969525677e-01
7.820072723249384961e-01 8.125513980530317815e-01 8.197549920318899508e-01
5.139653450890093733e-01 5.240799547963911342e-01 4.984898994112961779e-01
4.458925133203039959e-01 4.724579838903075202e-01 4.181473872956050220e-01
6.798906221172787978e-01 6.609263838548017356e-01 6.889130362218532921e-01
6.990099591873796259e-01 7.009598639461608327e-01 7.176604622295240654e-01
6.127664639836837290e-01 6.245737656346522781e-01 6.078744332064650591e-01
5.525384152666434900e-01 5.210450735391303212e-01 5.520145595385513859e-01
5.301777873791415630e-01 5.588306914163810868e-01 5.912463584234131098e-01
5.709620479909622848e-01 5.831553170724390611e-01 5.682671630175596400e-01
3.502489795507487402e-01 3.536041642335186475e-01 3.902468295929286124e-01
5.067152511067466447e-01 5.387637777781250081e-01 5.477215214888275785e-01
6.616385705045844112e-01 7.196424792872053722e-01 7.159482929774818594e-01
4.425097538290995725e-01 4.352237842971866666e-01 4.376291643732115877e-01
4.233667807434545183e-01 4.440012801758253524e-01 3.717584026874143355e-01
5.130057188440959592e-01 5.441149022933560175e-01 5.701144898594584509e-01
5.251863517243940960e-01 5.690551573325636214e-01 4.764605238031411893e-01
6.692422107809889997e-01 6.919496841480773375e-01 6.802989702062443023e-01
5.479799639755730256e-01 5.139554270497737054e-01 5.404294244608877085e-01
5.408860067041733055e-01 5.618157609180621792e-01 6.032025222266936826e-01
4.840939435593120121e-01 5.079557213494860779e-01 5.310669403101784258e-01
5.725831528789528946e-01 6.294168601548227882e-01 6.764398747053105287e-01
3.766459088169951119e-01 4.198426094280329757e-01 3.683935638649710187e-01
7.445286533822068620e-01 7.396643313405869558e-01 7.120645357105526152e-01
5.237710790353592438e-01 4.986445543162518756e-01 4.851454698480932581e-01
6.195552945173492532e-01 6.520665796467479680e-01 6.378532953755051693e-01
7.495672198224515581e-01 7.676552329122722229e-01 7.768277437973230004e-01
4.833774386405601531e-01 4.715976264795685990e-01 4.851897744201922880e-01
6.376869511303061566e-01 6.977879960329629316e-01 6.658958605180143042e-01
5.727975613585620795e-01 5.588256935411364257e-01 5.474227813583159019e-01
4.851399391771689107e-01 4.215397753520396806e-01 4.796928168633998180e-01
6.998708259022881073e-01 6.488294005400289111e-01 6.670520489873041914e-01
7.968890333846945229e-01 8.019769633135173104e-01 7.435329486534005827e-01
4.861091285125441752e-01 4.890575698753635292e-01 4.974188405423123349e-01
4.914795524792953119e-01 4.738398272908035391e-01 4.834465224853374266e-01
7.843558829512098374e-01 7.902140582997988494e-01 8.337846936142828680e-01
7.316352339330204346e-01 6.758627512257713299e-01 7.435894736698586138e-01
5.767833596233203908e-01 6.364270826710013429e-01 5.840571413598075745e-01
6.153015934111866203e-01 6.197129931495642952e-01 6.341694269376720872e-01
3.531204285365220352e-01 3.831360895546206402e-01 3.101742708665015114e-01
6.265567924947530454e-01 5.828834408730277916e-01 6.299539525655030170e-01
6.017098373584799376e-01 5.453385885811395939e-01 5.674148656473485541e-01
5.889776153849903828e-01 6.044431778300619618e-01 6.041465197965694145e-01
5.848605996231067694e-01 5.427735815038383649e-01 5.433940927632712192e-01
5.904431577021904687e-01 5.593998466658054447e-01 5.607291834695503630e-01
6.009441376697818304e-01 5.819835165572864177e-01 4.952135803701581129e-01
7.516088516163972333e-01 7.397793337410304426e-01 7.137414897296904259e-01
6.710261946593595317e-01 7.066331524912797812e-01 7.324419935930081005e-01
5.426054934827561071e-01 5.306403914925242882e-01 5.570306915396120440e-01
4.173864832073221898e-01 4.200343834580251845e-01 3.864381261063612460e-01
6.329847930196145223e-01 6.493617227077812526e-01 6.677445259169256797e-01
6.360648582492696157e-01 6.516508746405694774e-01 6.472901198901415132e-01
5.413873051047828344e-01 5.416009114906217281e-01 5.428466109112038973e-01
7.001985033514566137e-01 7.109187707127404554e-01 6.923840266927395737e-01
5.359064161771459611e-01 5.469109436731971474e-01 5.149261330509414814e-01
4.317483695599251825e-01 4.581919364490167901e-01 5.035315259933638155e-01
7.920070500509134304e-01 7.796513277847311185e-01 8.196278991456900087e-01
5.171828968964596873e-01 4.805818271539879505e-01 4.716295581223418076e-01
6.544012467900555130e-01 6.287345907199687334e-01 7.069900487412779100e-01
5.848851366971702381e-01 6.229297203812116379e-01 5.537733875463864974e-01
5.805934149562661517e-01 6.598403047130275700e-01 6.127645302869639821e-01
7.554850399847344855e-01 7.893025313205511706e-01 7.456832932112984480e-01
6.785536109934762194e-01 6.810081623315261679e-01 6.876264049897078401e-01
5.904252345907364807e-01 6.125087107834604749e-01 5.872509870345815619e-01
4.405423328077057721e-01 4.258273212312629896e-01 4.584858657529901071e-01
6.970388071508197836e-01 7.275387719295922651e-01 7.111146443807363493e-01
5.220754309516737468e-01 5.726941066990763884e-01 5.506007290096585072e-01
5.588580585595981365e-01 6.124278505081321988e-01 5.807792127473654364e-01
2.892707203568264385e-01 3.080826556250759185e-01 2.806063506936926633e-01
6.856424280778308233e-01 7.525370147541665666e-01 7.036980973080946278e-01
6.205781608569734820e-01 6.012150974994996400e-01 6.345778963387388449e-01
4.336946640548679510e-01 4.583305928686978170e-01 4.227213966984952331e-01
7.174215750829225913e-01 6.915957956032025011e-01 7.449484831845165633e-01
7.397881417288241224e-01 7.865551510600292673e-01 8.434486041701930725e-01
7.126395068284420153e-01 7.154483279097780812e-01 6.767312004783854196e-01
7.239616483171981143e-01 6.886664744046586684e-01 7.595784206917852721e-01
6.159619177908122190e-01 6.378417262006387256e-01 6.220641459928886174e-01
6.792884242392126515e-01 6.173270026680078848e-01 6.493297826384459848e-01
5.275818244743663010e-01 5.191503219721825824e-01 4.919268775688356299e-01
5.656981777497527286e-01 6.094328866983184101e-01 5.875251254155361424e-01
7.192211785002310398e-01 6.435216765058279220e-01 6.412366962570774653e-01
6.006469209160937295e-01 5.427549761769731029e-01 5.541432575691045415e-01
5.119686439630092289e-01 5.152220862807249668e-01 5.685842904172723200e-01
8.465019294234876757e-01 8.013285559136793523e-01 8.249980259824484241e-01
7.063838323925150098e-01 6.795873872236661839e-01 7.029253590627513315e-01
6.321877131560207363e-01 6.401267116699529414e-01 6.428550809576357716e-01
6.159276887239785170e-01 6.296342612797078964e-01 6.397826777706545620e-01
5.404514665655630878e-01 5.631047133853174236e-01 6.020821504379096911e-01
5.773610607853429944e-01 5.741260762131136230e-01 5.866681563652047515e-01
4.572882972063233575e-01 5.033560737392330786e-01 4.595075092933630923e-01
5.514695886174950656e-01 5.285313515384912897e-01 5.255641934322271558e-01
5.802883658998726490e-01 5.366361612848596918e-01 6.021450314664149595e-01
6.368661341726865599e-01 6.504542407937816684e-01 6.695572765081682087e-01
5.239920153563009109e-01 5.370314946845671233e-01 5.147253790627676073e-01
4.915459410442554189e-01 5.104509574140406736e-01 5.230010003414340414e-01
6.367743626369668508e-01 6.023735711764591771e-01 6.042511385716404781e-01
7.161155295065549931e-01 7.071615704698920313e-01 6.974543635556978982e-01
5.915032963913706698e-01 5.578144843822446797e-01 5.287125102081702277e-01
5.991644507912006201e-01 6.026658112253263644e-01 6.142352610228419829e-01
4.865521952807182471e-01 5.310924253968799524e-01 5.540554123839781520e-01
6.725544554336524428e-01 6.453084241307970315e-01 6.048079128750153410e-01
3.895273880846170655e-01 3.665857058703748117e-01 3.851203403823028615e-01
