5.379734252004740869e-01 5.121585301506405008e-01 5.284119996434425426e-01
5.767705628596109246e-01 6.602178097270814394e-01 6.362330798404318699e-01
6.737483922231084499e-01 6.050377938903418462e-01 6.577582009708368149e-01
6.643645501458551594e-01 6.871945307309543782e-01 6.735690747090132824e-01
6.287288283177072667e-01 7.140037652934406731e-01 6.690886473974011484e-01
4.796939998275491224e-01 4.341509875132240626e-01 5.151356857628764940e-01
5.628142061983314459e-01 5.848403713819727567e-01 6.383962238930502853e-01
6.797872520161318821e-01 6.185894247691724468e-01 6.770670090485924053e-01
7.805372331696853738e-01 8.372232813656568240e-01 8.075152919633600268e-01
6.412093966491730912e-01 7.104898744223243634e-01 6.967445939668800436e-01
8.045054909412243660e-01 6.890183241278949877e-01 6.619854599002590323e-01
6.702697406565628624e-01 6.724329117018483792e-01 6.625155320219136001e-01
7.718487807212748297e-01 7.811792154286235634e-01 7.494125209355333439e-01
5.553709224370124709e-01 5.183018642694456890e-01 6.004674648443427687e-01
6.217007157070818524e-01 6.581075491097083674e-01 6.204501878471516685e-01
7.219077258577802914e-01 7.274990643033497628e-01 7.625724353257152810e-01
4.858581686286173040e-01 4.535689178131809274e-01 4.295878200579523187e-01
5.295498027290396204e-01 6.467970973662466871e-01 6.553117281897282709e-01
5.693254755059483641e-01 5.646682978183581447e-01 5.986919067270254358e-01
5.092433606502249077e-01 5.692686473603069119e-01 5.686211625602576314e-01
5.598440603401709792e-01 5.681997135363588969e-01 5.988543139600536191e-01
6.286704050022059453e-01 5.949426211177308854e-01 5.929453112530124193e-01
4.907310596536221259e-01 4.991988263349725896e-01 5.056390425060995897e-01
5.665540392777095313e-01 5.481866968226840608e-01 5.665393896776477201e-01
6.718575517205401804e-01 6.123921762289157300e-01 7.032303925124177013e-01
3.847071633418159275e-01 4.129977416402734192e-01 3.450730614931839524e-01
5.247603825419636658e-01 4.077928371578860567e-01 4.910173108370186057e-01
6.219981672312190346e-01 6.324657870216785494e-01 5.889823546821074673e-01
5.253810817364015229e-01 5.877729708306038692e-01 5.793514171287197367e-01
5.837829356786904400e-01 5.560570025523654536e-01 5.950756741173836017e-01
6.051339588656755586e-01 6.381115002534679670e-01 6.006519980072082543e-01
6.359417271713271314e-01 5.666688808738274963e-01 6.153254410492746684e-01
5.899544901037440114e-01 5.584742815645296066e-01 5.402281574217104865e-01
4.861351432876273582e-01 4.492997531764369445e-01 4.569155381279522143e-01
9.122531521613008731e-01 9.139647702184879874e-01 8.847780291148682474e-01
4.278170558082723396e-01 4.665796767724830207e-01 4.434944377303210450e-01
6.817779686329481503e-01 6.512358697543402242e-01 6.822439304886487310e-01
6.796362293983349012e-01 6.344460706001049388e-01 7.088219856907448380e-01
5.711765691133738887e-01 5.518096086205922512e-01 5.266928652347960815e-01
6.136889399681240143e-01 6.022657630706105270e-01 7.147550671124461852e-01
5.251835204268386903e-01 5.564582513223363947e-01 5.362041149783223215e-01
4.979154411010438541e-01 5.162996960306730498e-01 6.070889578781222262e-01
6.391928285703698531e-01 6.979442930228761943e-01 6.075250001899386021e-01
5.791122793176185501e-01 5.223557234246913872e-01 4.924807219164851202e-01
8.013394285380969206e-01 7.242044864287047190e-01 7.520161084125658313e-01
6.906850077336732507e-01 6.025271963013495435e-01 6.529595087432488176e-01
7.630929358725758727e-01 7.697347047126967823e-01 7.897088807949059763e-01
6.545452247956196068e-01 6.502789585802840611e-01 6.091078468058376272e-01
4.602626655182474602e-01 4.591394239006656441e-01 3.798946204009477912e-01
6.308699324828540567e-01 5.787366443601421606e-01 6.284588373972687103e-01
5.790278863324269665e-01 6.534160759248064387e-01 6.936055157785809833e-01
5.895276071887409763e-01 5.729343010515822732e-01 5.569972697403604567e-01
5.921590195198361828e-01 5.254827290178277766e-01 5.888868614487271502e-01
7.162926466921739621e-01 7.378558930492264967e-01 6.640903577330417029e-01
5.097857381694401724e-01 4.955339291362826359e-01 4.712740476854008209e-01
4.655080412116330280e-01 5.317561087003839226e-01 4.815665392150478286e-01
6.090189045349188035e-01 5.875940541228016345e-01 5.637203941097453930e-01
6.078566524316812991e-01 5.360693705060428638e-01 5.905084070696740017e-01
6.871447452112400267e-01 6.985576867916113430e-01 6.882906260456105318e-01
7.690217086905598576e-01 6.999992707375731760e-01 6.913735702740420042e-01
7.716013618361730053e-01 7.381980507310595963e-01 7.277699599451603607e-01
5.889825564899568988e-01 5.986493457887906988e-01 5.852978086452409467e-01
5.897288745348853167e-01 5.636669136662599833e-01 5.692574411557639324e-01
4.467878912403809855e-01 4.140212552403669810e-01 4.010673243289570311e-01
8.014390651044535074e-01 8.283623535925231929e-01 8.496195013118464923e-01
4.129807175464653146e-01 4.083066948514780248e-01 3.484451258869850077e-01
7.820945712773195169e-01 7.956274173309068054e-01 7.556902340026188103e-01
7.337753163636576703e-01 7.352999675983762362e-01 7.048023223519442881e-01
4.496349327240819482e-01 4.502456322982757997e-01 4.369425450501234764e-01
5.111305899459990254e-01 5.585665634189445061e-01 5.219362219891771071e-01
7.185856537374230024e-01 6.562003982524307055e-01 7.668373932587965180e-01
6.053927566337523603e-01 6.181222934671621871e-01 5.849606685659822780e-01
5.993275119780754334e-01 5.515905817931572308e-01 5.841753717471660501e-01
7.602430514723554911e-01 7.904930501591458381e-01 7.836365416029612563e-01
6.329241813939050498e-01 5.989128065658253508e-01 5.653902262467503936e-01
6.149864322670172134e-01 5.668636154028849905e-01 5.503776314729409425e-01
4.967370971921765133e-01 4.914865817092220479e-01 5.469768172132977169e-01
3.989732651083210957e-01 4.795180648528475920e-01 4.136151925292030351e-01
6.717792267787507932e-01 6.509031761448651476e-01 6.673330557581098610e-01
4.798469378841256905e-01 4.689262519995164857e-01 4.978277103536569159e-01
7.340861340366985344e-01 7.360384902820298336e-01 7.570735742458633011e-01
4.217771110681526325e-01 4.626122122779179335e-01 5.430565970739229531e-01
5.926476878009759863e-01 6.134738422363029686e-01 7.060230303088246284e-01
4.736237031246140483e-01 5.797790006745131564e-01 5.332204699558406036e-01
5.716996979056091499e-01 4.720744111322156544e-01 5.651723208297285694e-01
5.507087300498852978e-01 5.670383299246821718e-01 5.708740155448149833e-01
7.405440789986978967e-01 7.278260294923973861e-01 7.271570928398874978e-01
6.677601334067326810e-01 6.426559250083948571e-01 6.609954001529694256e-01
5.423334564959629844e-01 5.024482329430622896e-01 5.350453345221225510e-01
5.502582048783051238e-01 5.950555581731731269e-01 5.419574667283724168e-01
5.282538167352502922e-01 5.171987352728405485e-01 5.789052346874593580e-01
6.170547009969860053e-01 5.978497189874286688e-01 5.402149955486216237e-01
6.832569616994310646e-01 6.816762199151502610e-01 6.513145555491349770e-01
5.920765731421457900e-01 5.622802006384695073e-01 5.810703951497944164e-01
4.426975879890671650e-01 5.283953799994672851e-01 4.878910647670200995e-01
8.320580730848179396e-01 7.650087910930540858e-01 7.460927205216649760e-01
4.158315255363930762e-01 4.360176402491501846e-01 4.431109336432100809e-01
6.886804961727359675e-01 6.985170090531463982e-01 6.403673711611579389e-01
6.733504881563758815e-01 6.676058600031087309e-01 6.190912114231725827e-01
6.217266139853021567e-01 5.705656241232321957e-01 6.120891780829076367e-01
5.131699127914751690e-01 4.560632728551920478e-01 5.286288737565281171e-01
5.766959343806095095e-01 5.891723362712364409e-01 5.861647993224146092e-01
5.523116583559313231e-01 6.709225682883755981e-01 6.370447489452967238e-01
7.875132789757172125e-01 7.547365657489548685e-01 7.573689947410563450e-01
5.146851770952588501e-01 5.263650311261768300e-01 4.663077410059205952e-01
5.737558724920468478e-01 5.341919355500123201e-01 6.576195441507217687e-01
5.562290519430523883e-01 5.589637035016805644e-01 5.831700627310005824e-01
5.862486840361458285e-01 5.530485039823997973e-01 5.830289218658770700e-01
6.889390378050092023e-01 6.311264387115941288e-01 6.458479085787280916e-01
6.001213254814874443e-01 5.249716872343244134e-01 5.471243578423635734e-01
7.458822341668582823e-01 6.938994020964154297e-01 7.527822843454596846e-01
5.296840574803274304e-01 5.532506439714659496e-01 5.595754301812202458e-01
7.645856149402869839e-01 8.311536328416625485e-01 7.585683607712435661e-01
6.554140346186537736e-01 6.420520135132711248e-01 6.539401896489713817e-01
6.732716021205552570e-01 6.679892983147304175e-01 6.133588385851062030e-01
6.665587847753992046e-01 6.786727418901421505e-01 6.985782996431121328e-01
6.589168299240203419e-01 6.178582126818881193e-01 6.211993566430937808e-01
6.924764451027257683e-01 7.280991723720503517e-01 7.148295082222961838e-01
4.599766960778725045e-01 3.986612718737609362e-01 4.720796910353022846e-01
4.592838468972339494e-01 4.063818763947313895e-01 4.735691100878635096e-01
6.432921327625515939e-01 6.347535144089410108e-01 6.578598619430051642e-01
5.651982496995656691e-01 5.314389549528543144e-01 5.321589470133379907e-01
5.210278601245954544e-01 5.269496974463110384e-01 5.242675763270838729e-01
6.775946722633194863e-01 6.635905844854939062e-01 7.383795979996466974e-01
5.729546038316004619e-01 5.451121008600315898e-01 5.731517934556075167e-01
7.120441411452583802e-01 6.722663934498983584e-01 7.151445647482989054e-01
5.765853240454514861e-01 6.124071659221134167e-01 5.930821855536777543e-01
7.573433561117786095e-01 7.775125174633095160e-01 7.111619572864523731e-01
3.829007798205639190e-01 4.277565527521028366e-01 4.039701339324096030e-01
5.427218343016638746e-01 5.083041147431769380e-01 5.199342374211279871e-01
7.370743400431007952e-01 7.148793521729943645e-01 7.052229691630198527e-01
4.210847299649468911e-01 4.075286554361710056e-01 4.388018318950929197e-01
7.426167910143480766e-01 6.060286902457583391e-01 6.755172758253528142e-01
5.781727194538671677e-01 5.208877878420982155e-01 5.984322959524239760e-01
5.587335257037767677e-01 5.261168991892805069e-01 5.616109612926463157e-01
6.670519266845510442e-01 6.602423946361394291e-01 6.965435026719348777e-01
4.435080396335496777e-01 4.023802271474701264e-01 4.140570425089703521e-01
6.535997154806563181e-01 6.592755063416515515e-01 7.049757467787181042e-01
6.709924760618690698e-01 6.548673177678219215e-01 6.690750570082025783e-01
4.262774450369214430e-01 4.972127017332139687e-01 5.185583805358723319e-01
6.727813748072444255e-01 7.126378842400020730e-01 6.237226267917533873e-01
3.783467209385087959e-01 3.551550757077575615e-01 3.595634046418829666e-01
7.635705725768617835e-01 7.107393531415487908e-01 7.184378686861325747e-01
5.352768270573908804e-01 4.911940974423527062e-01 5.497358845469167976e-01
4.642439326220079154e-01 4.231823708602947542e-01 4.582068038690519929e-01
3.623213856821949075e-01 3.821039300037872843e-01 3.927971424292757696e-01
6.949099420276105832e-01 7.984680279032244643e-01 7.592866324144813550e-01
4.419217928988440347e-01 4.467104454018069326e-01 4.355704652231778828e-01
6.899824510611295425e-01 5.600640012677369217e-01 5.905239828736744689e-01
4.808748652288574177e-01 5.545557834602068414e-01 5.709535345338199175e-01
6.954605971942415810e-01 6.658343559250600174e-01 7.330529445223369356e-01
1.933403658218180998e-01 1.661778498931795744e-01 2.427353574032467820e-01
5.646598945348128007e-01 5.248122708521442137e-01 5.419571271194958406e-01
5.288539641089808896e-01 5.539794260740819043e-01 5.228342284152340813e-01
5.982870555729832285e-01 6.191776846900927112e-01 6.103672403905797683e-01
7.582314358977083613e-01 7.304905145307314385e-01 7.194041591535567104e-01
7.146950682482378081e-01 7.398969072856530493e-01 6.972095540466821673e-01
6.698974793491596635e-01 6.880288122662151507e-01 6.152353815681482763e-01
6.991052926430888492e-01 6.656584384806352173e-01 6.634368804257276819e-01
6.203690726458771509e-01 5.704699763677102409e-01 5.344537023310699242e-01
5.469120580661057662e-01 5.800122190935594890e-01 6.028354213487340241e-01
5.459875822756075081e-01 4.970255702726796843e-01 5.364785646242522521e-01
6.640525065636763147e-01 6.499288393835342958e-01 6.364505173399326310e-01
6.052933237184672244e-01 5.566572284657782532e-01 5.516771705668974679e-01
6.163423511278864897e-01 6.504590453375238557e-01 6.234755447415181173e-01
5.642863062435365951e-01 5.792978647650897095e-01 5.502919919587039299e-01
7.138204584871112868e-01 6.952478791886571585e-01 6.925445546176691725e-01
7.123726358402818759e-01 7.627913385326223761e-01 7.642132095882979703e-01
4.489570237263370567e-01 5.119541258169200137e-01 4.997550564495111813e-01
5.163100426546303190e-01 5.192452530652120757e-01 5.795403465564248346e-01
6.386089257458646973e-01 6.146079712710529330e-01 6.208158213668154568e-01
6.557230608024418039e-01 6.818547893698715390e-01 6.361765316682714833e-01
4.914034589176163315e-01 5.195412896393032387e-01 6.217816053530830223e-01
6.540950533550650148e-01 6.241579494672224726e-01 5.458423713443589786e-01
6.518546097811558360e-01 6.986569571799561285e-01 7.309664346386191003e-01
8.455468345519524531e-01 8.287742606635138953e-01 7.874638860518370365e-01
6.104340161264157905e-01 6.355421169512325275e-01 6.544879198115589602e-01
4.278289787586083692e-01 4.152971009891607279e-01 4.418004425695116755e-01
4.293089679011877213e-01 4.249777233696135359e-01 4.933818774192210155e-01
6.359235050954068491e-01 6.596421895162868365e-01 6.498889442265737282e-01
5.921500723753542195e-01 4.693476314977169661e-01 4.959780278267063025e-01
5.656012779694701287e-01 5.329994713875350065e-01 5.806260487522484359e-01
5.254016234738982938e-01 5.100241587436271651e-01 5.720400501440267016e-01
7.003381228145009185e-01 7.253398262786844297e-01 7.376837053174567504e-01
7.575657906376815909e-01 7.448197020781330835e-01 7.501278041371831629e-01
3.808689374309351394e-01 3.532568440529246234e-01 3.211901419940785263e-01
6.161090686924591830e-01 5.506956716961535214e-01 6.209578056793982892e-01
6.920623736854125685e-01 7.251442705678791123e-01 6.408132443004626033e-01
6.569975084713344238e-01 6.856499963219584437e-01 6.498743806341937823e-01
8.367973502041422540e-01 9.189384862617049343e-01 8.035871803867875585e-01
6.698848077383158239e-01 6.140290971364864570e-01 6.810251431509328768e-01
6.562083704723147282e-01 6.755683882116193528e-01 6.285292750746376278e-01
5.884903666996772476e-01 5.359886871332653069e-01 6.000823805711865688e-01
5.328614420597833634e-01 5.956090536241218647e-01 6.125836489994732625e-01
5.899722044347018857e-01 5.606962300869161586e-01 5.712103383362154840e-01
6.138177747891520042e-01 5.528220361976328157e-01 6.085042219470744307e-01
5.910979709778463320e-01 5.372160064383763034e-01 6.134754108358241309e-01
6.014175003055425295e-01 4.991788535124611070e-01 6.126441033655214419e-01
7.070288305510099569e-01 6.778414858920599473e-01 6.502337746185600231e-01
5.803393612771595711e-01 5.328496632597018445e-01 5.736523911297780609e-01
5.117352413571395475e-01 4.439877453253517348e-01 3.847707751973069024e-01
3.657499848704811596e-01 3.469754396998407375e-01 3.610857612716505960e-01
6.636012539148080647e-01 6.189432245177497460e-01 6.196286294183037668e-01
6.397017166217005002e-01 6.251939449687526906e-01 6.409945579534920279e-01
7.023896103572903060e-01 7.494312574914588909e-01 6.915885745325526246e-01
7.271119222301771767e-01 6.782922186466412429e-01 6.458205256404839778e-01
5.382569298344684894e-01 5.531975521831364873e-01 5.903988219183605723e-01
3.282909373131076003e-01 3.557851994606743840e-01 2.669422758412876018e-01
7.121569638773299626e-01 6.248263783577380215e-01 6.946718607239710241e-01
5.254100670052913591e-01 4.821028521142757817e-01 5.145852834988171587e-01
6.081961865180834925e-01 5.925045734371094941e-01 6.236388870905095194e-01
4.537782576990769812e-01 4.865307749921250480e-01 4.419550387233202593e-01
5.103627445268762441e-01 5.584867842678420402e-01 5.160524785667442993e-01
6.680837267965830106e-01 6.962396513467690173e-01 6.203011951828767412e-01
6.536215143815022888e-01 6.994079579775429600e-01 7.017624306966152581e-01
6.118676875849181629e-01 6.198291537925596506e-01 6.263615522957605153e-01
4.603026679289755063e-01 4.331211779526127348e-01 4.686856756727118545e-01
5.997466861224998169e-01 5.203101053963348210e-01 5.541804289008006590e-01
3.654821611087498701e-01 4.200012126094918030e-01 3.614044820618717013e-01
7.882372714011055548e-01 8.135875179626559373e-01 8.376785607554795288e-01
7.694558408922403947e-01 7.543086534708227653e-01 8.082751456069409146e-01
5.488829744548603395e-01 5.280477936958629659e-01 5.039820157785973587e-01
5.246161410820846527e-01 4.491987870139030337e-01 5.789539254940863078e-01
7.094043703958744507e-01 7.224511159881481515e-01 7.397840553821114495e-01
5.948666528668289377e-01 7.128157392984567631e-01 6.632789506750712549e-01
6.257285754415847778e-01 6.853436210914619631e-01 6.497587099112167586e-01
7.105237211998449709e-01 6.660529200013416418e-01 7.053174294498919528e-01
6.735578870353686742e-01 7.094107392993109773e-01 7.576792651683641466e-01
2.593209684342854815e-01 3.080586644373281002e-01 2.587240527249097255e-01
4.112906308218396978e-01 4.847128619554015305e-01 4.134080256163505940e-01
7.916401296248085639e-01 8.214175951674533849e-01 7.836895558512940729e-01
4.978553518370596453e-01 5.054779570897112162e-01 5.031981739221175198e-01
6.056726407642022414e-01 5.879753003704405456e-01 5.712498435330733981e-01
6.787540862814854803e-01 7.512587874651373010e-01 6.659294391141030722e-01
3.790931626720180359e-01 3.587185290378720470e-01 3.995426826924080022e-01
5.834804800648736300e-01 5.613940008778596225e-01 5.819733396541892922e-01
6.409435982152443811e-01 5.896021322492445149e-01 5.545447140520263218e-01
6.525514105127528941e-01 6.422671941748158142e-01 6.474705542362115818e-01
3.367503610078959042e-01 3.566599653973596684e-01 3.634900444786050566e-01
5.459483193628509312e-01 6.428353019969591520e-01 5.937341238127257226e-01
4.600479676339152002e-01 4.677776381264785455e-01 4.281818514649495255e-01
4.919320685482287403e-01 4.581690681654772002e-01 4.930912764010756399e-01
5.361351643360899866e-01 5.921732714585566937e-01 5.255171392443410694e-01
6.479050114476820887e-01 5.653900309331512108e-01 6.204018328094287327e-01
4.820516472890214454e-01 4.636562655674486555e-01 4.587330554680463246e-01
5.385061852021699735e-01 6.079737895665164871e-01 6.187931366254902921e-01
5.364294013915632542e-01 4.938172340099226121e-01 4.844048964136069557e-01
5.227954710978783837e-01 5.674108747371958694e-01 5.850582013723610864e-01
6.005239777275966917e-01 5.495732679502510765e-01 5.300995116742488467e-01
3.212335769394601415e-01 3.584432874002238534e-01 3.916245780578629376e-01
8.609065601320264882e-01 8.151634701269284689e-01 7.849678559352448737e-01
5.050792097728458163e-01 4.585846293668580098e-01 5.048875895226054844e-01
5.092540507829013130e-01 6.066100654305264239e-01 5.319080827676192502e-01
5.013790613062769630e-01 4.707522642554913817e-01 4.735911164567243592e-01
7.281511033496608221e-01 6.560990728955911067e-01 7.004397689359357360e-01
6.239813978789121585e-01 5.833750332354765700e-01 6.375416010732000149e-01
5.394385172384801308e-01 5.838725086405578413e-01 5.773529035847611013e-01
5.852772325298951639e-01 6.097878291720658650e-01 6.233665025148051875e-01
5.109693859033336283e-01 5.057688989302210336e-01 5.470706490399908084e-01
7.775591455133123997e-01 8.498877476085691107e-01 7.857548621269023759e-01
6.736309198666746711e-01 6.456256404333029497e-01 6.259792151597929344e-01
5.702179543891215951e-01 6.133458374180080774e-01 6.300975278473839314e-01
5.133998765228829919e-01 5.366237916637314198e-01 4.985752522282470567e-01
4.080453382611294311e-01 3.857006897772370935e-01 4.196034938917337920e-01
6.630284282782299421e-01 6.759344333322012677e-01 6.791861184985207300e-01
5.441194540856798545e-01 5.282454128540984284e-01 5.044288284279548895e-01
7.953219064025796037e-01 7.535196017040896033e-01 7.310700097883795490e-01
5.623433435881672882e-01 5.513622625113291376e-01 5.344796397663004184e-01
6.324907482929043034e-01 5.212475260658497866e-01 6.100304623514728464e-01
2.440329293173851555e-01 2.790716874194228425e-01 3.208626062916927202e-01
5.668461671764160048e-01 6.371901235696352250e-01 6.009493690065775828e-01
4.173596906405314111e-01 4.839353546249540727e-01 4.944336643875966719e-01
6.554813585642406126e-01 6.094818536321885416e-01 7.192068758035899956e-01
7.289667344047594533e-01 6.745162998442023605e-01 7.103476561910375686e-01
5.567295043526376830e-01 5.021576967719477702e-01 5.042769907864782519e-01
6.420465001674285910e-01 7.039625866379364272e-01 6.708308660747202001e-01
4.699387696713118179e-01 4.455961361883662430e-01 4.435230437757639033e-01
5.563391144218844397e-01 5.778972606833190362e-01 5.847989440048459997e-01
3.218163041460491702e-01 3.611760712276494978e-01 3.159426633650335159e-01
7.276722719910815318e-01 7.446790640729664679e-01 7.011986842708094470e-01
3.913272546827692433e-01 4.094647491279401197e-01 3.783741356875779949e-01
5.628367108397583918e-01 5.273164573744021366e-01 5.194704242333939570e-01
4.344474113439567575e-01 4.820368236008146234e-01 5.276352944638541542e-01
6.128594507969029603e-01 6.951059453043877401e-01 5.594079477488712593e-01
4.618145476724540566e-01 4.026259970981196368e-01 3.742661972475603283e-01
5.738251880738940436e-01 5.316106886289237998e-01 6.103132647909935704e-01
5.857608426966972592e-01 5.614193828372187056e-01 5.443321551710118555e-01
6.275947688663097157e-01 6.561181747069346759e-01 6.132556862383742313e-01
3.955071436300108823e-01 3.837270599265709681e-01 3.910753273233015803e-01
6.958168764847871834e-01 7.390090312042093545e-01 6.685206744897395081e-01
5.659697428004493158e-01 5.817872821935691219e-01 5.755975250984106673e-01
4.500842335395814353e-01 4.648756825844612695e-01 4.003048960178675064e-01
5.230944120183015356e-01 5.023571885858468811e-01 5.438705157300247617e-01
3.696361617848345493e-01 4.042175479238266367e-01 3.996191214548940329e-01
4.623016444521828028e-01 4.827999428437715346e-01 4.344029882406497123e-01
5.987506879416579775e-01 5.730625987098106888e-01 5.476675658867710128e-01
6.503183330237708448e-01 7.183541145144859419e-01 6.323717727053855819e-01
5.748323276276070537e-01 5.708000296859359057e-01 5.932783380716321053e-01
7.296621574576938052e-01 7.382386426361542409e-01 7.252969417471184510e-01
7.292603393671734935e-01 7.154381110804121091e-01 6.990594618361547496e-01
6.180563166021687538e-01 6.718169387708550211e-01 6.163039345891142551e-01
7.041873722489663256e-01 6.925006540869557137e-01 6.778381006318980884e-01
5.614531893146476049e-01 4.896435951912207485e-01 4.182380572840481148e-01
6.868941341971126491e-01 6.754319967189977847e-01 6.593903818521661409e-01
5.814656704700531531e-01 5.889986094417254403e-01 5.770258100619726216e-01
5.148292762447007620e-01 4.659207629448539056e-01 5.198360082910919999e-01
6.387855199849348242e-01 6.473985664190162748e-01 6.259657761952364119e-01
5.620833580481469083e-01 5.856186582686880859e-01 6.114705931252378823e-01
5.071196898865309999e-01 5.720490125736985565e-01 5.223433830980870329e-01
4.406160537228714924e-01 4.065370765602896452e-01 4.140843683922357243e-01
7.402547247582466072e-01 7.006634314734573321e-01 6.790530095517400833e-01
5.045826465691910512e-01 5.082371274888813906e-01 5.300296715545463888e-01
5.057785218474336597e-01 4.939353650405591267e-01 5.310704859296482283e-01
5.349558061473312920e-01 6.055149482008294060e-01 5.424036621151624438e-01
4.423931914084078265e-01 4.992436053025708920e-01 5.307871154587520124e-01
5.035529931604965093e-01 4.902873890852005312e-01 5.000876388869247569e-01
6.351593774758452771e-01 6.741560821934408088e-01 6.425803234481685111e-01
8.088959377402279438e-01 7.920623716996831876e-01 7.673491559750900137e-01
4.598334779013540929e-01 3.862529877706767922e-01 4.152780343052557832e-01
5.290589448106693959e-01 5.273567415524266222e-01 5.343829583964710972e-01
6.755845838972893702e-01 7.403506886916331187e-01 7.184756862632021290e-01
5.208684074315210744e-01 5.190255541936186212e-01 5.196983147788957202e-01
6.550911071406625430e-01 6.561667629640535182e-01 6.179450887679268645e-01
5.407377541044692260e-01 5.646163570842935853e-01 6.255310249009619072e-01
3.943725900086316738e-01 3.489111279048010550e-01 3.738317159450271765e-01
7.662636438847039155e-01 7.834245866274524017e-01 7.396971001593179995e-01
5.024019959671155444e-01 5.017863039677296078e-01 5.031346927371740385e-01
5.541963302849969297e-01 5.154165850092218282e-01 5.180546370427467906e-01
5.728810568583212470e-01 5.493196083582975175e-01 5.265766089536013661e-01
5.468077749857339631e-01 5.813227388141182228e-01 5.702833713852990538e-01
5.213431028081914054e-01 5.771665962035904540e-01 5.424889317376933029e-01
6.398924724681571696e-01 5.755719265618332026e-01 6.435173879487652293e-01
7.704905672309466658e-01 6.735506189764461915e-01 7.286432741259946111e-01
6.203432427559405493e-01 6.162059606287000335e-01 6.254107717858697901e-01
5.392881278449590532e-01 5.571337357246883837e-01 5.686172241598801413e-01
1.956078235105934426e-01 2.152099894206439545e-01 2.548627439729365673e-01
6.946495167662484205e-01 6.981183615026513856e-01 6.293027218703224346e-01
5.718922769411207696e-01 6.049564385516980058e-01 5.840551707015394500e-01
7.022621595083451407e-01 7.608418037580610971e-01 6.804855868003013564e-01
3.895269806337558482e-01 3.676422730651625614e-01 3.755264727879192299e-01
6.983914612084796136e-01 6.476460683670238749e-01 5.893840312072176069e-01
4.439444376747656018e-01 5.238728929875640095e-01 5.043183945430047554e-01
4.618146077448785913e-01 3.921388403828444114e-01 4.011755437234090782e-01
5.228285653442245051e-01 5.785609491805833171e-01 5.659290188470949001e-01
6.042269746763982985e-01 5.225029136511759598e-01 5.850624527471910419e-01
5.433630097530226521e-01 5.005393255897921945e-01 5.807075224813053049e-01
4.186710480355063102e-01 3.315399113022806654e-01 3.641274695741522627e-01
7.134110782098523895e-01 7.135427693513438641e-01 7.461410308138237690e-01
5.785218999079891899e-01 6.748261946787506016e-01 5.999876705124361775e-01
6.973379471100427107e-01 7.294585638487104395e-01 7.401309007092053971e-01
5.289723144599004501e-01 5.941472674134765652e-01 5.645304410377798288e-01
4.620216725414199033e-01 4.034833596673016998e-01 4.200316235780899299e-01
7.661986358847819867e-01 7.553754231948102138e-01 7.502003214791141961e-01
5.925434702996009717e-01 5.414604388283935643e-01 5.775787950591020348e-01
6.775518121456800547e-01 6.783353900049009511e-01 7.241053316715642119e-01
4.479995557618299817e-01 4.192698984936205076e-01 4.202935384915533756e-01
7.599157424143043738e-01 6.878760558558693061e-01 6.548611628031676402e-01
7.050848017815065649e-01 7.236359012616199182e-01 7.183142941080817856e-01
4.550983192216958573e-01 5.376164639513462129e-01 5.309258079193799329e-01
4.531847352446134458e-01 4.422874364513154632e-01 5.186973323538869307e-01
7.132579117442388039e-01 7.697409380588626782e-01 7.852013913822477598e-01
5.347460348834109922e-01 5.737900845005728945e-01 5.285108426841929052e-01
4.643769317193895407e-01 4.894464736984996400e-01 5.774020708153246861e-01
6.428230653866726652e-01 6.665935275769535595e-01 6.343734984617750428e-01
6.371379687811858927e-01 5.879085264229406693e-01 6.753444083837688572e-01
6.457716544595755170e-01 6.202566452177363798e-01 5.845719173215847553e-01
5.696054917198480894e-01 5.917120449743948907e-01 5.508985435154244437e-01
6.019401638061706583e-01 6.105292837188411870e-01 5.806666767549634178e-01
6.905139077759263611e-01 6.987842129666590463e-01 6.936969600547818748e-01
4.634175608200591379e-01 4.074140366779854250e-01 3.572197138637130953e-01
8.117017068263204793e-01 8.201588490717874880e-01 6.658107541048484679e-01
5.579931237482743667e-01 4.959960555926444248e-01 5.044682116921219706e-01
7.189639846569031434e-01 6.729161141286266190e-01 6.365773158888067274e-01
4.467092824384224503e-01 4.435114126211937013e-01 4.449403430267543924e-01
5.173866664432115181e-01 5.411556852154379982e-01 4.946351064646039020e-01
7.127175722087015775e-01 7.267762568392968081e-01 6.843562075706599579e-01
5.016900227904205201e-01 5.492466599910779124e-01 4.859752499496207134e-01
6.286925477481681845e-01 6.090254972048567694e-01 6.649912473791321776e-01
5.798451868316477631e-01 6.196477158780220318e-01 6.363320641908298825e-01
4.793582246273917491e-01 4.538424422777541101e-01 5.206252212311309746e-01
4.080247103645687767e-01 3.622650622006207133e-01 4.347770976907379681e-01
3.734992567239626693e-01 3.661051969911671700e-01 4.183638586412037341e-01
4.565320025043793639e-01 5.000851626852750309e-01 5.353682944329907212e-01
5.287260547263096244e-01 5.816662195971495919e-01 5.755173663036161624e-01
5.954537514834945533e-01 5.920278655299252568e-01 6.320916177625954813e-01
8.089694393065698375e-01 9.049248615303496779e-01 8.279909368263719260e-01
6.456437350678606579e-01 6.070244842088968751e-01 6.956434304698095872e-01
5.713287517983216546e-01 5.698542111737002758e-01 5.580363544426574229e-01
3.253451426856485695e-01 3.185193527923877999e-01 3.274512134903048155e-01
4.023363748096625558e-01 3.926397075074378185e-01 4.853915530036427839e-01
6.903931646638217234e-01 7.648817446531853692e-01 7.047624929777749347e-01
7.829772340888540016e-01 7.897888018041878677e-01 7.482765192185975023e-01
4.508674881189255190e-01 4.524351537524274880e-01 4.393052083857478252e-01
5.612721538109115560e-01 5.422656330054986817e-01 6.043462854413119700e-01
6.184680697251079273e-01 6.640086349197581450e-01 6.006907389808784359e-01
5.933782460267367220e-01 5.835552100607005466e-01 5.962448606087800140e-01
8.167098327105821731e-01 8.019876548907093339e-01 8.544263065911292809e-01
5.461601481922621071e-01 5.379885097134580185e-01 5.586797829552724304e-01
5.692812632698126540e-01 5.596166261287791599e-01 5.950420422389630648e-01
2.294162632073612207e-01 2.735354480808767641e-01 2.954348090519288150e-01
6.412220205056007316e-01 6.372844956355570023e-01 6.874113610730571144e-01
4.258304622649319304e-01 4.489660656342804868e-01 5.287664082428249479e-01
7.089445996575752806e-01 7.898992048412540878e-01 8.102555399060858976e-01
6.746488560060055484e-01 6.127515627188214742e-01 6.348281011669136831e-01
4.725128610931481621e-01 4.525275360308724237e-01 4.836671487496339572e-01
7.367740540425320450e-01 7.770717919694674070e-01 7.962288179964969181e-01
6.250639909394940519e-01 6.569479227617499584e-01 6.058055015854014735e-01
5.937891145394510461e-01 6.377466715149551213e-01 6.094756372500417241e-01
6.000819139933361024e-01 5.239836820447481003e-01 6.500461937320156647e-01
6.162430248881969330e-01 6.542471231098446749e-01 5.803993598394416864e-01
8.882711239169863715e-01 9.245122679499758744e-01 9.464685705789882553e-01
6.396803284387543309e-01 6.993199418856989036e-01 7.071065570413497259e-01
7.666621923619300061e-01 6.976222324348481107e-01 7.659976516804619662e-01
5.898376282527389991e-01 5.732708893320918042e-01 6.351806211145895054e-01
5.264609022688376827e-01 5.569710361096453788e-01 5.644583947267191038e-01
5.107489640108247020e-01 5.537702805088503544e-01 5.489304621212314217e-01
5.477098018354071840e-01 5.635243992899765519e-01 5.628094989207642618e-01
8.999769959755465898e-01 9.435175320672647414e-01 9.366969291682500920e-01
5.642015852022398414e-01 5.549529881894759153e-01 5.120532376850007727e-01
5.754999554295864295e-01 5.794363692027787449e-01 5.492279969482364299e-01
5.772717054717934060e-01 5.644208338417726623e-01 5.545832340816515549e-01
5.987169041715990625e-01 5.462686150333840862e-01 5.394669901387618705e-01
6.021432775405782811e-01 6.417384881125256513e-01 6.270855226075363609e-01
5.343699511654195211e-01 4.898992010494894744e-01 5.304743685990636060e-01
5.605463655405523715e-01 5.182656869227668661e-01 5.055637715937887355e-01
6.027689196338693600e-01 6.355266314872816125e-01 6.361543808233713904e-01
7.246722836832951709e-01 7.272725418917851403e-01 6.670406412474984004e-01
6.594765799171298237e-01 6.607731242391375881e-01 6.114487523474833042e-01
6.906869749710414785e-01 6.740832298778011156e-01 6.548028438011402885e-01
4.798924233836545650e-01 5.374708958591271069e-01 5.045779693224716755e-01
6.574148304963371992e-01 6.412876562051813556e-01 5.448296419648022137e-01
6.411284938333975392e-01 7.050553923081230856e-01 7.191087388723930163e-01
5.426527211972257403e-01 5.233211059719619085e-01 4.629845816178584927e-01
5.693974788800798548e-01 5.556169962115320438e-01 6.344165225101037198e-01
7.156631215676823032e-01 7.843827511831343857e-01 7.561861220709542586e-01
7.736144048433443166e-01 7.706810981119102122e-01 7.144262553515013936e-01
7.529435782688755907e-01 7.707509331821843501e-01 7.740882538805494706e-01
4.784460316325465090e-01 4.599721138684557120e-01 5.397941294925912015e-01
5.412141697567955934e-01 4.930032465674408226e-01 5.900780791825630534e-01
7.478020770928497374e-01 7.652007827246242178e-01 7.083833655686024855e-01
4.852098268648296076e-01 4.119225305728315134e-01 5.042250963594909763e-01
6.269205291387982548e-01 6.565098502227824095e-01 6.702674451154527757e-01
6.080436495414539566e-01 6.641954394248980043e-01 6.554912511684248821e-01
3.729872745789654109e-01 3.206132050557678470e-01 3.404868739201714067e-01
5.909878518649848145e-01 6.466310899152686309e-01 6.228953869866854509e-01
4.049439662200633450e-01 3.810364662854293094e-01 3.214488450481983728e-01
6.832121866520655118e-01 6.392110129617704084e-01 6.522423343664249806e-01
5.328283602438556033e-01 5.596945670117271510e-01 5.834427851491792438e-01
5.404113775363095229e-01 4.818730200960352761e-01 5.243539068006557446e-01
6.289476614961766465e-01 6.322270889663299531e-01 5.661539800921558951e-01
6.156224431269738950e-01 6.196869635737866089e-01 5.552272078049236281e-01
5.344177112749193270e-01 5.715003856282361294e-01 5.774497121053135951e-01
7.307265255617468869e-01 7.231036624081813580e-01 6.937182754760418124e-01
5.255155903112972426e-01 5.628146334541586082e-01 5.617352566260094271e-01
5.619699134465261370e-01 5.953445152917091754e-01 5.603470000327825939e-01
5.629482496787825418e-01 6.023552103450618977e-01 6.162709062041985542e-01
6.025980263673258452e-01 6.552950489191337047e-01 6.116131740370306380e-01
5.978894206264669942e-01 5.730483620355224517e-01 6.195223490974968161e-01
5.690174315770749613e-01 5.135386827757493222e-01 4.676218662934589765e-01
5.571382093654074774e-01 5.330496101438578771e-01 5.927666747338729003e-01
7.785047229815121872e-01 8.428619540532148458e-01 8.214358073460354959e-01
6.747165861780397567e-01 5.537484591425554381e-01 6.347218709068396247e-01
5.296868830199298328e-01 6.145155054500139880e-01 5.699511125073219997e-01
4.093085608185593749e-01 4.447385629730120638e-01 4.413907489730642952e-01
6.187645310283670375e-01 5.990204955696731837e-01 5.752613509204546061e-01
4.459314228282623138e-01 4.512011737675940548e-01 4.215102747455416465e-01
5.718263739982937244e-01 6.065097150284517458e-01 6.033487149398413241e-01
7.290786218675382457e-01 7.065756185412173096e-01 6.537218065396328548e-01
3.590457101432945608e-01 4.337492767753364231e-01 3.771938421187335244e-01
6.596389613918589578e-01 6.180004565720843557e-01 6.750919887165612865e-01
4.196639960855697571e-01 4.414438296285800312e-01 4.293854150013992066e-01
5.912692513401612837e-01 5.768665848472195323e-01 5.436085541856831016e-01
4.876721573695205758e-01 4.244588002075314059e-01 4.935890507211370126e-01
4.951574902244034737e-01 5.155486975587841858e-01 5.308981593527082321e-01
5.499209973897734027e-01 5.740452485740553668e-01 5.037980712304883646e-01
5.378451640149559676e-01 4.974973555042260798e-01 4.886393887698217142e-01
5.814805795331576821e-01 5.805327076694126731e-01 5.064964721754986465e-01
6.632473398236506945e-01 6.299736065989069989e-01 6.112118893330371616e-01
7.351101503128568693e-01 6.803924914658099343e-01 7.166590022179577524e-01
5.640463620611558815e-01 4.923191592671781192e-01 5.040328473834434497e-01
6.534410575888430772e-01 6.345724867909375844e-01 5.908610914928187352e-01
4.665491556889063696e-01 5.469916659610357668e-01 5.636696368805047541e-01
6.172551856401767845e-01 5.945885461669212502e-01 6.075829872741267401e-01
4.488555595432195400e-01 4.562499044060972508e-01 4.664014271474684059e-01
5.480945607616485304e-01 5.593983769058330502e-01 5.310939774498151245e-01
6.686457282906608235e-01 6.528847654582025095e-01 6.226622828376897623e-01
4.897874052423227265e-01 4.201123903042688901e-01 4.278263664141443434e-01
5.629462141773846628e-01 5.731001706972889131e-01 5.689258321817739494e-01
4.238430108935795082e-01 3.790104661701230171e-01 4.203272280060596500e-01
5.209296826708517125e-01 3.975194000969260455e-01 4.920604388233648652e-01
7.842840883414365916e-01 7.524749395584832135e-01 7.665716526370309758e-01
5.335546889647114766e-01 5.063665052447315906e-01 5.664848949164696945e-01
6.046220745989590029e-01 6.208733594274609136e-01 5.812229128823562796e-01
5.983773894064773335e-01 5.990426383558064005e-01 5.528239757584207936e-01
4.021064781421325174e-01 3.957830946251550963e-01 4.018897107039582361e-01
4.885265053946865610e-01 5.942512956709655736e-01 5.577577716036548061e-01
5.933930246905354533e-01 5.466107765045270517e-01 5.471048227101498185e-01
7.363122681960115878e-01 7.470862546104179991e-01 7.915715704045760415e-01
6.493482474246921043e-01 6.175324286298334853e-01 6.167048491297217883e-01
6.495828182880848400e-01 7.672620057110201008e-01 7.409689893916440173e-01
5.120920263600061695e-01 5.704593630664972492e-01 5.885532883273931759e-01
6.447127443905659172e-01 6.998113693381905476e-01 6.969790098778714249e-01
6.854181277818455209e-01 6.476776178254611827e-01 5.825820692334601203e-01
5.914458826148158987e-01 5.920234688587757699e-01 5.411864747841015344e-01
5.702919142057333302e-01 4.639247437498735804e-01 5.223954092894530499e-01
6.124357716924209161e-01 6.004931086932655537e-01 6.256670590031926382e-01
5.495488547160944925e-01 6.441499937045148672e-01 5.084424421628046531e-01
5.306078532626608002e-01 5.226338877167577834e-01 5.619961300097258139e-01
4.621867714537215566e-01 4.765627203393147382e-01 4.294339947434190341e-01
5.342355828967449982e-01 6.070011644199234668e-01 5.787351842655090728e-01
7.522546769694528068e-01 6.903354818074812771e-01 7.413287846947865800e-01
7.178282646748952445e-01 7.052344397600232018e-01 6.376817829366271395e-01
6.019808038034263342e-01 6.292234900749066329e-01 5.357417610800531138e-01
6.057507526799424946e-01 5.662131358568642803e-01 5.571962188809255201e-01
6.999152072844395667e-01 6.436964308708161830e-01 6.943775041019391026e-01
5.573574327811027240e-01 5.458552365238225068e-01 5.344004865201351651e-01
3.433154563906822276e-01 2.765884143323093514e-01 3.052787021373277176e-01
7.692145083352097679e-01 7.497644242012060367e-01 7.202947475861071203e-01
5.614343556456251605e-01 5.274063417951473376e-01 4.480854400171549456e-01
6.681184647558897627e-01 7.320482917830072322e-01 7.084952024415253069e-01
4.001595985170696701e-01 4.608617060693197542e-01 3.974736574062781580e-01
5.882083779812037339e-01 5.712230712467109006e-01 5.320632485225026409e-01
3.391207344087785458e-01 3.494711945234170725e-01 3.338978691969270995e-01
4.719197356963185097e-01 4.531042213869671542e-01 4.744197304565120898e-01
6.125426695445445047e-01 5.586340564988848678e-01 5.431483115548010332e-01
7.705584553061168851e-01 7.515188794547986717e-01 7.692928122991251616e-01
5.756812527759459508e-01 5.586083195674680368e-01 6.064395970591683893e-01
7.092718381476161849e-01 7.111326940999129764e-01 6.911232452125087855e-01
6.520125043240745377e-01 5.976928050969817496e-01 5.574175360019938408e-01
5.236415595686216840e-01 4.858190806984751808e-01 4.918140069222214361e-01
4.505536680014892714e-01 4.523947765964503320e-01 5.079969578682745901e-01
5.638832911732050146e-01 5.586735122832183764e-01 5.855493747414886041e-01
4.153106752655225664e-01 4.153192299283647859e-01 4.301784697893212828e-01
7.629068784418475691e-01 7.070801952747467478e-01 7.456430614832408876e-01
7.054454430163310530e-01 6.977609305891075975e-01 6.443672289353639115e-01
7.056964211653328212e-01 6.994003538932108688e-01 6.194601173356639734e-01
7.094514113213774564e-01 7.676752285391987840e-01 7.921731568936196677e-01
5.412227319287082894e-01 5.765211518361387233e-01 5.757096707403793756e-01
4.385300045576384087e-01 3.759684036888568670e-01 4.621410968737564295e-01
4.769040270903618373e-01 4.746169306961673939e-01 4.385895477222546135e-01
4.972647293539401714e-01 4.855658149472646401e-01 4.657296757022106881e-01
6.575566841750571934e-01 6.584086095949104323e-01 6.895773795524543504e-01
4.048999081337275041e-01 4.642978558277718881e-01 3.627640257828996795e-01
5.682557572970297066e-01 5.175809940902651451e-01 5.225357678022705121e-01
6.298625127315991001e-01 6.511408480280638233e-01 6.496136829440146698e-01
4.308354875620186153e-01 4.366838490841377651e-01 3.904204742880026391e-01
6.342237909570621612e-01 6.360013871627098192e-01 6.530714583677206253e-01
8.102916936031487882e-01 7.605294143688180464e-01 7.721538547469122271e-01
6.169011881485972904e-01 5.768794883511342286e-01 6.042644741986877843e-01
6.178506622506958479e-01 5.813038329275435068e-01 5.325991357588349961e-01
5.824338326361362395e-01 6.058801807005868012e-01 5.667575087766182351e-01
6.011845234207341404e-01 5.430993060301002595e-01 5.877964572492913042e-01
5.900086027909534625e-01 6.582144181937792382e-01 6.357107702088207191e-01
5.425579923541880012e-01 4.959587473718445327e-01 4.510426826860737259e-01
5.683898868411286776e-01 6.395471632296365616e-01 5.619841720205941416e-01
4.722388646362469244e-01 4.150658126106258061e-01 4.550138343230534232e-01
7.055086394070257949e-01 6.589063816638347504e-01 7.071692805153608763e-01
6.446130925521041943e-01 7.314686317475934674e-01 6.407328666564489072e-01
6.453324379552490830e-01 6.865739174335190320e-01 6.586825841302585971e-01
6.138203103766762814e-01 5.458486861373728072e-01 5.391849465260643015e-01
7.563177558619929020e-01 6.621680205825342114e-01 7.509437816795483389e-01
5.726010815472565296e-01 6.216720707551344205e-01 6.051472422986202693e-01
6.937152047686921952e-01 6.569761866180084953e-01 7.395231901518145579e-01
6.969962968017038296e-01 7.593632251928965626e-01 6.665242681862295626e-01
4.636288194262657703e-01 4.998201490704061722e-01 4.834686885610003371e-01
6.052353356814592633e-01 5.354202243097477831e-01 5.560099592888388953e-01
6.412435441535935254e-01 5.765389916142782400e-01 6.462344267784301266e-01
4.935396549577303893e-01 4.366664408594457814e-01 4.843968256059738575e-01
4.056242222370504136e-01 3.574699788737527584e-01 3.957757185204253125e-01
7.526619155486660162e-01 6.655758098047209748e-01 7.407594404032746827e-01
6.656452236851759796e-01 6.492936048307325070e-01 6.148904760874943642e-01
5.877702510104830802e-01 6.000808379728030939e-01 5.929003362524475351e-01
6.044025482780481795e-01 5.790250400953019794e-01 5.917940106041245096e-01
5.444699647026592926e-01 5.114610535738891572e-01 5.602851616673425461e-01
6.143358477852153277e-01 6.348986369549974862e-01 6.543834656301211750e-01
5.914299690923022768e-01 5.789338749739602052e-01 5.620109841929417094e-01
5.465834927599665383e-01 5.601412126290280513e-01 5.516784606795261947e-01
8.078566259772997915e-01 7.674396368833401594e-01 7.525223534644420731e-01
3.693099691299795428e-01 4.014277748628829467e-01 3.872128059696592906e-01
7.122098305904613902e-01 6.751349920284519524e-01 7.093531076638666111e-01
6.612154582270084457e-01 7.305913007598967557e-01 5.942635430075636771e-01
3.955871709750039544e-01 4.360863436339925125e-01 4.220686091799439876e-01
6.726894090647443925e-01 6.363818324068878374e-01 6.691403637337806076e-01
6.877309599414415109e-01 6.874493377078569889e-01 7.402505843673237163e-01
8.597520913611851334e-01 8.624282759285182287e-01 8.221070692007100833e-01
7.502108833758230899e-01 7.603168727711928643e-01 7.656925793151899695e-01
6.121314571654731251e-01 6.083410715133297231e-01 6.010883441510332936e-01
6.560072999109768377e-01 6.786871874182300868e-01 6.690933723397648469e-01
5.525104599439363273e-01 4.732677626250784697e-01 5.042491029443677553e-01
5.685216690216079449e-01 6.407368615359917419e-01 6.427338159455078248e-01
8.046264629292403381e-01 8.000514127677210707e-01 8.265682898779245225e-01
6.513100675935505901e-01 7.241460133886223893e-01 7.303126231243951549e-01
5.786023129458713887e-01 6.458840771875566933e-01 6.090469107868344834e-01
6.997911630121544935e-01 7.075955782155872731e-01 6.623198195424022661e-01
4.675155875749691936e-01 5.009271714104628348e-01 5.462135856694856351e-01
5.874558765801501936e-01 5.556071348858002690e-01 5.157051061940353121e-01
4.819409734294649028e-01 4.910266872095007673e-01 5.000570318410323400e-01
5.489623697187561158e-01 5.553489443191570452e-01 4.818794059986649669e-01
6.049715439252789650e-01 6.226212076524003658e-01 5.866669105450708077e-01
5.513995483055478264e-01 5.544073532232749457e-01 5.436853482628802858e-01
6.067206095920528730e-01 6.278680840501782434e-01 6.750146590699240834e-01
6.959174924684045083e-01 7.793202624085937558e-01 7.663113484241683704e-01
5.202118124632982843e-01 4.086857773416149864e-01 5.015076282224032456e-01
5.348071582397380119e-01 5.503700414502743499e-01 5.597969596292614591e-01
5.377019344108916465e-01 5.452985553558579168e-01 4.761417149097931789e-01
4.578468736428493724e-01 4.831785220454637986e-01 4.242194472367936675e-01
7.069438894080362079e-01 6.781497892853176612e-01 7.462430189455654395e-01
6.528209035319260112e-01 5.836180113124216362e-01 6.629612780560937280e-01
5.951422593941041450e-01 6.841157282576879606e-01 6.140218362158134102e-01
5.071388370976025461e-01 5.488456784572529612e-01 5.821782282780766371e-01
5.880474573839916674e-01 5.369737346404325207e-01 5.772346835281204624e-01
4.231957557248000601e-01 3.993912601078328795e-01 3.940021017797726288e-01
5.883809322822998178e-01 6.290826525668907765e-01 6.104250348626264477e-01
5.574196773743396172e-01 5.471817233164231187e-01 5.167787891297364045e-01
5.745449576478204312e-01 6.160354673968855277e-01 6.007967695035993927e-01
8.230788641456068255e-01 7.508965111930300251e-01 7.854521504751821315e-01
6.011353357045835510e-01 5.759780177849083138e-01 6.327094884524298024e-01
5.417875657411207468e-01 6.268742829421468654e-01 5.795170417078177039e-01
7.015206452550236671e-01 6.961157143403180481e-01 7.221379632066341481e-01
7.403457031508903219e-01 7.205395139544567007e-01 7.066922977611311829e-01
4.115735536253234961e-01 4.895886615112604034e-01 4.447608386750886988e-01
7.408665783421783946e-01 7.717412373649190638e-01 7.701319908458472696e-01
7.861693711457243827e-01 7.927817518073949632e-01 7.422913931345671568e-01
7.480506771575200498e-01 6.377818129261892954e-01 6.595687768509685966e-01
7.319116258235424111e-01 6.778150289665711981e-01 7.187969032476005937e-01
5.075792808108138265e-01 6.108742886999151134e-01 5.013486081087171753e-01
5.627929587356217400e-01 5.045391788093548380e-01 5.689837017446229828e-01
3.778028639525489729e-01 3.518767855360619423e-01 3.908584873516818825e-01
6.622459819460344566e-01 6.452234350163276178e-01 6.884801363244062999e-01
6.827825673185583533e-01 6.575989647540398941e-01 6.173199908153798043e-01
6.009954589543270442e-01 5.507250557521897738e-01 5.249381264473382824e-01
6.788790179784222056e-01 6.801425890294915400e-01 6.516870593155852376e-01
3.705907286805292244e-01 4.007431333425678921e-01 3.588423855025709153e-01
6.841312833577585240e-01 7.310505279492309771e-01 7.090861082310216945e-01
6.606118460614160970e-01 6.138584539526269479e-01 5.954894848874369151e-01
4.874045403805113419e-01 4.742594377235038183e-01 5.646780635273067617e-01
6.420855650399553971e-01 6.214383087404025119e-01 5.995571161885271394e-01
6.118728194581742885e-01 5.078993327306258188e-01 5.620540712912879266e-01
6.298830309085140522e-01 6.302581104550751823e-01 6.843409089303298387e-01
5.897033454505776762e-01 5.266976573998766176e-01 6.290645992773361561e-01
4.470059334330500622e-01 4.104937894144886634e-01 3.496159147013048751e-01
6.812067812318430837e-01 7.360014711121378728e-01 7.763666994874069971e-01
6.565419739066045146e-01 6.117081162212122392e-01 6.283041184593713968e-01
4.109309531413410932e-01 3.460114127827613739e-01 3.020134691918908709e-01
6.986289866303414531e-01 6.457695362270887696e-01 7.148674639932760533e-01
7.288271563448781576e-01 7.051540282823776096e-01 7.943454811597884246e-01
6.365749385618696410e-01 6.148880094787084749e-01 6.186282542141879892e-01
6.396358415091771832e-01 6.242310636842037797e-01 6.137572436602463100e-01
7.434629922034948768e-01 7.400039126567079517e-01 7.299482615741768043e-01
4.835294650081938816e-01 5.616426003292089852e-01 5.133511782563174863e-01
6.098740312207363568e-01 5.522890049390346556e-01 6.634350594776713406e-01
5.393421453767318630e-01 4.793183315249475718e-01 6.029381722619050477e-01
6.066780097966956165e-01 6.059819899513529950e-01 6.862347857776716076e-01
7.430921451299671299e-01 7.226183677950361872e-01 7.028250926471640847e-01
4.806852060513059355e-01 4.731633507243953596e-01 4.563638577566374033e-01
6.944085331792434479e-01 6.803709771001993367e-01 6.723923225828952743e-01
7.366757580584057941e-01 6.855678708972190449e-01 7.165868074466144044e-01
5.261783171667772097e-01 5.409802684480012891e-01 5.618072861285232644e-01
6.878339856343028691e-01 7.356262624385591087e-01 7.190624255534401321e-01
4.010194634916260381e-01 4.006944675233142794e-01 4.273271177347271466e-01
5.687217189151335672e-01 6.531014048529196758e-01 5.682726123401212748e-01
6.553296332497836607e-01 6.043409203847640576e-01 6.417827140261223029e-01
7.333326313804053864e-01 7.600978906182245254e-01 8.080776147829286105e-01
5.050221184557065479e-01 5.476157497518667761e-01 4.787268170923051902e-01
6.821241006873111079e-01 6.460135767572493526e-01 5.964035901049983268e-01
5.546476247791336522e-01 4.254130324467071400e-01 4.533568797739645495e-01
5.613077233643275488e-01 6.053575405197874071e-01 5.533091546194373045e-01
5.761784945193856311e-01 5.779024815538155169e-01 6.403150025696978664e-01
3.627380174844382910e-01 4.210247522059759606e-01 4.289520729625461715e-01
6.900345741949470701e-01 7.078396236090266358e-01 6.724226152737808881e-01
4.438801378020478805e-01 5.316847336220885678e-01 4.559813564183480272e-01
6.740184368272077453e-01 6.649497197520144454e-01 5.868503976861015881e-01
6.255418523876714598e-01 5.544193765296253629e-01 5.837497171198681167e-01
4.487126366863913307e-01 4.995956837341661849e-01 3.975327618348692416e-01
4.884689885418075361e-01 5.700315731760737803e-01 5.410529368754763979e-01
5.762483888135681021e-01 5.909934238075276181e-01 6.031305956611227037e-01
5.544015321240645111e-01 6.598930862009919629e-01 6.450514483679627986e-01
5.568913687214813724e-01 5.804089430618458723e-01 5.640892427989757651e-01
6.254200225678946401e-01 5.741997165463128550e-01 5.192458874713673511e-01
4.349113513836851408e-01 4.825348587043081228e-01 4.742078101427437131e-01
3.863578521020532008e-01 3.824984616148064398e-01 3.831009036340485285e-01
4.210017680011399754e-01 4.318064636411965140e-01 4.409847750408243394e-01
7.143969672899058709e-01 6.315783090471674965e-01 7.232822708326047678e-01
6.354082098756745900e-01 6.198399538993258906e-01 6.411838859950736991e-01
5.630602258257042525e-01 5.442252034351295897e-01 5.674304670722956079e-01
5.889728322815036554e-01 5.242825886520757761e-01 6.205588719313379631e-01
5.713956851682786553e-01 6.357425076687195364e-01 6.388817863860468682e-01
6.252403630555937175e-01 6.193488313612767193e-01 6.183170847949337467e-01
4.369574197675196725e-01 4.821930031483373513e-01 4.310005363806442835e-01
7.869199593564299988e-01 7.992039128274512905e-01 8.204998276516105582e-01
5.352827786236337149e-01 4.293612207014263493e-01 4.546285364839590115e-01
6.035647121907176116e-01 5.984573806064006352e-01 6.717555603061861058e-01
4.515238847536894862e-01 5.011738960245359920e-01 5.605819451598513803e-01
6.711229282106525584e-01 6.753736166897658100e-01 6.852957700261496088e-01
5.200970204462420643e-01 5.017687613265960911e-01 5.278360371070870416e-01
6.658052362033293203e-01 7.877319532391197088e-01 6.773234688276572601e-01
5.164096891669952560e-01 5.095062973618876834e-01 5.850404748131754484e-01
5.682210766737115781e-01 4.883227916987846196e-01 5.484986264678408663e-01
5.753112783502931649e-01 6.125827867522982695e-01 5.156917994050780329e-01
7.323377667773206534e-01 6.623809865496520510e-01 6.798459900740529971e-01
5.273190690138951364e-01 4.882979013204936103e-01 6.463080241518635027e-01
5.597800505143546435e-01 6.142158599562937971e-01 6.994117334269437380e-01
6.105452212301363257e-01 5.406881098946887398e-01 5.174456142127578095e-01
4.850707823094129179e-01 4.949352372466285788e-01 5.348669154813008308e-01
6.554062972365346518e-01 7.534832384190705001e-01 7.104738832371718660e-01
5.707079981485502218e-01 5.545329386901778346e-01 4.959123720402258684e-01
5.348455439583760240e-01 6.024559001570074512e-01 5.539236646428841171e-01
4.335493371046699185e-01 4.912650785234370376e-01 4.353162641427643087e-01
4.131425632556305905e-01 3.960461171117862222e-01 4.618595521066682363e-01
6.338318969073954978e-01 6.160044888958976506e-01 6.825686223238470740e-01
5.403114915455884404e-01 5.497929166060585571e-01 5.522078756763408869e-01
6.084700674677545607e-01 6.189008818232752951e-01 6.047550930033189776e-01
6.301170355894909481e-01 5.805962163496415362e-01 5.695113787949011019e-01
5.920383073475052882e-01 5.463440255658564837e-01 5.852075634497834189e-01
7.410020272318098566e-01 7.931199825383429269e-01 7.891429183328227959e-01
6.356378340937640647e-01 6.483872147025524502e-01 6.441699994700077481e-01
7.430741237759965756e-01 7.602748453835846965e-01 7.100955446873165045e-01
4.086927861971681453e-01 3.818604399801481253e-01 4.313187132285118408e-01
6.146099296107085941e-01 6.001321008338618146e-01 6.898945591768659291e-01
7.823795445035194307e-01 7.428734320579634121e-01 7.193278739756182594e-01
6.334665670400018156e-01 6.397834528821978450e-01 6.127761532441589054e-01
5.430438236927130902e-01 5.328575715558319104e-01 5.391240555232615916e-01
4.128160362588917942e-01 3.872603979154740639e-01 4.163736536498652829e-01
6.048223118304063561e-01 5.561547421442889494e-01 5.463198411033558521e-01
2.719783251915279809e-01 3.200977328084173568e-01 3.607244418452229540e-01
4.874628511121651409e-01 5.328037507282405993e-01 5.066162039828921992e-01
7.822044175261133603e-01 7.710773025986190632e-01 7.910367575680002927e-01
5.033913770611690985e-01 5.811513189357244702e-01 5.151800587195067838e-01
6.863724018569389296e-01 6.480480998803074266e-01 6.699889157801249828e-01
6.025864803452237739e-01 6.176791324692999519e-01 5.967794579763141538e-01
5.581450056069163779e-01 5.853297563176309559e-01 6.024418580149629721e-01
6.361997406818796774e-01 6.344709427995165463e-01 6.096565874641353133e-01
8.416938246803364887e-01 8.514986819529504203e-01 7.955746903987550578e-01
4.288542757290721985e-01 4.902589483004970439e-01 5.146070818256280877e-01
5.752999591159995152e-01 5.075194113656538164e-01 5.337111730064164616e-01
5.599657319871643724e-01 5.667144118298766964e-01 5.500311698866325871e-01
4.963650289236988811e-01 5.404670302677313520e-01 4.546433056305317355e-01
4.734573207907443737e-01 4.565861581440504580e-01 4.869583173174704127e-01
5.574352539043482269e-01 5.811390631109124572e-01 6.356836118562465554e-01
5.472763138575575947e-01 5.513905240927891027e-01 5.662269168250739781e-01
5.390952044861696546e-01 5.536293971833982086e-01 5.983316794818405171e-01
4.790859356934765723e-01 4.908861871926923914e-01 5.779141712854525270e-01
6.348652816322674086e-01 6.055682935970068126e-01 6.463356911145142769e-01
6.366746509420542210e-01 5.422922626631891951e-01 5.453489443148187288e-01
5.269696268168261311e-01 5.204169205511856022e-01 4.834562293204441308e-01
5.214388428663757624e-01 5.993987853438494939e-01 5.636176189791028968e-01
5.292597490850091679e-01 5.292308459859343950e-01 5.424336414679677976e-01
5.962454405518959888e-01 5.746667613283992226e-01 5.817481127567776245e-01
5.861041493928110802e-01 5.671959333544357440e-01 6.115317197749511324e-01
6.491474919347883787e-01 5.973103226906054664e-01 5.740089504616313620e-01
7.009300123129358351e-01 6.279987974930952843e-01 6.622612442316221371e-01
7.399816899853312036e-01 7.182804212508012709e-01 7.886134602502619106e-01
6.152676511255499303e-01 6.156400222379042608e-01 6.129743885299507866e-01
6.090758675600518313e-01 5.805680287125934980e-01 5.414547408518664007e-01
4.681267388247518091e-01 4.847566581101701577e-01 4.984728412462718361e-01
7.001418980913007850e-01 6.285267086054132646e-01 6.935210029928035036e-01
7.036150883818991231e-01 6.335176862911763296e-01 7.358247559519478509e-01
6.298556010710605335e-01 6.529654692116303449e-01 6.269208876399025021e-01
6.949239418978336857e-01 7.124741246868940836e-01 6.886279964401362808e-01
5.750260305452277176e-01 5.999955744723615148e-01 5.936094988292697217e-01
7.554372747622372097e-01 7.492158296646830307e-01 7.320458828946708740e-01
5.615897368213126351e-01 5.421631178082254587e-01 5.693750233468350963e-01
6.766436359048386695e-01 6.686779240250125822e-01 7.320422534230439648e-01
6.049388422306197777e-01 5.695646074287338267e-01 5.699417728481992462e-01
7.144596839315595638e-01 6.821379239507285863e-01 6.975460593616197302e-01
6.909244212810963237e-01 6.103289836786793821e-01 6.510837924223955575e-01
7.618747527004807729e-01 7.299766209380845750e-01 7.946118671132791356e-01
5.504593886430113603e-01 5.643419108664429196e-01 4.590023997178519499e-01
6.995793717022894542e-01 7.388096840275655275e-01 7.261675373920861709e-01
6.508631926763163156e-01 6.862701732612350725e-01 6.710692508074564966e-01
7.314470909960296696e-01 7.696693477149005869e-01 7.488007584468021616e-01
6.438427356927411971e-01 6.425190987762222639e-01 6.575753566242891202e-01
1.749117885593022281e-01 2.239703327831702173e-01 2.438191758908375695e-01
6.129772764750112124e-01 6.255172572017322352e-01 5.969688546418281394e-01
5.535058073815244395e-01 5.278319184589480573e-01 5.416691610055356376e-01
5.637404639031113884e-01 5.514987176949369685e-01 5.346882934126684361e-01
6.801797821858313053e-01 7.107982377735966306e-01 6.585552669841374662e-01
6.386887440635489188e-01 5.487299222241659447e-01 6.581009303156251100e-01
7.013942994908427542e-01 7.533502904875086781e-01 7.261307472423995657e-01
6.612184559007582285e-01 6.967221661497516871e-01 6.754434965340544439e-01
5.480950191523262793e-01 5.184910408389276082e-01 4.946588324279225235e-01
6.390136353548151460e-01 6.770022899523634452e-01 6.643571724742268758e-01
7.257713494965761791e-01 6.467059099719099091e-01 6.553309455672696737e-01
6.782034833483335801e-01 6.897882907131380748e-01 7.437174298060593713e-01
6.346614085157745722e-01 6.043688378160545494e-01 6.190973355200494188e-01
5.257563809674189459e-01 5.648267302032572434e-01 5.513194657617505046e-01
5.512079227950209548e-01 4.903482616138116201e-01 4.867785527254582800e-01
5.997211286394285024e-01 5.553167914727000776e-01 5.630763060382402152e-01
6.064852168894719897e-01 5.692969675251140504e-01 5.910215180002670321e-01
4.786805018798186984e-01 3.930822961627456480e-01 4.576016792003850253e-01
8.880968646134183020e-01 8.762752034351872776e-01 7.895161232608129964e-01
7.779418003989756469e-01 7.759644440654714925e-01 8.290532196268877163e-01
6.691473786346004982e-01 5.661997948951742465e-01 6.248910983142750286e-01
7.165599921439430586e-01 7.363639150669508693e-01 6.522859870748818345e-01
4.952422257474043965e-01 5.036783828133916119e-01 4.563960643442576126e-01
3.240243218892542854e-01 3.679619606800989540e-01 3.449377288082344228e-01
5.335227337458479102e-01 5.367631158216272791e-01 5.135284253012717404e-01
6.520056012874582141e-01 6.310986673159235671e-01 5.635498389672500830e-01
4.557449795909028767e-01 4.121179323199072875e-01 4.525511768893901721e-01
4.602736013721496211e-01 5.801854518204081490e-01 5.646587933804622095e-01
5.667542882165070850e-01 5.771523429801450611e-01 6.514056140633172065e-01
5.778613929069496002e-01 6.240681242205193824e-01 6.017188565946780532e-01
5.855000474105646058e-01 5.987839634340036410e-01 6.162418699200050698e-01
5.894051114143252779e-01 6.690052345966118752e-01 6.094958118291529114e-01
6.071820854692793201e-01 5.830453076958829195e-01 5.881689147658120120e-01
5.705234681348789749e-01 5.379522770942576360e-01 5.821773007229038566e-01
5.714946144121169080e-01 5.657264509801310792e-01 5.988604117614789724e-01
4.327345767370311957e-01 4.209716908960888793e-01 4.512696912015813355e-01
5.687546261262947933e-01 5.631562328224851699e-01 5.677722212110464239e-01
5.964756370313646361e-01 5.147740396089339754e-01 5.720377495406163693e-01
6.796746873078171047e-01 6.573616625914210365e-01 6.336525294941549591e-01
6.934437556316848106e-01 5.995206215103444647e-01 5.784615106363578674e-01
5.993363154508553059e-01 6.373986919398996198e-01 6.787022470221989456e-01
5.898073091902128473e-01 5.368242339614985870e-01 6.208512787760500640e-01
6.214160871719692780e-01 6.580165339841399508e-01 6.019250871374349776e-01
7.020115529703294666e-01 6.833429538939226333e-01 7.099418814555550350e-01
6.884813678626224842e-01 6.854811236456570533e-01 6.133348008145431685e-01
6.286882904376021042e-01 5.597591327298997443e-01 6.710220958917505474e-01
6.328315567967295330e-01 5.760705040840121693e-01 5.740199011259186079e-01
3.310798849676424016e-01 2.925411421067825035e-01 3.923276471642805907e-01
4.279774013631962859e-01 4.370835072371616059e-01 4.528300829861498511e-01
3.142835254689134161e-01 3.809157377657286792e-01 3.578690898372193785e-01
6.656218408052314572e-01 7.328234669388740130e-01 6.013353325604456900e-01
6.213093857103497708e-01 6.662281501993978505e-01 6.119384373339388228e-01
7.215587080940198961e-01 7.103816615714774185e-01 7.169504933007313507e-01
5.692329810801805001e-01 5.921824148784753383e-01 5.310820933298779911e-01
5.500348671357602193e-01 5.673885434929433202e-01 6.302910764481099992e-01
7.741370249311363416e-01 7.736455811361461210e-01 7.252930762735775305e-01
4.997783359726410413e-01 4.710670725029179606e-01 4.312061244680333583e-01
4.107498254393553427e-01 4.442757820186538642e-01 4.582676891627509574e-01
6.256150141444598578e-01 5.976382115354434976e-01 6.078891667722148284e-01
6.888132127832332641e-01 7.223810181915757411e-01 7.521561598595404297e-01
6.878749662427935396e-01 5.876879253399315273e-01 5.990356965150572810e-01
6.232373149904504306e-01 5.863032732655012458e-01 6.426522958988881706e-01
6.430781706193139380e-01 6.955746052638857035e-01 6.435541990769846343e-01
5.935057625787865110e-01 5.562187164213752144e-01 5.255500794963392508e-01
5.856104566061477446e-01 5.639822013847348714e-01 5.505557047453938369e-01
7.606518416330739774e-01 7.564613702418683250e-01 7.840359040073745511e-01
6.060446261626145636e-01 6.008432706454156502e-01 5.997774544654006501e-01
9.317812392415376621e-01 8.375958694495139190e-01 8.322184464296875639e-01
6.765388765624192891e-01 6.642642746197499060e-01 6.805153325925720198e-01
7.101896984465227991e-01 6.626737729577272251e-01 6.979781233446067379e-01
4.633263071064583349e-01 4.864550550195289036e-01 4.575307262241998241e-01
5.329446916460741646e-01 5.059715837800918825e-01 4.966294411088039151e-01
8.028730454348393941e-01 7.563870080613904756e-01 7.844542862575810682e-01
6.399218560694792668e-01 6.428512474545244881e-01 6.581260230630966435e-01
5.525599514725133554e-01 5.549786532816032292e-01 5.123396408999706386e-01
7.763358451111530556e-01 7.516552986950023607e-01 7.473669340892759028e-01
5.568524716905717264e-01 5.595827018973970057e-01 5.907564657616343196e-01
4.636416809118587556e-01 4.693144899735414710e-01 4.666089526416531963e-01
4.564230313328851985e-01 4.963031779881514338e-01 5.095262770338016001e-01
2.970913267046328965e-01 3.839430720592055257e-01 3.598048213621955482e-01
6.250906722851120589e-01 6.292464851304232498e-01 6.564856400235631328e-01
6.452983114818520161e-01 5.168993895074514011e-01 5.434794596581716819e-01
6.709560678818554669e-01 6.841230936998589085e-01 6.862210639611121543e-01
6.645667407593893738e-01 6.326147511305526550e-01 6.709755305666951219e-01
6.623042433771905158e-01 6.391593122948470151e-01 6.743864804062528195e-01
5.932962564170984887e-01 5.935797060610763509e-01 6.110204226242842429e-01
4.377015397443613787e-01 4.334554394585418691e-01 4.183240024190795214e-01
7.114828913324972026e-01 6.590458790926669863e-01 7.108782025995198373e-01
5.607900179852455258e-01 6.013256931248860404e-01 6.102419059063660667e-01
5.653600615042355670e-01 5.026671198774351756e-01 4.415055399578007300e-01
5.643287833050145696e-01 5.921431571026066765e-01 5.990096502609600915e-01
5.089863491580386423e-01 5.685473389633867169e-01 5.651644987600688008e-01
6.043355468159915533e-01 6.090408852862131406e-01 6.468134613430195357e-01
6.600598824500893969e-01 6.990754082446338780e-01 7.007431747711669878e-01
6.607656662354952637e-01 6.825184325999267276e-01 6.523988931116222467e-01
6.712002033194943706e-01 7.556731148623910821e-01 7.210223306860361614e-01
7.326173539120063305e-01 7.917575277787500809e-01 7.412277181160531470e-01
5.097366546438720780e-01 4.716467182351689602e-01 4.578664027761717992e-01
4.763722304983076805e-01 4.815820582047730669e-01 5.065039515596122532e-01
6.057696808940234989e-01 6.261108741522054544e-01 6.372417183284235787e-01
6.573262138482491856e-01 6.787609196656447796e-01 6.697264225211879696e-01
7.194305330861753278e-01 6.804890844736698474e-01 6.099481132837978326e-01
3.982811053732162043e-01 3.952143014684060263e-01 3.829513279920860880e-01
4.455684762944080446e-01 4.833768603733972213e-01 5.166153458378449637e-01
6.911072332897716386e-01 7.020846179878276194e-01 7.210678244614330268e-01
4.157691699234590255e-01 4.325384193441748626e-01 4.022635818790271101e-01
3.332359206155198206e-01 4.908811803049684674e-01 3.818826020574183633e-01
5.916747580676755547e-01 6.604427468639425536e-01 6.579178266368901351e-01
6.760070922087287881e-01 5.865494897712557609e-01 6.934069901205580644e-01
9.020455939637435083e-01 8.966336691568456141e-01 9.283676152349795707e-01
5.928064447275962490e-01 6.033987017929168806e-01 5.780383882093550474e-01
5.002433554478387112e-01 5.253231541570757557e-01 5.043104658771022653e-01
4.566215282131634301e-01 4.988294636217319722e-01 5.064664697752873090e-01
5.431971717241440567e-01 5.504448112287900763e-01 5.644168737620429699e-01
4.935531079808814225e-01 5.046922795207066104e-01 5.346155591748391611e-01
9.372566587456162557e-01 9.414229402873273145e-01 8.732069460669745764e-01
5.840927874279284726e-01 6.787447845810289371e-01 6.342931590014493359e-01
3.399101577275173702e-01 4.169411556265196217e-01 4.204593147435469747e-01
6.615117017265719213e-01 6.924759368931980852e-01 7.007854698315972852e-01
5.111940507646359766e-01 4.312083156340808521e-01 4.996806332220920521e-01
4.733139441497736244e-01 5.530123284760337654e-01 4.699082724766043273e-01
6.015859946627558630e-01 6.247819682297480748e-01 6.185790513043243344e-01
6.695937623819325779e-01 6.556691009458992525e-01 7.679530073855714845e-01
8.387512939357230080e-01 7.839021802088022017e-01 7.783753004770042061e-01
6.438311239705737377e-01 6.717980215041748915e-01 6.685449181343620095e-01
7.872168983308170942e-01 7.887768737691558396e-01 6.956852138721547618e-01
4.801518204033359272e-01 4.217267651729845190e-01 4.474419172601458716e-01
5.369788644289004154e-01 5.090153700953996552e-01 4.889032665069890649e-01
4.217363287329835564e-01 3.917510416267063200e-01 3.522303439889027943e-01
5.195305768966079762e-01 5.401571321283324956e-01 5.114458548891835932e-01
6.443377690984652961e-01 5.779480726887257225e-01 5.007787723427513660e-01
5.738316124139846153e-01 5.907175666886029797e-01 5.839644462692269444e-01
7.677539003098049486e-01 7.513339703462111885e-01 6.788265204701776634e-01
5.704676954986807047e-01 5.922518543579808892e-01 5.223033670052500410e-01
6.768432410661007204e-01 6.691963490435984818e-01 6.651500662535487773e-01
6.792597202185354233e-01 6.955922262315306082e-01 6.889613308075039910e-01
4.952338132514993996e-01 4.614547487638136491e-01 4.431913563642845277e-01
4.340870163185743258e-01 4.894223588233700961e-01 4.711643280085093255e-01
8.926643165593002305e-01 9.537193839829514186e-01 9.648983727603061000e-01
8.163192944859078981e-01 7.783434769029166089e-01 7.928568218028567705e-01
6.255244900056595725e-01 6.213587009860688237e-01 6.375836787393184268e-01
5.439533777174937468e-01 4.894053684491594391e-01 5.829730238395509634e-01
5.913295260503983464e-01 6.333577811805319868e-01 6.496910020910369177e-01
6.616891576067149838e-01 6.629766147968803036e-01 7.629607721548719024e-01
5.290405827907789238e-01 5.159037972820482709e-01 6.280771409974232888e-01
4.233592924547818215e-01 3.892453899891562541e-01 4.660709775576050151e-01
4.646129537887355720e-01 4.842529445767491669e-01 5.445188640831168936e-01
5.382729828836950725e-01 5.933379628329495947e-01 6.148886737654594148e-01
3.984790485100908053e-01 4.182179059638256868e-01 3.621998854253065669e-01
5.151273048763512774e-01 5.112342250621003670e-01 5.454458491160096845e-01
7.972148349420791202e-01 7.615866568546095783e-01 7.561972649676881320e-01
6.185600778204064509e-01 6.202938033271501173e-01 5.291400956104969078e-01
5.981050829597519547e-01 6.911821134812387024e-01 6.920529645242510242e-01
6.967225586357701506e-01 6.408492575013305936e-01 5.929681131169501906e-01
5.654589084661929554e-01 5.802087968018189157e-01 5.603821881898464197e-01
6.984921458616477619e-01 6.688952805265285795e-01 6.292445336753514917e-01
6.044928756106650036e-01 5.958206376029692164e-01 6.037325819250493053e-01
8.465730006497053095e-01 8.334367751388803702e-01 7.987887741733290525e-01
6.384587712486275990e-01 6.243317422792815652e-01 6.001710020873426421e-01
6.246907794372156264e-01 6.980644557767485825e-01 6.846047011704261553e-01
5.094079573963362639e-01 5.211230136101098198e-01 5.574625802613832892e-01
7.131065364062944001e-01 7.057499478919490032e-01 7.130960006988551481e-01
6.251293541042349799e-01 5.877100046552165002e-01 6.025277834867601712e-01
6.178117414375258187e-01 6.288486899077859738e-01 5.776196676152237641e-01
7.324178103800740303e-01 7.780033449382564026e-01 7.913698111109828126e-01
5.828703227519925756e-01 5.665181386016342469e-01 5.913938052796959832e-01
7.194892744958444331e-01 7.226252827418282454e-01 7.262452213695127501e-01
5.715179157717935610e-01 4.325776071283257695e-01 5.243110856881959547e-01
7.320461005224712103e-01 7.060067707410387916e-01 6.936017904867163297e-01
6.436088574171066057e-01 6.771058877740168125e-01 6.112942383480656217e-01
7.367759981831368821e-01 6.957602346166052998e-01 6.572847583416668860e-01
4.001917402388826539e-01 4.030771562250391460e-01 3.879177083856473751e-01
3.245404163156642152e-01 4.270643791159402514e-01 3.174983830168446319e-01
4.675753741249162321e-01 4.647513819289972870e-01 4.900076567735122679e-01
5.589546937789876546e-01 5.455436430522584423e-01 5.653204769226795046e-01
8.061213184244993002e-01 7.048229863454014144e-01 6.815368045176475320e-01
7.764622530671273504e-01 9.404971142163137676e-01 8.540130255996964959e-01
4.805739218395720935e-01 5.340866509692140385e-01 5.322381113611938108e-01
5.500666547052582844e-01 5.897586850862618357e-01 6.296943918294081177e-01
6.110036141779543462e-01 5.921074345005955530e-01 6.572075503685681497e-01
3.797199925011471855e-01 3.945891408448207738e-01 3.860616128702982208e-01
5.698705847313619843e-01 6.273013164806494624e-01 5.542216847658938406e-01
6.712023119948357097e-01 6.972936241189782169e-01 7.073415273912940782e-01
5.444410995872903669e-01 5.184363307192100256e-01 6.234689151250925043e-01
8.401379794218994945e-01 8.228408586773146016e-01 7.933752417927002476e-01
5.624552907923060507e-01 5.452890902222840008e-01 6.069515988910781923e-01
6.959523759193235737e-01 7.309645287738768538e-01 7.277991498503455503e-01
6.072456004266317819e-01 5.758667427518010529e-01 5.948616100843753252e-01
6.384541791834932312e-01 5.962177995901782879e-01 6.561775806027313473e-01
4.558336982382913405e-01 4.967700378202719036e-01 4.848901093415818875e-01
4.247851542148372017e-01 4.124622587151308140e-01 3.965538404859239585e-01
8.145480988205706652e-01 7.358116679771944391e-01 7.671618252491877454e-01
5.805514606510339126e-01 5.443764586886619128e-01 5.108845344586435688e-01
5.687633466278475547e-01 6.427592222922984266e-01 5.904719309434002250e-01
4.018378064228910751e-01 3.961335733370380252e-01 4.199772328787359510e-01
5.580618563623727102e-01 5.440201518126273061e-01 5.368451506587269551e-01
4.638531781429947043e-01 3.758743113276901693e-01 4.390382704439586004e-01
6.416692627995317366e-01 6.387239531394791614e-01 6.681844719586270687e-01
7.535696244763515628e-01 7.606782264310885111e-01 7.453540443138280125e-01
5.137246433828508430e-01 6.104273281748516800e-01 5.501117881853139213e-01
8.297482370692350617e-01 8.518290913328264713e-01 7.661793493794460952e-01
3.227778678104311072e-01 3.695198617489108273e-01 3.878726718908369064e-01
7.317162967077078806e-01 7.407617412744407215e-01 6.988109903252753830e-01
7.488817358548910397e-01 8.011738992333478082e-01 8.049361945509140304e-01
5.602123269551088081e-01 5.944893814239210483e-01 5.798803017398984627e-01
9.322310546842104140e-01 9.559166215975701819e-01 8.811385173337785703e-01
4.036055688367560790e-01 4.437831889121889306e-01 4.570823465350604131e-01
4.877960137320319634e-01 5.210053036743209631e-01 5.468870169488376787e-01
7.152290968699713813e-01 6.950350530602388277e-01 6.773761718033867174e-01
6.759380257381577550e-01 6.387620148653978536e-01 6.627161272502501976e-01
6.457022613022846969e-01 6.066108991788259353e-01 6.098440907372555397e-01
7.586292278278347068e-01 7.003666930765368726e-01 7.322367024485895159e-01
6.023904615138492291e-01 6.376623035077585433e-01 6.300634838391699910e-01
4.342147571635558423e-01 4.236600489659214097e-01 4.363832038479144027e-01
8.140349022311040850e-01 8.652813577729178141e-01 8.275998820966232739e-01
6.412952716148037080e-01 6.372342237844578205e-01 6.374061509085604538e-01
7.041946492234129051e-01 6.311019851729863239e-01 6.812710021041171737e-01
5.962306735096405408e-01 5.886115680703465358e-01 5.818413786266659615e-01
3.977771470845029023e-01 4.354864777360516470e-01 4.719281014762469195e-01
5.017646895816786357e-01 5.254541984538141364e-01 5.340448460682960530e-01
5.054455445587299200e-01 4.765008170046364233e-01 5.567477348682143834e-01
6.146608369971487962e-01 5.902867791072247128e-01 5.482082457223003136e-01
4.084187813555040791e-01 4.554730068740713844e-01 4.085392682951280441e-01
8.222083154983308440e-01 7.875277473839172870e-01 8.572899154094644203e-01
4.678559622706489618e-01 4.053979450835298870e-01 4.683479217342172429e-01
5.558384424112122746e-01 5.970238923704215273e-01 6.166756091160371378e-01
4.274547719948897928e-01 4.561585510244606789e-01 4.968621599562174640e-01
5.819370435394755070e-01 5.342879196131258279e-01 5.561539023702148921e-01
