6.963727112117689133e-01 6.871232788940120351e-01 6.659642430898760068e-01
5.778032454628077019e-01 5.105073617043589529e-01 5.766267878466894148e-01
5.799174549831654923e-01 6.263201799107075418e-01 5.668846113895957828e-01
6.593330274958516535e-01 6.421594002417388980e-01 6.770407259880963924e-01
4.218613756652579427e-01 4.776234991167971344e-01 5.019447812424747690e-01
7.688875094311899971e-01 7.611121495913841795e-01 7.950073781967916808e-01
5.527615407549505422e-01 4.881894715145477237e-01 5.008502942356423127e-01
5.369845295771357163e-01 4.964911462070104031e-01 4.489775586050948064e-01
5.388275120210052060e-01 4.843764559335461684e-01 4.830531150899942117e-01
7.312517370842384068e-01 7.495032693749072994e-01 6.736224230959231285e-01
5.218561172334493792e-01 5.606679971949785068e-01 5.272030419953251945e-01
6.035585686121931470e-01 6.403700278127653078e-01 6.916997756164965372e-01
8.072295910222250237e-01 8.628401197991505400e-01 8.404884142900790334e-01
7.693907256792702487e-01 7.275949297922034154e-01 7.573845722008605286e-01
6.837575229362821139e-01 6.645368097593585821e-01 6.404865863617795751e-01
5.940962474303230767e-01 6.304647233571970544e-01 5.430383624995869241e-01
5.663816881751300158e-01 6.790930799024743614e-01 6.272663766652896156e-01
5.992648401188871432e-01 5.891151732675794506e-01 5.896587438394016445e-01
5.293763004422524787e-01 5.813440498656771149e-01 5.197723501041011662e-01
5.802706218244347847e-01 5.948235464242481729e-01 6.062024872118135788e-01
3.515624108448820451e-01 3.249312340181859105e-01 3.741246478806170006e-01
5.692329946054692780e-01 6.041894973345373065e-01 5.427943030144737335e-01
5.289205781462801292e-01 5.932175032219431099e-01 6.165625263148322155e-01
6.185865383139205198e-01 6.826887599642592619e-01 6.909915405576216862e-01
5.174422282769337578e-01 5.324581928793815644e-01 5.379975611737712882e-01
6.370256586772691243e-01 6.509455672131605475e-01 6.697503130608510880e-01
6.347228374137821039e-01 5.549081622824990623e-01 6.227048635175247426e-01
5.445930059694695791e-01 5.404264584660736226e-01 5.188370421463815996e-01
5.594277622636095737e-01 5.240680821858787475e-01 5.331672115101603326e-01
7.135797892674498044e-01 6.975337617340954255e-01 7.218943536398771954e-01
5.090078689215499219e-01 5.122772780073288068e-01 5.053149098255650395e-01
6.172555611315607704e-01 6.258852549697665468e-01 6.079276520398054773e-01
5.714675001412099498e-01 5.650508013364690107e-01 5.615235356706000935e-01
5.084728275342557113e-01 3.832460263711798820e-01 4.187320743215522389e-01
4.830583043458488435e-01 4.865929871535110141e-01 5.384917063164740281e-01
6.706246294785070949e-01 7.342544719470468495e-01 6.537112210754809638e-01
5.387650044157533680e-01 5.668974045923339533e-01 5.633241021576316232e-01
7.074759791314361168e-01 7.237543586063884815e-01 6.763415236986817236e-01
6.992196696934023237e-01 7.106923606338142463e-01 6.988363760154741033e-01
6.834243247566660351e-01 6.710160715744164506e-01 7.317541970745325974e-01
6.622475469307023133e-01 6.279243623434050958e-01 6.456623723457280972e-01
5.671419656297526091e-01 5.187518908083545988e-01 5.646288256940020789e-01
5.465846515301510111e-01 5.043562116106105053e-01 5.829698606783100256e-01
6.955305382080607668e-01 6.315430697585762143e-01 6.401822736519939827e-01
7.205345056949775673e-01 7.206164314929707215e-01 6.894009540785861478e-01
8.113297545556947821e-01 8.100341110095881092e-01 8.167391205957343914e-01
5.401715302588927514e-01 6.237941257185882771e-01 5.101994122922006714e-01
7.492204454817181780e-01 7.224194482257332295e-01 8.321938128875709939e-01
5.166737723854946118e-01 6.261424826880853667e-01 5.770695670825121137e-01
7.576911499549127127e-01 8.406018230559333393e-01 8.640799071732774284e-01
5.210657696193048416e-01 6.452790577222972113e-01 6.194671823660192755e-01
6.036456194130783715e-01 6.042496811990987204e-01 5.971755951686713582e-01
5.785394445231328842e-01 5.342793184648136906e-01 6.044339329804166994e-01
7.024520217796401678e-01 6.894874202849845535e-01 6.507657629226121232e-01
7.679347568545324965e-01 7.830456428597045715e-01 7.905078229627581221e-01
5.688351406140512712e-01 5.390510632377575329e-01 5.360411754532125039e-01
4.180860598214351520e-01 4.116023738762980000e-01 4.431232365236269510e-01
5.870463848762963455e-01 5.631513391963038906e-01 6.130117763605779091e-01
6.686915869862003481e-01 6.243704796713644978e-01 7.166815908893516829e-01
5.576521284371049880e-01 6.241552393057603343e-01 5.246607701290280090e-01
5.988307207910851249e-01 6.140354925297625277e-01 6.129207042873797695e-01
7.156360057498970528e-01 7.164966889618473722e-01 6.916047212573632752e-01
5.971419337618019130e-01 6.708235827781784399e-01 6.968083728082432593e-01
5.067858910406544126e-01 4.636454000118805374e-01 4.378837342684884781e-01
6.057553346959257956e-01 6.229192314033407119e-01 6.269647529024350296e-01
6.121297798233787946e-01 6.216765838280838841e-01 6.009450177429872531e-01
5.934739134882760503e-01 5.663740601958563436e-01 5.743216315313707243e-01
6.428714754691469135e-01 7.016747666448076570e-01 6.703064439757847603e-01
6.697474268594200142e-01 6.886034638675871955e-01 6.734373949806329307e-01
5.877424264133379594e-01 5.719820144197748091e-01 5.836897630410375903e-01
5.979526587074343036e-01 5.878564409796661616e-01 5.791099082305094514e-01
6.636057539620060508e-01 7.017604381743425268e-01 6.376220965156221832e-01
6.552195150614308350e-01 6.085190535470251794e-01 5.975414983416176273e-01
5.475494673951716296e-01 5.871998968845664191e-01 6.480885290044531288e-01
6.948130205673694881e-01 6.677900587615168693e-01 6.834604185609892690e-01
6.891219336120445460e-01 6.942166487682178699e-01 7.233716290158652695e-01
7.237350861468858643e-01 6.779205093379339075e-01 6.212671520968872096e-01
7.579741249315657958e-01 7.452316030840151484e-01 7.393920200197656722e-01
5.509327091393070308e-01 5.916552546592204198e-01 5.612403939706763767e-01
2.504540942793168634e-01 2.786197596871424764e-01 2.576356340043911008e-01
6.412520917255879471e-01 6.522338361066026824e-01 6.547797500255867487e-01
7.449154423892461185e-01 6.833327769753116954e-01 7.256691742777920950e-01
8.874207194286619638e-01 8.483464315627690100e-01 8.627969825045264107e-01
6.457628767203728026e-01 6.549852685403031449e-01 6.574321089613401892e-01
6.802166107411118379e-01 7.404269179543518931e-01 7.001166097072812899e-01
7.324061773801184838e-01 6.933609484543969970e-01 7.217202440014927056e-01
5.058802769504531227e-01 4.862087999989198051e-01 4.830576244654645746e-01
4.679565569177068229e-01 4.647933571355333249e-01 4.995922881149886252e-01
4.763993132771169314e-01 4.987747776572434288e-01 4.984123803006777487e-01
6.797764866611573087e-01 7.144948938691361162e-01 7.072148655980600163e-01
8.330851453982992538e-01 8.543781535916896708e-01 8.227166896488813386e-01
7.795925185251715295e-01 8.075463439529464438e-01 7.783351480429023805e-01
5.388610268886249166e-01 5.050393693598875799e-01 5.128465842992998569e-01
5.998931315812535692e-01 5.938258690377532512e-01 6.097029327924362585e-01
6.128432317537723106e-01 6.113005962690993833e-01 5.998909591091504678e-01
3.133319153086850384e-01 3.221919994882474492e-01 3.190062518668215219e-01
4.915652806901344429e-01 4.974770569289108102e-01 4.686193892276136475e-01
5.629016702171107944e-01 5.768425033054627171e-01 5.774465556325422133e-01
8.162387364031817860e-01 7.940250929901617738e-01 8.463744215062359855e-01
4.588601416452486315e-01 4.296249441518921186e-01 4.271163347467598070e-01
5.603179074337306664e-01 6.155915844900190503e-01 5.641933869584819794e-01
5.463023375107270985e-01 5.378687816232687879e-01 4.985753892794461684e-01
5.605486315921739404e-01 6.000313824054620548e-01 6.002806797264047534e-01
5.459617107126119029e-01 5.621216835955510360e-01 5.778691925084362691e-01
6.230103974553634627e-01 6.303000588868452603e-01 6.259402021609232758e-01
6.831826643014519140e-01 6.879490478517614749e-01 7.347564216109641055e-01
5.434834455249625274e-01 5.256169156735888137e-01 4.983176014516064734e-01
6.026321616011851567e-01 5.751603948514955045e-01 6.021935331926597801e-01
4.324221494470561478e-01 4.510614142437253116e-01 5.016983464514697122e-01
3.539337793529627185e-01 3.686511321625849935e-01 3.530217367673978424e-01
7.815011278249845983e-01 7.824905286962057227e-01 7.299015121095924208e-01
5.369111711942908816e-01 5.049563058642413393e-01 4.976777967550612969e-01
5.130846487241730314e-01 5.203448257150629086e-01 5.358431018022336012e-01
4.831280506253505802e-01 4.872411232892617239e-01 4.435439195763199449e-01
6.775522854972469977e-01 7.565936010581556515e-01 6.783576339400713140e-01
5.611019887897936709e-01 5.357359779169814651e-01 5.797688372639079324e-01
6.343012564708686574e-01 6.358297241582869797e-01 6.102443100828919276e-01
6.123568706864226385e-01 5.649900648836159167e-01 6.097518067871355862e-01
5.664459305526509114e-01 6.568540721091177259e-01 6.446410425476933881e-01
7.604588446399700441e-01 7.509437582349600682e-01 7.762919760940365510e-01
5.055567584206978049e-01 5.244222868883253730e-01 4.956725207241255982e-01
4.194040041763034687e-01 4.038699179922610183e-01 3.913525018393135824e-01
6.851776193958944994e-01 6.890823533871430762e-01 6.978646276983268004e-01
5.322871042165246980e-01 5.609962922285631759e-01 5.983283814742578199e-01
6.062933844778968240e-01 6.255483749962333917e-01 5.944615321920777573e-01
6.267437124973954665e-01 5.810758938501094928e-01 6.729771664155989042e-01
3.963178459080285432e-01 4.482469781764341632e-01 3.289761642187292723e-01
5.556265127251777125e-01 5.564701913485925466e-01 5.267122326570532476e-01
6.058997711187252833e-01 6.292757812437039799e-01 6.058389752411382778e-01
7.312246898970453657e-01 7.863623207385712632e-01 7.440204842310177424e-01
7.529825648470952482e-01 6.505904700366201832e-01 7.347017054999255281e-01
6.135597649618514948e-01 5.811602719064028477e-01 6.268242624757194292e-01
6.788340061366756606e-01 7.283526294076344554e-01 7.340887064660968075e-01
6.268549759771323560e-01 6.278203798457283602e-01 6.469178516045083205e-01
7.446391079397369772e-01 7.198051106590369619e-01 7.152085098631512095e-01
7.291408509963267504e-01 7.203891352716733643e-01 7.167678098316688784e-01
7.628482476747736607e-01 7.874340755927279334e-01 7.769254854453938597e-01
2.651897858502839656e-01 2.854284348252581482e-01 2.425675883712393177e-01
6.203997630240372096e-01 6.805397244503187393e-01 6.204483260848556725e-01
5.306819827687440094e-01 5.536020394772342978e-01 5.810050919952733928e-01
8.126933661139481568e-01 8.328833338208478931e-01 8.255825183202920581e-01
7.006905366256113155e-01 7.332892195998860219e-01 6.862478225374820662e-01
6.881126336180913849e-01 7.037542207913138892e-01 6.746128844124777979e-01
4.057669720721590600e-01 4.290349348648787031e-01 4.626928682556002426e-01
5.093159668031754794e-01 5.217150947381049564e-01 5.132742910065833941e-01
6.226563542343385160e-01 6.514144966332915399e-01 6.286828407871737356e-01
6.559695755559512564e-01 6.844074782573245086e-01 7.005863946940691367e-01
4.972324219684873814e-01 5.406399040758770314e-01 5.183263568792277898e-01
7.058720518675873912e-01 6.400207848496228813e-01 7.056730525438945634e-01
6.692155659405799595e-01 6.282772619419333404e-01 6.567138510430513554e-01
6.792472906769753127e-01 7.282481746586563220e-01 6.991454252343731746e-01
5.303893271802727627e-01 5.332359149065842852e-01 6.393330646040851217e-01
4.705038697668506575e-01 4.610529544104957078e-01 4.686657288179914005e-01
7.145490500588599359e-01 7.281124250605590653e-01 7.061994532829886095e-01
6.171039883484783495e-01 6.517288894466243265e-01 6.026794330284488410e-01
5.123001586483177938e-01 4.938975854311662417e-01 5.004080200069279671e-01
6.830830885619161297e-01 7.138635924646028474e-01 6.906565967740408984e-01
5.775393506171886404e-01 5.893138469791878720e-01 5.766530300551443444e-01
3.883903453211561829e-01 3.881398537359864176e-01 3.904471635749638958e-01
8.019295361802996069e-01 8.241237937539072078e-01 8.324454004259608242e-01
6.541215302783476293e-01 7.060507595689794469e-01 6.981527476844379132e-01
6.255339744279179159e-01 6.011671815925748730e-01 5.828093316070385166e-01
5.675922431116626754e-01 6.651237551540848392e-01 5.761423333036601591e-01
5.291406525148447670e-01 5.659662681975682341e-01 5.463732128813785227e-01
5.463396004673596318e-01 5.729135351298153545e-01 5.559128876642001060e-01
5.283069869872208946e-01 5.077275480282847919e-01 5.357359748378794917e-01
5.583469618317565830e-01 5.572132971768621879e-01 5.294310217194485579e-01
5.567631506057734159e-01 6.016058043536447464e-01 6.126978068091657459e-01
6.695968632743474203e-01 7.120542635830865441e-01 7.161104156657097652e-01
6.450762942883083717e-01 6.548631007115296443e-01 6.096987813124373767e-01
5.542566347230857282e-01 5.533999262426878563e-01 5.267659996109703702e-01
6.283991776176673927e-01 6.388005750676356564e-01 6.395237816675047871e-01
5.654315795428289659e-01 5.376629995914196103e-01 5.429134356558273922e-01
5.771374636935755476e-01 5.516058426392234093e-01 5.828251558273910282e-01
6.175048590737231002e-01 6.066055203057976186e-01 6.658238829878818654e-01
5.876334182275467777e-01 5.755287690333507067e-01 5.972930119171108165e-01
7.181375757026337014e-01 7.092360979034409985e-01 7.689797481686727609e-01
4.005342353704218206e-01 4.245577922559941597e-01 4.379309761799508038e-01
5.921634525578980401e-01 5.974255597809654539e-01 6.296703657583606617e-01
5.661908816383492971e-01 5.874662268663189968e-01 6.152814496272303035e-01
5.620222110785338954e-01 5.908669253918247266e-01 5.163217021012883601e-01
4.195413016365583392e-01 5.258727843201527197e-01 4.350042210815954213e-01
6.206438009596482175e-01 6.147879426839255590e-01 6.287761979377680666e-01
5.192545283457196126e-01 5.037950706790826905e-01 5.116464249126970731e-01
4.707775461365892866e-01 5.695393487282498501e-01 5.636562881372350065e-01
5.995805578677178005e-01 6.286692366967615575e-01 6.502358542429546029e-01
7.189525191563422846e-01 6.143045721154583028e-01 6.472875599627124776e-01
6.598432996958035757e-01 6.364260830470076513e-01 6.741945001548877991e-01
7.495471059681784176e-01 6.695071286849330061e-01 7.241268113906744741e-01
6.746045015680043333e-01 6.156182169227757406e-01 6.583062557343258847e-01
5.687824352324521993e-01 6.227085791501848488e-01 6.154560779966715689e-01
7.972070275900511316e-01 8.290807259540879937e-01 8.232238005385362767e-01
5.339811349304953714e-01 5.230163295434904214e-01 4.828371893285067773e-01
6.734607304644628645e-01 6.793363035863504429e-01 6.642651997445663259e-01
6.524512622219648117e-01 6.227187981442052767e-01 6.462757994828790542e-01
5.890576749102467424e-01 6.383004889261761905e-01 6.750489784494401180e-01
7.264106301922443887e-01 7.025127311519541173e-01 7.338406677238608067e-01
5.801057475287394460e-01 5.863203015618991820e-01 6.195378364366982415e-01
7.223061804676846887e-01 7.315705773807982260e-01 7.508291796789057226e-01
7.157173345335079429e-01 6.742909648136148348e-01 6.744549752963003852e-01
6.656963721180682025e-01 6.233677155910603007e-01 6.577267316160837485e-01
5.993051626375517360e-01 5.870487108352979710e-01 5.716614000415761732e-01
5.789767846615607727e-01 5.788912413427330650e-01 5.524717550036698510e-01
6.342212245644788249e-01 5.371596320241669442e-01 6.098020925302379824e-01
3.060228922878746038e-01 3.497224871610071228e-01 3.651008185812188445e-01
4.549132780266492149e-01 5.429589505496832391e-01 5.038799922985733870e-01
4.519205121256122948e-01 4.423491814105827702e-01 4.290166543300291124e-01
4.918388543878722818e-01 5.084441330939905024e-01 5.293673874903457310e-01
5.175090489521563253e-01 5.689952229782498927e-01 5.182139122765351269e-01
6.627196190072721649e-01 6.246966912526130677e-01 7.123197558921198214e-01
5.325542973703095706e-01 5.529476120114458215e-01 5.618742799591155412e-01
5.412473403434084895e-01 5.522112640920763260e-01 5.417090998073769148e-01
8.246594952664686451e-01 7.310797587497156469e-01 7.390812652316556264e-01
4.134128835482307474e-01 4.787982525175024096e-01 4.115588149746853830e-01
6.586760855700281025e-01 6.336118861208009934e-01 6.716575229958607895e-01
5.970016477460242665e-01 5.589927085245945948e-01 5.649929663708102012e-01
5.860255005018166763e-01 6.110316990661909253e-01 6.400154463822781414e-01
6.639793630173679295e-01 6.681165865734481901e-01 6.358865877189670002e-01
5.466552599962569703e-01 5.006491578565095413e-01 5.305202410191622864e-01
8.542431104673927633e-01 8.002082634101862491e-01 8.139659726623315050e-01
4.260271351066409751e-01 4.427156856320215161e-01 4.709038372368399838e-01
5.776718956942823446e-01 5.803396266080120824e-01 5.764361757554673504e-01
6.888758947863723447e-01 6.590558021295509494e-01 7.191439884268072680e-01
7.171060840027719818e-01 7.414919358732837695e-01 7.234470810238461391e-01
5.792651641179430433e-01 5.241264946617810727e-01 6.067329665919583004e-01
7.146998280792121738e-01 6.605607405530122822e-01 6.787768205668802679e-01
8.197069915958267172e-01 7.947846772144847582e-01 7.737086404367765624e-01
7.976818764464236322e-01 8.305964418698371654e-01 8.340720356080005837e-01
4.041180539027478535e-01 4.466818321090690880e-01 4.291811092605569145e-01
6.450065885281073275e-01 6.429776093072913090e-01 6.567298540107479043e-01
6.703435768563774655e-01 6.203562861410167883e-01 6.902330430867107403e-01
4.464655194273924876e-01 4.273369844323924305e-01 4.402303349119747744e-01
4.992372747425956603e-01 4.963992932176409245e-01 4.796349201803073448e-01
7.552199207348424537e-01 7.229308366353475179e-01 7.230826841675672689e-01
7.398907930856695181e-01 8.005736582743819829e-01 8.318370605848548482e-01
5.678186797125825969e-01 5.344396685654182466e-01 5.889492533641227379e-01
5.482004391491048789e-01 4.935632816960822122e-01 5.152754202346181422e-01
7.651739010617689685e-01 6.911121105596390590e-01 7.502192479188969365e-01
5.756141896890782927e-01 6.197804883558130085e-01 6.242368864863914180e-01
7.134050891820249429e-01 6.960132875577746958e-01 6.715960039295458817e-01
7.008834951472172614e-01 7.454306344615221347e-01 7.018309300354120817e-01
7.243983959699263897e-01 6.784060963508582454e-01 6.983266843813998870e-01
5.440750297445245964e-01 5.446745774897647774e-01 5.192212860514121564e-01
5.760940445667698251e-01 5.548310434832780524e-01 5.685947384810020599e-01
4.936127747366734764e-01 4.740670069314863455e-01 5.379026286459023254e-01
5.422250771204492059e-01 5.279216898229148747e-01 5.022524322937996777e-01
5.330625411068405928e-01 5.229931036678404643e-01 5.475299698299147533e-01
6.945793188646222083e-01 6.435665620389660058e-01 6.060334512061599233e-01
4.159432747583593493e-01 3.831649547624610963e-01 4.573955014906727068e-01
5.538085424081130581e-01 6.011377433007418780e-01 5.789910901067952809e-01
5.854078605296059168e-01 6.137066939415023459e-01 6.362804438898714832e-01
6.702516680798193960e-01 6.644318814077182500e-01 6.727338827826890855e-01
9.046015759366889952e-01 8.861782032972621570e-01 8.514783332360670309e-01
6.088975190527237125e-01 6.411452401753763297e-01 5.938476857723553604e-01
6.526301460899959217e-01 6.267560563131379103e-01 5.718467943954778088e-01
5.358038748110515170e-01 5.092424217867489444e-01 4.816054860728126719e-01
6.694373940225596398e-01 7.566772328537969550e-01 6.553358720669736348e-01
6.542272911665804047e-01 6.009439127899152133e-01 5.469210999288757202e-01
6.345024557904445084e-01 6.322362730777238982e-01 6.255298814818774922e-01
5.872244464569097433e-01 6.454990802375198955e-01 6.161861999952377156e-01
7.257491221577287988e-01 7.006331620658683423e-01 7.363187011291485451e-01
6.047568602682192873e-01 5.428521019285349469e-01 6.195692133676582447e-01
6.722775531847232644e-01 6.755435312172278772e-01 7.304618197933185897e-01
4.896635701900632909e-01 5.048501565312082384e-01 5.003588013941436818e-01
5.541436843603532170e-01 5.786345911568040457e-01 5.331238007067060636e-01
4.292868405840765678e-01 4.585743183776579968e-01 4.323083325900410889e-01
6.468081652431414419e-01 6.183764190336062949e-01 6.347749497334989055e-01
5.131029092352422660e-01 5.965169341971352512e-01 5.217693060937537153e-01
6.133399661268847947e-01 6.476284412986548222e-01 6.757469257411845565e-01
7.162990511865685583e-01 6.396088336009074782e-01 6.490687168710914667e-01
5.791215125620885473e-01 5.540653920849786251e-01 5.385785836458336640e-01
5.974221317429034839e-01 6.422528265943044934e-01 6.249041018834441408e-01
4.584358218823052500e-01 4.832323602370474647e-01 5.073833241668179728e-01
6.671147476864593973e-01 6.365095853848055096e-01 6.588656998080396621e-01
6.556607587701381856e-01 6.087395836945763694e-01 6.115060090254740288e-01
5.421717274583948143e-01 5.737970214699746885e-01 5.548059195074293015e-01
7.714779411816368171e-01 7.611382920763931637e-01 7.893074864641616006e-01
6.955104476595317387e-01 7.021079905752393158e-01 7.209527814169518489e-01
8.696714280356255822e-01 8.184321043475611956e-01 8.322072973402618867e-01
5.517325178654451934e-01 5.060216415578592253e-01 5.705354725686954120e-01
6.322690734482552255e-01 6.420285671337809807e-01 5.945400241778256989e-01
6.364066749161224612e-01 6.651954214009635491e-01 6.366064105262270179e-01
4.589608681294832793e-01 4.024255020032492247e-01 4.344257455822999603e-01
6.083675981831486723e-01 5.897481766886373267e-01 6.389878569869472669e-01
6.226781855097049956e-01 5.432928404857263471e-01 5.538881684990210053e-01
3.713916617155091360e-01 4.048192071796217761e-01 3.930305104787719661e-01
8.203246397395262957e-01 8.053591906252252075e-01 8.082665475151070700e-01
6.297271278671849881e-01 5.772124218672837204e-01 6.137878415461441861e-01
6.643026894000697569e-01 7.172296969015300450e-01 7.192130966054103292e-01
6.730907457499042401e-01 6.876384315708120587e-01 7.215080150376469437e-01
4.014529045455966227e-01 3.470840909003476971e-01 3.443449068855897743e-01
7.006221222105597501e-01 6.415372168303120626e-01 6.435181452777533062e-01
3.568420916062147730e-01 3.370930294773553659e-01 3.382770447663355218e-01
5.807273195958292389e-01 5.020641943051029621e-01 5.099285370626953640e-01
6.091155699487232900e-01 6.147282414580069743e-01 6.112726906757229850e-01
4.974513896535835422e-01 4.886431671134700006e-01 4.818431164678678158e-01
5.808205095086380609e-01 6.252725360794749720e-01 6.026590266240390292e-01
5.435263675648445147e-01 4.754091299035622109e-01 4.868662677272514450e-01
6.423373149338041932e-01 6.607734823947403191e-01 6.479904402505922700e-01
8.063570512642856958e-01 7.960848999126911574e-01 8.232626340837001511e-01
9.077425202082529676e-01 8.860458488407096933e-01 8.502478637363409808e-01
7.091716944031767333e-01 6.889572383320952120e-01 6.441453691382286184e-01
4.920231785203646457e-01 5.127790807188609135e-01 4.131027714845265097e-01
5.604668344925602952e-01 5.868064972907486299e-01 6.217810847814086994e-01
7.147598455962281827e-01 7.068472695382904680e-01 6.955249631336782867e-01
7.444368672540416787e-01 6.908534445755836195e-01 7.174992450519014353e-01
6.651026765054203205e-01 6.487643057097604027e-01 6.910438306820348986e-01
3.941139811132533533e-01 3.866151066737865682e-01 3.677368601707197149e-01
6.744106188750680353e-01 7.224729247326093784e-01 7.151364820669673383e-01
6.099799245371286815e-01 6.109428795909376264e-01 5.431106043193719701e-01
7.016543954873338818e-01 6.674254972563029575e-01 7.437263771813670266e-01
7.351636074056979719e-01 6.694624743299598668e-01 6.462757526874181035e-01
5.671832799349481036e-01 5.648586202072899409e-01 5.861168064276655043e-01
5.549201754884776072e-01 5.150321824937648119e-01 4.954210392141856767e-01
7.021199965636014673e-01 7.645295643767356930e-01 6.892011556144803652e-01
6.780708664723412715e-01 6.772936057863273573e-01 6.973332416179405246e-01
7.207709802128572374e-01 6.492290990022444586e-01 6.963010579483188689e-01
4.968408406420699586e-01 5.064752768842083475e-01 5.215213486881110638e-01
7.583858059240046190e-01 7.225937516188145615e-01 7.216120251867258473e-01
6.292709695767964018e-01 6.599225459493731627e-01 6.169586005530158790e-01
7.458256346625343758e-01 7.756379412234721826e-01 7.839938520766326358e-01
7.286571413949211040e-01 7.054319564498441331e-01 7.179920599060967135e-01
6.976762155922846542e-01 6.602868981528733361e-01 6.762333243727632892e-01
3.448425162231943952e-01 2.962317085933425242e-01 3.488324347834962924e-01
5.103958629982575657e-01 5.181406230199924190e-01 5.107792919841355195e-01
2.584424075230606355e-01 2.333510656007637685e-01 2.193721608283216717e-01
6.447069483465949213e-01 6.540025516383131121e-01 6.750950350420129586e-01
7.264790260921212273e-01 7.147318175546046870e-01 6.620270312154109549e-01
3.923552969988412520e-01 4.099860716595209453e-01 3.802256390916038398e-01
6.587102710610810430e-01 6.348395899567746969e-01 6.795033382866488836e-01
6.211235834036250569e-01 6.491036514177894734e-01 6.183911485183718471e-01
4.495684494586778546e-01 4.437100544685075310e-01 4.820443129901822443e-01
5.232465496322501464e-01 4.757775278798960783e-01 4.615142391813722433e-01
4.818734089623580852e-01 5.491748821343349629e-01 5.544919287870363478e-01
6.400663306545970599e-01 6.450080919264273849e-01 6.666238489338474071e-01
6.934552358443847320e-01 6.807061690048752389e-01 6.800371644534097815e-01
7.211874705082772508e-01 6.643370787286776435e-01 7.352852917769556740e-01
3.114541354633686421e-01 3.092539249799275414e-01 3.234932673508091883e-01
6.612897346712885982e-01 6.427378747130586545e-01 6.142983188440873654e-01
7.293981537766880408e-01 7.344419217464611682e-01 7.587991463835783712e-01
5.750911223309098652e-01 5.865701371395956043e-01 5.403032667836916714e-01
6.879090456954294330e-01 6.668637637825118869e-01 6.970779843913063045e-01
5.548457401933091226e-01 5.865533017123274462e-01 5.906646735521442482e-01
4.570537483382500765e-01 4.962447791575552714e-01 5.080163166990087076e-01
7.687321953038103173e-01 8.193047210045152351e-01 7.861445187916827892e-01
5.440303090089008142e-01 5.859616645956677861e-01 5.895255972903544750e-01
7.489441435081131138e-01 6.990620694352251974e-01 6.764102157364094703e-01
6.215707022466504528e-01 5.861916299258250751e-01 5.610188759110020795e-01
6.804203576407277243e-01 6.788296028374500857e-01 6.578151388819102330e-01
5.972939173827429560e-01 6.273405559784390739e-01 5.679004017940393334e-01
6.470692751477358229e-01 6.855248133084425044e-01 6.841725318477207551e-01
9.423776040356672823e-01 9.018126279088430897e-01 9.473733374291667397e-01
6.983050231172720501e-01 7.107103391522429092e-01 7.111326611159962674e-01
5.401381123733189904e-01 5.511463163349600292e-01 5.365997747429882558e-01
4.908671507741659834e-01 5.231315966539004103e-01 5.391428896415273453e-01
6.347394012526055285e-01 6.388981456865302500e-01 6.206613046888712626e-01
4.830754087974058475e-01 5.364992360897049561e-01 4.762496327818641628e-01
5.225957182782623445e-01 5.637373987005723786e-01 4.830528687302464985e-01
6.921009634208458161e-01 7.131915979117615656e-01 7.265521516616201270e-01
6.028760957375096652e-01 5.945809535770956167e-01 6.144814685292874223e-01
6.659685410588144228e-01 5.917768843245009291e-01 5.941344994894945941e-01
6.259872866279907466e-01 6.638203371056353719e-01 6.025798626813178016e-01
6.932130963586119465e-01 7.723388076519396295e-01 7.107909500334228525e-01
4.793900890144857652e-01 4.453421211054820472e-01 4.237268019517743123e-01
5.382340641563092554e-01 5.316296321167542915e-01 5.551259556757118796e-01
5.292391801844799071e-01 5.241029055654290447e-01 5.494494899224294793e-01
6.524108643931021412e-01 6.706707033571572829e-01 6.403018809983109794e-01
8.350232469107651267e-01 8.241472869267673085e-01 8.720122974773353297e-01
6.649024765482235422e-01 6.370265889379538304e-01 6.819737240956592617e-01
5.109810215305097270e-01 5.037273829961474991e-01 4.647050802219725441e-01
4.321998790337040486e-01 4.325389385092432426e-01 3.943440956992416146e-01
6.301012579935001412e-01 5.600372173601569914e-01 6.366717916513576769e-01
6.126900421203390623e-01 6.355400606383582174e-01 6.822126126446481642e-01
5.951145188885539339e-01 6.229841610891423409e-01 5.693846724700335482e-01
2.543382243110747232e-01 3.065987164459350045e-01 2.987804314356033442e-01
4.414441040943689054e-01 5.248219484837752802e-01 4.970660775515668983e-01
4.720190884186606928e-01 3.877631267346334787e-01 4.641629869492875371e-01
4.309614248512237400e-01 4.538510314112128019e-01 4.438328655964074443e-01
4.578117347409655924e-01 5.059155196672332488e-01 4.766259310035090846e-01
6.652016209650095657e-01 6.950871660058126622e-01 6.989914686654676856e-01
7.117434407322343892e-01 6.582216763479177279e-01 6.943441859037052799e-01
6.767680359587520122e-01 6.383856097347690994e-01 7.140133273750121079e-01
5.547878159547773302e-01 5.918023521858439828e-01 5.674105536369448144e-01
4.491701334187804817e-01 4.121636370952467265e-01 3.739836471928099093e-01
4.575636847212866676e-01 4.064755132435354246e-01 4.186627034209348674e-01
5.710088378528167530e-01 5.287227923347269654e-01 5.001965234010171679e-01
4.697473298096668803e-01 3.818305312892081860e-01 4.524567090459704621e-01
4.005685854687860981e-01 3.567667174563406984e-01 3.717894787958784808e-01
6.552070809735017765e-01 6.359001415932075130e-01 5.750430803113312228e-01
6.782658051441088354e-01 6.602481292086378462e-01 6.692476282454169478e-01
4.838399806491246458e-01 5.167024225885006317e-01 5.457404281791892187e-01
7.282365161647195162e-01 7.136717315390452843e-01 7.105067957198532014e-01
7.380431754406405753e-01 7.147691376775890948e-01 7.053422326426767031e-01
8.068820748202296667e-01 8.389362965727289456e-01 8.315515499323008486e-01
5.602089426148789686e-01 6.188818427066599126e-01 6.509988562311848082e-01
7.777892299697257705e-01 7.897803981228738168e-01 8.144503821701308821e-01
4.854377999885269301e-01 5.611759611274802495e-01 5.069361718044161913e-01
2.718819719090715958e-01 2.754695223331743992e-01 3.352858482142581087e-01
7.306702806262113103e-01 7.389023066701568832e-01 7.261862267609670019e-01
6.971911667047541172e-01 6.929981402789062717e-01 6.503168173502489324e-01
4.521233117967126680e-01 4.784406050261075238e-01 5.084233584423264452e-01
5.464896853614727990e-01 5.371086582060639047e-01 5.131783510471847887e-01
4.308308862696814678e-01 4.788935041801991033e-01 4.257237165031047543e-01
7.025671725341241514e-01 7.308822153476547401e-01 7.344422048680903092e-01
5.856680562585893091e-01 5.925010626397266833e-01 5.964495949592533153e-01
5.800552612703844257e-01 5.586252392854154092e-01 5.419320109320376888e-01
6.525633014939007381e-01 6.525580319527612971e-01 6.674562403010259048e-01
7.823998307460691137e-01 7.998167008229275510e-01 7.720220524372107818e-01
5.349671390664315629e-01 5.104716794181871631e-01 5.338535024407305984e-01
6.483282611691797426e-01 6.616518609921813177e-01 6.048244234718324064e-01
4.948774474608343410e-01 4.934926925662541652e-01 4.714678688749658897e-01
4.803671547634581485e-01 4.969297847795445811e-01 5.404049017446602710e-01
7.394297660976024700e-01 7.364749607515088670e-01 7.707575157088906170e-01
4.209268599845092385e-01 3.785310207712684893e-01 3.951258385510998949e-01
7.088909464756488754e-01 7.137118978215031273e-01 6.882091497218560949e-01
6.566512375253764633e-01 6.897308369534254080e-01 6.739784148719214496e-01
7.928592550826241148e-01 8.002374660764174363e-01 7.852688963819571821e-01
6.467244347871247134e-01 6.942450192911386875e-01 7.162331516221210892e-01
5.609002460687919633e-01 5.520176771181597442e-01 5.709114130084543826e-01
6.852655882879412630e-01 7.639991679661429780e-01 7.515719388214036067e-01
5.284786193704570367e-01 5.574360845981881640e-01 5.213224797921286457e-01
6.128306139911976480e-01 6.591120386734811154e-01 6.221630157500875891e-01
7.276624310401518247e-01 6.913006739437871362e-01 6.842719573215428897e-01
6.073930131635586482e-01 5.847713832870569117e-01 5.687932027674551527e-01
7.170822612466684065e-01 6.795523462464412301e-01 6.845222085798914335e-01
5.590082638346013377e-01 5.812163704513951812e-01 5.929927262262650878e-01
4.716456222170424817e-01 5.149631532486164120e-01 4.790567715935798443e-01
8.121232312804297360e-01 8.494717679414374167e-01 8.182666461967212923e-01
7.339198447278191262e-01 7.298824889444486264e-01 7.529642895493411370e-01
5.416399331879854229e-01 5.561269186029778044e-01 5.678058951493979434e-01
5.452439811704941075e-01 5.406864497305985395e-01 5.185219432886639668e-01
6.578841081361959109e-01 6.442441313440206985e-01 6.666080835665137982e-01
5.666494307304571487e-01 5.899197106332363383e-01 6.098886332016264511e-01
5.974549800423561985e-01 6.000640608574152601e-01 5.942810899279410419e-01
6.303008327077672668e-01 6.315851009698526530e-01 6.221553433937780930e-01
6.665728651044110498e-01 6.430139686326833415e-01 6.959166878616457330e-01
6.470831354703012739e-01 6.068908872093855544e-01 6.325909862113198168e-01
7.979196284920121451e-01 7.941988113393532167e-01 8.578513568361066932e-01
5.216352921866727055e-01 5.582803672449258015e-01 5.402199531917207809e-01
6.295769711886879394e-01 6.424773966290437954e-01 6.887797993688433706e-01
7.223440632625470759e-01 7.154722614876489750e-01 6.745181954691568116e-01
6.781353924349586837e-01 6.416853774745260308e-01 6.471775425657568803e-01
3.756058004659257876e-01 3.480772189580931264e-01 3.708995899136926511e-01
5.804844156078264872e-01 5.620329963482869617e-01 6.269342945512480503e-01
3.656580753275848750e-01 3.496657920732508251e-01 3.363272304055346940e-01
6.941557341397736058e-01 6.788007647889576779e-01 6.713065622794475162e-01
5.696339563775665304e-01 5.610661954283590047e-01 5.549060688482650994e-01
4.837405745152203451e-01 5.055014409395092168e-01 5.381080269551795636e-01
5.077323721621480601e-01 5.019857186290235251e-01 4.940667877182253198e-01
5.065018628097875952e-01 5.104838875177406532e-01 6.060632402547834197e-01
4.783751909633562338e-01 5.142096805996013709e-01 5.086941875160087001e-01
4.728746284118089394e-01 5.097856719588209629e-01 5.075796285552321985e-01
5.669397123643515890e-01 5.888670552860354457e-01 5.293576631102088204e-01
6.510650857434175931e-01 5.855612711167084150e-01 6.450179801103652633e-01
6.295555365789103908e-01 6.633092328721761355e-01 6.149928702714357875e-01
3.996295004977629128e-01 3.366879971151165440e-01 3.534158046660716423e-01
6.245180493705990710e-01 6.311369050844088946e-01 5.839981026909324413e-01
5.301483100034524165e-01 5.977521046606851796e-01 5.601062732869425131e-01
5.602752128850779778e-01 5.934823831796425253e-01 5.627840371177639245e-01
9.194772872145764442e-01 9.163220491033882142e-01 8.933921859037686763e-01
9.260604961039841099e-01 8.932354892486287223e-01 8.657417026723124298e-01
4.064830039770797043e-01 3.743982846431768152e-01 4.056616077208732851e-01
5.845544317096598164e-01 5.444003542118110994e-01 5.968663820823576494e-01
5.425503255561473503e-01 5.433151830785972747e-01 5.009001855481127752e-01
5.075584244801284450e-01 4.716774796478160336e-01 4.895938615704594210e-01
4.175455972610044308e-01 4.093341339356810216e-01 4.149997743691738461e-01
4.614868865257596431e-01 4.300480610507281254e-01 4.744765857265108577e-01
7.926706504351389571e-01 7.813452579506674489e-01 7.902461821428061750e-01
6.080588180495649642e-01 5.679212242387325915e-01 5.991383247270011259e-01
8.953738455640702920e-01 8.324223216444610607e-01 8.941722688923312568e-01
5.977599850852476360e-01 5.947523563329744078e-01 5.994227807536610664e-01
5.710532082574500956e-01 6.367820573660798456e-01 6.001782773076099753e-01
4.804562050422637176e-01 5.412250903980760919e-01 5.460809668338838518e-01
4.871539978141394278e-01 5.287477169813243894e-01 5.517144307988168794e-01
5.652817045858320455e-01 5.610407485306364572e-01 5.652121800891637404e-01
5.723047701458834347e-01 5.679180444622026203e-01 5.558645742152089619e-01
5.619336159837723388e-01 6.212833995955825417e-01 6.237705005650261425e-01
7.174673888635958452e-01 7.629167398505524167e-01 7.210201532759030751e-01
5.312798808220462465e-01 5.225539601741220341e-01 5.190018353559522346e-01
7.196198022188409205e-01 7.209366866889455050e-01 7.021613477489501154e-01
5.686087719983781152e-01 5.219856007020099442e-01 4.709887941211826079e-01
4.297509737292984355e-01 4.471849509140569112e-01 4.204459146906394662e-01
6.103747494137694574e-01 5.514619086556667993e-01 5.696541657422962146e-01
6.221507432406575555e-01 6.097616161925749623e-01 6.286523059859217000e-01
7.388330444018071930e-01 7.453544362488150332e-01 7.011308958072940412e-01
1.973413655872001404e-01 2.471570159025745783e-01 2.094196970879590169e-01
6.255580876235949939e-01 6.311545259290803900e-01 6.187374489038680592e-01
6.534830231345833962e-01 6.262288810504373915e-01 6.826121693341974384e-01
6.076654401764349789e-01 5.700362331918936709e-01 6.117394049283598756e-01
3.240846770623679318e-01 2.874378446206366511e-01 2.476740202857610762e-01
7.502611401039934735e-01 7.376462399316190410e-01 8.054009217180765345e-01
5.513139466862559956e-01 5.382584869115847326e-01 6.077740976250574079e-01
5.687775796763326897e-01 5.604674744932625075e-01 4.740938906812128817e-01
5.656334435283764117e-01 5.757242778143499828e-01 5.880021610829447853e-01
5.910063794365995049e-01 5.797947898554280943e-01 5.492873620034471882e-01
6.157532406963306393e-01 6.477792838322752322e-01 6.420932909534966537e-01
4.557183000461595968e-01 4.618142521801267275e-01 4.598761717250986480e-01
6.366406800583693792e-01 6.497691901076572130e-01 6.057498487575754265e-01
5.091322655024240751e-01 4.936163088813444455e-01 5.322172016478090573e-01
7.207983334890033511e-01 7.045367620344742399e-01 6.910970786719038417e-01
5.574841604197307010e-01 6.048292163824584566e-01 6.092184230185442306e-01
5.220754962837914626e-01 5.058888741272618006e-01 4.597596874921302534e-01
5.663100850393852914e-01 5.442997031397212027e-01 6.358932654863824752e-01
4.480039290613977432e-01 4.222075496603597267e-01 4.809571574835103114e-01
6.193092282933309045e-01 6.248307941789033038e-01 6.349482524534156846e-01
6.107166743336012171e-01 5.974411351531243586e-01 6.497512400911071850e-01
4.926210396567197169e-01 4.190217448953004742e-01 4.914067256212060752e-01
5.702240989229149237e-01 6.557116075355460261e-01 6.382801184520101589e-01
5.661600968873612416e-01 5.342384927390482208e-01 6.056287335617095424e-01
6.519914556345826062e-01 6.573516551244337203e-01 6.751731671924439127e-01
5.424820743644489518e-01 5.742123327526533760e-01 6.075635767938387666e-01
6.536680276059291250e-01 6.213415689331380776e-01 6.351290259565764984e-01
6.342280805620702511e-01 5.869167465902708214e-01 6.006934147600621055e-01
5.310707970486866492e-01 5.347120620647070055e-01 5.927018388835387785e-01
5.527391412810778171e-01 6.137096229811754844e-01 6.009423726714078207e-01
6.660639747573739999e-01 6.450839550675063760e-01 6.686899191107589235e-01
6.726566103578883737e-01 7.299276419992063447e-01 6.622515310725758386e-01
5.445527885639993571e-01 4.974362318065184141e-01 5.080348803587052542e-01
8.016059639891257582e-01 8.065462482376284381e-01 7.446804313783126350e-01
5.217629434591154469e-01 5.148425155858709079e-01 5.056845939631834375e-01
5.421158792277355198e-01 5.346920186367873917e-01 5.753962943323490675e-01
7.277248915287954922e-01 6.878606769262864962e-01 6.977017988583711361e-01
4.219308902959168495e-01 4.296091761675118192e-01 3.922112067049313699e-01
6.118804632693566337e-01 6.310230681409373377e-01 6.519069920121073336e-01
4.477121367845367517e-01 4.748343943790680477e-01 4.485935623271015693e-01
4.329021014413920176e-01 4.469585600300897688e-01 4.600490940015561359e-01
5.733607736752561745e-01 5.672297643576426074e-01 5.326195347778103217e-01
5.139514649884664443e-01 5.230269941181719950e-01 4.785160934453718262e-01
5.698832074975886952e-01 5.743723994370911745e-01 5.150722517939081424e-01
6.744771592945842942e-01 6.257758226866011464e-01 6.818359734929806404e-01
5.727672496436001515e-01 5.967097836794343912e-01 5.804736397379299806e-01
5.252674716196585880e-01 4.719150417523650942e-01 4.930194254119961705e-01
6.194020683163775631e-01 6.520991718909726620e-01 6.206626586878997154e-01
4.843297080318567649e-01 4.811131751917367416e-01 4.855251694285044883e-01
4.902312793981881134e-01 4.985792291594203229e-01 4.862399733925128475e-01
6.352398455860108761e-01 6.227845055479934722e-01 6.434133281417042660e-01
6.382680633892262589e-01 6.759644303753905570e-01 6.650378357690202025e-01
6.252424323369344394e-01 6.717116868999690737e-01 6.446984925062881899e-01
6.074915025627555254e-01 5.670921472307655087e-01 6.089251871270723315e-01
6.539350418337275261e-01 6.532495307526910988e-01 6.206317290009724097e-01
5.721405982052146788e-01 5.741055146241693663e-01 5.963092716124815951e-01
4.907861552496545765e-01 4.527425916280329865e-01 5.038140101033571350e-01
6.707604390029069386e-01 6.626311233535211453e-01 6.849341426346736705e-01
5.759957002323911057e-01 6.264574904500239683e-01 5.883902832038720998e-01
5.285847141474949717e-01 5.465862587970997666e-01 5.648006510722471951e-01
7.063458498852271950e-01 6.617328813141672983e-01 6.987414985865879613e-01
7.556116732867201868e-01 7.461500481215105340e-01 7.218557170459365402e-01
6.368724949773824084e-01 6.136854059661175365e-01 6.455264903448167946e-01
7.910396577017182462e-01 8.266778909198585490e-01 7.915828606808148482e-01
5.843528654177796433e-01 6.324789575901417216e-01 5.531151311801648651e-01
7.202469928988808334e-01 7.096471422108127092e-01 7.102528485415008364e-01
6.127321118162154523e-01 6.887212267095254026e-01 6.287882323209825763e-01
5.406270602146009407e-01 5.648684238591054063e-01 5.184697910316597991e-01
6.838532515038930892e-01 6.875949498604398968e-01 6.872185177392298172e-01
3.982403923511251831e-01 4.658682178546715291e-01 4.122847604103786479e-01
5.951748518766909468e-01 6.017178193901576710e-01 6.034993596437330243e-01
4.939259872206656077e-01 5.441405564019117236e-01 5.316413296070935379e-01
6.246961829072917860e-01 6.032109517222060679e-01 5.796094285162636250e-01
5.864458181825495942e-01 5.813771727283951751e-01 6.013304916764913299e-01
6.841987933582770465e-01 7.343040963879302607e-01 7.119050390225372116e-01
4.341374620502506110e-01 4.443370884193099113e-01 4.209098685915871330e-01
7.325927014260950054e-01 6.875941694441716212e-01 7.270202713823840091e-01
7.076182735855837125e-01 6.740194073861529578e-01 7.342399411150128952e-01
2.999546212183991090e-01 3.359884733357832998e-01 2.886910817834856813e-01
5.402784036420321678e-01 4.975507574850602799e-01 4.794061245692652906e-01
5.022716867376876282e-01 4.985865055452490813e-01 4.301742139259166486e-01
4.095561891087909911e-01 3.669845067721621557e-01 3.665763767083021762e-01
6.545993627351555100e-01 7.124148260464890914e-01 6.994748947913616011e-01
5.603793528680559577e-01 5.542634845692471224e-01 6.055250480154533710e-01
5.665903067022395323e-01 5.293047199775764433e-01 5.927418797028523034e-01
6.426676960423607365e-01 6.535859241456348778e-01 6.763368742821559421e-01
5.204162778416555613e-01 5.228643722159064255e-01 5.010980039445878109e-01
6.173093449271780386e-01 6.737695477042342507e-01 6.379702837045270192e-01
5.267757363898187828e-01 5.737316956517448663e-01 5.083425070526834677e-01
6.095211497545074408e-01 6.177698713901537131e-01 5.881094835805987797e-01
6.263498556723293698e-01 6.222902408144036501e-01 5.726655895870499391e-01
4.433980112492434955e-01 4.865949392528128303e-01 4.816853954973231988e-01
6.468433628397476376e-01 6.468069733608302618e-01 7.076329625913607702e-01
6.152494464992649403e-01 6.461278101754976966e-01 6.377396131888766195e-01
6.375069058266843447e-01 6.475301367949141129e-01 6.515462918696325323e-01
5.111165253825428190e-01 4.487605246337096343e-01 4.813334424046695759e-01
4.751587967789258071e-01 4.519219691822631280e-01 4.331840222749562264e-01
6.295214423988775287e-01 5.676283005951415772e-01 5.279307900198548786e-01
7.415871794050763466e-01 6.870076181506280522e-01 8.002800689697253667e-01
4.356466346883187679e-01 4.683808768051350713e-01 4.899473929095538027e-01
7.169069149569372579e-01 7.417909992660125518e-01 7.405241175431076517e-01
5.699471358219471151e-01 6.413174128766280235e-01 6.073452158354732955e-01
4.749110041507680346e-01 4.662730702230318269e-01 4.461691678013841034e-01
5.483959000451713584e-01 5.930670394612850282e-01 6.207984727966506799e-01
5.919241641596258985e-01 6.075802240248169284e-01 6.134011148587165119e-01
5.104815478760696967e-01 5.159064615671149490e-01 5.161191211931458467e-01
5.522789818584933341e-01 5.884301618788738697e-01 6.049627059479516511e-01
5.474886237038572023e-01 5.838031200059627945e-01 5.803558240867224827e-01
5.865862749580885716e-01 5.509276023515486953e-01 5.773146070413919251e-01
7.915891274812811851e-01 7.746130124054870780e-01 7.470438922282438554e-01
5.176134851538105597e-01 5.114610338816878432e-01 5.042152621198721096e-01
6.191085003817144994e-01 6.350324138048555334e-01 5.953253395194607611e-01
6.670146463770094680e-01 6.276415034066380461e-01 6.071977111981511355e-01
4.019914011375190221e-01 4.397450667196201590e-01 4.564745520959975766e-01
6.024886027559519519e-01 5.698594865863029213e-01 6.365079105599807940e-01
6.443940436751108836e-01 7.246832206159382617e-01 6.738985749415431492e-01
3.227442929015069129e-01 2.934956344777936432e-01 3.270428099995249527e-01
4.449242532017232410e-01 4.659484994963907223e-01 4.091584748357895429e-01
5.758476375095887834e-01 6.338537959731672666e-01 6.523221141401528422e-01
4.695042017048920990e-01 4.640050180369987287e-01 4.791996182837624518e-01
4.829314108367044889e-01 5.522804461511988672e-01 5.505856298269883320e-01
8.622245552601489615e-01 8.668602493057667724e-01 8.768752106934515345e-01
6.038602247842010939e-01 5.952353234579207397e-01 5.818089454755542844e-01
7.213659799807015105e-01 7.832985640568070895e-01 6.988110067194868158e-01
7.100617419793896490e-01 8.052988164785865877e-01 7.827953494395568645e-01
6.992721231778259439e-01 6.536053276927067390e-01 6.828722097217840847e-01
5.080076593640520111e-01 4.604367409928714072e-01 4.930228818934285773e-01
5.300637037690367759e-01 5.649987424624375310e-01 5.159653928753976659e-01
6.794442220811556243e-01 6.142849758125530357e-01 6.529631182173821768e-01
7.238492546878487754e-01 7.460018946479466395e-01 6.904548736939882803e-01
4.474712695410323904e-01 4.060542901555784789e-01 4.960320038303339119e-01
7.388392951222555460e-01 7.839384113932341691e-01 7.418745871682826953e-01
5.366631012254559074e-01 5.320886178271255762e-01 5.774218977133259711e-01
6.390474597975023263e-01 5.953540373854366852e-01 6.529752779840212185e-01
6.095080954448557353e-01 6.843609664422029004e-01 5.759837861186936081e-01
5.840990892114712452e-01 5.282905176220926702e-01 5.777896676340886772e-01
7.868115438640446158e-01 8.070372139544580437e-01 8.427129494215688243e-01
8.437120151375081534e-01 7.736345858539364073e-01 7.596998690885533589e-01
6.283296964937726825e-01 6.063090369203071317e-01 6.714599642234899690e-01
5.135773768783666871e-01 5.348405403236667910e-01 5.341614986163184531e-01
4.962854637669138480e-01 4.505519897628351145e-01 4.668674723246195035e-01
6.438976475983669845e-01 6.578846869575726286e-01 6.814295330086083124e-01
6.668049810681735412e-01 6.467228886069158467e-01 6.737065836887440318e-01
5.983133843623081871e-01 5.992293915181015063e-01 6.073318588912502980e-01
3.982368075582717326e-01 4.157900406923171199e-01 4.260689854893868200e-01
3.751123178209547215e-01 4.172807327475989703e-01 3.101448729709491148e-01
6.786988315285740203e-01 7.594625910613570507e-01 7.604978980742377326e-01
5.812639405889374888e-01 6.284868457281791443e-01 6.184598642043138694e-01
6.915897685470022704e-01 6.703941289951906857e-01 6.964705102560754257e-01
4.523662261161307541e-01 4.061460343464836642e-01 4.331349438939027796e-01
6.189306308648140353e-01 6.406898493879191747e-01 6.181790997660610021e-01
5.193282261173316483e-01 4.900542021278710969e-01 4.931436566026151658e-01
5.682837791969728158e-01 6.115882134817088867e-01 5.793313258385333064e-01
7.476703189801043870e-01 7.327588409293289695e-01 7.372764611157782699e-01
5.780315743179661458e-01 5.326934080371612534e-01 5.534521194800093857e-01
6.055297409814313081e-01 5.916691521781241025e-01 6.040802260203079754e-01
7.084969909101941354e-01 6.569387061141234163e-01 7.229084572489425931e-01
7.593045714699737658e-01 8.074788965088165460e-01 7.747728799594773008e-01
7.064258412336170689e-01 6.527173825293848264e-01 6.744329253304790495e-01
8.781791173385932181e-01 8.572225738861374289e-01 8.730521625480512915e-01
4.857554462432416287e-01 4.365635239475147977e-01 4.618462552215861217e-01
5.086007086778225883e-01 5.266647235533965521e-01 4.505530710779897530e-01
5.430154247064977735e-01 5.617504180864519858e-01 5.671321947031778832e-01
5.989695132736009286e-01 6.206822269529622682e-01 5.505116109949125258e-01
4.403394940236495247e-01 4.595283074212901386e-01 4.342355246335562469e-01
2.965486843096242220e-01 2.968717084040787824e-01 3.057755298071578309e-01
4.562736654926463631e-01 4.464687351745695865e-01 4.682875662386403182e-01
5.988236854976376478e-01 6.065079355754100510e-01 6.072491214508715096e-01
6.500770290396155060e-01 6.787575424699232585e-01 6.635222727160968725e-01
7.954247129642564307e-01 7.845646942053287054e-01 8.385490736739753537e-01
5.326743914844013217e-01 4.995301710821629659e-01 4.892276884267000581e-01
6.704656409784455207e-01 6.258422494775074396e-01 6.320812763240097887e-01
6.080115607138791844e-01 6.324633497348345346e-01 6.142484913566871318e-01
5.704180723375160689e-01 5.696923623645487877e-01 5.786204292379579783e-01
5.735801484375268045e-01 5.820995081436756147e-01 5.434699373231023367e-01
6.128403611055903699e-01 5.653251993039075662e-01 6.278867460104854414e-01
6.217934006960321724e-01 6.233462247435679338e-01 6.237486220749729471e-01
6.246758193463408659e-01 6.800870684856127335e-01 6.549785813761688225e-01
5.410360532448333926e-01 5.609608776260930352e-01 5.625654496245489078e-01
6.566570152528652393e-01 6.756777898765413681e-01 7.253529202472316362e-01
3.613813255385414647e-01 3.762343734797629624e-01 3.386025277180090831e-01
6.245208096404902820e-01 7.047973547746047007e-01 6.738296053470232971e-01
6.447694742726683970e-01 6.786525650716821456e-01 6.985289752431139698e-01
5.066272279182368887e-01 4.729541115540105145e-01 5.162248911372139260e-01
9.232366180635512842e-01 9.406478415190078213e-01 8.781531879119237605e-01
4.720968519375913774e-01 5.471773942352007314e-01 5.002642456540312699e-01
7.016955880355876252e-01 6.649858426558984403e-01 7.286556476513501579e-01
4.043082886021342470e-01 4.030526872384231907e-01 4.638154373705375977e-01
6.043784142908605883e-01 6.710062089455806067e-01 6.368705560840912661e-01
6.691465177636860551e-01 6.680660592437970280e-01 6.523391761013609402e-01
6.451377850362165489e-01 5.935024168480862450e-01 6.043905970350273993e-01
3.923103963671298322e-01 3.762732306980256514e-01 4.051407386712385650e-01
6.340540476540291737e-01 7.085592559987480277e-01 6.285751826951878618e-01
5.915151429705777231e-01 6.025151710748525291e-01 6.033209053347728945e-01
4.912607027765351075e-01 5.165817810837631807e-01 5.192439865652157538e-01
4.636953903963304535e-01 4.779857943568684986e-01 4.161112842579808291e-01
6.994159094578448199e-01 6.926420488248290486e-01 7.875228687854023413e-01
5.751609799055921179e-01 6.235463656923269093e-01 5.590370424186739129e-01
8.451942678417065924e-01 8.120433790471512925e-01 8.359764894975459937e-01
5.125073226637207879e-01 4.874089335827762048e-01 5.057088163878813436e-01
4.294562622889449011e-01 4.736904366926558696e-01 4.711108238733287545e-01
5.285433672325914323e-01 5.942775388543931614e-01 5.526477106830968156e-01
8.360351097526463882e-01 7.908398968120842198e-01 7.921454351502406066e-01
6.774992783413095188e-01 6.749649647350898229e-01 7.404249552196551232e-01
6.278295012141611453e-01 6.449843130064562002e-01 6.169959542384154672e-01
6.475698101473966739e-01 6.484873347436385105e-01 6.670570537373766706e-01
4.690471985605497718e-01 4.339165534333466190e-01 4.370737781419173906e-01
4.727491832195195864e-01 4.986362993808522437e-01 5.208012445071182883e-01
5.441070812529883449e-01 6.213293064868797844e-01 5.888770580035764812e-01
4.370807406356715386e-01 4.341533997358486552e-01 4.294873304752135912e-01
7.500779729266929818e-01 8.003230314071617668e-01 7.588228372161895940e-01
5.547249125102312606e-01 5.234197790007497630e-01 4.921565272072014330e-01
6.311609330080059088e-01 6.166875980664263679e-01 6.487761132093586847e-01
6.313857509663765022e-01 6.205388242601033166e-01 5.597338188433680362e-01
7.166025915209444097e-01 7.305613003799685812e-01 6.583963905960890095e-01
6.438292960822670219e-01 6.229260123541228156e-01 5.968418623782048016e-01
7.548586598498687739e-01 7.981623702842012280e-01 8.504390758067572609e-01
7.927261915012878690e-01 7.893425764252360866e-01 7.734253711724716762e-01
6.228968621192092492e-01 5.534953732475316190e-01 5.955784536043557953e-01
8.111855821925263443e-01 7.744035836804384898e-01 7.426948403458280001e-01
4.852464085232742752e-01 5.528766851380821912e-01 4.691363476301650959e-01
6.034574302416799707e-01 6.352416850913646940e-01 6.417959252798323133e-01
6.381404670994685890e-01 6.564819930074373699e-01 6.056824119890017455e-01
5.700756330641619796e-01 5.883101959332698305e-01 5.736980929717814259e-01
4.919451837122439386e-01 5.369516830973624089e-01 4.898491258503961387e-01
7.255699041159220375e-01 7.481314747489535844e-01 7.474481409944832011e-01
6.168295045966718515e-01 6.293216946181955374e-01 6.257731067628666821e-01
4.353054858792536619e-01 4.279208302945721187e-01 3.713559905518284410e-01
6.090505655620004344e-01 6.463593230262446587e-01 6.087976084695067014e-01
5.987374746714351215e-01 5.360225527372440846e-01 5.842089304102151548e-01
4.380507160005942535e-01 4.112575095967073713e-01 3.829717892352089703e-01
7.045857817720971861e-01 6.222655533688687957e-01 6.974073289440783086e-01
7.640623665919118457e-01 8.092031490934797899e-01 7.838293164113263600e-01
5.474602912674682020e-01 5.119126515774646835e-01 5.347285530028654810e-01
4.657627106395304528e-01 4.445788948313604827e-01 4.184021138239715221e-01
4.906507849941511012e-01 5.303422371779175082e-01 4.921346677753464238e-01
5.736775637587691046e-01 6.375241894599095183e-01 6.547161247034828380e-01
5.312963301949349404e-01 5.295592621923277399e-01 5.299318368406784607e-01
6.734986692088575921e-01 6.591036309741024057e-01 6.400893435010082122e-01
5.110423498805307663e-01 5.324950739378820908e-01 5.472207884432042091e-01
5.964147417461103107e-01 5.985703555029010525e-01 5.778290697011817523e-01
3.830568003268197685e-01 3.918896499439178394e-01 3.924997525194456327e-01
6.274710923364457127e-01 5.366505665464414987e-01 6.003912235591568614e-01
4.905684556234204408e-01 4.207523820318833097e-01 5.004070713395744052e-01
6.617714462549414423e-01 6.813229416694606133e-01 7.061858329877432894e-01
8.474914156100062934e-01 8.534175639216208253e-01 9.048900283912209019e-01
6.652659234491504758e-01 6.652994100699346491e-01 6.293443352809018343e-01
6.319254971001907473e-01 5.990408959904272024e-01 6.093811968403657353e-01
5.578019302829895221e-01 4.819146078973428615e-01 5.168876649025989645e-01
6.525633499788795477e-01 6.057816648029299422e-01 6.187829845431529474e-01
5.658883956987608155e-01 6.084477226528641758e-01 6.152910534160260791e-01
7.450487282535656064e-01 6.676744642035932209e-01 7.198891789763666171e-01
7.031514449011189161e-01 6.751248137231991020e-01 6.463990217325644716e-01
5.441228773526258777e-01 5.086419875864351958e-01 5.431729569854848449e-01
8.277321145748924858e-01 7.969478899508674052e-01 8.344648108873329306e-01
5.940478951558568754e-01 5.475265385265318807e-01 6.137442656482690051e-01
6.829327347129741099e-01 7.158870951824531925e-01 7.097319773457294589e-01
7.120471239298166166e-01 8.128126238682538141e-01 7.693309845374538547e-01
7.481534966924532348e-01 7.814040401590622853e-01 7.490089124143776145e-01
6.787798752206929409e-01 7.864039379614746750e-01 7.135782027280810347e-01
5.599627806878785252e-01 4.679948779919373969e-01 4.765082868521185455e-01
5.582826233972700836e-01 5.163233156531847889e-01 5.291135893416655245e-01
6.019893508067412080e-01 5.487270646831992060e-01 5.529138020893077377e-01
4.779653401271499735e-01 4.971037250189608847e-01 4.987515190133081644e-01
3.484216317285488418e-01 4.193454088644705258e-01 3.892136022437043819e-01
6.415136443800130150e-01 6.987539464577505743e-01 6.584562766074263385e-01
5.475035466010882423e-01 5.937596536982816531e-01 4.978506039607655254e-01
5.955971098205384839e-01 5.913157004048738008e-01 5.831632420654631055e-01
5.925220628717765559e-01 5.937108535097382900e-01 6.333425852947908163e-01
5.122219138960761864e-01 4.669861497733879263e-01 5.013839150095504849e-01
6.160237524808562792e-01 6.289552364651139760e-01 6.616839681592021627e-01
7.642537987919910680e-01 7.894215828150882297e-01 7.811609348400555541e-01
5.610177099153760283e-01 6.049373596729055169e-01 5.930164992323729845e-01
5.693859440440283137e-01 6.116005942027015196e-01 6.078951509941935560e-01
7.008845718768735855e-01 6.902631521503571621e-01 6.849592112083926487e-01
7.050574927769084344e-01 6.337756080473190279e-01 6.849954872109771387e-01
6.003734543427262649e-01 6.789030902858406158e-01 6.077866465040803190e-01
5.932535937302071405e-01 5.404619606060006021e-01 5.809125002911567082e-01
5.881802322974652997e-01 5.649561847754389632e-01 5.306345882395007152e-01
3.818906393774586516e-01 4.133426999920098432e-01 4.736544454067011523e-01
4.533882473112667566e-01 4.804168986112811734e-01 4.768810293781871046e-01
6.638318074775986233e-01 7.040151190988197527e-01 6.676015801802070992e-01
4.393421981255942743e-01 4.606044077233427680e-01 4.258186809877643753e-01
5.612110358479043271e-01 6.031692843335607623e-01 6.259487518933327665e-01
5.383251198163152562e-01 5.410480138467264055e-01 5.400182877700007156e-01
7.038391958428933393e-01 6.986901762640789215e-01 6.848052817567563677e-01
3.790366958021150756e-01 3.932392634266799192e-01 2.816472093115573450e-01
4.289335569838045314e-01 4.340419551413013388e-01 3.315305953491102797e-01
8.610752825766686547e-01 8.673666291610060419e-01 8.767843388174807462e-01
6.482397793390560770e-01 6.513078713449829138e-01 6.357866009501660365e-01
5.582005302824120108e-01 5.840095313094215701e-01 5.592097220542414648e-01
6.159422493735421389e-01 5.907127344321071449e-01 6.284784962627643079e-01
5.584304149725159983e-01 5.626137824537325027e-01 5.929853784908243330e-01
5.243192124058398962e-01 3.750832223785300901e-01 4.861617784623387117e-01
5.134029474162972173e-01 5.180540883476025815e-01 5.180708013504274900e-01
4.194081937186071585e-01 3.964452169816073956e-01 3.550361575521133184e-01
7.554421990005804055e-01 7.448392926421476545e-01 6.723353079329170701e-01
6.075880955546841822e-01 5.789701586852302739e-01 5.746099006442376700e-01
4.414182001909766617e-01 4.001519280836220993e-01 3.941488521338183948e-01
5.238925816586804673e-01 4.668902790417029935e-01 5.046720645755561341e-01
5.579842175701531515e-01 5.721122434462804218e-01 5.524215118280398906e-01
4.434651788142883744e-01 4.933001175946962746e-01 5.216582099885828105e-01
4.127464754032286187e-01 3.595264910581623119e-01 3.855836342803382610e-01
4.750320713814393803e-01 4.635505329822693921e-01 4.666746278319242047e-01
5.138378796928126935e-01 5.224644729938615617e-01 5.695532263243436866e-01
5.175038420701274511e-01 5.463965322469641617e-01 5.185700566485941243e-01
5.838102473986873653e-01 5.510316427312744736e-01 4.841890048280436676e-01
7.649336689388451793e-01 8.096124961107904472e-01 7.886959113272484778e-01
7.043921245769697581e-01 7.894909032586591158e-01 7.747785555974123772e-01
6.233088654796807848e-01 6.777782190782868366e-01 6.316482615582906801e-01
6.960289631719974723e-01 6.683660542716038933e-01 7.441162348527543546e-01
7.014176122269140112e-01 6.942841720273136286e-01 7.044563704599622334e-01
4.875561181777356423e-01 4.630040397323652024e-01 4.698477178139207622e-01
5.441780672460667656e-01 5.241324966819000952e-01 5.182498574208391773e-01
5.406231058942154721e-01 5.112679338282672958e-01 4.661942181666269835e-01
4.661120987908011215e-01 5.427721553401817500e-01 5.039705821083649839e-01
7.487701555410427590e-01 7.719640639363279933e-01 7.599983871359918819e-01
6.925259316009775290e-01 7.375535222849406436e-01 6.962618248041202440e-01
6.597671845353652031e-01 6.954000313271783140e-01 6.473545764111501288e-01
4.409928064423201954e-01 4.641726730352527253e-01 5.068094106627738515e-01
5.390273776515847048e-01 5.641544973444343469e-01 5.539499515810520913e-01
6.568736296627545324e-01 6.484259078384194686e-01 6.130070762818925489e-01
5.570680305787614195e-01 5.899749912646473637e-01 5.718049375123250844e-01
4.938676596886791836e-01 5.303207700434918737e-01 5.431305062725989563e-01
7.156629326803459756e-01 6.564919140610430137e-01 6.707068703355059114e-01
6.765280746248311106e-01 6.697472808230111596e-01 6.940930988591712536e-01
6.169946955088129181e-01 6.445681477198812459e-01 6.159113613621560734e-01
4.758155828875250681e-01 4.526642049803180079e-01 5.150425909491364029e-01
4.706146663119619711e-01 4.297023244976226342e-01 4.880032112955874357e-01
5.971515429601195191e-01 5.971915365280024979e-01 6.825532620342856793e-01
3.920955169871618851e-01 3.880488268080335423e-01 3.773773907827471796e-01
5.350518155272254717e-01 4.851832232637106057e-01 5.414829928699487205e-01
6.898732192905747684e-01 7.051396684067318121e-01 7.426639139633250952e-01
4.851520748335964028e-01 5.396544872966381190e-01 5.415699164977744173e-01
6.791603288908899527e-01 6.502828291490994062e-01 6.339797110120787282e-01
4.880062664778900827e-01 4.098017495799392007e-01 4.310101768896075214e-01
6.261146829184914830e-01 6.144049116926423304e-01 6.222683155402021216e-01
3.926114052625956363e-01 3.939239227216467243e-01 3.905389102563264769e-01
7.278644638968111424e-01 7.474903954387581706e-01 7.280489021440306185e-01
7.465873040395395455e-01 7.130284709358442052e-01 6.889389851909946128e-01
4.321369298433784811e-01 4.034586741007474830e-01 4.092360194934255846e-01
3.988137831333636862e-01 4.168803832199486359e-01 4.202835310002323577e-01
5.430562381848114129e-01 5.039948553168592804e-01 5.634146030480621237e-01
6.313339111173801310e-01 6.469770643397485532e-01 6.607884083615220838e-01
7.233684004809931567e-01 7.082821562643953905e-01 7.149027835482887339e-01
6.201215606804976188e-01 6.132254658557299010e-01 6.648274594370573443e-01
8.304850631533825522e-01 8.110038032957496146e-01 7.847371313158438833e-01
5.609559495860904077e-01 5.821694490159516899e-01 5.304478053713895802e-01
6.430419491178474001e-01 6.896252165449580085e-01 7.060996467936317966e-01
7.579076358675694847e-01 7.822397987586247048e-01 8.092277580321369790e-01
5.645021860040912998e-01 6.017106043888659217e-01 6.483111062421887949e-01
4.095782790595182687e-01 4.294736035093386639e-01 4.451803035162394395e-01
4.955329116274269086e-01 4.983054677936083476e-01 4.960572504082236267e-01
4.094638402631901597e-01 3.796737590324870681e-01 4.910097776477741482e-01
6.043204267792392503e-01 6.089514341023414268e-01 6.057839871052018710e-01
6.084778550029114053e-01 5.382917471099210038e-01 5.758453951906998824e-01
2.377888901198986216e-01 1.567364641670179193e-01 2.978526021558350334e-01
5.314299546025155196e-01 5.972022225965862852e-01 5.628033517695323340e-01
3.317302050560974602e-01 3.753141400249944137e-01 3.971606160727637613e-01
2.840058663102892900e-01 3.671467537634588996e-01 3.624424508909429576e-01
5.784230522953937026e-01 6.110906409956708973e-01 5.816963487729970295e-01
7.299547927216919474e-01 7.155392577749530858e-01 6.469732880766932981e-01
6.683855791651941436e-01 6.729056874929054688e-01 6.767327688719206868e-01
6.225242701593973749e-01 5.646817021550947224e-01 6.239404157573464893e-01
7.090513683396660882e-01 6.741287774780937436e-01 7.324541781594063883e-01
6.117957465343802914e-01 6.093653213237580912e-01 6.323881293639406209e-01
5.585214708850889664e-01 5.963568788810628130e-01 5.478173098460309420e-01
4.223503928819937192e-01 4.401882432693570157e-01 4.649902855201947238e-01
4.588962021878156827e-01 4.661573542870525722e-01 4.971921164684610095e-01
5.726919648516810568e-01 5.767635126864618655e-01 5.355407869525580233e-01
8.663426848235632471e-01 9.043585668703122415e-01 9.218309625848634115e-01
6.967131420063211733e-01 7.064746901640083232e-01 6.591971290355826962e-01
4.565696015791605999e-01 4.941451387966800390e-01 4.737586359229968846e-01
5.654555759508826940e-01 5.815212599695991358e-01 5.608749722342782906e-01
6.020819870012033004e-01 6.035994184222148728e-01 5.795774838529051953e-01
7.302788145369674133e-01 7.149790699451287201e-01 6.908976643362371162e-01
4.484329677146219328e-01 4.575168742996921223e-01 4.811454573424801540e-01
7.810405890407360330e-01 7.888496862985695524e-01 7.642329550640103442e-01
4.614074095675625986e-01 4.458147262842159231e-01 4.644520243466676024e-01
8.407836761372644574e-01 8.044163907430683658e-01 7.184174727526011495e-01
3.766855046822487063e-01 3.768528237324471064e-01 3.244266080161405941e-01
4.876385299551395658e-01 5.169286374091901504e-01 5.101353807917518024e-01
6.939656659085647883e-01 6.778130358456466720e-01 6.186987978229819829e-01
4.514139871049617780e-01 4.434119694097410358e-01 4.137399263054755139e-01
4.917308350877583889e-01 5.664963728985116242e-01 5.216612208478186297e-01
7.254968583703063079e-01 7.815071931223287471e-01 7.778377463470456110e-01
6.728230273167689068e-01 6.681796691458264936e-01 6.746738863692187671e-01
6.600580714054842257e-01 6.599487090879246898e-01 6.532358076771117572e-01
5.557590989707277274e-01 5.630592759177130979e-01 5.979652355407385489e-01
6.413971304444662236e-01 6.306822794394950638e-01 6.279476669785307719e-01
8.312125089386831478e-01 7.685783396656274968e-01 8.142553405174641767e-01
7.434118708580657042e-01 6.296639109371023890e-01 6.737685729570128679e-01
5.582926335806770446e-01 5.420696868918780664e-01 6.200527879543829002e-01
8.637206302969129279e-01 8.694116968979582749e-01 8.770990386755976864e-01
5.800508318657888740e-01 6.351960167099583998e-01 5.914589519034996190e-01
6.227635385546654856e-01 6.849800353262723851e-01 6.421216134141288778e-01
4.772548699923862547e-01 4.828748608766731953e-01 4.909913813730326093e-01
7.943519289130152039e-01 8.632352588898744017e-01 8.813253050943208322e-01
7.196714921581631730e-01 7.249663678055061622e-01 6.747768770530438998e-01
6.603972317489920085e-01 6.526697669634352605e-01 6.420555424750814533e-01
2.827143711867676212e-01 3.385842025865096749e-01 3.696035673172750613e-01
5.039643142780736440e-01 4.503817963315357997e-01 5.010824803899046609e-01
5.670212938747190012e-01 5.671820176676805048e-01 5.713999163805874026e-01
6.625081023317743734e-01 6.806990742651841675e-01 7.181292455313577072e-01
6.465423558572047646e-01 6.102289564508509567e-01 6.770380565979629006e-01
7.569234890625164969e-01 7.399127677406029946e-01 7.315854324485951965e-01
5.746101250023776252e-01 5.652260416234128337e-01 5.687456625017013323e-01
5.174748985500534637e-01 5.870549463027374681e-01 5.447941866280309187e-01
5.857465426248215090e-01 5.997190854364998769e-01 5.570246394340985230e-01
5.984215414844983316e-01 6.132763191544918779e-01 6.361513931307294367e-01
8.017804663892208472e-01 8.120642159548993044e-01 8.409633132218501395e-01
4.611368651656934103e-01 4.942811520561345984e-01 4.719772131755678446e-01
4.945273899118848293e-01 4.878343447980529324e-01 4.698368639151171422e-01
3.034171265956865371e-01 3.299915136093991563e-01 3.386305855972238654e-01
5.046701668539276264e-01 5.172425980545531932e-01 5.626502168253960656e-01
6.028486953708256380e-01 5.833274409313247144e-01 5.071104298450800352e-01
7.267434438405349084e-01 7.167645815147999366e-01 7.737805237163835059e-01
5.113923114470999565e-01 4.903184394465428531e-01 4.782941147216580591e-01
6.075763071670636783e-01 5.251578418183835417e-01 5.085913418521457174e-01
7.628133139395218976e-01 8.146334109600501527e-01 7.385225808681145088e-01
5.234854715371973777e-01 5.260520634580893029e-01 5.012294318936935111e-01
5.109461610297970635e-01 4.921265791384076271e-01 4.726548888446904795e-01
5.661699030410476396e-01 6.011039858038178529e-01 6.118691566010309169e-01
5.905533823557090889e-01 6.584001311430913717e-01 5.804405723205924295e-01
6.807516803847122322e-01 6.587434449080851184e-01 7.464594015551064832e-01
5.974259381605446784e-01 6.076645210211516490e-01 6.212407113423702443e-01
4.798666452999522103e-01 4.610662073557323937e-01 4.761020391931709006e-01
6.286160222312577872e-01 6.633398957010750996e-01 6.432692598653571014e-01
9.017285654238980097e-01 8.896736864178326210e-01 9.248582715698649981e-01
6.994597503977777464e-01 7.383734251065493526e-01 7.525475915694391782e-01
5.198767905588640437e-01 5.478204232956019881e-01 5.637036630541850668e-01
5.042146561912280722e-01 6.121699013006851597e-01 5.440547817835290623e-01
6.346918015301120652e-01 5.940159184591965458e-01 6.652964091236569510e-01
6.509514562264963056e-01 6.783375510876333836e-01 7.039144807616314337e-01
6.695998982146670331e-01 6.256607507517089051e-01 6.360967408755199282e-01
6.839687204315815228e-01 7.238621542546362919e-01 6.960720499690866703e-01
6.468166841027058744e-01 7.011366177373492548e-01 6.830245343195375796e-01
6.948528751169384954e-01 7.067448979298263101e-01 8.121897929938752814e-01
8.237515916735553834e-01 8.936073534539903385e-01 7.925386524977442448e-01
6.308173603649018801e-01 6.164483928397817003e-01 6.152185927818422106e-01
4.012824506633764776e-01 3.916669818782771983e-01 3.541462570171607371e-01
6.339961497693651360e-01 5.776629243256046209e-01 5.866286547182524291e-01
6.877327688374592629e-01 7.007726976516557293e-01 7.076601226179338733e-01
4.655533471292669923e-01 4.310194578646177055e-01 4.589705347429441917e-01
6.923415560246087841e-01 7.167983549650640551e-01 7.205462947575770327e-01
7.801459771741875437e-01 7.918723771363197494e-01 7.532962990366349754e-01
7.275004201180511609e-01 7.108734216084906521e-01 7.678332099097350261e-01
5.425934688605645873e-01 5.232745920259932459e-01 4.725185815081130447e-01
5.765820385760260791e-01 5.646065559306255865e-01 5.050559952407539521e-01
5.930049594150884618e-01 5.782082406863598978e-01 5.419677079237472661e-01
5.297931549669787632e-01 4.802709101963595906e-01 4.418658394632530850e-01
3.661206104044738563e-01 4.114516323833763423e-01 3.747934239995086569e-01
3.884627105632174060e-01 4.173782629803572952e-01 3.778794759322768315e-01
6.720492558584019172e-01 6.395762394038593257e-01 6.850600362210524930e-01
7.693752603882891838e-01 8.013571608647048761e-01 7.571532813979828802e-01
8.310306101261030198e-01 8.705121921037962673e-01 8.088498572398499231e-01
5.998648895947732429e-01 4.917983189114911169e-01 5.818569106412672109e-01
5.568284557522964473e-01 5.545208064346820453e-01 5.241622288035128197e-01
6.231787852639352199e-01 6.679062602911861601e-01 6.787895406035453494e-01
3.975724349551149617e-01 4.395763982358546484e-01 4.788114664869260184e-01
7.622027197204315208e-01 7.723029734154850390e-01 7.522591826860498543e-01
6.462061560044722874e-01 6.044970079875103819e-01 6.550574675300534500e-01
5.142878884015179564e-01 5.335784035138677606e-01 4.902743203363320035e-01
5.346169496577045654e-01 5.574956797176932044e-01 4.653144587503252327e-01
6.453554737651604478e-01 5.986620511338800465e-01 6.293525789574043738e-01
6.724005760194248227e-01 6.053130127995424159e-01 6.525311343487417703e-01
5.724958395091103158e-01 5.372762732015742282e-01 5.489633783386648203e-01
5.077968964003730656e-01 5.181449506843908148e-01 5.051833020210259040e-01
6.418286194779461162e-01 6.226500779275353503e-01 6.423301292000138663e-01
6.936812636066330695e-01 6.227205100407914307e-01 6.744273632367454585e-01
6.952295685779907863e-01 7.379441381264525424e-01 7.308067627789575083e-01
5.473014924909176404e-01 5.158928210083382204e-01 5.520090305454454782e-01
3.227153408382915645e-01 3.442970223200759738e-01 2.922011755523456489e-01
7.134600658353249525e-01 6.641587095413443720e-01 6.280756708102759323e-01
6.621443054721195542e-01 6.014937424247631670e-01 6.399479883748522280e-01
5.075089664857400651e-01 5.432148811161919832e-01 5.524076877531662877e-01
7.650116552590069396e-01 7.855536075706019972e-01 7.380463941017737506e-01
7.356941437576201004e-01 7.363184660578133700e-01 7.298387231927353502e-01
7.870344279496833684e-01 7.921370534332646818e-01 8.103223444457877678e-01
4.715749473390811741e-01 4.622579707468516541e-01 5.125086820971064272e-01
5.219535629755018835e-01 5.076020160089537159e-01 5.713649350117046000e-01
7.729946533566312006e-01 7.170423821885402171e-01 7.335918071038070032e-01
6.062681980355801858e-01 5.824887440303525565e-01 5.801035585087768176e-01
6.107600475958294695e-01 6.180860621297883384e-01 6.170577145093051330e-01
5.315791409781288612e-01 5.494905296668800565e-01 4.831082911209101938e-01
7.525713368746014265e-01 6.833027282786984236e-01 7.250661980141680507e-01
7.475840363801690147e-01 7.757918694324892339e-01 7.247903842104879146e-01
6.262339693878401503e-01 6.536846170242456289e-01 6.152508792314966835e-01
5.180202369795209316e-01 5.000391898300249327e-01 4.828148217640286788e-01
7.133446076675998837e-01 6.508132886489850222e-01 6.715873072183728976e-01
7.234100002504013638e-01 7.078768413394893599e-01 7.142973217336003877e-01
5.482341485005558512e-01 5.584264545339221453e-01 5.151020200783534841e-01
4.472375580013116525e-01 3.886172205114888922e-01 4.016684695382239378e-01
7.392036885087110987e-01 6.929715661101196744e-01 7.365240514281798934e-01
5.620504853378487375e-01 4.879508275830632957e-01 5.470653819042498034e-01
6.803441224492912109e-01 6.902257521454175926e-01 6.764521785974082491e-01
6.645544456851442128e-01 6.622353918521005633e-01 6.801853943413317394e-01
8.306228339199340782e-01 8.753813391993788828e-01 8.538691475758144467e-01
6.603387680679414506e-01 6.842498073621087196e-01 7.008093401895465480e-01
5.657671328718417714e-01 5.778249024549083623e-01 5.633646708233693845e-01
7.539749522441945295e-01 7.367954708867860969e-01 7.760539572924542995e-01
5.273092446842551073e-01 4.801536853840339680e-01 5.209314494361259040e-01
9.455058456786836762e-01 9.416068954318455031e-01 8.921339843158903049e-01
7.034316266677881346e-01 6.767521963236766691e-01 6.614622831125038793e-01
6.157633155457323815e-01 6.018155232811610578e-01 6.080739784160696937e-01
5.448704091403376859e-01 5.394376369339262123e-01 5.119133280627932159e-01
5.506140881109369278e-01 6.313687235540824672e-01 5.505084998501083016e-01
6.385989228941264528e-01 7.129277717092152855e-01 7.244616677451426456e-01
6.086831121714827431e-01 5.837460017608763208e-01 5.855528500923399271e-01
7.855633953729467267e-01 7.604976125392329811e-01 7.471733019669614118e-01
5.888975789397852267e-01 5.643302444777056337e-01 5.919556711558402462e-01
4.611141532663666220e-01 4.071046173899499077e-01 4.059393166064653169e-01
4.507818309197078599e-01 4.547024379325006471e-01 4.334156380626995042e-01
5.955539691450348894e-01 5.922225526785197536e-01 5.778576474620192860e-01
5.473111354855264565e-01 6.344753822222614081e-01 6.416466540247262040e-01
