5.778176180481386925e-01 5.819933693952865639e-01
5.143318259297944284e-01 4.884864599384925454e-01
7.858075345285272517e-01 6.929298921941745570e-01
6.873254559165362654e-01 6.572885378411663648e-01
4.913812807020325746e-01 4.667242594896207075e-01
8.842041477244189096e-01 8.227573482726233678e-01
8.101418093943077992e-01 7.852876054229249725e-01
5.425454061839699582e-01 5.962687643942127247e-01
8.071111706042294331e-01 7.174296345915948114e-01
7.241720823557650233e-01 6.045806470349325279e-01
7.064903110601703506e-01 6.900290495487289011e-01
6.070127877744265765e-01 6.754491008738933155e-01
6.528143129192937044e-01 5.749282146454169906e-01
7.764270119593367214e-01 8.386456953556403748e-01
3.775026253622878469e-01 4.357317729706364773e-01
7.734749296634453319e-01 8.102202839302461435e-01
4.651478273123899054e-01 5.102165138049191695e-01
8.065162627531459183e-01 8.338549784938120712e-01
7.035581750105983634e-01 7.222372137468007214e-01
5.507904383637149959e-01 5.559613519705342011e-01
7.549068820103423949e-01 6.555177654597945658e-01
6.881938145890268421e-01 6.721936795947628385e-01
6.978133403340498475e-01 7.451513953340758167e-01
8.343670667297258259e-01 8.344566581656192028e-01
8.367537185545521616e-01 7.066246143999144191e-01
7.967273476140874777e-01 7.393269725748765619e-01
6.548672401390382980e-01 6.193924961741588131e-01
4.737958114154348643e-01 4.862089082803826012e-01
7.013012078164155838e-01 6.829092218261783032e-01
5.463633526770707016e-01 5.697687227307598468e-01
6.175794151543921862e-01 6.948978497738161897e-01
5.694751223934649831e-01 6.341535019997120992e-01
4.191440084696430590e-01 4.650669850992035226e-01
4.479926626883491969e-01 4.539571532882187843e-01
5.483759927509757048e-01 6.228883784462875273e-01
5.797418132617887521e-01 6.760762804832171069e-01
4.822195938895478262e-01 6.103273654954305405e-01
6.075983127560433683e-01 5.178252418892153042e-01
5.398192662691916333e-01 5.484654741886412221e-01
7.099005482953303359e-01 6.630491784572590808e-01
4.882008670126058991e-01 4.382084150455538563e-01
6.571866637466163841e-01 6.792202471595256696e-01
6.489944570530220558e-01 6.184261473756574867e-01
4.950543701633230431e-01 5.070703763820555432e-01
8.401674398695851975e-01 8.877021454415555679e-01
8.078634742731702900e-01 8.380312096332862559e-01
7.271920371979692099e-01 7.079827355894814378e-01
6.164455067298553193e-01 4.930313974602693050e-01
3.836831303583101427e-01 2.890204212423231889e-01
5.697850843954539446e-01 5.454693858975643295e-01
5.633724332611083074e-01 5.707794613841778997e-01
3.310424054182643516e-01 3.245784701683772644e-01
5.917754520141788044e-01 5.956231375205990330e-01
7.607895278450161891e-01 8.195858193359181199e-01
8.127167938136055092e-01 8.511822310031600392e-01
5.116272323362190955e-01 4.891974791710510528e-01
6.172163202003768667e-01 6.546947750823142176e-01
7.151717130723970195e-01 6.027573466773140654e-01
5.177495669108260756e-01 5.794705863460534179e-01
7.935654583717258737e-01 7.634079262040528446e-01
7.146780546330177009e-01 7.705617634029618968e-01
6.308927960361743192e-01 5.944078879414471661e-01
6.518524403799288436e-01 6.858784150147030356e-01
3.982517780284354214e-01 4.863446924020293216e-01
5.328630048101273831e-01 6.494407346045164564e-01
4.731836016404892264e-01 4.017647518641392912e-01
8.973649003958995563e-01 8.541179470389678174e-01
2.747971481170374819e-01 4.232641054057839636e-01
7.972390652644951725e-01 8.394577419233653082e-01
6.339997799225918218e-01 6.418790325531336105e-01
5.863800453223685372e-01 6.291011156299198825e-01
7.042434626093585504e-01 6.366197833763904690e-01
4.820963188684072587e-01 4.770813271007703915e-01
5.315369848624149629e-01 5.413825164972925208e-01
6.078454495584124651e-01 6.631950520938816318e-01
6.786495305012177903e-01 6.845107231248711566e-01
6.673868592333849215e-01 5.966208821912268867e-01
5.222260435160103187e-01 5.430786750973656263e-01
8.590943604309988491e-01 7.431138362185574220e-01
6.004339498658135543e-01 4.976301708088159970e-01
6.832691333867538797e-01 7.564547248940179935e-01
5.801974121482493807e-01 5.639344416258242898e-01
7.481364245284995995e-01 7.263075598354913343e-01
4.798941220186757617e-01 4.383140454600853442e-01
7.651786027453620909e-01 7.253187624192197758e-01
4.409812336164317115e-01 3.924113211294707471e-01
7.405362638914644302e-01 7.308629574718111810e-01
5.794894495594336004e-01 6.353158939649525827e-01
6.366376474626675996e-01 6.767859304047418867e-01
6.222978082705162839e-01 6.137018168970945764e-01
5.606495867656557941e-01 6.151640157485456228e-01
7.927448760073193545e-01 9.082964232000437788e-01
4.832081590795533899e-01 4.774032301796572453e-01
7.047451701845544036e-01 7.059244589554722893e-01
6.796662325611413369e-01 6.596653312500406763e-01
5.727531537119385785e-01 5.756155021550712902e-01
5.799649880341107844e-01 6.184184627307344195e-01
6.170300722953780959e-01 6.709631396512385493e-01
7.185582240806044352e-01 6.756753132335130418e-01
6.086157581998503652e-01 5.694741975666963718e-01
6.604726069775456176e-01 5.791187399599043717e-01
7.383589216789625542e-01 7.373738717405291521e-01
6.230630356137649706e-01 5.521667882525453930e-01
8.020310561121845039e-01 7.657763437725891853e-01
6.923144630358609719e-01 6.288398245038274714e-01
5.104053451585757184e-01 4.829041359023807378e-01
7.673552709388717918e-01 6.546444176146117844e-01
6.480221816648887856e-01 7.209854258486927403e-01
6.357292236686660214e-01 5.940697815956950123e-01
4.474505341659690827e-01 4.016628064049341806e-01
6.395865857953035860e-01 6.277982535803188213e-01
7.110490798512753008e-01 6.766444061051631875e-01
6.779359626019741958e-01 6.527398232060021011e-01
5.471776475548366658e-01 5.258168999175476532e-01
5.205949461037945314e-01 5.571681583462398946e-01
7.156545020365024934e-01 6.738816076090626828e-01
5.288263401082889947e-01 6.042729938597185546e-01
4.673573257271333437e-01 5.195486241548338269e-01
4.187850720938082194e-01 5.049764383829655756e-01
5.426946726466390647e-01 4.828205108286852121e-01
5.270580657422481163e-01 5.434304078229268420e-01
7.615099009048972301e-01 7.878515576964285616e-01
5.882505667499167146e-01 5.476135821850787178e-01
6.102560950389076533e-01 6.350432263975108738e-01
3.592670485421243232e-01 4.225601985533294913e-01
4.691276170570459758e-01 3.616369809867384655e-01
8.577210791483954599e-01 7.004915355349977668e-01
4.624149223874547965e-01 4.042991652479487885e-01
7.528615271545300303e-01 7.345095106807337793e-01
4.549840461756747834e-01 5.409179638298720061e-01
7.995706168775912337e-01 7.721340764304779336e-01
4.446550784135031575e-01 4.451486781096070100e-01
5.906205810058084982e-01 6.441121816562820346e-01
4.083856174321361943e-01 4.675944247820379429e-01
5.825986615053231343e-01 6.506753309335704394e-01
7.912144177972165737e-01 8.733891515986492715e-01
7.052992460548745957e-01 7.974893717157720552e-01
5.174749207199479395e-01 4.904475735767461209e-01
6.211815953796756551e-01 5.592246222109756859e-01
6.976981259889472042e-01 7.306257968697824623e-01
7.478027612333502105e-01 7.930601732576452179e-01
5.637841969044153911e-01 5.517741410677775571e-01
9.825088755076655245e-01 9.204616598828708751e-01
4.764007835672091629e-01 4.988203528789321162e-01
7.903669676080231632e-01 7.630775666604801000e-01
7.916089635522226553e-01 7.525516483720803285e-01
4.703073535920179737e-01 3.396098909595545723e-01
3.536926700413972058e-01 4.566273971789084896e-01
6.390554985498729801e-01 6.224159088818906893e-01
6.703644893308527974e-01 6.812781753470197321e-01
7.365424198480471363e-01 7.182146478578844695e-01
7.392962091316649387e-01 7.437163557692821891e-01
8.610809621386900092e-01 8.339598155514741373e-01
5.833182903582796452e-01 4.683166847609150363e-01
4.194439588648480877e-01 4.212096180722444405e-01
6.971958234576505209e-01 7.014671753648185071e-01
5.575266465704493690e-01 6.401131737220322471e-01
6.090585400549287654e-01 5.882444167749841801e-01
5.445237613938996857e-01 4.766509993830555514e-01
4.795540663134180148e-01 4.510256883960847007e-01
4.805930884249128288e-01 4.873715287324331125e-01
2.367458384065369570e-01 1.955499456110845191e-01
4.059806214095869614e-01 3.761397717560125975e-01
8.491669076061886257e-01 8.321873904767745911e-01
5.940808945749167513e-01 5.900369019661160230e-01
5.702910622545163122e-01 5.093823336632987697e-01
5.425976033533455034e-01 5.493671912493129916e-01
3.444865626161470740e-01 3.023255336215628919e-01
8.063208083770192491e-01 7.737365223160801442e-01
2.731232876176898916e-01 2.930041928410802576e-01
7.166733507874961662e-01 6.738811343070979509e-01
7.090249122714616936e-01 6.775935149854147577e-01
9.440469285749977235e-01 9.877003907829657869e-01
2.924471132742314516e-01 4.225809875323013332e-01
5.240234184392662531e-01 5.625638336171931986e-01
6.817565935645517605e-01 6.847760974351653207e-01
4.543298545589436466e-01 4.655022082288166607e-01
3.285367780915505187e-01 3.324299518841293266e-01
6.152487868002242122e-01 7.176141561043823947e-01
6.512119110003388167e-01 6.426877330592309923e-01
7.331643627903160487e-01 8.085286079182524288e-01
7.226328876308490967e-01 8.066839914402491596e-01
3.507531939264333376e-01 3.802227584028035068e-01
5.585196958412025348e-01 6.230516027551357139e-01
3.793379355816798304e-01 3.356217512852891494e-01
6.242774698241647657e-01 5.318462340795543364e-01
1.005416894850163168e+00 8.122601472841404213e-01
4.420102734269571454e-01 3.807397979182946535e-01
6.874929153624510514e-01 6.000435801710589656e-01
4.880913258076762795e-01 4.758835743139016583e-01
8.184217703306585490e-01 7.400254795215012171e-01
7.290080110747049202e-01 7.657024793694094944e-01
7.222764419295142346e-01 8.410445703224647129e-01
6.433000504935235675e-01 6.163739156297032284e-01
5.769840172814992840e-01 5.309262597913746440e-01
2.570907079658487637e-01 2.457000627955732153e-01
6.776943442153693375e-01 6.522655191770836414e-01
4.907556253130831991e-01 6.021044474345934594e-01
5.462661022368660024e-01 6.557362438023399687e-01
8.478780365353908444e-01 8.736787209398568788e-01
6.227523640758161338e-01 5.486597085567264109e-01
6.213630452551146544e-01 7.005882176018234375e-01
8.006762101319218061e-01 7.670405185730997388e-01
5.592113805569094431e-01 5.222377377171198987e-01
3.674822349668547816e-01 4.342831801836464778e-01
7.497274331933292402e-01 7.432045850919104524e-01
5.791217432867158399e-01 4.965454864767003262e-01
6.306212128956520946e-01 6.242644098102432260e-01
7.967760133936352407e-01 8.743779004185192605e-01
8.695017321968633306e-01 7.979242738294699544e-01
3.862263204380450010e-01 4.610232077410884588e-01
5.143800186259512852e-01 5.445882585042771673e-01
4.981306047751126176e-01 4.217378486435888751e-01
6.242953361745560148e-01 5.736737692316344894e-01
4.668055975026138560e-01 5.448452552145724992e-01
5.635657730773682150e-01 6.127669914444924260e-01
6.494214503885545886e-01 6.012139767620551245e-01
6.446229265368225159e-01 6.259606988282176987e-01
7.947997214943655075e-01 8.469593765864792401e-01
7.629297198620272891e-01 6.442373362414792748e-01
3.910146422809979150e-01 3.580852582439227882e-01
7.039454394466954090e-01 7.943890541204391420e-01
8.729288033608477715e-01 8.621496998682594004e-01
6.992596671987477697e-01 7.663331012025439426e-01
5.146984078728934486e-01 4.698081191942997115e-01
4.644877788556074916e-01 4.852187955157342691e-01
7.059684221699169537e-01 7.026352042648575935e-01
5.733397457399134201e-01 5.220061363303525326e-01
3.110700102347219165e-01 3.934619084481234541e-01
7.694385179621474613e-01 8.072042700803816473e-01
7.195011251871676894e-01 6.825968519784180177e-01
8.944789155341276166e-01 8.803698980727628909e-01
7.463969996132396867e-01 7.441569243484150720e-01
6.300620003925512247e-01 5.344200155673881625e-01
6.588469864171335733e-01 6.340105760668348633e-01
4.156240493497008748e-01 3.951955484275186947e-01
7.680203748173808354e-01 7.146599021810464691e-01
4.075194204773681661e-01 3.944881422055622200e-01
3.711883191288098405e-01 2.637254177980550840e-01
3.994634629642399015e-01 3.635558394348418765e-01
7.426028455648988613e-01 6.752212869661294858e-01
8.936741175484668176e-01 8.866762085113035763e-01
2.068861545501949895e-01 2.846665492276055365e-01
6.409572659536996175e-01 6.248228747083158785e-01
5.123129555559571280e-01 5.245665491872057995e-01
6.719019842559136313e-01 5.239304536717840355e-01
6.937567080448251433e-01 6.011975574924054433e-01
7.314072345739079939e-01 6.504823697527413184e-01
5.508345615666315753e-01 4.548235404528674364e-01
5.449698787716032999e-01 4.053219086929542581e-01
5.525187094608544625e-01 5.203716233364076293e-01
4.830718072349523551e-01 5.120340532240376108e-01
6.927540862575977121e-01 7.131706365873421438e-01
5.469039445428425239e-01 5.974535438264583220e-01
6.044942833721016484e-01 6.506702743523604671e-01
7.506950969893509962e-01 7.575437157935768218e-01
8.402268453685921568e-01 7.139338952069982369e-01
7.403529286781247443e-01 7.390012236725822525e-01
2.755740671116849727e-01 2.341568080137019503e-01
6.102570272606556712e-01 7.053106165086416857e-01
5.580451226599284498e-01 5.395273745957768208e-01
6.396923521240548416e-01 6.152944141638027054e-01
5.638288123859974688e-01 5.292177412179593921e-01
6.105635144421169835e-01 7.246788321960208057e-01
7.644608734352384971e-01 6.660794898548221266e-01
6.297075870184954960e-01 6.503392639063719782e-01
5.305780425340074213e-01 5.668056456661660913e-01
4.687542798829568702e-01 4.321291548027755280e-01
5.552110859250068975e-01 5.552900164928570304e-01
7.970228045760241464e-01 8.005787038141243261e-01
5.786842617928311672e-01 5.184286035504672707e-01
5.875887994202030340e-01 6.224254345220981977e-01
3.828605400916350043e-01 3.359103229176528260e-01
3.158418621369923907e-01 3.308857084069843912e-01
8.327743703485670501e-01 8.298079343018889276e-01
5.432956029097617545e-01 4.481559381497655647e-01
5.061313053176232923e-01 5.643182498603609432e-01
6.369705021583472737e-01 5.532091660980947845e-01
6.349794592713132735e-01 6.054154753951895840e-01
5.696271338806075946e-01 5.606396285358725695e-01
2.890826107427806879e-01 2.689225015714390987e-01
4.050050833870152411e-01 3.977679837392932294e-01
5.293761436377593110e-01 5.451955038381981478e-01
4.577222343417827188e-01 3.723851693744778535e-01
5.808916019450668378e-01 4.627560699696638968e-01
6.017730047955009987e-01 6.374773749789399702e-01
5.862912696353058672e-01 5.569440751786406407e-01
8.076081755153471375e-01 8.442196526769026876e-01
3.040044728850387346e-01 3.742323049244563604e-01
5.711433847290811050e-01 6.097078557246063957e-01
6.054642515543932069e-01 6.760379078392045882e-01
5.672219207774914507e-01 5.656339553022159405e-01
6.304056018270763895e-01 5.935328805312162226e-01
7.268630011590013762e-01 6.803113546759511632e-01
6.083236984928198643e-01 6.902238749002530538e-01
6.722555950293275240e-01 6.837314911270012674e-01
8.424461786656625151e-01 8.869702423613743392e-01
5.547942182166087921e-01 5.466057025295201210e-01
7.419703368137590127e-01 7.898661142588311312e-01
4.765974173413722315e-01 5.021973876004739434e-01
4.796031631389429117e-01 4.280795774605077320e-01
6.423308089332709914e-01 6.139771143799656050e-01
6.482021716772323749e-01 6.746471072137265601e-01
6.802765296184706267e-01 6.100953064023061367e-01
5.797672384349050745e-01 6.808602336578988279e-01
4.655685862419328691e-01 4.196688267323953614e-01
6.084772755829616075e-01 7.173394447092856785e-01
5.411039569830474738e-01 4.480964511959773522e-01
5.495674656020530513e-01 5.181106759067568568e-01
5.238175958078026273e-01 4.999563586293510054e-01
4.480764823773898398e-01 3.613913254876590653e-01
5.740405318903987197e-01 5.063391990335677217e-01
5.915653804513530956e-01 6.314117243690816617e-01
5.375474256645915716e-01 5.050378620242976790e-01
7.127844863298803402e-01 7.252414586611889424e-01
3.201680019043448566e-01 2.901369552172686217e-01
5.292281476617398672e-01 5.075788016609171782e-01
7.325836410513154595e-01 6.356418910316704585e-01
6.223314433634644649e-01 5.924477634807935322e-01
4.184260614879545814e-01 4.876731208560529662e-01
2.979441299719006730e-01 3.309917427665017842e-01
5.478357511180795836e-01 5.088015658575553157e-01
8.884341980558909668e-01 9.497984167749904394e-01
6.570339323121480168e-01 7.335413322011629100e-01
5.584719091550378600e-01 5.919960532492509753e-01
5.676692339612544602e-01 6.509877006743366445e-01
5.276277694026141329e-01 5.728866144989377407e-01
6.700116734369292448e-01 6.303601720848235335e-01
7.284560814811202878e-01 6.555419761694374348e-01
5.706387416075511254e-01 5.380422111471891977e-01
6.452297726162530278e-01 6.275079006154038463e-01
4.945025899563302851e-01 5.239979309401782137e-01
4.549687630289718787e-01 4.505061406937232449e-01
9.469223533887959343e-01 8.490315239819298254e-01
7.106703602301087663e-01 7.165615589991018997e-01
5.296850845225647975e-01 5.228919030627273701e-01
7.514607250517598702e-01 8.272208481470689767e-01
7.063265685562131191e-01 5.979828605010594211e-01
4.217303368493188209e-01 4.570306373365695674e-01
7.607861381143925517e-01 7.303802625616442334e-01
3.639447522182316375e-01 4.332869728082838767e-01
5.425979995628685826e-01 4.777369947586483923e-01
5.082994960982034627e-01 4.691218390801041305e-01
4.273324439877662084e-01 4.396541974037067591e-01
4.872819045853531428e-01 5.533617345342749516e-01
2.835623948616080026e-01 3.211114261731040087e-01
6.878905131278001406e-01 6.843514794837437520e-01
6.083610298188191212e-01 6.793872944620695797e-01
3.570369729528899416e-01 3.497621942319694144e-01
6.162570511520233385e-01 6.087940940280471835e-01
4.662647739714095296e-01 4.375198792713319573e-01
5.637854045330858987e-01 4.625169168938552122e-01
6.661435606209955562e-01 5.347318747319296239e-01
5.317454571564954602e-01 5.324345307294600094e-01
4.714558821117247889e-01 5.250917016037842666e-01
4.443420259284952545e-01 3.859828063367523043e-01
7.987425503731081511e-01 6.599352064249849326e-01
3.128366217623270717e-01 3.555448923557685825e-01
5.087097536637464890e-01 5.342680478324649540e-01
5.677048927874771556e-01 4.585374259990012691e-01
6.041291480506884026e-01 6.890326823683442514e-01
5.886866513110371457e-01 6.374263984274564088e-01
4.255584464658418442e-01 3.781116173962804083e-01
3.934040818271996587e-01 3.835486919720383359e-01
8.678473168238503010e-01 8.557110427980465506e-01
7.105280702903109535e-01 6.379481939362192655e-01
5.995513379601117299e-01 5.797832242361381505e-01
5.932223834329938272e-01 5.646815945731137321e-01
6.007112627659617621e-01 6.485820164150543077e-01
6.643372454763238899e-01 7.000120459976113541e-01
5.766284085993855779e-01 6.285693245351084979e-01
3.805422708212673477e-01 3.906243249128275030e-01
7.251897883276642309e-01 6.666883610774517743e-01
3.232307249807950811e-01 3.697057190490232736e-01
5.378543498198656847e-01 6.064905939769956733e-01
4.098607014942320936e-01 3.733861574791492166e-01
8.053202491244788597e-01 8.439241204545584463e-01
5.785233151132307405e-01 6.209558114274471574e-01
7.755370199113152951e-01 7.643331434078616260e-01
7.160214882425507410e-01 7.405092538824794568e-01
7.631255079086920468e-01 7.397210585487807855e-01
6.126714622261363319e-01 6.075714139532496505e-01
6.707436060934457434e-01 6.493157277683176964e-01
5.492988816867802049e-01 6.034775536699158449e-01
5.236035837992616404e-01 5.723489254199396470e-01
4.306790118672895185e-01 5.674746203923868304e-01
5.137584805774466634e-01 4.530273348651996379e-01
6.619522129728170334e-01 5.923177305936491166e-01
1.052495727527511110e-01 1.643857056447957654e-01
6.385956884854341320e-01 6.290499873891223226e-01
8.396135037207592688e-01 7.153966835404810265e-01
8.120571364244282275e-01 8.669592110306532096e-01
5.100008994884123181e-01 4.899093536957362938e-01
6.221756286955671955e-01 5.180256799161212511e-01
4.414103912496167292e-01 3.980669862916055846e-01
4.805339531985671764e-01 5.053438868266793005e-01
3.609893053424297338e-01 3.237483753180754875e-01
6.690234977354300172e-01 4.945270077994719515e-01
3.888061168562796932e-01 4.326741219022157137e-01
6.785863532133624698e-01 6.661989861118291500e-01
5.831506618890727189e-01 5.011065957467839560e-01
7.140857098061454966e-01 6.320356712292831691e-01
6.250951916356076721e-01 6.830482907754097388e-01
5.870067225831536728e-01 6.243807390538909097e-01
7.563703114831260566e-01 7.852490449820609397e-01
9.442222432111903041e-01 8.046774718119321657e-01
4.530407532119353209e-01 5.275027015675447517e-01
6.855441642202264596e-01 6.271749366197594266e-01
5.715622085321452328e-01 4.846168775880018154e-01
4.919123070801670883e-01 5.327763018119263672e-01
8.176954653244576932e-01 7.153000009244734336e-01
5.657336467363571764e-01 4.831977646490324130e-01
2.886665562120815376e-01 3.203228225185449918e-01
8.461580747284213055e-01 8.346468533127594513e-01
7.402144651127716690e-01 6.558189965080111206e-01
4.025872301790495711e-01 5.239125819028167541e-01
5.744352772285640230e-01 6.018852212488904341e-01
9.310747563912357139e-01 8.711493889287343917e-01
6.116258994658546611e-01 5.922594228836045582e-01
6.183639693255428282e-01 5.903698615628659718e-01
6.887767448153069294e-01 6.465781737684132002e-01
7.698886375018407779e-01 7.703319196235363098e-01
8.570760980541091145e-01 8.080011422358991391e-01
5.308808387698371600e-01 4.445631918562242269e-01
6.388244911169801421e-01 6.643310432196803950e-01
7.546559019583892747e-01 7.334441295495898183e-01
6.780016081961997010e-01 6.001181617365223264e-01
5.419955440638939415e-01 5.427123727881948412e-01
4.943074667643020392e-01 4.615752843309883779e-01
5.655700885424236324e-01 4.659059620099249566e-01
4.131679870664303755e-01 5.052963990809461459e-01
5.623172511791435513e-01 5.538868111397784455e-01
6.300865540354098071e-01 5.577258765464144785e-01
6.495208481063361461e-01 5.409845668936925644e-01
5.718845479775152008e-01 5.587085085992413713e-01
4.564171905604905155e-01 5.492023889184949326e-01
4.452781921543418897e-01 4.437434342004973886e-01
4.310980281468511643e-01 3.695741657011925030e-01
5.209129377959181850e-01 5.384107922883837327e-01
7.214551813618351739e-01 7.026373052381812423e-01
8.106055940790880543e-01 7.312806853711982802e-01
6.235289050253883802e-01 6.697669751221312362e-01
6.980343788716479869e-01 7.383760179250850042e-01
4.451449466808221067e-01 4.431922242347602903e-01
7.613060102363020665e-01 7.143647244034381227e-01
6.498547956892093413e-01 7.152488437303394786e-01
6.047139546364336260e-01 5.408527775617643085e-01
3.699334906752402286e-01 3.534329062955702816e-01
8.410580854114005911e-01 7.909748577687275573e-01
4.892837836023941622e-01 4.427298626140759308e-01
4.528242352334978515e-01 5.466791592760793517e-01
5.304721897900682714e-01 5.315205763638500835e-01
6.899427410973895114e-01 6.714892675447112769e-01
5.061410816667483159e-01 5.272156678093199433e-01
5.118489992886073869e-01 4.983843837519654207e-01
4.655990394274022726e-01 4.936049451731417403e-01
6.847923286405828147e-01 7.356433238243893502e-01
4.958715194798375969e-01 4.584350235795697226e-01
3.219308892225903329e-01 3.772247723895643667e-01
5.590923243682884847e-01 6.231580202645340405e-01
4.009270693414896947e-01 3.942685126633836967e-01
7.885621070067316829e-01 8.328714831230843441e-01
8.056051353314771513e-01 8.110135440672493479e-01
4.371137444758785850e-01 4.608680501961738285e-01
5.028512683482114776e-01 4.515073253943978626e-01
5.837666981718890868e-01 4.850281068412954366e-01
6.361160711638504939e-01 7.007875280349875613e-01
3.842271126665911529e-01 3.767124312776920503e-01
6.300365244168137924e-01 6.857387504980281268e-01
6.364379844151866195e-01 6.299663057560884738e-01
5.444407922362380914e-01 5.705105785320657708e-01
5.343458645150312991e-01 6.003705081173685842e-01
7.190198398806471047e-01 7.147377650528934367e-01
5.240059384518963581e-01 6.205401896696823849e-01
5.898680776194719089e-01 5.421140394585733935e-01
3.224286030538441872e-01 2.354965039003768523e-01
4.952238500616638062e-01 4.947043123181495972e-01
6.254051376132450102e-01 6.682261836086009765e-01
6.044250957659647039e-01 6.069968659082640716e-01
5.442575401195012263e-01 5.449466133178023641e-01
4.989078641518229218e-01 5.089144809156794791e-01
7.118662321533716364e-01 6.950574150822482755e-01
8.495733422447857563e-01 8.579050753242170035e-01
8.548575732517579295e-01 9.155914208148770994e-01
7.049008121986825026e-01 6.833303885789699939e-01
8.269593791438412111e-01 7.891937391467478413e-01
5.580588694358803448e-01 5.094837863689363200e-01
6.393653901854212673e-01 6.115204849208286664e-01
3.925953428472237494e-01 2.694388335003021773e-01
4.160157674849509490e-01 4.654920397247599428e-01
8.904824209270950641e-01 8.122919876950495111e-01
6.136743011809997483e-01 7.167053649104386803e-01
4.743184480523910396e-01 5.104137688966522424e-01
6.829529016584215961e-01 7.344613134572816060e-01
5.497112521956063480e-01 5.309371279203433103e-01
4.148145350851327740e-01 2.817986837305881398e-01
6.829058766881102027e-01 6.822002481779818606e-01
5.350234554841869494e-01 5.360445510429504568e-01
8.285175392113131032e-01 6.910653612239110455e-01
7.094722131045529956e-01 7.095729455380452855e-01
4.225838361535986243e-01 3.507807564952685198e-01
6.650595564552614913e-01 7.480172519858074853e-01
6.236893915873048533e-01 5.657146278364443281e-01
3.350354163550005038e-01 3.165172614273616403e-01
6.411598712775867792e-01 7.218337552959557257e-01
5.602358346978133508e-01 5.167108721855293574e-01
8.235287278370875264e-01 8.437782946191378919e-01
4.114858915922949278e-01 3.816390331205735120e-01
4.422438995921258442e-01 4.325437139997764247e-01
6.637129440266443803e-01 6.075857932787264160e-01
5.843411531353126520e-01 6.906082403178492868e-01
5.188924649550175072e-01 4.772115409781257922e-01
5.124795946153435366e-01 4.191038162812643630e-01
7.647898958392512769e-01 8.509235075081934552e-01
4.602544614196872885e-01 5.240086668755896682e-01
6.630744507919252850e-01 6.368809611586243591e-01
3.488930760667645070e-01 4.688537689151421328e-01
6.327373080979447062e-01 5.104128707165102030e-01
6.147499813487822262e-01 5.604857999685297631e-01
5.007194436473008103e-01 6.061705929093472722e-01
6.429456896692095080e-01 5.938450355960768201e-01
7.303230819366185456e-01 6.193251173947177390e-01
4.732229569135172342e-01 5.920499670473077236e-01
7.314355412453562577e-01 7.012440905401468028e-01
6.516719053358172031e-01 7.145968128388969776e-01
5.514525785068937758e-01 6.280615015678507884e-01
4.964437777872827140e-01 5.409486124743573265e-01
7.352212100761997826e-01 7.925289607461202257e-01
7.546241997564917536e-01 7.713303085518878888e-01
6.465361728580530931e-01 6.524838564201408397e-01
4.464011568643068140e-01 4.600192031522827296e-01
5.294813587103810448e-01 3.875449201940255883e-01
5.262272841250443811e-01 4.652612199055473630e-01
6.107421973441933272e-01 5.337732097088243588e-01
5.243630139315349492e-01 5.791840124346463448e-01
4.824502439223954386e-01 4.395135754828951580e-01
5.728294741455105532e-01 5.766096060229169984e-01
2.564839648229121361e-01 1.626350145222670296e-01
4.648461057019813158e-01 5.537335923446726760e-01
5.476755584470740512e-01 5.134739623173845136e-01
6.055046205574913243e-01 5.977814094654981814e-01
4.248675538434928955e-01 6.133822664465540253e-01
5.953668467446019408e-01 5.556060057896307081e-01
4.959857572997990460e-01 5.206818497398653101e-01
4.641766246924496908e-01 4.595584711098196218e-01
7.134533296144900394e-01 6.972778569123290193e-01
6.595621926662955659e-01 5.767583111689362774e-01
7.228527683694923045e-01 6.940149004248779008e-01
5.980058011300392051e-01 6.430668857415758888e-01
4.866899786511898474e-01 4.483117755113177894e-01
7.755242924868581689e-01 7.371249370492276576e-01
5.351508179832739076e-01 4.036439121525486895e-01
4.436935776557059952e-01 4.457725290584298450e-01
5.430471120349833480e-01 5.428875916054101136e-01
4.924608208654580599e-01 6.256840190140239288e-01
6.428223793304651545e-01 6.793527625666183622e-01
8.089875221096051172e-01 7.046818600643481867e-01
7.014414309422213334e-01 6.923349465571905226e-01
5.377492736932804052e-01 5.288979379602819497e-01
3.054246970483616153e-01 3.376923784046806931e-01
8.084313358907913027e-01 8.644761699418648249e-01
7.186991685018300213e-01 7.191327949942092346e-01
4.435037669024913254e-01 4.067008422394396416e-01
6.643535419033036460e-01 5.561977612084366696e-01
5.595005136948300040e-01 5.804423809945585822e-01
6.594286192364786636e-01 7.345736451035946857e-01
6.953030839576803679e-01 6.905794655921662084e-01
6.016583528638153044e-01 6.278963741458352121e-01
5.795896848856255668e-01 5.458067648595449350e-01
5.700806942632880014e-01 6.636936521855650861e-01
5.729564368244410844e-01 5.413585558615146009e-01
5.027152701098289711e-01 4.344730545417141987e-01
4.744611297444686904e-01 4.758813629064250761e-01
6.921581722611747090e-01 7.456247588285842554e-01
5.422881196965210204e-01 6.130226629461061894e-01
9.775497574052561811e-01 8.872196238922579470e-01
7.477908521351765980e-01 6.685935275583494430e-01
4.703093931417001161e-01 5.066048164892389405e-01
6.422271886224510951e-01 6.111337773108893590e-01
5.619187542302982452e-01 5.816861754611134527e-01
5.675057632582544143e-01 5.913851963305482018e-01
6.003000910217931585e-01 5.121186117879626964e-01
6.008478491974960090e-01 6.037228679013220134e-01
6.101582462881310898e-01 6.073227490099281090e-01
6.107994710676897254e-01 6.479157891014507564e-01
6.316428488034421251e-01 6.102363141260934709e-01
6.031574252473992370e-01 6.990719752300156298e-01
5.211164739177830407e-01 5.096297819505569704e-01
6.003897976287932980e-01 6.454184447062769614e-01
3.759089459201101491e-01 4.480493234123917867e-01
3.984869506627113367e-01 4.177383924574848972e-01
4.870856061691612449e-01 5.145066134983693473e-01
5.754250731866168422e-01 7.077924691905292942e-01
7.163274476750014497e-01 6.923074192061462462e-01
6.537954533984143835e-01 5.721423980342684734e-01
6.014754263475617924e-01 6.622369485874636252e-01
3.743446724760952637e-01 4.067168473314883848e-01
6.076285259974066877e-01 5.930083144221202085e-01
8.841229994925352553e-01 9.000082892528478151e-01
6.748563301830089456e-01 7.101166065261231841e-01
3.030367493336646456e-01 3.997021081283895771e-01
7.784944360514686190e-01 8.300655610424308994e-01
6.499672487795224995e-01 7.217050092524279759e-01
3.823321362512107635e-01 4.097586101209249598e-01
5.669836754193854356e-01 6.966947224694192142e-01
5.118450526208466744e-01 5.608915957329654312e-01
5.835469111061689640e-01 5.232890286186825390e-01
5.566409488613398571e-01 6.843783165900664267e-01
7.538980084932292991e-01 7.319251352145949019e-01
3.402568774550632780e-01 3.794658830810132555e-01
5.927319403000803621e-01 5.423130837384138037e-01
3.589077617121974040e-01 4.120131966622403441e-01
6.205304989111880554e-01 5.763740475007260722e-01
4.591369089185269314e-01 3.631821122178219841e-01
7.036034292929695955e-01 6.881637430381992715e-01
7.532793511295359234e-01 8.416130220118673844e-01
6.251907914968787283e-01 6.478271260902362938e-01
6.599304639891818702e-01 5.543948458198026952e-01
4.105746220653512246e-01 3.131829319765473407e-01
3.814926898643869468e-01 3.994502684391734726e-01
8.523257622976166958e-01 8.374477166780341930e-01
8.506047449626051860e-01 7.560589210785119141e-01
7.203130785697134941e-01 7.709403512711240358e-01
3.189203089704812366e-01 3.141596213476039456e-01
4.674990110916638075e-01 5.510387883342088289e-01
6.497129133270560519e-01 6.794879161740270401e-01
6.587305261031149994e-01 7.168938438756523590e-01
5.070022917174272781e-01 5.689702017591775629e-01
4.646505071664093212e-01 5.217888947663726906e-01
8.959398458930106779e-01 9.124410139232822514e-01
5.562217142402018366e-01 5.957630375583290450e-01
6.249680535650836699e-01 6.974432970342889782e-01
6.931453824287694410e-01 6.904814813060131673e-01
6.931973060624269101e-01 7.119327177821764829e-01
6.089823550739825730e-01 6.963204630690922325e-01
7.267461032549898947e-01 6.306815772179618085e-01
8.145496989439814373e-01 8.760814430942051034e-01
5.563707378203740506e-01 4.363364936677656125e-01
5.869504784732444413e-01 5.628310295667502405e-01
4.693446290027307177e-01 4.446628314204915111e-01
4.242058390017307556e-01 5.461130420135137387e-01
6.735194789888172551e-01 7.111055379585806691e-01
4.504733100943365542e-01 4.531228381974971020e-01
5.799897485166510824e-01 5.200221045295531086e-01
5.882654639439217625e-01 6.763649004356242500e-01
4.433690929179785467e-01 4.640247445691165762e-01
5.417336150389724381e-01 4.258105714862955860e-01
8.623616684500181595e-01 7.020116428118641227e-01
6.326107810641196094e-01 5.763818006231492541e-01
5.936643866193482832e-01 5.953412470356813646e-01
4.960602922095688760e-01 5.177175501180961703e-01
3.716318917431301605e-01 3.907568086717891909e-01
5.151363149813013020e-01 5.182529465829255333e-01
7.935688589559301009e-01 7.571702119680560061e-01
5.817689476431538997e-01 6.259549998516210634e-01
5.955433296730326953e-01 6.259933309873858542e-01
5.039448709637899260e-01 5.283577099223069062e-01
7.079585319992154346e-01 7.619573195423874346e-01
7.043427522578105116e-01 8.061725366875986953e-01
5.741209734270971143e-01 6.088510542133851455e-01
6.925983858840142338e-01 6.572231821137536345e-01
4.682750914013326105e-01 4.094887262209022660e-01
4.576542740734690362e-01 4.953073288449278966e-01
3.434753133442231543e-01 3.108782904329921437e-01
6.866774791336488493e-01 7.072889667252532098e-01
6.186318843015593538e-01 5.856080601928103091e-01
5.278808199957184533e-01 5.056000201442166775e-01
7.057461618698465111e-01 6.149174633851018923e-01
6.919231395272141816e-01 7.804687386466647725e-01
6.178125310596902509e-01 5.057458212533088027e-01
7.693675251824984018e-01 7.443277722532540830e-01
3.790855251729558506e-01 4.936367919550946337e-01
9.483536951207104382e-01 8.443471756545238849e-01
4.251156199552129089e-01 4.744216058930468827e-01
6.067456484131735772e-01 5.295561857531473349e-01
5.620198797826903014e-01 5.265021851660298680e-01
5.202491620982425680e-01 5.090256137263289293e-01
5.408000058748929639e-01 4.763919499865469365e-01
5.382213144544564232e-01 5.987022583234596906e-01
6.194145950559921676e-01 6.426544795206166061e-01
4.386980953041626496e-01 4.631921936315973043e-01
5.700538362087135269e-01 6.227005182202074440e-01
7.009545746010600320e-01 7.616470646227192498e-01
5.964826666273663758e-01 5.629460687972844823e-01
6.500634733977196378e-01 5.893343966207452711e-01
6.839449738626497410e-01 7.143123016439716366e-01
5.246568616009258390e-01 5.258075418242401655e-01
6.633550753303719683e-01 7.264345011844696165e-01
5.534211864638272083e-01 4.428942340389410148e-01
7.590946714447192045e-01 7.829853961449105837e-01
5.954562428486412928e-01 5.607042105867355852e-01
7.195457610959433703e-01 7.823973154784772399e-01
5.895331204348747134e-01 6.314535688597239238e-01
7.037504591684747846e-01 6.656038636291438104e-01
4.677667276112908445e-01 4.893245636729621206e-01
4.407783809807952480e-01 5.702892806279387106e-01
5.518650780721344740e-01 5.456679579467634822e-01
6.829702664800080258e-01 6.337051577981872574e-01
3.886857806294238271e-01 5.282883532447106845e-01
5.970182780774851983e-01 6.082244028615241271e-01
6.766310129710354504e-01 6.392317578442300308e-01
4.062510378943546829e-01 3.262475105576272405e-01
6.837528848095973943e-01 6.475710958622163949e-01
6.544829078087238683e-01 7.267085028784437961e-01
1.035220677345878082e+00 9.991436679231482376e-01
7.015103847498580514e-01 6.839997885853412729e-01
4.764304893721101886e-01 4.838280517742525877e-01
5.839520472591093192e-01 6.493396370010253715e-01
4.458652105638102880e-01 5.406621585829621823e-01
4.053750785911037768e-01 3.666627947195035819e-01
6.086795627031039713e-01 6.634057031373811197e-01
3.429756375813685643e-01 5.520198076244373642e-01
6.053693310503797109e-01 6.242444761885362903e-01
6.054360561680537378e-01 6.300773499531248101e-01
4.921141486799219256e-01 5.084639770246800472e-01
5.851825905135266126e-01 5.810542127148539127e-01
4.239031306632106699e-01 4.570026477686812139e-01
4.524269654242546457e-01 4.338893960047117693e-01
7.759697937008565027e-01 7.786623249242501377e-01
6.289882373995943077e-01 6.274299367961801988e-01
8.772991697371492759e-01 8.848151946760753894e-01
3.836144030112985659e-01 4.537957300517451165e-01
4.886645031007177398e-01 4.995309825485417798e-01
4.639779381557242455e-01 4.039889181962973974e-01
6.117794779104828162e-01 5.294346667054457001e-01
7.803862924492555031e-01 7.303141992004769101e-01
6.189877570498975023e-01 6.526468376489059642e-01
8.922655854780370266e-01 8.208613824385626589e-01
8.801259799153744456e-01 8.683464159365754664e-01
5.819309377098933478e-01 5.338272141996422970e-01
5.762143552402626545e-01 6.261593864339570770e-01
7.234630199872992273e-01 6.463991463516250979e-01
8.094813886984798534e-01 8.082033745050231088e-01
6.715808330977287577e-01 7.126944459088125905e-01
6.236900469693245075e-01 6.219875139448922674e-01
4.263067822587600642e-01 3.430178053682728656e-01
4.542762616989821089e-01 4.449563200403635066e-01
4.601727410360104686e-01 4.529643974925795513e-01
5.118087531245419930e-01 4.290729166778836645e-01
6.043949593092489136e-01 5.979958127585999206e-01
5.376960548627218728e-01 5.963404434769203899e-01
6.131280722964015384e-01 5.440581675068815182e-01
6.360462022530898318e-01 6.192602459334169973e-01
5.958658697200781562e-01 6.808283078183582360e-01
6.488543345055107769e-01 7.221413802874016019e-01
5.666497933081197091e-01 5.708558862542622014e-01
5.176501960784404277e-01 5.574846945143073773e-01
7.410869242881338304e-01 8.576786988288648272e-01
7.189379432959905891e-01 7.125264975641685261e-01
6.387346608565436235e-01 6.576497669873626606e-01
4.655043828584841670e-01 3.912683687267212163e-01
6.821257290556623776e-01 7.472464421123694578e-01
7.999403730106684485e-01 7.381775142887305741e-01
5.376228950806156703e-01 5.500855408342375519e-01
6.546194289219342544e-01 7.268513793984909821e-01
8.727409256558698036e-01 8.757014204346773578e-01
7.302163737437712410e-01 7.423464716321384049e-01
6.258727056785824416e-01 5.278689802770646367e-01
6.259757191993361447e-01 6.110912583916706664e-01
6.434990780665392762e-01 6.834144982650012246e-01
7.814043489011941457e-01 8.247992130057739679e-01
7.059247171213755001e-01 6.525515782923597685e-01
5.716441992550936879e-01 5.381510621255877203e-01
6.469564216138685708e-01 6.546651847542015457e-01
6.795158028440243525e-01 6.204105683398920545e-01
5.012917866771319231e-01 4.955033675354524880e-01
5.898333134799148558e-01 5.004302892552882076e-01
6.855405650790007410e-01 6.749377923038222260e-01
4.480723215891325162e-01 4.761756650031742644e-01
4.876090896270949826e-01 5.659972277875723323e-01
5.486512711846757151e-01 5.225808252237610363e-01
5.440261623280066017e-01 5.046467759106877393e-01
4.813338299853915370e-01 4.198579644302946612e-01
6.522076780638988991e-01 5.812842031756125794e-01
5.302128965833508012e-01 4.340418881744063095e-01
4.816805000350422583e-01 5.376064182130245728e-01
5.496467067223885783e-01 5.100191736384324104e-01
2.829315531933049299e-01 2.938902514011941247e-01
5.582225069741575396e-01 6.623600230208777084e-01
8.292719684135008151e-01 7.287648282222165541e-01
5.967409746743330690e-01 5.962428879568479889e-01
4.614817655531694429e-01 4.190178104046481389e-01
5.238555243119354943e-01 4.879540750162650875e-01
7.194465188441736547e-01 6.900215923790762318e-01
5.752038940446395632e-01 6.260089377032780344e-01
5.524188469544033531e-01 5.283448850613381431e-01
4.741903736461990926e-01 3.276829520718778088e-01
5.926562525085077304e-01 5.552591759893834578e-01
6.057429921902931502e-01 5.814119386523196598e-01
3.757626673711092491e-01 3.676941513587321242e-01
5.797711487894058324e-01 5.534374462933703276e-01
6.886971992711129475e-01 6.785841752690052742e-01
6.032685876385889268e-01 6.042055899882002867e-01
7.068422968282251917e-01 7.650745384321474551e-01
6.152382467350552275e-01 6.438924591835080147e-01
5.614766841281201293e-01 5.336233231430510537e-01
6.129639768876410377e-01 7.205771631485781148e-01
4.367727839504194076e-01 5.619054880448670630e-01
6.263433412153355251e-01 5.975194445875530169e-01
5.699882387593013799e-01 4.981330350347523694e-01
4.258775042099743335e-01 3.630812538822792424e-01
5.847025447838672951e-01 6.620735599258132931e-01
6.045554851198996493e-01 6.293588722042128270e-01
8.657259854931035337e-01 8.896794035779979071e-01
5.533612438518407117e-01 6.105417300170217221e-01
3.126391781769118916e-01 4.448007910759552708e-01
5.577289985599602762e-01 6.664159184048841222e-01
6.747131770841586773e-01 6.494250387146650594e-01
6.087001788623198628e-01 7.332118513821419548e-01
5.516652978732486945e-01 5.716053103487087617e-01
4.385457578891086006e-01 3.429009427115897179e-01
5.644332554352147202e-01 6.268646983424679409e-01
5.083333348947246533e-01 5.051474652622299777e-01
5.457964511268263985e-01 5.071717678393735662e-01
4.401782910223546175e-01 4.514453365567130394e-01
3.575441453029689076e-01 3.962300361458048203e-01
5.635755566968654318e-01 6.519173281500179051e-01
3.603317708465781366e-01 3.683775980166457686e-01
6.909036519352609318e-01 6.868052445420655960e-01
7.207417829578881552e-01 7.045226439010647823e-01
6.975634491751823152e-01 7.179539738674316496e-01
7.428792383158145940e-01 8.345235511342216084e-01
6.725437563389078388e-01 7.230087069402051370e-01
3.480433617206885599e-01 3.412389052172236092e-01
6.458361472214692034e-01 6.560587480900660351e-01
5.097718412801328647e-01 4.526459135805520062e-01
6.072220793647618020e-01 6.286379992970287933e-01
8.938236608626715096e-01 7.966895137344198741e-01
6.383851423330737518e-01 6.024351200097683989e-01
7.019615116391745291e-01 6.375650569611334140e-01
5.528934864415707695e-01 4.794259650421079377e-01
3.019191384534158362e-01 3.355359681499619495e-01
7.095416396510122459e-01 6.268615036475210234e-01
3.565606990327244152e-01 3.080875824998061119e-01
5.517417828187891615e-01 5.223305673171139141e-01
5.694305226995914904e-01 5.846701499343942565e-01
6.039710012109571480e-01 6.058868318192924818e-01
6.122681062623338555e-01 6.138988528946875967e-01
6.634473914346165069e-01 5.696727381977014781e-01
6.347967911902614446e-01 5.965255671729987608e-01
6.211854851133965516e-01 5.810302215382242563e-01
5.276379217849692660e-01 5.737781066549233477e-01
8.283217976282668538e-01 7.426925341799126556e-01
3.604369884141246927e-01 3.661888862926037658e-01
7.284748530831064439e-01 7.127766973756743951e-01
4.216968925579163141e-01 4.481684794143221406e-01
5.583289475270757363e-01 6.177733273966988792e-01
6.068211546321973238e-01 6.534577638042669001e-01
4.622106262666115239e-01 5.117567074493841739e-01
6.968049901399318014e-01 6.276542987938722451e-01
6.026597043806946052e-01 5.488825985170963095e-01
5.765261472476962412e-01 6.221172430353004712e-01
5.384698497021861430e-01 4.756051369634603510e-01
5.600330345375510444e-01 5.765591272759995611e-01
7.832269284340824811e-01 7.784581645385744153e-01
6.555853959431487965e-01 6.897487246698243979e-01
4.426733183624295132e-01 4.191587841048389773e-01
3.626589755160491424e-01 4.919835030434900891e-01
6.829833242959548745e-01 6.665728147286065219e-01
6.464793737968344001e-01 7.746461373925699334e-01
6.139381821848391985e-01 5.916598392270809859e-01
4.343114074968191241e-01 4.993331130240977189e-01
5.831742992173933882e-01 5.813058795740637663e-01
5.883640634075910647e-01 5.381617031220062852e-01
5.667410956616087958e-01 6.489848338463291011e-01
5.817147625280965073e-01 6.040299458405660182e-01
4.015741475240904301e-01 4.140490222195739034e-01
7.726119906913414548e-01 7.971695335863496767e-01
6.390535602926139536e-01 6.330573312463421143e-01
6.291744819405949984e-01 6.483920583382128955e-01
6.191572066339066094e-01 5.847166468084779023e-01
5.849417442284532420e-01 5.600128903015220150e-01
4.347407228365434695e-01 4.056053235228037068e-01
6.615925235146487005e-01 6.674227860801345003e-01
6.224541744703983026e-01 6.488714516274566302e-01
6.140998929426368935e-01 6.283037635292691991e-01
6.498716488370873678e-01 7.160833287736002584e-01
5.007098545675277013e-01 4.376793033750208672e-01
4.854245471693159897e-01 4.447655553343114465e-01
6.152698549564867836e-01 7.505372849919467182e-01
6.666572734679550027e-01 6.411573132020413901e-01
1.907573692624117689e-01 2.070997212193665948e-01
6.479757259781084855e-01 6.018833282126225814e-01
6.436239726423728102e-01 6.429374956026440158e-01
5.946258999653216692e-01 6.362089755665075730e-01
5.734730239146982322e-01 5.277376949416313634e-01
6.590909696928733963e-01 6.312981570940426890e-01
5.716351051411990847e-01 5.510232556718038799e-01
6.246674108512459966e-01 5.306373495338241320e-01
4.311935759008358460e-01 5.608002418963093927e-01
4.509639717514072332e-01 4.647546478895497879e-01
6.675553341657548545e-01 6.004986554710337598e-01
4.802356351712588345e-01 4.875022946772402110e-01
5.187709610656145998e-01 6.065337169437308162e-01
6.479916106011912591e-01 6.874596414114634291e-01
4.364083122377918067e-01 3.475662804681472484e-01
6.224085155783438683e-01 6.293241035028807051e-01
6.323901485295766456e-01 5.816039638865184713e-01
4.840214781108219122e-01 3.999187144019696327e-01
5.404072900845061644e-01 5.069002264421084147e-01
5.195756310644046305e-01 4.723487239097008961e-01
7.645882573984675856e-01 7.954958652443312461e-01
6.686779991775003706e-01 6.420643959455040184e-01
4.925081154913062420e-01 5.990937041113051365e-01
6.457214599801882615e-01 5.589887765756614835e-01
6.191235529941184756e-01 6.978177632264360719e-01
6.639239711017402845e-01 6.620491681851207177e-01
6.206271998002684809e-01 6.058437326488849139e-01
7.704888662108119179e-01 7.226085979446280616e-01
7.279816945579045129e-01 7.125434917238995247e-01
6.059266214804989170e-01 4.806127074155722156e-01
6.291891616565757905e-01 6.883511717580012013e-01
9.166489718778535467e-01 9.490113585572096389e-01
7.633179869012582941e-01 7.357730673330136195e-01
6.638679271529580594e-01 6.460477571011890019e-01
8.260389349379766433e-01 8.749523836371868590e-01
3.477894806187329380e-01 2.841299086535803431e-01
6.187636580827914345e-01 6.128036929504553365e-01
6.369041082516565533e-01 4.652348833251930271e-01
6.494962716137537839e-01 6.589465889183139247e-01
5.521944524981979852e-01 5.879164525340138114e-01
6.577581085577677289e-01 5.897913273524570954e-01
4.278874975912579370e-01 3.710935770122320565e-01
6.859375916690384489e-01 6.361626332266345774e-01
5.416625818053386610e-01 5.653568847636392114e-01
8.357353351882337300e-01 8.525761810817236164e-01
1.666962580711215947e-01 2.588091200201436681e-01
5.043004771174590672e-01 4.068873995205686267e-01
6.903541313597130191e-01 6.996229387260164412e-01
4.806454083462446958e-01 4.548453281669113668e-01
5.483845545682987099e-01 4.755464388903375417e-01
4.869785236983280585e-01 5.707058272149237999e-01
5.155935463205273406e-01 4.912562640116079904e-01
7.167425700224273610e-01 7.251029676603572005e-01
4.354345568063674454e-01 4.164664334870201712e-01
4.364563685830828987e-01 4.470265888974456203e-01
4.541595275045577362e-01 4.984399039720470159e-01
5.915976486490776010e-01 6.715228293452558672e-01
5.641412500177188649e-01 6.473194031386434455e-01
3.893100828465498875e-01 4.433569468095955868e-01
4.085058424073796934e-01 5.319201139964085945e-01
6.197647187858020823e-01 5.681301279331051335e-01
3.952327899603996220e-01 4.114474742997025758e-01
5.638565638304491312e-01 6.414313283687960165e-01
7.262638254324701448e-01 6.206587696804529708e-01
6.587444840260880952e-01 6.582294243667481393e-01
6.906848384205959146e-01 6.231674216091926954e-01
6.678311695222579614e-01 6.354166171189757906e-01
6.861541856523113436e-01 7.414240401955477511e-01
7.586990483726003820e-01 6.681901062444468575e-01
5.185812650352922271e-01 5.861606959338986345e-01
8.066033010399913383e-01 7.826167650963398170e-01
4.895145382038348925e-01 4.456191589300276257e-01
8.023634545605035084e-01 7.012181743560931269e-01
6.198781904835121148e-01 5.494346518985347982e-01
6.785688921020375242e-01 6.373398950154968157e-01
8.151255930007408335e-01 8.420194709344612782e-01
3.473576319756966346e-01 3.559063816855956852e-01
4.298204496945663422e-01 4.734856340853830226e-01
4.310739420405086952e-01 4.709081986245353124e-01
5.074086191671034474e-01 5.061304954836416403e-01
4.077459189463519817e-01 3.745672943919095554e-01
5.619011132663609409e-01 6.732908431872479671e-01
7.308407001864021257e-01 7.780662961368729480e-01
5.188146059990628167e-01 4.931059836938380680e-01
3.092857386075608672e-01 4.376532141575903423e-01
8.768282734774385245e-01 7.623482129571960142e-01
6.087711055231744828e-01 6.438528891602578463e-01
7.343434002521960213e-01 6.231978674548608321e-01
4.729408320261221377e-01 4.939815495236691278e-01
5.357787315982568410e-01 4.880545797034258060e-01
5.572717051835822666e-01 6.502435667300494604e-01
6.210956919573701329e-01 5.570924805439746441e-01
7.516083685615790877e-01 6.285079274118678949e-01
7.462197074650729345e-01 7.887397298976235316e-01
5.046299413853270188e-01 6.154894310214182873e-01
7.045678551575367266e-01 7.872273646096186184e-01
5.476852707482497973e-01 4.800073995633329926e-01
5.675351814916341775e-01 5.899930984343556561e-01
7.991016084436173283e-01 7.636778714726746298e-01
7.205823077749222705e-01 6.558920264829379843e-01
8.425886454964188754e-01 8.886681799990130415e-01
3.918324404040909315e-01 2.916904399497037836e-01
6.666262009494227092e-01 5.855151598701558990e-01
6.761512371270842481e-01 7.284527898355838138e-01
8.736869104016502519e-01 8.516080659550415710e-01
6.258275223486380323e-01 6.188079641827435307e-01
7.204590527360485996e-01 6.640434466652471723e-01
4.468732616465792007e-01 4.354706203314378521e-01
3.327600384334966632e-01 3.237525042571501865e-01
4.818872984442329477e-01 5.690328429770782348e-01
6.850455042866410160e-01 6.195575951197775932e-01
5.107966255840258318e-01 4.679401387503870913e-01
7.535581778552742360e-01 6.501280419747679229e-01
4.791241068765457189e-01 5.274019515456036533e-01
8.415671279294850704e-01 8.113730987136448247e-01
6.854875757911778056e-01 6.767140417773886973e-01
5.994959613188443059e-01 6.103542113017016435e-01
4.702444634015615632e-01 5.196835967776102239e-01
6.591224728260304255e-01 7.084073644011376070e-01
