7.407302777521505011e-01 6.701687070585830019e-01 6.980041438780728580e-01
5.933662083192815517e-01 5.354976465474974301e-01 5.908004335820056241e-01
4.336504592066164343e-01 4.394462430822468901e-01 4.514901178810755700e-01
3.109736578085687819e-01 2.913245424567498243e-01 3.166254120479343181e-01
4.129361521123874335e-01 3.663869122959875768e-01 3.797189453778977430e-01
6.273903772881542773e-01 5.728107576286003422e-01 6.225964162316098838e-01
4.539289111555330214e-01 4.316997327765009218e-01 3.916334347569809804e-01
4.575729136723907797e-01 4.044066320674917780e-01 4.358410758755069669e-01
6.332661684979793426e-01 6.352716363594633764e-01 6.785649217667055755e-01
4.978517684686787903e-01 5.056406198149193676e-01 4.889840220954141392e-01
5.488976443893872625e-01 6.591997118717348725e-01 6.128794439359807056e-01
5.843219672905007878e-01 5.619412168232872373e-01 5.807401399479003024e-01
7.569775162487843989e-01 7.188040680672708183e-01 7.253812100567925691e-01
4.594392934043535770e-01 4.839002023320472246e-01 5.410429765271437264e-01
6.216659298219764374e-01 5.645142305473969113e-01 5.445106326700069888e-01
5.758495585578867759e-01 6.049819619771387158e-01 6.134610164557132705e-01
4.337641596322326931e-01 4.980946645378471760e-01 5.130132575340209389e-01
4.742569089099034629e-01 5.026574802683989596e-01 4.759071863385193057e-01
7.137455635489037276e-01 7.109844262870863574e-01 7.125926411435147267e-01
5.504389007843841775e-01 5.520225728463593606e-01 4.869018649648006458e-01
4.656049578652252663e-01 4.115801718329983316e-01 4.369045023551330620e-01
7.723770974107559972e-01 7.470486195654558736e-01 7.329377241950582045e-01
4.450069886651809581e-01 4.545694882705262896e-01 3.862101063410875446e-01
4.185765315913519413e-01 4.050968562908789927e-01 4.269022727785709570e-01
7.982980334333816819e-01 7.790316793963151243e-01 7.289981898213183653e-01
7.582110152264857073e-01 6.671540829695247199e-01 7.068503216608931217e-01
6.031902064982322953e-01 7.230921023958339910e-01 6.823718292443528011e-01
6.161501993926691290e-01 5.195461162500979446e-01 5.951680662853072734e-01
6.832076141217374721e-01 6.421654323688745780e-01 6.728560429997260117e-01
7.456559949598448034e-01 7.588016100526723262e-01 7.726533629674697812e-01
6.017578049627667625e-01 6.403838970136276343e-01 6.444555081691597520e-01
4.084023656835272242e-01 4.087863530843144355e-01 4.104683170356550614e-01
8.962085414547749096e-01 8.660202186309405858e-01 8.474166657906552214e-01
4.881509191383201496e-01 5.718841382701329579e-01 4.929494459288116803e-01
6.617488961899671285e-01 6.477230518784614643e-01 6.289004617779592188e-01
6.033043770483843549e-01 5.972773342159813925e-01 6.200792770092207196e-01
8.353118440270640432e-01 8.263773503793602204e-01 8.259675183226100614e-01
8.656599276233714058e-01 8.682836511138998237e-01 9.080888962169982870e-01
4.474317513039060001e-01 4.464518259566923053e-01 3.850236685867425290e-01
4.740983285669693181e-01 4.762596741249951471e-01 5.010350086353221322e-01
7.003068289580139938e-01 7.293700069590214330e-01 6.585002689975676393e-01
3.867242753172006053e-01 4.258409730751299693e-01 4.219387386706465737e-01
6.537255406767513710e-01 6.400780228607877431e-01 6.254623606729697860e-01
4.204510314525748971e-01 4.152139392807114304e-01 3.717146167039653282e-01
4.961502849511293944e-01 4.594852984665681039e-01 4.574741878905119186e-01
6.507619515501383844e-01 6.762736240600654147e-01 6.429757736321668471e-01
6.530444313535398448e-01 5.758225994598517028e-01 6.389936813848131614e-01
4.238371330774622914e-01 3.951384983350801905e-01 3.882037111605310398e-01
4.877886785060366881e-01 4.669710731487781707e-01 4.459317210941048382e-01
6.696420543271952575e-01 7.141743489107443832e-01 6.870761974994662458e-01
6.345781907972378733e-01 6.008439748599134766e-01 6.089458095047458608e-01
5.973236228016732818e-01 5.942299632442544777e-01 6.196285906120492237e-01
6.613594279678879362e-01 7.453610980600657854e-01 7.560145181493892474e-01
8.768863988058335224e-01 8.304135240675705187e-01 8.491027006450513337e-01
7.398578458226010568e-01 6.820171899842429886e-01 7.027046420570564056e-01
5.834713306915561004e-01 5.746789497230273547e-01 5.302741920520266383e-01
6.756373274484239744e-01 6.398140223632471368e-01 6.254075473612615843e-01
5.874813871061415060e-01 5.800465432472656779e-01 5.367688841564545177e-01
5.327187811427075426e-01 5.434385095202064475e-01 5.406999000300697356e-01
7.279110064844874772e-01 6.343540165618151150e-01 7.047305071435875368e-01
4.440761107861395107e-01 4.462257173508840657e-01 4.366846179856579968e-01
6.977735956913837523e-01 6.764615102224093013e-01 6.736785729955682145e-01
6.197346130173521095e-01 6.454272224477525244e-01 5.973932459337535361e-01
6.382855599895224108e-01 6.300958737540416355e-01 6.193484446437217406e-01
5.088363544571270491e-01 4.906610119241543999e-01 5.525779769356430338e-01
6.251531339053605363e-01 6.907206249291855116e-01 7.114554318273917932e-01
5.526139965226066764e-01 5.561919776808410543e-01 5.270819987775381410e-01
5.781668020759697102e-01 5.582659627350413656e-01 6.067263009939715124e-01
6.547671946942353882e-01 6.514067467004578393e-01 6.237258148619823084e-01
4.429425843803644902e-01 4.629948765775166453e-01 4.863771965327391977e-01
6.721515258942422077e-01 6.356764740438169969e-01 7.083114575829778659e-01
7.244104932194175284e-01 7.232492551482575527e-01 7.238442764538151053e-01
5.806488185017278925e-01 6.020364034870214764e-01 6.214301077082683422e-01
8.325164321115030575e-01 7.955025242334761160e-01 7.799149447095480303e-01
7.386142792735177487e-01 7.601571345661549683e-01 7.292251372952532895e-01
5.309701379398203969e-01 5.597941752860755571e-01 4.897251276598058589e-01
6.553193222697356601e-01 6.758243658603235726e-01 5.895830556090667640e-01
5.948834437616904447e-01 5.649835559944387242e-01 5.281101222347936996e-01
5.866328756504602948e-01 5.237876463129945703e-01 6.093585427671883714e-01
4.882349645407588201e-01 5.079487594053138100e-01 4.887778329875507866e-01
5.587531250040572717e-01 6.254214691901575085e-01 6.118821968267318390e-01
8.568487732039846705e-01 7.928260516046694573e-01 8.297606143542928248e-01
5.364253231287088308e-01 5.833343115591472783e-01 5.149932813144768584e-01
4.897652019994709893e-01 4.858106768185469493e-01 4.973329174582454826e-01
5.181395390116401156e-01 5.907341172684931196e-01 5.366664287739666417e-01
6.228174325823647717e-01 6.366254463322248425e-01 6.460209827286303996e-01
6.402968738475234289e-01 5.898188522419535174e-01 6.207160340482514860e-01
5.873103936240703371e-01 6.683035662116030284e-01 6.856457177722248275e-01
4.169191145471161097e-01 3.783743984084501633e-01 3.845659314119422301e-01
5.946920228914771567e-01 6.192039259659971595e-01 6.270746103993865006e-01
5.740532044165981285e-01 5.365270832697438541e-01 5.722769352114249752e-01
5.251164531834550120e-01 5.320271455363582147e-01 5.365093090204069437e-01
8.252851923853620209e-01 7.660973208368567766e-01 7.599922778216670061e-01
5.409670009056176676e-01 5.505636332877732464e-01 5.719681265949446702e-01
5.363439905517852768e-01 5.297042690624282901e-01 5.695704983891578532e-01
5.787011125599542671e-01 6.562000335792984584e-01 6.271418667387820278e-01
7.222648266445480525e-01 6.505454725504762337e-01 6.732077237311739903e-01
5.895131878413881754e-01 6.260751773727250002e-01 5.972483012464475660e-01
6.538401176428296768e-01 6.259977890304680992e-01 5.620518125322524483e-01
6.391016336890901206e-01 6.115102535819655349e-01 5.881715487280033683e-01
6.187582808833926862e-01 5.911741980340308178e-01 6.185193626534578604e-01
7.035615533275955125e-01 6.321712699090650256e-01 7.043134203598468979e-01
7.153714019946613156e-01 7.148549485737482057e-01 6.379261042506186863e-01
6.500866995946332771e-01 5.744833105749794777e-01 6.211471785096873699e-01
6.159037196391039526e-01 6.102502085768511941e-01 6.018424544698637302e-01
5.215763713233951826e-01 5.793676165007526357e-01 5.272299816968746278e-01
5.707521508693732537e-01 6.295764204388658580e-01 6.223482617483198087e-01
5.253876032263264939e-01 5.082630657762610138e-01 5.170530180498631445e-01
5.283019008451650400e-01 4.719179377330216529e-01 5.395043070016283249e-01
5.965500189005487064e-01 6.139660247953672156e-01 6.083343595667100034e-01
5.167977185148435737e-01 5.032696620865338977e-01 4.605223995341998777e-01
6.164296594653092543e-01 6.774855188839546960e-01 5.947569664617233798e-01
6.025696686631902832e-01 6.017847398003249859e-01 5.887191811172263201e-01
5.209587724608477632e-01 5.596858088147774746e-01 5.168717631595534101e-01
4.871349538055351758e-01 5.388599757418167657e-01 4.889576965699178879e-01
7.312392131382277061e-01 7.446659860705104883e-01 7.434384527083891525e-01
8.810841537038159865e-01 8.978582392574334659e-01 8.685529204505334500e-01
6.566705384832884906e-01 6.011793735161286012e-01 5.578352984713133011e-01
4.619226599420941937e-01 4.802685397440001336e-01 4.749272008096961928e-01
5.720868128155706112e-01 5.294280027734212801e-01 5.191212960733362358e-01
8.791113253510792758e-01 8.076888064420327806e-01 8.247711188971346141e-01
4.859642000010568341e-01 5.345207041140997983e-01 4.695081047139742503e-01
6.320180916385840231e-01 6.062788134235772564e-01 6.478280777178477834e-01
8.727088065352061053e-01 8.178431690529628373e-01 8.315228335659484715e-01
5.790537981757253316e-01 5.728039601506644818e-01 6.425311742503814205e-01
8.634738698165216331e-01 8.224528520864500258e-01 8.319703047093232051e-01
4.949045586587382806e-01 5.373894512478023522e-01 5.029303645288758506e-01
6.148096471440741562e-01 6.060447982612379159e-01 5.535930067797584231e-01
4.640021487344183071e-01 4.088470451216628665e-01 4.426059491340413321e-01
6.304765478108065313e-01 5.954420673797323760e-01 6.116985184388744612e-01
4.810313706467808648e-01 5.015304806617811861e-01 4.736216366751201945e-01
6.332015352061204361e-01 6.181435275463615930e-01 6.627741872832151326e-01
6.007012865916644406e-01 6.230775804940900109e-01 5.773720371263476592e-01
5.763007225614936724e-01 5.963415253476423983e-01 5.929368959542140605e-01
6.080840213984206599e-01 6.483952039118634492e-01 6.368164550306490979e-01
5.310581328913159815e-01 5.179682653077725130e-01 4.958446752044119998e-01
6.332670630419013902e-01 5.584217973229077536e-01 5.664978625605440188e-01
4.493950928711454296e-01 4.736372875791243220e-01 4.832390734677582955e-01
6.162230694302107681e-01 6.275136242817331844e-01 6.324668560811553819e-01
7.161320232255423690e-01 6.964706750363597321e-01 7.054576208763996270e-01
6.619582622578467079e-01 6.387820735068574507e-01 6.660078686421323502e-01
6.911695898085049583e-01 6.790471801603779056e-01 6.532953423248363256e-01
5.693256959610349943e-01 5.996750772654486639e-01 5.521027074211414254e-01
7.294003423559893839e-01 7.079908703791155666e-01 7.208832845172631343e-01
4.576705049414003246e-01 4.298200193985822759e-01 4.050439428890477700e-01
6.175582231341684158e-01 6.349128594666157976e-01 6.645111269275232324e-01
7.143462298317440062e-01 7.787915350071483722e-01 7.250030270585523517e-01
4.708117582279639501e-01 4.536443253086341887e-01 4.601623407348814365e-01
5.967549522747470636e-01 6.695405230029370935e-01 6.781361497581911424e-01
6.582061494034906479e-01 6.883313527046138747e-01 6.859884800956354001e-01
6.189717165476087413e-01 6.084195142690312919e-01 5.982461788288042648e-01
9.973474253139985590e-01 9.462897451158337470e-01 1.015938287296983100e+00
6.722525377122455792e-01 6.246468116005224891e-01 6.517050174130727402e-01
5.406576042204990218e-01 5.481268783437672765e-01 5.291722187136782551e-01
6.775954550248023400e-01 6.936644289851442435e-01 6.834772941753355369e-01
6.765109438877122683e-01 6.969744619763660332e-01 7.840877714577100255e-01
3.585462094351475337e-01 3.730850214908241758e-01 3.655413420538327074e-01
4.144557848450468596e-01 3.757955629930414543e-01 3.718048989641535296e-01
5.075231750234542316e-01 5.342116958807667793e-01 5.247282237345431977e-01
4.946578012292424109e-01 4.557671305964853259e-01 4.417925611544916698e-01
6.654417918855252134e-01 6.812537337808700633e-01 6.760660496222550275e-01
4.307685212548701958e-01 4.595206879073052697e-01 5.075900915315465500e-01
7.431526497366557349e-01 7.393654840466793443e-01 7.002233343109240948e-01
5.253016728073566233e-01 5.078171196084722006e-01 5.271788285199456858e-01
5.559630644678372757e-01 5.510934017900502857e-01 5.708706044557729786e-01
5.142706973397388470e-01 4.807758839731661182e-01 4.763950911094366747e-01
5.877639397375261643e-01 5.976641643170207407e-01 5.516850076627610733e-01
6.559536220477838464e-01 6.770805013944859452e-01 6.672995944459788609e-01
5.138774859429151576e-01 5.597272709935549040e-01 6.261460952746350506e-01
7.550250312683383092e-01 7.437763800004404402e-01 7.168853740670830810e-01
7.613470942704069211e-01 6.936987200513730079e-01 6.841663858226288975e-01
6.822429006030704679e-01 6.868357970324940887e-01 7.215908416851833929e-01
5.615462879064853086e-01 6.356411981451971505e-01 5.963679194486616320e-01
5.954725323911163049e-01 5.552981919223783924e-01 5.646907158313498876e-01
6.642730307468009965e-01 6.977055158868404883e-01 6.385711509057906410e-01
4.735199300310261039e-01 3.601293585227336447e-01 3.996651953359730558e-01
6.008876499698682094e-01 5.636166968378808484e-01 5.632394420718963568e-01
6.868395331172463258e-01 7.177152466170946266e-01 6.788253360168106099e-01
4.155100420187694543e-01 4.506371182555495847e-01 3.581880669211048307e-01
3.209061820188092162e-01 2.822828333040884319e-01 3.380568397783815793e-01
6.121628762052634398e-01 6.394352144016791639e-01 6.060151421535796556e-01
4.971350030159288336e-01 5.120332476812817779e-01 5.419418954802189825e-01
7.081953163187733047e-01 6.472516393889580222e-01 6.805763085200327023e-01
4.636518662229704990e-01 5.123107562779809498e-01 4.872813568402583062e-01
7.285140459475965002e-01 7.301777841357172116e-01 7.579690640948969493e-01
4.992907546978820332e-01 5.086685603518572574e-01 4.496508461446431237e-01
6.936706889061849957e-01 6.337719916515194285e-01 7.012702753573522019e-01
5.113947288262478130e-01 4.564863027388084138e-01 5.087503494279971283e-01
7.205636527224026366e-01 6.905608315594924385e-01 7.532470805726531049e-01
5.343167117895473162e-01 5.009646256327365821e-01 5.364229281092238732e-01
2.426229236099543829e-01 2.541929332461194124e-01 2.171470057870205361e-01
5.930129747277332886e-01 6.008337115020200292e-01 6.265513725045402937e-01
6.670204768381914340e-01 5.602015931223017775e-01 6.226001440167155954e-01
4.290053375256552282e-01 4.468044394390480178e-01 4.342062715879634327e-01
3.705838228592063799e-01 3.975223597365492578e-01 4.163424021372013062e-01
6.654432507183151158e-01 5.874510465495249578e-01 6.043732253128180076e-01
4.474026945152458912e-01 4.460693315799078573e-01 5.320376113995473055e-01
5.121077893584408125e-01 4.579051330011741361e-01 4.789112961602228768e-01
4.126630435514533346e-01 4.016444966430712249e-01 4.290372598432153906e-01
6.559713664232941221e-01 6.989651355505490660e-01 6.759104863212122005e-01
5.347371976759063283e-01 5.927826559869013856e-01 6.585256221864658199e-01
5.024773907687307695e-01 4.938235858066927775e-01 5.308300175853681857e-01
4.433320258318848572e-01 4.412518834659682754e-01 4.953553561060413668e-01
6.947567431518161252e-01 6.720808253659891207e-01 7.041758845202320538e-01
3.911477981703111451e-01 4.672624515086545860e-01 4.388395426626162665e-01
5.382184019402765918e-01 5.674463060635962508e-01 5.407336091390653188e-01
5.533480094316030051e-01 5.427474782921338781e-01 5.363680088234979992e-01
4.641178783183078638e-01 5.252425483019904640e-01 4.652070712975365785e-01
4.660770940979160337e-01 4.078515129570715603e-01 4.362734133289879468e-01
6.085712440898771725e-01 6.367079861993494294e-01 6.058364607598826224e-01
5.282170473264568011e-01 5.542463501775993784e-01 5.419132370625913131e-01
6.946934286300766592e-01 6.504713847919214587e-01 6.343245576767528870e-01
6.510968211059577904e-01 5.971598839187676200e-01 5.670311476526853633e-01
6.635738905226897799e-01 6.624023891323084223e-01 6.790771053476585273e-01
4.648186535935673325e-01 4.200532398170196968e-01 4.330495056951872979e-01
5.673805960737866583e-01 5.550179379697699478e-01 5.224276943039142251e-01
5.914538601887796565e-01 6.048585821741040425e-01 5.695186908817969629e-01
6.304506789536342692e-01 6.766492448570938789e-01 6.280420790881416915e-01
5.870951370500789857e-01 5.307761431962956244e-01 5.939582727909159532e-01
4.279513366692702658e-01 4.097044182539198443e-01 4.341360918961666981e-01
6.182294239658647772e-01 5.694859494376935949e-01 5.903698394000741478e-01
9.268547501813216849e-01 9.069385587391810555e-01 9.310175128241684472e-01
5.190288689470039518e-01 5.447119398045415783e-01 4.593960025710132067e-01
5.570202211339960741e-01 5.976141396310933329e-01 5.764408664449963693e-01
6.978293655614031810e-01 6.646606950636940736e-01 6.766816929576957573e-01
5.001064078493474563e-01 4.457494477148550849e-01 4.645216925605525349e-01
5.600793698603283577e-01 5.057506726905370842e-01 5.383075515853734672e-01
5.699996885511103839e-01 5.882173813284489183e-01 6.079518314358035580e-01
7.132637776855715872e-01 6.709876689154936624e-01 6.788147306049274743e-01
8.039039385379829206e-01 7.353403429219406151e-01 7.965134054875445679e-01
5.547755222807795317e-01 5.755822415442327644e-01 5.502930987514424999e-01
6.188276826402542286e-01 6.907211290686786631e-01 6.145232477793924897e-01
7.233035549728671354e-01 6.677750365419415912e-01 6.810562517931191273e-01
5.486513693411538828e-01 5.015525933278573989e-01 4.857325970589224107e-01
5.217172043288625938e-01 5.145112535181232127e-01 4.897814969263935003e-01
6.196686408804730206e-01 5.688490810206674464e-01 4.941442354853495811e-01
7.840202508928068026e-01 7.830188037930403411e-01 8.322537204582307613e-01
3.596045368168485079e-01 4.114712745804763872e-01 3.981750543549001375e-01
5.222007604410302539e-01 5.582947546490483193e-01 6.026673677534933882e-01
6.391938405529645761e-01 6.323517603175002888e-01 7.287707974925665688e-01
8.413261014055047893e-01 8.792853297721840988e-01 8.808628492077821281e-01
7.178859207715629909e-01 7.129522262606029503e-01 6.553572577831133783e-01
7.385562360652180303e-01 8.014269273832297369e-01 7.575547269746365497e-01
5.532764000511997127e-01 5.955023808220537562e-01 5.466655199889837169e-01
6.214925535028509307e-01 5.956625096526219076e-01 5.820394275568524511e-01
5.286431633801026431e-01 4.870048100266260449e-01 5.350931161677995318e-01
4.330259744385203668e-01 4.523427851121736287e-01 4.899863028771850870e-01
6.813591992285187304e-01 7.054460484382313323e-01 7.447486697786847021e-01
6.397155362017525881e-01 6.622592895137903168e-01 6.205878489928223773e-01
5.219643492210692681e-01 5.076807941183999473e-01 6.139821513073012715e-01
6.466724542122590513e-01 6.208619558456283105e-01 5.971618232578377317e-01
4.548755198322343984e-01 4.329075357792542822e-01 3.962090811518729216e-01
8.181262731735615690e-01 8.621520746545356939e-01 8.130524698360966918e-01
4.273492799330858016e-01 4.485425007279891241e-01 4.013525683538710087e-01
8.466589064635380302e-01 7.886835824363762626e-01 7.955794389768974240e-01
7.754526627226026037e-01 6.940556069652334958e-01 7.109779365981274690e-01
6.491170536335320040e-01 5.539801847699564741e-01 6.196457990719047570e-01
7.460229271232587944e-01 7.030432431066140353e-01 7.287915762404387765e-01
7.150272099687035032e-01 6.752704754708194201e-01 7.026307562482334568e-01
5.572070914908702211e-01 4.718629389835161669e-01 5.397548037566393120e-01
5.877196442219424499e-01 5.585369574965938222e-01 5.882735811171529994e-01
5.071196264480745119e-01 4.683553624328633536e-01 5.393851555773477857e-01
4.875386857363302462e-01 4.825547031579554558e-01 4.880378225789356872e-01
4.181134613189471105e-01 4.471993169735655749e-01 4.593233371267533838e-01
7.860021705093643840e-01 7.511444326605367650e-01 7.889860337790696176e-01
5.228852962938832505e-01 5.144085652490487659e-01 5.258470945909924366e-01
7.007133309969387769e-01 6.948881874360265387e-01 7.126375563032935068e-01
6.339351715257257602e-01 6.472752210569960862e-01 5.754655198291366291e-01
5.061183859692096609e-01 4.743772005357804744e-01 4.390434121213545593e-01
6.477056946838465334e-01 5.823425505391354173e-01 6.649559890839921161e-01
6.174528389415754326e-01 6.209975906877854834e-01 6.212297798621125855e-01
5.166241320238610379e-01 5.215303008268342699e-01 5.094821259994279927e-01
6.067704421741156873e-01 5.724575123860035086e-01 5.808748386506570327e-01
5.054288943055209593e-01 4.921875904667010748e-01 5.383597805824354987e-01
6.523594815659112811e-01 6.170547899006091352e-01 6.296421276616394058e-01
4.321309422498370578e-01 3.981178053406983497e-01 4.400077297254256781e-01
4.740742726268635243e-01 4.779945180728222831e-01 4.918468751256563909e-01
6.480016885214159306e-01 6.630206318854237058e-01 6.772115173058734783e-01
5.397788041175873852e-01 5.841111041315050212e-01 5.480568666598574223e-01
6.029235779910043780e-01 5.779892278300049480e-01 6.417111181204341319e-01
5.619770620884479984e-01 6.174057530336372057e-01 6.010644718110692564e-01
6.727034377190007630e-01 6.874547149635096277e-01 6.831931506858194281e-01
6.889011771877520118e-01 7.142338983746355785e-01 7.082023070355255578e-01
6.104695161264611647e-01 5.941105990203571219e-01 6.525853189383288289e-01
6.436929093966448079e-01 6.005711751582079039e-01 5.600143426620858289e-01
6.546765766604897285e-01 6.598754878136223745e-01 6.263018286551441660e-01
5.562644331401163100e-01 5.015024245737634834e-01 5.528306155827852342e-01
5.465850185760523505e-01 5.322731729216793051e-01 4.593608380548284686e-01
5.730496236877220539e-01 6.374147597043677838e-01 6.431785312590968529e-01
5.600279736585830337e-01 5.009342046983600305e-01 5.290749664983398493e-01
8.458291230551241435e-01 7.854341735666887647e-01 8.449822210815702839e-01
6.581606583565425828e-01 5.948796495323622757e-01 6.143721735515167426e-01
6.946572026810217126e-01 6.812573688906479186e-01 6.708044375491151179e-01
6.342209550651883854e-01 6.630277939964009937e-01 6.843813613649764038e-01
7.014341697157790989e-01 6.681084415130343901e-01 6.095718329502661792e-01
5.582713296618219134e-01 6.054694891077146979e-01 5.808812548303040613e-01
6.086651566081087150e-01 5.893745911368080126e-01 5.999565384715266347e-01
5.781469760500536070e-01 5.253448113432940270e-01 6.027229633240672735e-01
8.546401881730278927e-01 8.114420008895387726e-01 7.891801535934438450e-01
5.334169933020785903e-01 5.259184306047148816e-01 5.223750329626514199e-01
5.834401908841816420e-01 5.232151087870386963e-01 5.901933666968947056e-01
4.786535576223346911e-01 4.252360271847026030e-01 5.084256796642470100e-01
6.316632505218486848e-01 6.293516178070556188e-01 6.189130773647467665e-01
5.420733788471031600e-01 5.351886260742088064e-01 5.064586605844021427e-01
7.246800228404991495e-01 6.037974150693252717e-01 6.381122796456428770e-01
5.513142294404211885e-01 5.223499115309047092e-01 5.306259807000908157e-01
6.508522711729395338e-01 6.928272742968074605e-01 6.531028592234390251e-01
5.138183759879830781e-01 5.449338054917336471e-01 5.307416033692172741e-01
4.774109900454026056e-01 5.294170126711553737e-01 4.434078304351056210e-01
8.168483317071244532e-01 8.035138462692552608e-01 8.057690364102043645e-01
6.560958997686193728e-01 6.488942984710573958e-01 6.023683279525015033e-01
6.884421674697425164e-01 7.176679893205643035e-01 7.063324043278821351e-01
5.362601348952633629e-01 5.030964094913663587e-01 5.049520881071073442e-01
6.988510527540979789e-01 7.079719739371371778e-01 6.696749936390814506e-01
5.745800258274478267e-01 6.049339613340048993e-01 5.628078930434091687e-01
6.804013618057795920e-01 7.281887178368470215e-01 7.155592679888369556e-01
4.523697309527750510e-01 5.134738341941583739e-01 5.006037798818293583e-01
6.397970178626452009e-01 6.160528775402815960e-01 5.345973181924951190e-01
6.474612248211957244e-01 5.896758196492387638e-01 6.126772721471533956e-01
7.826274795773591197e-01 8.063124577418612215e-01 7.810807695104913240e-01
7.344794019869759216e-01 7.684940387590143418e-01 7.286684835597843080e-01
5.954575600856483186e-01 6.100061353047913082e-01 6.144333240397191753e-01
5.822341152837158251e-01 5.968969463786301111e-01 5.818965179532543663e-01
6.879548461538539383e-01 6.638032529197345211e-01 5.889800581467112828e-01
5.183399594920277131e-01 5.520255677818455275e-01 5.090031890178570162e-01
7.828391002471434268e-01 8.494976633592561388e-01 7.963690801621592374e-01
5.353195854555622413e-01 5.758682768449144840e-01 5.766684276098837936e-01
4.867123701698153337e-01 4.850808151445574756e-01 4.575164830647720504e-01
5.791791761505985514e-01 5.840622163772279940e-01 6.145060644301041375e-01
4.687302342477242534e-01 4.369509777468069678e-01 4.722558394098033685e-01
4.382725611967108748e-01 4.666439723218325231e-01 3.961603056433007919e-01
8.681880140605242602e-01 8.173669174761946099e-01 8.421796004375243783e-01
7.484580755450448430e-01 7.389822448790359655e-01 7.109307152145221131e-01
6.536244533383268607e-01 6.913155923559970439e-01 6.724387871008004058e-01
5.766887339723991701e-01 6.178361351837267090e-01 5.558353157627914376e-01
5.355162372717153785e-01 5.450697662530717968e-01 5.370072469970690321e-01
7.028185689703629890e-01 7.208522497051328415e-01 7.376736425564904831e-01
5.315465936438448225e-01 5.143505828727888973e-01 5.484976051411704079e-01
6.333941079696980836e-01 6.489306275018769110e-01 5.436140665077945355e-01
7.509521169650360539e-01 7.404110319387962047e-01 7.473962585974499584e-01
6.242865209381992520e-01 6.491457222000971417e-01 6.163972240549502324e-01
6.404044328831037802e-01 6.461693208838021896e-01 6.465559172557379108e-01
5.902573636107401045e-01 5.451062163170776742e-01 5.663665455107816937e-01
6.682524168003198817e-01 6.259598643040302779e-01 5.545164658027691429e-01
5.702691468836681432e-01 6.050463711197158201e-01 5.884775216507539541e-01
7.168199882162161751e-01 6.907059291585893046e-01 6.734197643904290542e-01
6.512522942046332641e-01 6.199442624956943426e-01 6.243525465715972222e-01
6.545229749523372442e-01 6.182008695638568918e-01 6.678152669779742201e-01
5.988731771271174065e-01 5.246399291331402814e-01 5.982139548740833535e-01
7.563966115771815213e-01 7.510508886160376374e-01 7.004318062434995440e-01
5.670075491144456192e-01 5.835534089948398728e-01 6.184713605259313240e-01
3.631480096048090855e-01 3.832439481845817397e-01 3.549202264456962630e-01
5.892709833577958189e-01 6.007647702707568094e-01 5.810351971962706141e-01
6.385345513835930520e-01 5.980657371984695603e-01 6.240264278040428270e-01
6.485382990357904109e-01 6.415554931957371254e-01 6.569251960632090936e-01
6.001176874896441138e-01 6.089011840574841683e-01 6.092871183382266853e-01
6.589030654826837363e-01 6.172440082444092813e-01 6.470279686868627422e-01
7.059170990337308993e-01 7.668102293263855396e-01 7.358787541923640374e-01
7.841204665146285224e-01 7.857970332912155298e-01 8.025955500812003152e-01
6.852161747121753299e-01 6.976657794942223711e-01 6.760116005480982793e-01
4.342216704625576629e-01 4.394411350036432351e-01 3.935326416233878022e-01
8.209573308893560739e-01 7.620289853213253473e-01 8.036292870689719647e-01
6.439911079888024359e-01 6.702983625634459930e-01 7.074669337845292949e-01
5.684902816244377100e-01 5.726329863463650582e-01 5.417169831768005039e-01
6.258888207256042557e-01 5.885023276715637408e-01 5.979874079321716440e-01
7.183994383612877233e-01 7.466008844885052564e-01 7.365866267453111682e-01
6.593571955931635253e-01 6.279950433686012357e-01 6.814451934972842739e-01
7.542944167333500705e-01 6.884703231697706372e-01 7.511964316653085838e-01
3.666301580253201187e-01 3.394777208516123190e-01 3.545453213506053469e-01
7.042345036877907249e-01 6.596176109943969745e-01 6.482059289521361345e-01
6.915733002570280119e-01 6.054855733813186980e-01 6.354775731134124639e-01
8.228921941249573990e-01 8.010005053806539266e-01 8.282938955993588426e-01
6.405403050663850406e-01 6.160175177945460545e-01 6.455898222171654321e-01
5.561264863673459624e-01 5.713517023056126076e-01 5.457504993887608569e-01
4.133438397010730236e-01 3.641631603297079134e-01 4.117232773004070312e-01
6.413047700032702414e-01 6.860830109897697593e-01 6.072717516885830502e-01
4.703918385908684718e-01 4.814177610522943906e-01 4.848709037247780351e-01
5.831161906281902008e-01 5.389764646637806855e-01 5.365476574325004355e-01
6.498305851298468161e-01 6.140097906857251431e-01 6.114392669992350093e-01
5.081287142711184979e-01 5.282187056217353405e-01 4.863531110888460463e-01
6.863858763678362118e-01 6.919154033154902850e-01 7.121442102304093025e-01
3.861879212261964400e-01 3.723893245767935234e-01 3.962807059240643914e-01
4.559796482355352176e-01 4.350833985898907019e-01 3.964246024236473542e-01
5.332543959330907635e-01 5.481220780312195950e-01 5.165930682839563470e-01
6.609196793891062294e-01 6.600385756552212824e-01 6.719538091645975708e-01
7.313509207693457137e-01 7.421303939409846784e-01 7.447090085907180912e-01
6.870524076610678987e-01 6.784791060898961446e-01 6.793229983551102302e-01
5.775544433625964258e-01 5.569179333914192620e-01 6.085062464532667859e-01
6.639252899661644003e-01 7.198362401851162717e-01 7.355896516007679464e-01
3.785152183287724958e-01 4.294232705656735316e-01 3.766216644156504256e-01
7.694895811730495527e-01 7.777570038410482889e-01 7.921428726009938082e-01
7.965283459901236762e-01 7.811533557753032042e-01 7.807166771271056849e-01
4.898924654361878073e-01 4.666443875562429899e-01 5.016746046074542775e-01
5.658210936998705476e-01 5.649722056188429820e-01 5.588542817809059038e-01
7.948167960770865514e-01 8.075060122802294460e-01 8.202409310953133748e-01
4.580754281722160259e-01 4.787303074075405784e-01 4.537103055962891651e-01
4.156283516438826209e-01 3.963783065171793685e-01 3.459229384447696232e-01
8.023634130965694444e-01 8.186184099096325273e-01 7.672660324701000567e-01
5.599932264318360220e-01 5.078221642468908614e-01 5.617010794813795949e-01
5.520762436746406987e-01 5.557809869224179522e-01 5.642385305216568447e-01
5.178047335069929646e-01 5.140660145465357767e-01 5.537391661234973839e-01
6.822279726093878338e-01 7.671546157527614485e-01 7.398597162596481924e-01
6.587345871384965301e-01 6.431231141242838012e-01 6.717413612662650468e-01
6.136506646200530213e-01 5.466417035555474202e-01 5.755295048899671251e-01
6.119621359487660284e-01 5.971299760835311332e-01 5.759779596253659095e-01
5.677503998481887582e-01 5.579660389094026618e-01 5.609320223956320017e-01
3.767520432239510053e-01 3.857282005112805945e-01 3.958206508276125302e-01
4.546049426641682878e-01 4.208767482055377207e-01 4.691557453318402904e-01
7.058138601512867760e-01 6.687872438262567609e-01 7.198370032857758227e-01
6.684024412218241284e-01 6.950739289212234384e-01 6.691081703023472604e-01
6.853468416943994113e-01 6.260790315728022026e-01 6.831116434908663937e-01
6.147634331571928401e-01 5.862238501059910956e-01 5.963657932568775522e-01
6.498740656912220803e-01 5.407643455829969081e-01 6.351610327745597084e-01
5.648398623205768132e-01 5.073311686013425303e-01 5.657488998617505871e-01
7.536373154275156638e-01 7.947324439694000153e-01 7.645323619358679323e-01
5.079228004637423854e-01 5.143623358510867050e-01 5.037394181654250014e-01
7.432700058888440653e-01 7.380730443480320035e-01 7.740508540541426452e-01
7.145506782981347893e-01 7.889755842931740482e-01 7.093689251191084288e-01
8.364813297065504250e-01 8.187021041760230711e-01 8.631858782434987942e-01
5.898732551570771143e-01 6.248156000335119975e-01 6.176291487897646038e-01
4.607048872890771585e-01 4.765178336394399472e-01 4.442284151922009650e-01
6.618926834562056660e-01 6.940094806880391376e-01 6.529559434060849821e-01
6.130092761892609321e-01 5.963082896823734824e-01 6.391236577037567868e-01
6.477819259720334344e-01 6.209676895092507420e-01 5.992076789261874259e-01
4.880702199162736954e-01 4.331757140588877730e-01 4.272622094151106165e-01
6.845777604853141574e-01 6.498841955181338115e-01 6.636219131036560359e-01
4.362514964226308356e-01 4.261628287291020500e-01 4.232092707761346828e-01
6.279305482912459491e-01 6.554556822005204175e-01 7.116659769095721177e-01
7.150880748649024454e-01 7.301695352449416587e-01 7.212500818518756684e-01
5.996101524492898349e-01 6.377280600824319912e-01 5.818044327428109064e-01
3.076169475003464049e-01 2.770785109605222174e-01 3.048945431414802898e-01
5.073311593232415762e-01 4.841639612368391354e-01 5.450570757503024888e-01
6.446892376182592477e-01 6.857175035209758240e-01 6.577656352999901035e-01
7.323493314304801993e-01 7.268058859385112536e-01 7.126295830548997623e-01
6.351930647622487935e-01 6.152505177374473222e-01 6.885635053208682965e-01
6.722548449164734707e-01 6.248655801678227872e-01 6.828727216590591009e-01
6.808982846965067059e-01 6.780274433702768722e-01 6.944223835104708087e-01
5.970170487611201615e-01 5.281752887071043956e-01 5.456014974257971106e-01
5.160074565776455735e-01 5.149383031275368561e-01 5.174013330406037614e-01
6.230596197285007687e-01 6.055873431875260504e-01 5.758713902181191724e-01
5.410886105729539874e-01 6.162013200438146709e-01 5.883494076261462924e-01
4.651143783509879559e-01 3.900466715819136398e-01 4.380048672723050873e-01
6.543380752170899761e-01 5.948039293881144385e-01 6.311102574156656209e-01
6.162278061477156621e-01 6.228647278571702861e-01 5.969332238822965264e-01
5.169160783956432414e-01 5.248421932948973412e-01 5.059325070531507373e-01
6.952325586979348770e-01 6.400336672672002347e-01 6.603107482575106824e-01
6.442759868528760148e-01 5.970090486186810930e-01 6.034385240566065844e-01
6.548093398749453842e-01 6.349320326367027256e-01 6.117932659577487442e-01
6.926604933032116662e-01 7.204705275802508746e-01 6.551716915788962092e-01
7.596104246008186234e-01 7.139160018850281286e-01 7.457930392498677286e-01
6.127019595739664481e-01 6.464730029965400915e-01 6.448852996667601145e-01
4.815331058733205438e-01 4.447085206835007520e-01 5.132477919021900536e-01
5.310779216554640803e-01 6.107660456458809950e-01 5.771237495276734242e-01
7.844777847714142771e-01 7.493675820053302683e-01 7.255016888070858760e-01
6.351857359929014013e-01 7.014866936908410455e-01 6.863145126771053040e-01
4.221668522548063796e-01 4.265067652713955826e-01 3.274025053714834099e-01
3.455524998890315280e-01 3.811017942919640578e-01 3.414554841764867454e-01
7.770962458034602616e-01 7.540928106028009781e-01 8.055224038540846898e-01
4.336833895757016277e-01 4.374766050243633075e-01 4.275363022083598086e-01
5.456615138649867358e-01 4.794205525989411742e-01 5.506984052231566062e-01
6.483533405033117258e-01 6.614605566514624169e-01 6.745893883926173951e-01
6.535105727998981040e-01 6.583230121238858867e-01 6.120548731355655026e-01
5.088285992465160223e-01 5.530214780591272694e-01 5.412780092678205479e-01
5.768440361558920815e-01 5.601800593789710847e-01 5.636305236265726215e-01
6.869507971207430286e-01 6.985851078503617639e-01 6.421543628080497168e-01
6.606940005562011997e-01 6.564358344973323378e-01 7.000586416948242352e-01
5.206128072691214026e-01 5.827377883153953553e-01 5.358462065938374153e-01
5.623063318453480619e-01 5.389402879321343320e-01 5.089611254918555705e-01
7.182224356561198730e-01 6.999119695920793527e-01 7.128733111078426887e-01
5.516718371057197645e-01 5.206638243523433740e-01 5.962502091334326293e-01
5.813131259082232605e-01 5.888455876520762855e-01 5.086121548432621653e-01
5.493645237560654815e-01 5.362585988411255888e-01 5.699605139710727242e-01
6.983986233573311608e-01 6.587908538525124591e-01 7.129975314896938032e-01
5.211734739865484523e-01 5.394969578288822953e-01 5.268073887739613825e-01
4.316373921460479046e-01 4.782008226583097654e-01 4.342872987779109462e-01
6.621974065084231809e-01 6.647190037790635664e-01 6.941242776724753094e-01
5.986330588029946664e-01 5.937209176774775887e-01 6.142546723824816590e-01
4.602857139757477456e-01 4.727637789441720972e-01 4.778003263981483451e-01
5.777622771975333693e-01 5.494380328597120444e-01 5.927363920455904767e-01
7.314092760466103238e-01 7.627166913510484703e-01 7.307419037869934408e-01
5.272918995709371393e-01 4.741337770622912617e-01 4.534002589440822018e-01
9.389532157763702536e-01 9.657298782903346313e-01 8.836072474495827445e-01
4.894919702222393920e-01 5.128560905246125623e-01 5.599351896418121033e-01
5.688254532434892097e-01 5.133681925781126143e-01 5.309648746711005396e-01
7.196432823270479950e-01 7.533667933357105495e-01 7.029448381868066420e-01
6.354845259190897711e-01 6.534035544241632021e-01 6.356161656871253118e-01
3.838261225487114570e-01 4.373100773588818324e-01 4.509932810094738342e-01
6.271423954533048573e-01 5.402644362892236041e-01 6.010720980515312784e-01
7.505492415292284170e-01 6.915416962649244548e-01 7.517657581480818862e-01
6.580000987740485252e-01 6.714088694355504483e-01 6.430424573819111256e-01
5.647254210590562096e-01 6.198289674948026517e-01 5.540044583710195258e-01
5.953936629910344669e-01 5.665148563958039007e-01 5.951172170314571463e-01
7.266370572121775284e-01 7.022166229379096514e-01 7.086374734855118707e-01
7.215060024417409013e-01 7.292470815633277370e-01 7.271312220313085328e-01
6.979405253908763651e-01 6.845840702979879566e-01 7.012631744586509397e-01
5.915550718527178287e-01 6.488263009192939412e-01 6.405845916869543633e-01
7.082394743046294128e-01 7.044538418335872798e-01 6.803833685731193182e-01
6.731145614586763193e-01 7.279214727925605866e-01 6.545335010169546219e-01
6.570615703179687461e-01 6.792864110659431187e-01 7.353424939778359093e-01
4.593863160484005226e-01 4.217557560172469078e-01 4.163436478291703269e-01
5.724123290525628960e-01 5.436921439289992275e-01 4.992998457558444625e-01
4.594273029613780146e-01 4.771159753508140144e-01 4.702836396211254599e-01
6.819496387807155724e-01 6.203756680522943823e-01 6.868181335665715093e-01
5.642376772581381150e-01 5.412159117883028614e-01 5.783348788963932341e-01
7.482354664036132696e-01 7.796113552905529209e-01 7.632706050938147246e-01
6.383496418853731313e-01 6.267810254020119709e-01 6.299861599080084362e-01
4.897859912560588724e-01 4.501325751949760701e-01 4.592136017962175631e-01
5.550385789939245029e-01 5.251674214089377957e-01 6.048613331654951741e-01
4.610570350874408918e-01 4.458077675272183460e-01 4.558885431227415186e-01
6.108695956612690825e-01 5.990016308099882503e-01 5.769138737403615158e-01
4.864237518995285225e-01 4.602176704143394192e-01 4.731430955201245125e-01
6.381178996593090957e-01 6.204939668608984160e-01 6.473734356357809805e-01
4.848462212385377113e-01 4.384429558394737914e-01 4.007990301846489078e-01
4.419488209261676070e-01 4.099310498742167463e-01 4.363534461309457324e-01
6.512994530807628690e-01 6.499007793911913966e-01 6.672882193098619297e-01
8.024249645793268826e-01 8.068514022483374015e-01 7.632225442801982007e-01
4.119365671747265978e-01 3.928493283853024542e-01 3.706598754598814383e-01
6.555136878424727698e-01 6.419367152463991699e-01 6.407980113460239879e-01
4.509890551226741207e-01 4.898445218477460728e-01 4.942841180514502275e-01
5.725720740329920400e-01 5.534102378293299651e-01 5.758926734590511520e-01
6.151489748342321429e-01 5.640041774909070327e-01 6.327057496526051761e-01
6.506172361803587156e-01 5.703637850803894294e-01 6.061906596303281436e-01
5.412844315925444683e-01 5.120996691785727473e-01 5.583936032610712363e-01
7.757712248317878423e-01 7.707872388473934189e-01 7.274247327464612445e-01
6.634899551034272314e-01 7.221038046012957512e-01 6.681931683047711568e-01
5.918007913748857263e-01 5.962814403081642123e-01 5.840408859971893962e-01
4.265497462554893593e-01 4.433712218116209192e-01 4.054127938484218818e-01
7.598825272696420052e-01 8.070007004675715523e-01 7.730361931694792466e-01
6.689630458025749293e-01 6.612259856913749179e-01 5.720337148083491918e-01
5.505498696511557100e-01 5.467093719871992663e-01 5.838402296107145784e-01
6.395126429879467445e-01 6.265792309110996827e-01 5.761410138875171505e-01
6.684174173480702530e-01 6.521073518695333915e-01 6.431473401967653380e-01
5.903737279306399133e-01 6.288509611725007220e-01 5.604597760590169786e-01
4.990567187704929020e-01 5.369573371153280039e-01 5.383474671871557593e-01
6.101128756003385556e-01 5.776046036384557825e-01 5.713525485398583958e-01
6.646275823057996579e-01 5.578621446402922679e-01 5.934270871198833452e-01
6.997796997492186089e-01 6.909400025083770602e-01 7.256873197066382453e-01
4.039836951823166933e-01 3.949369350737121365e-01 4.174762392852031656e-01
8.192100015088401577e-01 7.596307175999336136e-01 8.208186645984435481e-01
5.013206495914409588e-01 4.817484615255678282e-01 5.291327253879348769e-01
5.769800447985756753e-01 5.909938425672175422e-01 5.711256109411451121e-01
5.557379465719424205e-01 5.552029561303020166e-01 5.381789302154053045e-01
6.485161286464204977e-01 6.793512081605360686e-01 6.524618631437928418e-01
5.431229016538514642e-01 5.994638056842978013e-01 5.630446192065823308e-01
4.956082025811230918e-01 5.086079292956645626e-01 5.128268657833251476e-01
4.977275256185859642e-01 5.061560959903536050e-01 4.800640887418913816e-01
7.118958172434297627e-01 6.853155621528317365e-01 7.061176600449876606e-01
8.271496724998134153e-01 8.575882496338802508e-01 7.871571971549322644e-01
6.302764952719844826e-01 7.331360464139033972e-01 6.265574640883730950e-01
7.008192521197919023e-01 6.518133658545115505e-01 6.862750699852585567e-01
6.175941667143881597e-01 6.320050560249095284e-01 6.570292873800565037e-01
6.520930117379105662e-01 6.028926826025435837e-01 5.937872989101417032e-01
5.755354618828582014e-01 5.208467096750597491e-01 5.790155524974981427e-01
8.894409810570306218e-01 8.933247241125431559e-01 9.478725972070635164e-01
5.899525490869782507e-01 6.030628337093356661e-01 5.559796687950151473e-01
5.767369380926876676e-01 6.255419521307491459e-01 6.256139187449514250e-01
3.490517259697975549e-01 4.024214514171223223e-01 3.822241714002628243e-01
6.003545821710031261e-01 6.376392155314057897e-01 5.819474075540945757e-01
7.696932923786916625e-01 7.754248683496673955e-01 7.802548485776155118e-01
6.128360371847696442e-01 5.774302440661609470e-01 6.510306734639713655e-01
6.505195816014635035e-01 6.468676125138954625e-01 6.575626287919101864e-01
4.991321069973228552e-01 4.892087867065877949e-01 5.324659116988317287e-01
6.073876960155751847e-01 5.631140590618373132e-01 5.392653043800306190e-01
4.246326371550863676e-01 3.922970907193178980e-01 4.490659787015494064e-01
6.156177833321547777e-01 6.260922922632040644e-01 6.577961427212719592e-01
5.959693749621256531e-01 5.416599044662102624e-01 5.609739943000462414e-01
7.215871107650234650e-01 7.361666621415926537e-01 7.590731602475084827e-01
8.155166756228585667e-01 8.316832405807899065e-01 8.026087351225715816e-01
5.231595073666739371e-01 5.780723010594626121e-01 5.590606250058742788e-01
6.236643048079327789e-01 6.107251329895393432e-01 6.515122176138451460e-01
5.042060501936134198e-01 4.958948121449658353e-01 5.330363452699827809e-01
5.097590125030774244e-01 5.520588601500067139e-01 4.922605453704281264e-01
3.401952994922062268e-01 3.581997290013486657e-01 4.214265492859500806e-01
6.630472110368923477e-01 6.624760141733344598e-01 6.428448620259681334e-01
6.385369149926209964e-01 6.854921544240636377e-01 6.971585180325269304e-01
5.798403636129131344e-01 5.757820466823525551e-01 5.774245229942681634e-01
6.784443812622296122e-01 6.749122485945704408e-01 7.296778888726942469e-01
6.786179390517362853e-01 6.788015301002915391e-01 7.234174548491290047e-01
5.060643747037816276e-01 5.841856972092113187e-01 5.656786275198455449e-01
7.291316174534756556e-01 7.040224890036831384e-01 6.549237536564911366e-01
6.081844286892054141e-01 6.068994243235319441e-01 6.506902454468679320e-01
4.849714735281149824e-01 4.834573907267856185e-01 4.741992411115359962e-01
4.042650933197168284e-01 4.292573077964668693e-01 3.344678280898183975e-01
5.262333867554364053e-01 5.848474762162255702e-01 5.567692835299187237e-01
4.502089517378259353e-01 5.030094640320843524e-01 5.230902681470326332e-01
2.278560434908085963e-01 2.381414037606190137e-01 2.473458827594160470e-01
8.156584000651911914e-01 8.313610452823887442e-01 8.425594093079302738e-01
7.250307128802008227e-01 7.115457430644575032e-01 7.069957234464301354e-01
4.754621268338806717e-01 4.237935540770358944e-01 4.967635758938721002e-01
6.661299584789119876e-01 6.813224801878321468e-01 7.049996248307658364e-01
6.364359369027313695e-01 5.930612257970664380e-01 6.044565441461244859e-01
5.670982830165368638e-01 6.389920271116227291e-01 6.557498831525793159e-01
4.352345437637005210e-01 4.488372456175893088e-01 5.379770893948738752e-01
6.554631944081646955e-01 6.214683362043555981e-01 6.537326130841293326e-01
4.917181679794749294e-01 5.490039955906628188e-01 5.098543251599765291e-01
5.377456565857349213e-01 5.785907484453518546e-01 5.312471739293679329e-01
5.218603477484022868e-01 5.008789347656248392e-01 5.159431343171057005e-01
6.471831314714269201e-01 6.370510331517339475e-01 6.683800497591481093e-01
5.588648732887179227e-01 5.509846517686131095e-01 5.622280551829516027e-01
6.182439350504261855e-01 5.787282859270004298e-01 5.668277857370531692e-01
2.903399159054876888e-01 2.410158788711715128e-01 2.647415184031964852e-01
5.771287883750850778e-01 6.140082314089888582e-01 5.474772454014280587e-01
5.321317088796184702e-01 5.373295161961317845e-01 5.479013946184967399e-01
2.394320089237597371e-01 2.252350259153660383e-01 2.836722720452453106e-01
6.238741720341883790e-01 6.355318017876313563e-01 5.775688695526669525e-01
5.401500473402902625e-01 4.914841750122906361e-01 5.163723825097035203e-01
5.762736115302468098e-01 5.794578736894858695e-01 5.646925313767021670e-01
4.537164503729617104e-01 4.951887889000187171e-01 5.105565486195797753e-01
6.549269172778545700e-01 6.740217762806165469e-01 6.885323110037360195e-01
3.855372447705884276e-01 3.838736850209344409e-01 3.827402420601232480e-01
6.639004714745756486e-01 6.434608522120307539e-01 7.034932943763014812e-01
6.733380522472492968e-01 6.503029208851939247e-01 6.619009719684865178e-01
7.003348209716183659e-01 6.270327439800592595e-01 6.669514545662640348e-01
6.444371164390717555e-01 6.232845519620958674e-01 5.854904291993069387e-01
6.357678854452134543e-01 6.577306584952742341e-01 6.504665049809584820e-01
7.649428375558320337e-01 7.014475936043682580e-01 7.668876460630533742e-01
7.056106271818030073e-01 6.970902564579601890e-01 6.813327676120554122e-01
7.150383203045161951e-01 7.136023863279368218e-01 6.803999835965498511e-01
7.136676019404747384e-01 7.141998752644734827e-01 7.386572666505085705e-01
6.981511430035008958e-01 7.214411377112855961e-01 6.994038059912586203e-01
8.040935611081876377e-01 8.144985960748089004e-01 7.892654912503388465e-01
6.935322912648042015e-01 6.307214204291510251e-01 6.869888761325025905e-01
5.253443296312185762e-01 5.927524253164757617e-01 5.461896289074601452e-01
6.127027910120452781e-01 5.757800902103462626e-01 5.950144695568592157e-01
4.674532228489744479e-01 4.634076561766802826e-01 4.474200717446361053e-01
6.412354047020408787e-01 6.282946433285904186e-01 5.815957134279213792e-01
5.442069137846970994e-01 5.385283542174952309e-01 5.345595670801628341e-01
6.528405899507402355e-01 6.910136945110193496e-01 6.413171061451796717e-01
8.044199485484865297e-01 7.718651908219652524e-01 7.678444036287846997e-01
6.770300469125021259e-01 6.888694201336469369e-01 7.012119486736312357e-01
4.805743511268751322e-01 5.282077533568309002e-01 4.765380149358900974e-01
6.028332118708781273e-01 5.914903471004580027e-01 6.154202633418945911e-01
6.980786383358239533e-01 7.314433387484837734e-01 7.251332781289556717e-01
5.955386072048773904e-01 5.666109838098650764e-01 5.567589023431593898e-01
7.025853565940696210e-01 6.442923564784107660e-01 6.755498997046845977e-01
7.442349292765323421e-01 6.867776084513881329e-01 6.736856866722983339e-01
7.461572454109715036e-01 7.751643332621834803e-01 7.481439209482543262e-01
4.347213921290083438e-01 4.453435085320466835e-01 4.061219738782215205e-01
6.398943961744522069e-01 6.423979538420570012e-01 6.366623531522728197e-01
8.546890727848288627e-01 8.509551738860039460e-01 8.393903364843515735e-01
6.897964784565233654e-01 7.061303959757921911e-01 6.372836874698171172e-01
8.795723147292734412e-01 9.328649036560742180e-01 8.428773788822961910e-01
6.631209077727172607e-01 6.492169464471362339e-01 6.625991554034083020e-01
7.505194088299403932e-01 7.211951550000953448e-01 7.381454470368238319e-01
4.993588130216447540e-01 5.288386018854402959e-01 5.433650741843056853e-01
5.822191668686764743e-01 6.152407540346898074e-01 6.047545997696608389e-01
7.146323405270228468e-01 7.139121731957591699e-01 6.890854023355689195e-01
5.049522150848885227e-01 5.149703957991579317e-01 4.758946237468312801e-01
6.760142664847268446e-01 7.199180053497872267e-01 6.808908891774354544e-01
4.203882196232451851e-01 3.977981348428030195e-01 4.638301848328996724e-01
6.042512476212039685e-01 5.705759366632618956e-01 5.490123983179892031e-01
4.432544301098198525e-01 4.691510033453923367e-01 3.802338075373564164e-01
6.136072555757379199e-01 5.786021577675376504e-01 5.508453811740960937e-01
5.261736265275922531e-01 5.742623256847365631e-01 4.983267886400828406e-01
7.279727029479137190e-01 7.634125857356554024e-01 7.166460324046095565e-01
6.950000939551397305e-01 7.575488974215345284e-01 7.215784408609244860e-01
7.739497931654127916e-01 7.994668637594920524e-01 7.166380429526080231e-01
5.727643666125831201e-01 5.109302655288276984e-01 5.823460692428362728e-01
4.965431040728242595e-01 5.221084213024599352e-01 4.799421055512815837e-01
6.379585066252448922e-01 6.455498170801877711e-01 6.961978586473496211e-01
7.591969452838464028e-01 7.256249727722511311e-01 7.972972636435704530e-01
6.490688883854881519e-01 6.541366799694089407e-01 6.867334960497509799e-01
4.991144808557767543e-01 5.248678685360737006e-01 5.620842200991121862e-01
4.243565237279813274e-01 4.638929562109694871e-01 5.211572683076534096e-01
8.148867283415586193e-01 8.433751856832586435e-01 7.757655266644398750e-01
5.179348037558982876e-01 5.150785819305989666e-01 5.069288375417364545e-01
5.617241591167088099e-01 5.762680622104832118e-01 5.706775788759435031e-01
6.116952504682012792e-01 5.018353299214118879e-01 6.008103707125085347e-01
7.344492521588456002e-01 7.379046564389531992e-01 7.032621328596028176e-01
6.259038196346780047e-01 5.644134728595296968e-01 6.395057363854231847e-01
6.081091226135045824e-01 6.698012342946683129e-01 6.166103702264009723e-01
5.489443045603814575e-01 5.246907640973182962e-01 5.112998762736106206e-01
6.083091345173002873e-01 6.375025664401962056e-01 6.369232515900511427e-01
7.278419174712874584e-01 7.451988782631335795e-01 7.716847051977605565e-01
6.118636369258889651e-01 5.899798042177248902e-01 5.759800479657082306e-01
5.790888971618914915e-01 5.464895884060615439e-01 6.332533373551740841e-01
4.540891784509899498e-01 4.832526161369204987e-01 3.817557980435855591e-01
5.082606484312324202e-01 5.304328786943521834e-01 5.553095658095974496e-01
4.430787208258969989e-01 4.729223907087670153e-01 5.231261410379617338e-01
6.281853730787034795e-01 6.237170066755397535e-01 6.158127962916269960e-01
6.504870634733107559e-01 6.091911679397706836e-01 6.879558003276684541e-01
5.341746690302654477e-01 5.387805590543981449e-01 5.433609207734290125e-01
6.142836923452096309e-01 5.895915715030020099e-01 6.018658904177600633e-01
6.203859099774584607e-01 5.496814278668801235e-01 5.775826205682418335e-01
6.927062508890104997e-01 6.972054833720151557e-01 7.021378620142527671e-01
5.433756605792160466e-01 5.522321765210450595e-01 5.219027814158924139e-01
7.002248245774740365e-01 6.892169884607395325e-01 6.903773178037539981e-01
6.612639208602747454e-01 6.624563049905859424e-01 6.960023722730580564e-01
5.879209020414787323e-01 5.598860371403791003e-01 5.437220484511047225e-01
6.498528924068419643e-01 6.407653835689490762e-01 6.273066363833590398e-01
7.306850948964610515e-01 7.028961042780003110e-01 7.183355250410428106e-01
6.857806275947347929e-01 7.131912180991424322e-01 6.850997403573432232e-01
4.284942507572689352e-01 4.480508316497667232e-01 4.092961060839535592e-01
6.587616158119415921e-01 6.943347008708687929e-01 6.971653470315234413e-01
6.451184815287492880e-01 6.235902709677536571e-01 6.389834267599584505e-01
6.719476401343810190e-01 6.709035115485493250e-01 6.640356043018293963e-01
5.692264941120481758e-01 5.578222312552266748e-01 5.755022298366035960e-01
7.630811394176203466e-01 7.336697722919334197e-01 8.123090309926469521e-01
5.679316978912822833e-01 5.100829044512056321e-01 5.850869736515297292e-01
5.012102585539394140e-01 4.687198659256122113e-01 4.947119787293878246e-01
4.790006561550368414e-01 4.812269964932268107e-01 5.699975729991803020e-01
5.704724270927378216e-01 5.622661427403976564e-01 5.127795406852081461e-01
7.013039807370656797e-01 6.780013057944374033e-01 6.868348246218476394e-01
3.221410361677584100e-01 3.236436281579737062e-01 2.810047729927847571e-01
7.933946945972144560e-01 7.564508512064214152e-01 7.829415161529256206e-01
6.824226336457867026e-01 6.834074448289121362e-01 7.120426826466184078e-01
4.611540068883694388e-01 4.703816776622908313e-01 4.234291099167911132e-01
4.821350407458711573e-01 5.262325598774533209e-01 5.730189796270105385e-01
5.451185142182567445e-01 4.877482262541517621e-01 4.774949841434366626e-01
5.968578557243808813e-01 5.940956528318070973e-01 5.888536962874016956e-01
6.672370331726148462e-01 6.956008977511543012e-01 6.928212528400972126e-01
6.899895954683687993e-01 6.658242601968651364e-01 6.731612929237655862e-01
6.356680072775320323e-01 6.004855676261841024e-01 6.509207239123097066e-01
4.797333580880601134e-01 4.519145443967653164e-01 4.290083630637614442e-01
6.026574383506413390e-01 6.126140760581437750e-01 6.445181226830922760e-01
5.267834729813590799e-01 5.065802428585592931e-01 4.948182773273180901e-01
5.740301382242305461e-01 4.992017603870930187e-01 5.576225033631020400e-01
7.242354276631853827e-01 6.728911802688170019e-01 7.597734475829031053e-01
3.649801819890606258e-01 4.011481299152113156e-01 4.265547040195966089e-01
5.874269169028739634e-01 5.855447849587096520e-01 6.079922282469830686e-01
6.359718283734827615e-01 6.443344822750549650e-01 5.560233829802510019e-01
3.728520982010066209e-01 3.286222045233682110e-01 4.090752658215268123e-01
7.820335888862777196e-01 7.386257265443761932e-01 7.585489917177586916e-01
5.132871346275429403e-01 5.327962534147048235e-01 5.518884113462155794e-01
6.120082597623400789e-01 6.690442251180535038e-01 6.896406186474622890e-01
5.340878717656729613e-01 4.936401638447964202e-01 5.000097188658427783e-01
7.501106394763954466e-01 7.056701960946165642e-01 7.249344811631007746e-01
6.242469685999429974e-01 5.533711585400254984e-01 5.723179658241493994e-01
5.707731499995812863e-01 5.748239943314279454e-01 5.541357153425923165e-01
7.712921318749496047e-01 8.032722776942676779e-01 8.569401879084281859e-01
3.910539818943561952e-01 4.099395822256679534e-01 3.793253505228424971e-01
6.047142805367169416e-01 5.998197877240959430e-01 6.182600825548653090e-01
6.258359927906917974e-01 6.303591097827863088e-01 6.512971787626367082e-01
7.469007651791254032e-01 7.895878558288167426e-01 7.696877578686659449e-01
6.936979334153722254e-01 7.339390231572332501e-01 6.467747613403941331e-01
5.943416156991889743e-01 6.034399959293612614e-01 6.020245817613441019e-01
7.321437384200595311e-01 7.072429038177593386e-01 6.997168383623172394e-01
5.390073498017902143e-01 5.709280138593142429e-01 5.369041482176154512e-01
6.284719722632368111e-01 5.889333093420356935e-01 6.066576694857929164e-01
5.070430538748780247e-01 5.717735796649267010e-01 5.071628437140421886e-01
4.576135865212039300e-01 4.462004084955069061e-01 4.216472221060489911e-01
6.896525434787792452e-01 6.814664465761863799e-01 6.790145714334251403e-01
5.152719447163155442e-01 5.179880400481572389e-01 5.612179152216769662e-01
5.496203126757716051e-01 5.323250792818022825e-01 5.217084975790559076e-01
5.725576837536303643e-01 5.170584627141107115e-01 5.353964125900673166e-01
5.389954208559942783e-01 4.990217425140695551e-01 5.131568469929227438e-01
6.006688189797536603e-01 5.929749851465317967e-01 6.129623748143808726e-01
5.519144406302870509e-01 4.908222392973117243e-01 5.629444424822322990e-01
8.940106036353533403e-01 9.174246220804068708e-01 9.250636795342378482e-01
3.121882468455715043e-01 2.977872852416541538e-01 3.611160045109344519e-01
5.557015301331308388e-01 5.427025159611610361e-01 5.456089417884971704e-01
5.980189467639182022e-01 6.219048072981534503e-01 6.360005680755279611e-01
4.324513968643041717e-01 4.617345847912887047e-01 4.793254681356954316e-01
4.751737637026641758e-01 4.962109650804918393e-01 4.711738627361561904e-01
7.012409751882330289e-01 6.311112598484512892e-01 6.223723212928993220e-01
5.029016080003162470e-01 5.091697136442367988e-01 4.654570614518650506e-01
6.776633290722763325e-01 7.884200095577731382e-01 7.292524987322382968e-01
3.294303243128693381e-01 3.778625060653015844e-01 2.979119760279573259e-01
5.815234185120805588e-01 5.151618042221283167e-01 5.463517880596221454e-01
4.810120511310567171e-01 5.018761012624736173e-01 5.159707016194512441e-01
4.896299965168895429e-01 4.648686216892637391e-01 4.670726274126602018e-01
5.663926504458981492e-01 6.388950381187830097e-01 5.876763755319691640e-01
5.727336323211189573e-01 5.766842901488741235e-01 5.804731898324200223e-01
5.486790841652453565e-01 5.922950938491429174e-01 5.863766654459410255e-01
5.013770128764151179e-01 4.654092607375078794e-01 4.996633718902592780e-01
5.158148472276773422e-01 5.066144129271585861e-01 5.277012778652370173e-01
3.915785701891281723e-01 4.146992767716871087e-01 4.047061797380237524e-01
6.330286666567407350e-01 6.102440039132096539e-01 5.987533006157146342e-01
6.412956681625008315e-01 6.877946139142491200e-01 6.835774374159775402e-01
5.601518719915272726e-01 5.182734727652944517e-01 5.304943470993570553e-01
5.527918916441387776e-01 5.124766924320746098e-01 5.099949887129863191e-01
5.994595070135492199e-01 6.144799000620154716e-01 5.622991042085623281e-01
5.879490244674472343e-01 6.028759527482467906e-01 5.950151797920951724e-01
6.458958689377463092e-01 6.231376067415996811e-01 6.442450481715171762e-01
5.237688530785390428e-01 4.941566053769628208e-01 4.929214275096023279e-01
6.983288451295920352e-01 7.208257774223627568e-01 7.028152530882513238e-01
4.509596403938712639e-01 4.456015056437813149e-01 4.704843525293234685e-01
3.931808801890100957e-01 4.270663577034683467e-01 4.285422826691765996e-01
4.452159116200342659e-01 4.510687601087125520e-01 4.117507916925976508e-01
7.459457282642792952e-01 7.662564407226698515e-01 7.819889084364380905e-01
2.912866289366615180e-01 2.616249868458608296e-01 2.683500890057712307e-01
7.503215626394301729e-01 7.040412595822668207e-01 6.965147208026187808e-01
7.597918844115704173e-01 7.842437363341275836e-01 7.636637113547454225e-01
5.864877474272167657e-01 6.206560277709356477e-01 6.051061527038418264e-01
5.706380545714716535e-01 6.085518241012972673e-01 6.038175768014989453e-01
6.575613405690488023e-01 7.452173409330070664e-01 7.128268724158027814e-01
6.082560624761214063e-01 6.120568722570501885e-01 5.626465671085659759e-01
5.379177410230523426e-01 5.886783034875033849e-01 5.862245484179959831e-01
5.633218131066207723e-01 5.848336667551786716e-01 5.577640764838226461e-01
5.788718697591698215e-01 5.500313245553030139e-01 5.298544096935198233e-01
3.901123857371319725e-01 3.849223276676805860e-01 4.018009589343370380e-01
5.146556170726270807e-01 4.499392291544047073e-01 4.367008594089253903e-01
5.205160591748021481e-01 5.344814158325761344e-01 5.254630386984001644e-01
4.048780598144656739e-01 4.296891120259562213e-01 4.006946883595228770e-01
5.874481210578678114e-01 6.003023549455478447e-01 5.711405851887699781e-01
4.954990843427209413e-01 5.376533934197875730e-01 4.486884088870432552e-01
7.029951106221455914e-01 6.621946862756017405e-01 6.953972405223812769e-01
5.032517507064897533e-01 4.890957282981592824e-01 4.822275529035483510e-01
6.775459164658539368e-01 6.556015608253105142e-01 6.101232668025974304e-01
4.958588126535522500e-01 5.282981237144831477e-01 5.476868346443367619e-01
8.249243779617773109e-01 8.178028957356046069e-01 8.175986967773720693e-01
5.356996559020029691e-01 5.796238062566823057e-01 5.928863444272660654e-01
6.331144410140544521e-01 7.401655244803578837e-01 7.052735287575231382e-01
4.984700172815038632e-01 4.914030995913035160e-01 4.814221954136941317e-01
6.683666276490320968e-01 6.849150990315072685e-01 6.954797221498753013e-01
3.910470635868217859e-01 3.742424848495718992e-01 4.100906744173815621e-01
7.040988068246218923e-01 7.395384433118432632e-01 7.530680915490247651e-01
5.737178312864278373e-01 5.741156337319541780e-01 5.529991302825816302e-01
5.497574572617575095e-01 5.454304929322449924e-01 5.780548563229748193e-01
8.087851416022300288e-01 8.120442466242652202e-01 8.090828614817799913e-01
6.783451675072954545e-01 6.611845601439537701e-01 5.676978085424085885e-01
5.699927659337804542e-01 5.710509468876215911e-01 5.249519679406872141e-01
6.219001598602394987e-01 6.120468513613800399e-01 5.878534523476307561e-01
6.295824869415769243e-01 6.369065882958352409e-01 5.993978985297033768e-01
5.952672255667841306e-01 6.284621214820097501e-01 6.282592621463904958e-01
5.125185746621193639e-01 5.017366094865685078e-01 4.537246618405546550e-01
6.367114072249808743e-01 6.726139497508928367e-01 6.423529141321229208e-01
7.233609461281818032e-01 7.642626266748837605e-01 7.403550778028309409e-01
7.384958375984997936e-01 7.125993066707656531e-01 6.706865004630176985e-01
6.624782500131369822e-01 6.761968385959608030e-01 6.694802094718255159e-01
5.918157451058992935e-01 6.212122569902723823e-01 5.405255915077880058e-01
6.763903815769733985e-01 6.796108610253435156e-01 6.787349886433643453e-01
7.952112224717176048e-01 7.859561974635713710e-01 7.433879807698039466e-01
6.433474148144412430e-01 7.204670208329847503e-01 6.563867941866711186e-01
5.523361812745745114e-01 6.341834065715158397e-01 5.992295721206278847e-01
7.534550725779757263e-01 7.380608069037257746e-01 7.588735464827816024e-01
4.353309625489215628e-01 5.027856621020688754e-01 5.771634001755517884e-01
4.750563128424661330e-01 4.763942895392137000e-01 4.975214495376782398e-01
6.404539736742137501e-01 5.887409134081358353e-01 5.988341167297651646e-01
5.345609605882907234e-01 4.214286126081857042e-01 4.731331747278286204e-01
5.263801411884010406e-01 5.538375975552429775e-01 5.153656144847609255e-01
5.993261144381197836e-01 5.867952973102301684e-01 6.118831421387680436e-01
4.145960490709317270e-01 4.683514985140040388e-01 4.240414062165886455e-01
6.450839220527732065e-01 6.587861061754947123e-01 6.795229560696628424e-01
5.010663934203715142e-01 5.645271808250366119e-01 5.614706427317395221e-01
5.086965596308190563e-01 5.394605679963250244e-01 5.608657855625425182e-01
5.755696661759067689e-01 5.520987307967566426e-01 5.475361343427586069e-01
7.803675525472099084e-01 7.966219109434374834e-01 7.580896983157022762e-01
6.385602850864358082e-01 6.571793601686994890e-01 6.541794050262399463e-01
8.908603610730861933e-01 9.309725371021695395e-01 9.009914820384248291e-01
7.476132275001680094e-01 6.826322873512328249e-01 7.199351535813116598e-01
5.935469768890294651e-01 5.615754370735547285e-01 6.247200264805045089e-01
6.019027388052637928e-01 6.253992885692684078e-01 5.689650350407846613e-01
5.004706467676796056e-01 5.761197135682264436e-01 5.451216600223504072e-01
6.305415871343637013e-01 6.388391240733105603e-01 6.056259087101285576e-01
6.756041020845907630e-01 5.969443976600719015e-01 6.495208673638026564e-01
5.058640072087910999e-01 5.324516164738390955e-01 5.109500768516368474e-01
4.046646981108284469e-01 4.020114844300111678e-01 3.618377354412441460e-01
6.753624460005517305e-01 6.204197041915011646e-01 6.320274428369109243e-01
4.287438959220754020e-01 4.873661239753964702e-01 4.422091751291812312e-01
5.454865933760609797e-01 6.119541792014940862e-01 5.786934394455608421e-01
6.971956925172764219e-01 6.968272620724750288e-01 6.626012320452738802e-01
6.584243709956622004e-01 7.321455665343360453e-01 6.873159172867400191e-01
5.929081136799836393e-01 6.357948405916806767e-01 6.475143847883197967e-01
5.343021411293862322e-01 5.987096105609844843e-01 5.666068815344857956e-01
7.717392110188512344e-01 7.061235463226308573e-01 6.792711461889379132e-01
5.289169200432570772e-01 5.741650726379432523e-01 5.360965614490388331e-01
6.572878764668049767e-01 6.294324403446603933e-01 6.216999489023732339e-01
6.742589790725667109e-01 6.569486662254467868e-01 6.445621101265137654e-01
6.249831042583482432e-01 6.569838275585715426e-01 6.505817095042850662e-01
5.734323887549456211e-01 5.632447108321239071e-01 5.287649703418703107e-01
4.743346554961501149e-01 4.563072376858970935e-01 4.219536668864368734e-01
4.389026252965779196e-01 4.091066491157192009e-01 3.672003037992156993e-01
4.622557121665001323e-01 4.458915271026625549e-01 4.714415888846231750e-01
6.208933383635795167e-01 6.360538442050428509e-01 6.533664934742081654e-01
7.581676637045181577e-01 7.287045200410888768e-01 7.335912640845518862e-01
6.888662520334636330e-01 6.638541534283877166e-01 6.679840516494200964e-01
4.878229041457706194e-01 4.866484835454783497e-01 5.206360984365998590e-01
5.852794319625183039e-01 5.267332761489051940e-01 5.408199797633023165e-01
5.735518719422957323e-01 5.735179313420254443e-01 5.330959472338581140e-01
5.676852110457814016e-01 5.755487064404654074e-01 5.118974125624586868e-01
5.736738441732527338e-01 6.095100208872540337e-01 5.521663571754035216e-01
6.006061710806114284e-01 5.808384071243465341e-01 6.290664400492003150e-01
6.726828122388804898e-01 6.919442296598887765e-01 6.660573001356343559e-01
5.107483077267245264e-01 5.165024078261285512e-01 4.914708958861874755e-01
5.817554617716754750e-01 5.310091255195872328e-01 5.787621490584382578e-01
7.146662282828531998e-01 6.940067464490221605e-01 6.762689671551196380e-01
6.302829710644322070e-01 6.098653378493584798e-01 6.089971694354711085e-01
7.312805806734318237e-01 7.284026390966487075e-01 6.908113161960909299e-01
5.716066887886966930e-01 5.562284979312541733e-01 5.785061975288292579e-01
5.483892673064377776e-01 5.191724524455034739e-01 5.065303978085790026e-01
3.873529018433752302e-01 3.949207959760570597e-01 4.464974072486261325e-01
5.882778516262380242e-01 6.040944292636658552e-01 6.084166727574029654e-01
7.589855224147344925e-01 7.103128292653295706e-01 7.148928309847957241e-01
6.137721917078904355e-01 6.172291175936741592e-01 6.391601002589490932e-01
5.253648104225822069e-01 5.397518431793345561e-01 5.403542148559071778e-01
5.640100829072329791e-01 5.382966438485835559e-01 5.370596989272344857e-01
4.131443265419373900e-01 4.782543928042874426e-01 4.285625616957564610e-01
5.683753450954345254e-01 6.158061776186338765e-01 6.393495889218873129e-01
6.647835047664698571e-01 7.058581022017277329e-01 7.243035071593856289e-01
6.826607264515083262e-01 6.921788666588540861e-01 7.046667120418579344e-01
5.503083769443681827e-01 5.505480662761330635e-01 5.369850518982247634e-01
4.411640359506958653e-01 3.920551192115092065e-01 3.799317249390886109e-01
3.982810588076118319e-01 4.618331331004195683e-01 4.505446583746381961e-01
4.864997908939580618e-01 5.122232908859710721e-01 4.979445938000668370e-01
6.692073612601983079e-01 6.299342450911140645e-01 7.059726449767388390e-01
7.121294544941006999e-01 7.762257774384183628e-01 6.984381486728742372e-01
7.349727741497759093e-01 7.379455219040708114e-01 7.412561630203053920e-01
5.402809176886458342e-01 5.404393508051856809e-01 5.532448354931083223e-01
7.824416013897692590e-01 7.807479042017245741e-01 8.014394403763389629e-01
4.747681720722893850e-01 5.374362820365663485e-01 5.557677295791730865e-01
3.025491307939867092e-01 3.615927433391482593e-01 3.140109070713585360e-01
5.739459787374928679e-01 5.202315922042025642e-01 5.336187725798299253e-01
7.619646090857139509e-01 7.916419530245217828e-01 7.228188626923285343e-01
4.456340199580969830e-01 3.979290726991191463e-01 4.428975251011518233e-01
5.995796051892039458e-01 5.733329455940026076e-01 6.215756903608832262e-01
4.997149518322999140e-01 5.355067774771392619e-01 5.451322351347908102e-01
4.348101928289742624e-01 4.307994689272319211e-01 3.892392766136609783e-01
5.658826097576440395e-01 5.716109968298873634e-01 5.715857587147034069e-01
5.610220209395875290e-01 5.941327492964552093e-01 6.008261378529562435e-01
6.311518809176147604e-01 6.615725273790252770e-01 6.710374238207589270e-01
7.577842688516752689e-01 7.394576413168969520e-01 7.632498082651888449e-01
6.384624795707595224e-01 6.538544531573344809e-01 6.205761749754296064e-01
6.167283710447951650e-01 5.562400568564694892e-01 5.748656459648087136e-01
7.790759791685980540e-01 7.319679085478782987e-01 7.908706874559858768e-01
5.911501483147247882e-01 6.826342700928891283e-01 6.548615068771188596e-01
6.128652702606348646e-01 6.437460851754088775e-01 5.957582068119177121e-01
7.381328537110112276e-01 7.454792099661776694e-01 7.253921283182213076e-01
5.360641555638632205e-01 5.164002859574413629e-01 5.307071874245196108e-01
6.520080498600184793e-01 7.449928073915951243e-01 7.764172522133478971e-01
7.787325717445106044e-01 7.425550301728163216e-01 7.778334398719974896e-01
4.737612490689603884e-01 4.995477973362481561e-01 4.931169402781174771e-01
4.175985744614086892e-01 3.817796836410518591e-01 3.678805543582326365e-01
6.179299607056116805e-01 5.302734165039379999e-01 5.822285508388551634e-01
3.934373436509571165e-01 4.059165488830664414e-01 4.248823724149475844e-01
6.230426397483759260e-01 6.042373662109303822e-01 6.622576243542460661e-01
6.480482134395696425e-01 6.263948461288378899e-01 6.553257021910853242e-01
6.959266414014088076e-01 6.470688088212950273e-01 6.853540649550315944e-01
4.980285163146715988e-01 5.049829097541578271e-01 5.017875034098411291e-01
6.210009278699250013e-01 6.168429796170449286e-01 6.547757268630036709e-01
6.981322409704046050e-01 6.906455381659735160e-01 6.960484176581386295e-01
6.185653982772199022e-01 6.437903701373001164e-01 6.481566378741828727e-01
6.518547202842591703e-01 6.113760762568682949e-01 5.989981576388284656e-01
5.933676503601327257e-01 6.921015872990522455e-01 6.724667384199034537e-01
7.603911751357504967e-01 7.546821389523997725e-01 7.207240910631975694e-01
7.590248891670509090e-01 7.504340949969041663e-01 7.689730721976063554e-01
5.828075902733891311e-01 5.806654022449777575e-01 5.952908981892252038e-01
7.286512881560998078e-01 6.910655998220665008e-01 6.748842265276668861e-01
6.379742258390910248e-01 5.838594772531660038e-01 6.484256144249009868e-01
7.020670006510835170e-01 6.728604020720967416e-01 7.021791943255465407e-01
6.000012856802856565e-01 5.497746574428561406e-01 5.983378764465376864e-01
5.396425380302345420e-01 5.670936665795839327e-01 5.611389951133667342e-01
4.749266303003875644e-01 5.192502770299830539e-01 5.405012427154738397e-01
5.086469714258887720e-01 4.723950587269581392e-01 5.118970340063530022e-01
5.920658724493788050e-01 6.335625703344567317e-01 6.316272985317175070e-01
5.805565174301016151e-01 5.768325043654550788e-01 5.577898485445534904e-01
6.420333383127169169e-01 6.383353356320032868e-01 6.643558741178546834e-01
5.587310384911902128e-01 5.376007593749910773e-01 6.098796409961868559e-01
4.646208432105511932e-01 4.004769503794244900e-01 4.363687099446058593e-01
5.756852502098740443e-01 6.166117786418926494e-01 5.961584294955724062e-01
6.396308450457828254e-01 6.404087954581910713e-01 6.492033276808845121e-01
4.328458875949459106e-01 4.132667833885586006e-01 3.942867156057732747e-01
4.907395121071922994e-01 4.637897807783803450e-01 5.333788579886802328e-01
7.221774704878647366e-01 6.241946609239661381e-01 6.624816861281189739e-01
6.467647471273152426e-01 6.230024894229710952e-01 6.366827857752732633e-01
4.913239267611424488e-01 4.942765950662078578e-01 5.492338511306743554e-01
6.356047256751000685e-01 6.451148268374332639e-01 6.372247118482307071e-01
2.258421937683101066e-01 3.256257525021861166e-01 2.821495364627846225e-01
7.655871303761349056e-01 7.446726568766066645e-01 7.138820440316194782e-01
7.269479847006621309e-01 7.143776623338531362e-01 6.904556536849523196e-01
5.329472936737426059e-01 5.577738115861838875e-01 5.820748295736124511e-01
5.125710908265155297e-01 5.130171955581649401e-01 5.510664242922083123e-01
5.231696324905469320e-01 5.386774593426038038e-01 5.140735327620485906e-01
6.162912471256486446e-01 6.137755790446263182e-01 6.358769581164055440e-01
5.810825937500255778e-01 6.443765741943467962e-01 5.764343484256546635e-01
6.913021096068768800e-01 6.924028353663934654e-01 6.597268831210781892e-01
6.934072733341322126e-01 7.431974304094404182e-01 7.237211434344303917e-01
6.711447394337878292e-01 6.430966166173129883e-01 6.571119463778558600e-01
2.481730079465710725e-01 2.471044276854762745e-01 2.794502749521845519e-01
5.092437273452837809e-01 5.101195672118503666e-01 5.008854456947305911e-01
5.925780462403799076e-01 5.555969281873792687e-01 5.766933043970792205e-01
5.714648486966461549e-01 5.574993361099844780e-01 5.353836745790010454e-01
5.545262415896689001e-01 5.338032236641068184e-01 5.311100932046437517e-01
6.038154589055833021e-01 6.587121888719545959e-01 6.868563816344007700e-01
5.481830789668493686e-01 5.343369282934865572e-01 5.090351444734970698e-01
5.672085397898138925e-01 5.840698373324706427e-01 5.512419583490760777e-01
5.662063316831086324e-01 5.582239255530161426e-01 5.675874428993658016e-01
9.506938518212738609e-01 8.921026684466729639e-01 8.753294811645311313e-01
7.100589132031572825e-01 7.241596257771624190e-01 7.181040838687782202e-01
2.433676809596992952e-01 2.689767074233014865e-01 2.956878481877389109e-01
7.575060002835575235e-01 7.137164124539026044e-01 7.212673858361978718e-01
5.015825189798270856e-01 5.613967958856013185e-01 5.323661666576684492e-01
3.534234979267012466e-01 3.464011225189267407e-01 3.488425858258496493e-01
6.607472286259113980e-01 6.437304202432444500e-01 6.703609892239974499e-01
6.510006657252711548e-01 7.051189291850100682e-01 6.565330146466384909e-01
6.805139716433256103e-01 7.112729858049924303e-01 6.152402765645214044e-01
5.327996576766457215e-01 5.213037634243474772e-01 5.127442996381589291e-01
6.864313785560143266e-01 6.970527355239011236e-01 6.685543837539837941e-01
5.274245914546282776e-01 5.194905969110117372e-01 5.259728226471038770e-01
6.297384304909273700e-01 5.783555288110904247e-01 6.033305895593532586e-01
4.449462860876088888e-01 4.816662224549859705e-01 5.161700215660144364e-01
5.995928310166157571e-01 6.476499417126859726e-01 5.912622991836079533e-01
5.315970283032778188e-01 5.324241675903255144e-01 5.425151957809244418e-01
3.919840278234084097e-01 4.098247314581243139e-01 4.060620072497611588e-01
5.470303484251005655e-01 6.125475549139312026e-01 5.947626052033914146e-01
5.384222067690447311e-01 5.115423442319813052e-01 5.458764508142368577e-01
7.727566359621593772e-01 7.919074901038856140e-01 8.031766192907061619e-01
5.144377020455137561e-01 5.796906370989651780e-01 4.975931238406515189e-01
7.843672024685118815e-01 7.267686961908823573e-01 6.915294682504781187e-01
7.324524215530799909e-01 7.813727176077812642e-01 8.076928644578400540e-01
