4.059876573625725849e-01 4.276193869304383832e-01 3.774131032809901476e-01
6.075251371026898495e-01 5.682303128064981612e-01 5.873540846377307556e-01
6.479865901517133375e-01 6.511299088251026879e-01 7.000128565352129462e-01
5.613656156651295470e-01 5.522458533194357644e-01 5.516079486721177094e-01
5.082580648000954993e-01 4.692317117235770829e-01 5.025244460203994734e-01
7.548077409611200217e-01 8.071051284602976938e-01 7.692567844658678711e-01
6.631087453780185603e-01 7.436383671644943849e-01 6.801129320472357742e-01
4.859566342578769405e-01 5.065696428234354176e-01 5.136405983066795189e-01
6.669388168973197084e-01 6.856936735960329488e-01 6.545595805969117720e-01
5.102077618498297440e-01 4.667474293973073451e-01 4.663211019204309138e-01
3.680070136839042050e-01 3.805783923143223335e-01 3.191978878191837898e-01
4.981098314908933289e-01 4.601681882160789105e-01 4.935401438666622287e-01
6.786369421434033100e-01 6.612183570131172639e-01 6.623925112743719312e-01
6.268569520018789643e-01 6.023709667871235407e-01 6.059987016835982621e-01
7.200799746038967220e-01 7.585831907476053848e-01 7.190648136750141806e-01
7.810112476313124663e-01 7.123483046874112823e-01 7.317695924006732966e-01
6.082991141977284189e-01 6.874323120711745005e-01 5.915713349058232540e-01
6.419416279403477033e-01 6.663457582909856347e-01 7.054691561515790132e-01
5.507724349414920839e-01 5.895457024783137268e-01 5.665877688140640300e-01
5.915642185727536528e-01 6.419767773965969759e-01 6.401860143463661279e-01
4.916505910540655000e-01 4.354918851488942533e-01 4.900485638108965092e-01
6.628424378705759512e-01 6.866129562523647367e-01 6.432214936110042247e-01
5.963893180112885828e-01 6.182335371813649783e-01 6.804813259999226149e-01
5.865462107063543762e-01 5.553127130072165185e-01 5.849366030583138532e-01
6.828994107504043898e-01 6.964950565563373663e-01 6.527439729593780271e-01
7.121385012008183413e-01 6.844949435650846681e-01 7.673838921637878840e-01
6.034330981623852175e-01 5.911223714849551669e-01 5.836964959360740890e-01
5.289648839985651163e-01 5.863435540903776388e-01 5.615454647154975998e-01
5.954069087733530052e-01 5.965366878469182677e-01 5.596349938791380652e-01
5.388320263610096861e-01 5.097643117177980132e-01 4.931054269814880708e-01
5.210660044876379571e-01 4.375191305255617946e-01 4.786691505645470635e-01
6.372535330780986218e-01 6.884141946737879492e-01 6.455933766027013299e-01
5.428180221660822147e-01 5.298944203197106795e-01 5.501165356014742214e-01
4.990135547994629106e-01 5.244733450810372677e-01 5.663889892623477085e-01
5.103517673508165542e-01 5.135430175078850024e-01 5.347344243950293841e-01
5.208509257043647533e-01 4.661746927291399167e-01 4.498612251535524242e-01
4.159383720503306292e-01 4.629568240925556744e-01 4.820754399312802696e-01
2.950046535664299086e-01 3.090748999946005271e-01 2.679481909247930504e-01
3.310164701601646109e-01 3.229712407487935755e-01 2.700411267338439503e-01
5.487320641070119187e-01 5.806996964674236983e-01 5.542651773938463977e-01
6.016536747447509548e-01 6.137332259495932307e-01 5.937216326299239455e-01
5.948491660565939920e-01 5.928264195696152372e-01 6.082521564079195198e-01
6.266513805549035476e-01 6.173391825348674145e-01 6.345179658130568612e-01
4.348047376860065816e-01 4.489359463683956220e-01 4.091622233556000965e-01
5.931267197498691912e-01 5.215620312240240031e-01 5.710794601386577352e-01
3.527843346502546051e-01 3.286359348833993721e-01 3.272376167200494179e-01
5.266943364663116967e-01 5.141388375575823844e-01 4.773049231898681133e-01
6.633601826482125041e-01 7.205443738729013781e-01 6.617900236666037772e-01
6.188915850862755086e-01 6.072842259027469991e-01 6.269079672621653554e-01
6.930697344729354059e-01 7.373825443041107652e-01 6.765285643558702766e-01
4.799990993713140752e-01 5.116786630018356208e-01 4.868733588449304928e-01
5.260208710111504704e-01 5.800566559110525988e-01 5.504635097466992200e-01
5.869896168924177982e-01 5.713061171339670619e-01 5.746841487263720794e-01
4.498732967321399934e-01 4.393469342941804245e-01 4.436063161935905885e-01
6.504517423959346178e-01 7.448124960411655060e-01 6.737407979678883274e-01
4.432795431451634349e-01 3.933275047250766043e-01 4.000423953677084143e-01
4.620152306356223870e-01 5.572282034580655630e-01 5.409996761398837561e-01
4.881179486801587863e-01 4.798552271169929662e-01 4.478241718087039858e-01
5.492736021683601866e-01 5.426410594409871724e-01 5.817628998773439752e-01
6.023062914231477327e-01 5.378387708628762365e-01 5.731704367220873397e-01
7.900292565901756436e-01 8.083338776345518895e-01 7.672756680083815395e-01
5.061168709219554529e-01 4.604266365625585000e-01 4.990222028946630362e-01
6.941413695638792847e-01 7.341593207932017862e-01 7.633593825810444100e-01
6.584064694545920249e-01 6.266982943023281516e-01 6.637906101831659855e-01
5.988177162156962385e-01 6.216689526895864404e-01 6.263101090009914884e-01
7.415213727909207853e-01 7.264106125076041920e-01 7.156715937558322249e-01
4.482679783354145964e-01 4.502128700470154898e-01 5.009674891826184639e-01
4.459100797471001743e-01 5.320075809139307443e-01 4.524007403468807698e-01
2.952684693278675998e-01 2.659397280282179143e-01 2.779694757557267248e-01
5.880294456050917384e-01 6.146606491953774398e-01 6.616281433571681303e-01
7.452860654157233977e-01 6.753088878059197997e-01 7.153596832061227540e-01
5.088360527997707328e-01 4.608452982650886876e-01 4.865336627975971884e-01
7.537317819586369927e-01 7.287889275976167092e-01 7.348238156887738626e-01
4.733128559581416539e-01 4.655266660462002992e-01 4.853676604691849472e-01
3.682899436244525537e-01 3.992771962379341177e-01 3.897882862935204140e-01
8.148131867280429264e-01 8.087081774646527332e-01 8.130863159939836216e-01
8.103671027514648406e-01 8.555366373757672394e-01 8.363483754705364204e-01
4.626246009138610393e-01 5.205157248742998677e-01 5.013763390578120926e-01
5.406936913739368578e-01 5.099650758207506795e-01 5.264187161561121320e-01
5.316582727273093667e-01 5.385599779313418045e-01 5.772636969355613434e-01
7.889505608442367590e-01 7.754435254432507918e-01 8.085686193574082026e-01
4.682655208007840963e-01 5.412149355666567851e-01 4.728169996452851742e-01
4.453540873032917347e-01 4.424232058349257257e-01 4.373144174859712185e-01
5.272469015342984289e-01 5.110057455793364234e-01 5.245344755985993368e-01
6.862563099778615783e-01 6.582001987690886402e-01 6.451967235765092568e-01
5.620420591944595978e-01 5.417968476011526535e-01 5.798280538365937486e-01
5.633595999207379190e-01 6.871257216242241395e-01 6.758080770981972352e-01
6.690966050764616257e-01 6.198384002621788458e-01 6.187038345544609852e-01
6.587356892887831217e-01 7.345464825980929646e-01 7.120853527191136623e-01
6.113794305720726685e-01 6.239835439413403684e-01 6.858294530276010104e-01
3.992379016258016389e-01 4.471015546982923805e-01 4.139361137876124141e-01
6.855312258735460906e-01 6.213887329732007414e-01 6.435490287888981920e-01
6.728846161252397540e-01 6.926531947622408536e-01 6.869151651574560979e-01
6.336343811142715055e-01 6.678057718044617674e-01 6.828507818675412233e-01
4.894441337042323981e-01 5.382681450523622013e-01 5.193009746281427308e-01
5.922357395496499199e-01 6.186899656654127888e-01 6.425079557866913982e-01
7.049009237200435374e-01 6.489175912262842294e-01 7.235171502801086563e-01
6.087287944434051079e-01 5.423556641126636713e-01 6.346132824743794254e-01
7.911800872928196338e-01 7.845846004291979758e-01 8.315653800975657539e-01
4.483567647229868003e-01 3.889571881007362619e-01 4.139728202796823520e-01
7.441517336021020723e-01 7.064076365053978401e-01 7.428419290743104586e-01
8.030467042320232895e-01 7.895802518173821172e-01 7.265125732439988715e-01
9.103028518774177735e-01 8.950481458860021222e-01 9.206694879456505110e-01
5.135011932616655450e-01 4.366148466704473652e-01 4.852683037681505551e-01
5.126194420321514844e-01 5.566624629520605660e-01 5.265355141537289008e-01
6.008738955634022050e-01 5.826220562679902404e-01 6.018406322637749328e-01
4.378708025313765018e-01 4.094551946210028825e-01 4.657729425552883384e-01
5.401568947797212861e-01 4.809088147135204272e-01 4.821935763780909601e-01
5.000754876803484850e-01 5.128025512639978745e-01 5.237672022470981625e-01
5.948777632996392617e-01 5.398915886740867087e-01 5.332015954876256902e-01
6.634226160535966477e-01 6.589876608663000068e-01 6.396022273865457075e-01
4.529877834471841003e-01 4.344085161073198975e-01 4.437583502324861096e-01
4.015307562914447459e-01 3.727828700256599626e-01 3.993000105352478846e-01
7.142874827879575061e-01 7.044405194283838156e-01 7.702205557077795861e-01
6.480955507539453153e-01 5.754570880244377351e-01 5.790506238516458515e-01
2.692798068351209273e-01 2.904698497437975813e-01 2.966747247039047686e-01
6.365787358119446848e-01 6.609743187194420111e-01 6.433919668803665948e-01
5.832397845965731076e-01 5.925918158771522615e-01 5.819062274924132749e-01
3.366079519796024710e-01 3.535092252095926590e-01 2.775837680589477441e-01
5.201885527544878318e-01 4.410495515388169196e-01 4.617755829251721233e-01
6.075536757685160438e-01 5.683099198297882904e-01 5.176322546604494867e-01
6.569997905607548594e-01 6.740126079229784573e-01 6.627416582426003400e-01
5.135658640991577206e-01 5.382138213598607335e-01 5.332432667525085490e-01
5.369891997812850093e-01 5.772049329181688782e-01 5.994350575836799866e-01
8.361723461315886397e-01 7.925369049848558500e-01 8.241169328377865311e-01
8.199488763569617866e-01 8.389924701628609371e-01 7.946413651668664535e-01
7.514971907166240195e-01 7.247219397981524702e-01 7.468219850946926641e-01
7.376348130644958534e-01 7.231054211178472579e-01 7.123455333974972881e-01
7.000721739792659104e-01 6.932065436052980978e-01 6.924668904907415046e-01
3.457407168800359920e-01 3.152750478841706561e-01 3.402761952792428546e-01
5.520912747741979487e-01 5.176721389768222936e-01 5.673945786199533492e-01
7.112052377791898694e-01 7.192682816325218775e-01 6.494917086841013321e-01
5.033112239428434442e-01 5.630554841415977840e-01 5.041860988574451419e-01
7.409143698687452595e-01 6.964446034132563135e-01 7.571862614145087322e-01
4.831574748112834050e-01 4.554752964539603988e-01 4.464893651009734232e-01
6.150178694936117019e-01 6.045734689000850093e-01 5.824543349750423982e-01
5.140868814919600238e-01 5.826744794969422880e-01 5.410435799238029198e-01
6.906912625829556562e-01 6.786910300633445248e-01 6.794549729819502337e-01
6.190940729046551239e-01 6.320712630759509620e-01 6.300769694544514632e-01
5.608912160861313501e-01 6.251405724635575867e-01 5.941943316492955818e-01
7.969945074505655480e-01 7.301393398434837811e-01 7.670396897835538574e-01
6.102317728281869691e-01 5.506155537958221657e-01 6.314286376190525463e-01
6.305616547566752494e-01 6.790485925351006369e-01 6.825412864054771767e-01
5.661093085373009037e-01 6.139782239283051446e-01 6.095011913764057931e-01
4.792113977900634425e-01 5.184035819464912764e-01 5.776772905541766034e-01
5.790527490158541291e-01 5.933152326697854750e-01 5.931313667881743523e-01
4.619754166805830065e-01 4.559304775506282104e-01 4.623855945946485635e-01
5.626899273351053665e-01 5.871339258597997324e-01 5.528472763762395381e-01
6.382766706606899376e-01 5.730595942615275273e-01 6.968133359958778028e-01
6.395060248207986575e-01 5.929343556837842755e-01 6.494096468423609103e-01
6.201492323707545884e-01 6.680063073071081936e-01 7.017236607030195028e-01
7.011136825973350861e-01 7.124839175242494438e-01 7.495119819110912518e-01
6.550788941022066547e-01 5.978667100606513962e-01 6.244613094493695060e-01
6.944249141156894067e-01 7.349179901058754405e-01 5.885962456574742596e-01
6.973547454254707123e-01 6.597250659088228497e-01 6.980172703901416087e-01
6.171523678958120707e-01 6.121723973873822722e-01 5.863343285550542960e-01
4.033778028797710968e-01 3.610441859476213322e-01 4.003373826986107442e-01
5.125650238165517791e-01 5.117173826031420347e-01 5.291912049904836657e-01
8.249609847885188696e-01 8.431568802928701700e-01 8.329297390821144287e-01
4.990072339034180571e-01 5.167438393355093806e-01 5.351881244028781071e-01
6.944761240405387115e-01 6.273993762026595089e-01 6.418944472463589124e-01
6.950184885841809157e-01 6.661689959496791547e-01 7.022538058985887677e-01
4.428085296140205629e-01 4.351557694561235534e-01 4.326198207371352300e-01
5.090008086725595904e-01 5.433085946636152519e-01 5.290266283460764996e-01
5.898164838562839352e-01 6.002057810510663671e-01 6.160445644091604445e-01
6.289640948237710250e-01 6.347816925357376849e-01 6.317445101552151554e-01
5.417391630474972519e-01 5.083833808447102420e-01 5.587367225761172840e-01
5.162270557464279097e-01 4.987687422863513742e-01 5.927617832096955253e-01
4.062793883625301361e-01 4.816952492499197991e-01 4.339101207164661744e-01
3.812088646126009506e-01 3.640914728859647176e-01 4.457294545478172054e-01
7.730079880275623205e-01 7.502856551731471590e-01 7.184218418032396469e-01
4.905653158867327446e-01 4.604503839531836062e-01 5.056236972221724857e-01
7.379489151176781281e-01 7.252758715209703944e-01 6.862416749440859443e-01
5.972262226239944960e-01 6.117850521435735933e-01 5.632795453869954283e-01
6.748377627871741113e-01 6.202043570735121802e-01 5.778263344011242975e-01
4.300622735290489107e-01 4.140549640751442495e-01 4.280915507588844426e-01
6.842916821578066688e-01 6.901117448898762552e-01 6.516828859816414798e-01
6.946411993528577300e-01 6.869511443109233007e-01 7.246348631614608626e-01
6.503333794866996698e-01 6.685657810098399878e-01 6.012044035288370836e-01
6.538232858992241159e-01 6.426620148124287946e-01 6.823159581118610761e-01
5.077238014767038177e-01 4.957255665005746437e-01 4.868335717457183409e-01
5.535321678987594751e-01 5.163554504578659055e-01 5.301390199885689380e-01
6.731640437229173823e-01 7.315793935251736491e-01 7.688165597223937109e-01
4.714184361552238300e-01 4.595490626031640269e-01 5.079070195189532289e-01
3.758943373163283752e-01 3.524107115096905551e-01 4.103482481506142698e-01
6.502366784552000567e-01 6.588213406567554609e-01 6.634209013302849733e-01
5.814180724274081724e-01 5.493390303322535084e-01 5.741298800383055623e-01
5.726747874418801620e-01 4.800969331345223967e-01 5.410388712596495564e-01
6.183605590359503301e-01 5.772480468122898056e-01 5.632496129828548082e-01
4.745617964656151933e-01 4.648741819616243887e-01 5.230144051239405956e-01
6.662237057145851127e-01 5.993306007212118036e-01 5.661958733127329113e-01
6.699942366397342308e-01 6.393134591415211565e-01 6.414754861183644685e-01
3.494757462034404072e-01 2.954036526872376167e-01 3.664709720503232515e-01
5.012971710645236501e-01 4.850816623017772944e-01 5.228983295769067396e-01
8.328582947812001036e-01 7.682700493670782116e-01 8.267517232744979738e-01
5.331492429266354582e-01 5.059756686373820811e-01 4.811982623713190743e-01
6.539537117181734027e-01 6.791778597076970625e-01 6.471231539915081044e-01
5.044104895902860042e-01 4.922596162318743085e-01 5.198931587142437971e-01
6.496665605755914674e-01 6.865756772616016246e-01 6.942283945505371978e-01
7.138237938981809583e-01 6.881635854085124127e-01 7.232216416850055785e-01
8.001347756080126050e-01 8.078357113230452136e-01 8.044984914706506673e-01
5.977457031420495559e-01 6.343075498365424725e-01 5.932951188013501076e-01
6.767224053228285685e-01 6.624546068139338661e-01 6.452291510973621191e-01
6.383646193478741404e-01 6.256278911353941874e-01 5.813753754040624777e-01
5.942366423943912235e-01 7.142668966192122770e-01 6.701518798206624883e-01
3.534047950519190739e-01 3.653440886702657431e-01 3.619969624502425987e-01
5.299015594440886767e-01 5.138538664819123358e-01 5.283464975606853020e-01
5.819768931822691949e-01 6.149089641378990834e-01 5.291002907583503001e-01
6.606213682094055351e-01 6.990981923969613598e-01 6.504947570528097911e-01
8.255456420961826414e-01 7.946179187630756369e-01 7.780831999058485104e-01
5.663805688281537964e-01 5.821879372404511477e-01 5.505981505000726584e-01
5.825315690906119892e-01 4.946505147419105186e-01 5.066102517865680444e-01
4.825756456939673811e-01 5.135038082418652561e-01 5.223357573186651059e-01
5.976174710919776034e-01 6.218052078617927192e-01 5.849599791692204898e-01
5.889040621307504164e-01 5.852566068048556946e-01 5.565241399434633918e-01
6.132713327385225233e-01 5.689776190245108278e-01 5.807247897055666241e-01
4.537314767062602394e-01 4.991323172426025412e-01 5.149614091768258684e-01
6.492528011800167143e-01 7.001944697179068866e-01 6.017395106663708804e-01
6.123903621404759301e-01 6.381960779399968864e-01 6.275402151703115550e-01
6.715476252385763622e-01 6.342942361538426166e-01 6.877928273847049301e-01
6.193112743367285011e-01 6.185012877599078696e-01 5.862826707553967509e-01
5.645851197555535883e-01 6.509802241867560513e-01 6.332287017162187004e-01
6.341872087772757460e-01 6.500059748918814995e-01 6.497781685649707262e-01
6.090759557059086671e-01 6.237662170258105876e-01 6.658967460362035240e-01
7.532310207948575975e-01 7.773706972702022489e-01 8.272780607664401709e-01
5.539944909492262592e-01 4.774627945658410644e-01 4.648779232071820755e-01
5.326183279297422857e-01 5.043590393920677206e-01 4.855457745626243216e-01
5.471691095409872974e-01 4.931199693096184333e-01 5.081638612541898858e-01
5.865751102116583127e-01 6.154558943187966591e-01 6.119749179301404718e-01
5.496400491832337254e-01 5.307267096715183596e-01 5.086131463618966952e-01
7.309352223428039474e-01 7.205098149814807007e-01 7.040848517742958057e-01
6.989430580626889711e-01 7.110579421023675017e-01 7.900946762007731161e-01
5.899617126178267057e-01 5.976554250189400896e-01 6.618903125813146993e-01
5.866419704035660265e-01 6.165894119729325995e-01 5.936045837599239761e-01
7.951953637414435061e-01 8.094318333770407214e-01 8.010548593426805031e-01
5.100961443123235295e-01 4.609851889551753179e-01 4.863069428968517793e-01
4.102797544237860583e-01 3.896137157192541833e-01 4.312265664087564510e-01
5.885744745043551829e-01 5.402727230450370399e-01 6.328336451861267253e-01
5.939008767037792236e-01 5.869317629226842303e-01 6.382197484233842477e-01
6.309584117904567524e-01 6.544391560686899645e-01 6.084480989919306415e-01
6.857154500880475734e-01 7.354854126892902411e-01 7.206679518760531478e-01
7.034792963252294307e-01 6.802804114812253111e-01 7.180085158817501867e-01
6.150082325187410381e-01 6.886268290993322605e-01 7.553744404246800492e-01
4.439451673616701122e-01 4.624584162536524712e-01 4.905680745266475795e-01
5.816641258591186414e-01 5.518053841923946656e-01 5.998676252846070200e-01
4.331793536615463069e-01 4.086944675137184624e-01 4.841508832726277856e-01
5.135111777299986580e-01 5.492991090667077581e-01 5.432457148345315456e-01
7.452813026479302438e-01 8.275280132597895300e-01 7.419415639309462351e-01
5.091225260346852188e-01 5.060769890482736955e-01 5.276638414255304665e-01
6.432118426385453613e-01 7.133236540120677649e-01 6.633821199786965606e-01
5.924376905140574801e-01 6.633803186257212214e-01 6.121919108809050769e-01
6.264238490527970216e-01 6.662918766387860847e-01 6.805665475887716642e-01
4.602474802089261408e-01 4.784931346920146544e-01 4.737720619271231781e-01
6.552925258305756229e-01 6.163773884189325258e-01 6.315347381131237725e-01
4.208462537201753673e-01 4.714357929723100860e-01 4.444254137416027151e-01
5.708309284177550680e-01 5.444865179331862537e-01 5.920129392238855370e-01
7.025880776510851078e-01 7.078799603445814492e-01 6.794195972888068535e-01
5.628687968235802641e-01 5.595889831745789467e-01 5.519539721047760361e-01
4.634282630270769587e-01 4.230000422945816574e-01 4.392264579205744091e-01
7.378873307742019882e-01 7.737184551750132533e-01 8.030296248598597364e-01
6.892736089675222111e-01 5.594821623322040471e-01 5.946710868779543357e-01
6.389980841691266233e-01 6.108154605195520448e-01 6.381803508408189218e-01
6.676757324462767595e-01 7.658490336842385116e-01 7.447061496263199798e-01
6.484933217726872590e-01 5.735359141505137481e-01 5.753857119418878119e-01
6.238247068973740150e-01 5.958922972428084552e-01 6.961619505842857603e-01
3.961470396321494780e-01 3.700746627276600975e-01 3.843145232422746638e-01
6.885985551694264739e-01 7.357287662107975246e-01 7.508996313148053048e-01
7.590314595703425704e-01 7.169777837207254034e-01 7.040675165229240973e-01
5.182119567869664101e-01 5.734023497433509142e-01 5.035458826216600015e-01
6.442337719933429740e-01 6.768321031310116087e-01 7.059248772843585984e-01
6.653344097342412944e-01 6.987329562750790313e-01 7.058756359451651141e-01
7.905549711776014288e-01 7.651805987182417335e-01 7.892750660760272652e-01
6.340366439192710590e-01 6.806709545909739312e-01 6.613602843924610841e-01
6.541048637895260365e-01 6.606166067307285283e-01 6.705761254939860416e-01
5.532056764358660450e-01 5.609279451901072466e-01 5.203358505588204785e-01
5.100427722454535795e-01 4.713840470106552827e-01 4.393783824878867428e-01
6.982355918865782440e-01 6.848680368448937239e-01 7.202604377271742964e-01
5.609582319274523110e-01 5.489049797182971036e-01 4.801282499059648656e-01
5.755598355659310439e-01 5.418784870771047313e-01 5.288920637032645811e-01
5.431034037466923037e-01 5.403280862946455709e-01 5.859674568055712740e-01
5.250493566711375015e-01 5.838979707842085753e-01 5.528379646603732711e-01
6.062179158735243600e-01 6.703182798378687357e-01 6.579466858204490176e-01
7.648990138016528162e-01 7.802711130126696037e-01 7.425537251025809971e-01
4.153705954258420929e-01 4.252717945143182909e-01 5.061416940614071880e-01
5.586806679588653957e-01 5.485012488173740541e-01 5.072911667623307697e-01
6.080978444394619098e-01 6.218412942829972812e-01 6.593770700984675770e-01
6.832965676699570556e-01 7.122311124556597317e-01 7.197791274166965847e-01
8.206731575267618428e-01 8.167921579247539032e-01 7.662309720398052804e-01
6.467591797964106215e-01 6.686863536543254938e-01 6.798535286079288031e-01
5.911292433179283767e-01 5.794218045573591436e-01 5.538503110132046992e-01
5.834308542537022246e-01 5.588348932037231487e-01 6.334504532080306172e-01
6.437135083087183185e-01 6.777977482983608137e-01 6.329200669439627447e-01
3.439403994549932175e-01 3.176885882539292050e-01 3.451772438302729284e-01
5.756341687650333716e-01 5.582294567763692594e-01 6.202160563695547912e-01
4.959875624685178286e-01 5.590171076321371890e-01 5.309581676340189293e-01
5.808451071117272102e-01 6.111280048001732634e-01 6.371476887753209084e-01
6.165919783301944124e-01 6.573508587057148578e-01 5.701505388786343165e-01
5.133514178082672075e-01 4.323593333936132099e-01 4.202763235217087945e-01
4.181708929852930301e-01 4.517314686578144944e-01 5.144845923353915662e-01
4.072016377893849515e-01 3.927161779705260480e-01 3.854634009391933458e-01
2.902167344963537676e-01 3.063009172114112832e-01 3.278419028683853820e-01
8.918007774013929634e-01 9.590793348145093544e-01 9.036115519946629204e-01
6.634278697143000114e-01 6.364935730871142949e-01 6.121317481494452650e-01
6.638087284141945821e-01 5.878873738857549602e-01 6.073666277273520597e-01
6.249660445237388284e-01 6.855972180070701860e-01 6.282099647904879625e-01
2.735903055354962921e-01 3.328439966469963762e-01 2.871226437936981180e-01
8.004030690678006765e-01 8.423073036746432374e-01 8.082116130857258662e-01
6.052955074998056517e-01 6.026260444902763469e-01 6.253112266700644462e-01
7.085083290476429374e-01 7.306536836888336550e-01 6.520526883138140217e-01
6.872815367014223353e-01 7.326621555961164711e-01 7.161674692420337829e-01
7.626833996433599605e-01 7.347263471831896320e-01 7.172943992422995407e-01
6.737529622840485732e-01 6.876672639849618074e-01 6.510493617608174022e-01
4.275363128493488429e-01 5.300381354848719972e-01 4.896847186606744229e-01
5.348640594275528848e-01 5.420165440341436769e-01 5.475440244286594593e-01
7.565763531280440546e-01 6.936365648683553431e-01 7.083476418842566957e-01
5.636214917432376126e-01 5.942390587274207769e-01 5.432136973074775943e-01
5.793355916221903934e-01 5.697416001182317169e-01 6.279001389780983766e-01
6.197011893306063612e-01 6.064152004336736956e-01 5.812361148544742395e-01
6.114527805318921150e-01 5.914971074186244904e-01 5.728113395757264970e-01
4.109448360188641125e-01 4.435124743846150519e-01 4.908432276696061969e-01
5.345090920780217747e-01 5.578378775541446011e-01 5.117602911453279502e-01
5.070383738743726720e-01 5.913295866418634139e-01 5.788625590855195346e-01
5.771092615182149554e-01 5.495508919306036910e-01 5.251290459763433560e-01
5.564130087988792273e-01 5.769230338174679007e-01 5.728337010723314471e-01
6.697189462871048216e-01 7.345763471412238843e-01 6.650898987819369168e-01
4.973711637781009220e-01 4.909471309593314015e-01 4.852797078051326318e-01
5.235848232116765422e-01 5.635839720479979276e-01 5.514969759348838929e-01
4.559050707432717453e-01 4.645737704104586641e-01 4.599325569442777595e-01
7.491212325965783680e-01 7.544528358787030431e-01 7.299051711765924821e-01
6.499330664063631691e-01 6.546377601470586560e-01 6.175060938388639009e-01
5.956747983489720788e-01 5.740313677467319131e-01 5.273009055226791642e-01
6.015366394588637089e-01 5.867804116581548657e-01 5.835368177016879709e-01
6.250003122476199824e-01 5.469373158275997460e-01 6.572144332509400888e-01
7.046456756940385757e-01 6.611948417475529416e-01 6.927723100246580001e-01
5.149436424435223092e-01 4.784279505021595269e-01 5.473188486724058777e-01
6.224141124521784807e-01 5.432929581653642703e-01 6.095889151439161102e-01
4.999122578022523467e-01 4.533414699841607498e-01 5.008260016735430753e-01
4.054388760783326218e-01 3.919822467371947283e-01 4.122293405233829477e-01
5.455249161540586256e-01 4.913948146540765283e-01 4.734044529459634498e-01
6.499580062922233337e-01 6.272653305217789077e-01 6.146592555098865374e-01
5.453748168316797651e-01 6.289512823564152866e-01 6.255696622951307795e-01
5.973062643640458802e-01 5.653989493009841105e-01 5.553045888535346197e-01
5.930618775074477655e-01 6.183791919658903069e-01 6.673783247195596013e-01
6.243171386419075208e-01 6.380977850494784498e-01 6.397523771396043113e-01
7.126639351234604902e-01 7.169373266596378302e-01 7.339775901018339432e-01
7.657536087111666001e-01 7.657860145500939852e-01 7.268366225808184922e-01
5.109991335955768044e-01 5.204011536086413647e-01 4.812581421139506266e-01
5.215026027230912353e-01 5.741848162052474169e-01 5.327931138176392745e-01
5.727275085331620108e-01 5.033154666996427773e-01 4.952225387247655708e-01
7.295309988238081189e-01 7.139945371852117750e-01 7.080212165776420541e-01
7.075059625564713572e-01 6.628404322917339497e-01 6.837138787479104529e-01
6.597170759719135358e-01 6.456227750796418308e-01 6.386620925406369942e-01
6.597674210777763060e-01 6.538284117280321883e-01 6.252268818134848472e-01
3.111073421149630480e-01 3.333837261327035617e-01 3.351218671074495115e-01
6.081188947363841413e-01 7.085707122511069045e-01 6.720110848911674539e-01
7.180121927604173893e-01 7.498037142235084440e-01 7.746595195150161040e-01
6.182680954295030062e-01 5.846613549693076006e-01 6.318732955792040196e-01
3.044115139313014473e-01 2.884555731724151584e-01 2.503782535728228398e-01
7.538063725642728530e-01 7.694791991349588800e-01 7.391343695974006422e-01
5.761027035683816688e-01 5.233290191201553920e-01 5.556079820153736470e-01
6.029768135792328287e-01 5.593582975290617432e-01 5.879085537272320527e-01
6.871751865115279800e-01 6.503305839523195742e-01 6.233046678432032639e-01
6.716414348146613200e-01 6.763412266566121156e-01 5.688981869877477449e-01
5.270785858244143585e-01 4.699272727670414374e-01 5.191968778697264586e-01
4.211411926028092445e-01 4.394595455951814666e-01 4.556053512430144337e-01
4.371952959885927470e-01 4.919705551515512476e-01 4.957867737209321057e-01
5.417722368665645050e-01 5.141171000503587107e-01 5.204913621406473956e-01
7.594272547452998179e-01 7.422488049235128615e-01 7.426739528188326389e-01
5.308071974663497450e-01 5.677313130480117209e-01 5.290046208383458737e-01
6.182551023626801090e-01 6.522338206247406678e-01 6.667722827402611241e-01
6.248396626248649000e-01 6.430976223118919366e-01 6.115431684045737892e-01
7.300923028123703640e-01 6.635940449171051636e-01 6.738402168217415555e-01
7.761105204346477882e-01 7.888476131903696675e-01 7.618230704110339202e-01
7.101037476226687017e-01 7.930053570738808677e-01 8.171274135720286713e-01
3.439399432111056587e-01 3.078582811924042151e-01 3.151249875514756660e-01
5.541462112345547641e-01 5.921335998869240447e-01 5.959585233461386355e-01
4.623615166894006201e-01 5.505393032953813659e-01 4.771645240388256992e-01
6.793571499028508986e-01 6.084632335770888689e-01 6.750705428947861853e-01
4.556647871330967159e-01 4.771271253533919121e-01 4.485862457760501076e-01
5.419080610271147513e-01 5.308628778426923711e-01 5.532592381549679139e-01
4.679044066923663259e-01 3.983199824580881399e-01 5.040180889017524812e-01
6.347355442598080488e-01 6.353574137940664057e-01 5.901557847460160433e-01
5.289798343324371155e-01 4.678334098310812372e-01 4.619391990574211460e-01
7.446013188105419234e-01 6.827570132446926232e-01 7.422661963305493549e-01
7.986531139658483713e-01 7.861486256075731482e-01 8.182469906562735984e-01
5.273650776380590655e-01 5.106665600303674779e-01 4.930531012175716210e-01
6.204126036247359366e-01 5.884526430678882480e-01 6.412674295555187420e-01
8.152273799278959565e-01 7.691252371169922109e-01 8.258272652580913586e-01
5.144698632157646001e-01 4.922074639152201336e-01 5.147243822851650386e-01
5.645074880695850617e-01 5.806167323131283808e-01 6.244853054369665646e-01
7.082840571582448286e-01 7.096500312531477395e-01 7.978265248082004879e-01
6.540317801539975440e-01 7.003449587597341264e-01 7.285489909880563664e-01
6.333207246093671694e-01 6.535195414300425387e-01 6.347430096845082526e-01
9.231943592713117708e-01 8.631327040589437116e-01 8.632516449637892553e-01
5.546317124356191508e-01 5.392074749352916418e-01 5.257522777543631731e-01
5.553407137307440067e-01 5.089907987939481515e-01 5.092574098524779158e-01
3.895394625356361495e-01 3.711007242229651393e-01 4.133178950555493336e-01
7.116424602277134914e-01 7.321895514388170323e-01 7.090607429248833027e-01
4.690545617722837735e-01 4.496360156878023706e-01 4.705683801805497501e-01
5.113563473385629443e-01 5.147117938319982766e-01 5.097059994906775193e-01
7.532954196234725730e-01 7.197621435243530819e-01 7.390441281024797693e-01
6.198960459608692242e-01 6.343407114383270429e-01 5.841705474994969283e-01
6.941117092466374539e-01 7.208372392353977753e-01 6.857349451603670376e-01
5.249099423023102506e-01 5.110597461963377608e-01 5.831394102818387992e-01
5.374916794287886157e-01 4.668903951491725768e-01 5.101445038030890666e-01
5.123432423155533932e-01 4.822418547107704123e-01 4.975045015764298362e-01
7.597398616454464904e-01 7.926406223497244330e-01 7.603808830263425467e-01
5.231974222776792915e-01 5.710388627605689216e-01 5.445541921426906296e-01
5.958694056014548490e-01 5.122359879330613541e-01 5.563164309788231066e-01
8.068432067539887953e-01 7.464594163441130581e-01 7.606474127848805722e-01
4.798679713862447627e-01 4.926952702056510702e-01 5.001388872959031673e-01
6.117582323749880535e-01 6.249069729532616968e-01 6.485843710849295007e-01
6.228279011014178357e-01 6.183964699351471861e-01 5.578944228265015903e-01
7.696590916390756432e-01 7.687970367375869252e-01 7.749225273615886200e-01
7.037811384899923528e-01 7.762959350158655791e-01 7.710467421343284444e-01
7.060730213923861465e-01 7.092684959745562123e-01 6.438762596507154878e-01
5.631215915392842053e-01 5.674384415118720604e-01 6.139954889075409650e-01
5.876997152901837218e-01 6.119798987097169185e-01 6.219487014616185139e-01
6.441008775152156085e-01 6.482796994917673361e-01 6.934137598980663064e-01
7.391652495129797940e-01 7.852294725769419781e-01 7.424359208032159652e-01
4.175520354126259770e-01 4.027043722651609259e-01 4.503256674029552098e-01
5.748337223893775771e-01 4.938185333368209640e-01 5.648866862826350532e-01
6.019476091688773511e-01 5.762395354371516731e-01 6.054036864764165138e-01
7.853108141076172721e-01 7.718291542385262716e-01 7.751966606389866232e-01
5.813629602141113795e-01 5.867271704423123735e-01 5.815047060767432052e-01
5.574162939216957824e-01 5.279654354854794729e-01 5.896571016489766670e-01
7.068740224987993814e-01 7.065988836339162082e-01 6.309390032804028658e-01
6.547671689508779425e-01 6.684032593827149427e-01 6.256640026947808408e-01
6.479440868279880972e-01 5.496233358392871304e-01 5.087355302420363268e-01
7.287393668540991243e-01 6.998529247319501545e-01 6.327117330881172341e-01
5.754392619682758836e-01 6.257430314148294537e-01 6.042138367270170063e-01
5.166156984328066359e-01 4.997360226187079757e-01 4.832636822858582537e-01
6.822485739205118582e-01 6.820278456049740923e-01 6.916297117206074985e-01
4.031956344617524945e-01 4.404688894300224367e-01 4.089369606837206517e-01
7.395326420116840049e-01 6.502817153884672408e-01 7.195343345336692176e-01
7.038049844456474302e-01 7.126943352482411065e-01 7.591481855521118316e-01
5.762610078728366281e-01 5.810428969329026749e-01 5.816694030280774586e-01
6.164921910089133927e-01 5.906539179494311176e-01 6.743524028542450255e-01
6.917992467892449815e-01 6.643682515867181948e-01 5.856099078022261040e-01
5.938354393750889804e-01 5.519827383435259582e-01 5.826635159825176435e-01
6.202478104632230815e-01 6.383912014174669691e-01 6.186200299550487225e-01
5.920520908518424053e-01 5.236011909762676719e-01 5.213547642156043382e-01
4.354430815838636337e-01 4.955946623543662222e-01 4.846192555165040883e-01
5.621617199840703849e-01 4.965486643673059919e-01 5.446269750906342910e-01
4.807279419601452886e-01 5.075539479611256288e-01 5.091641276847077568e-01
5.069733806526453002e-01 4.722419771354398610e-01 4.854969067584647413e-01
6.228001514703084274e-01 6.592433647295151689e-01 6.607317715227579713e-01
8.501677285409715568e-01 8.918424311284586237e-01 8.493372921130567521e-01
7.990575463449119953e-01 8.153387318164809772e-01 8.127237504217750264e-01
5.553059828107783646e-01 5.175084696527885164e-01 5.305210263818290750e-01
7.784211821148854238e-01 8.005872835022108669e-01 8.282890974978174281e-01
8.938475851718709064e-01 8.311624549835927578e-01 8.373101304753155505e-01
6.549636903641918861e-01 6.584974961237550772e-01 6.423491504210061542e-01
4.401931809762965608e-01 4.585727052649546387e-01 4.200255562043366808e-01
7.511397307252100086e-01 7.495166807878954618e-01 8.008199251654837258e-01
5.715781001920856585e-01 6.206596076931620853e-01 6.009343688693031815e-01
3.563395411067811214e-01 3.767653829234050566e-01 4.071310394383447773e-01
5.927467515718032320e-01 6.325643610092580582e-01 6.143006389957853530e-01
6.640243290009247845e-01 6.548202672010123848e-01 6.639175921349028675e-01
7.478490979064226218e-01 7.393972150459926507e-01 6.898261308280893012e-01
5.553425659265475156e-01 5.093150931400568515e-01 4.956783363985812207e-01
5.211426696711221052e-01 5.472052146915470372e-01 5.442488815068434738e-01
5.365558107472269134e-01 5.720460218422347420e-01 5.959030722760702004e-01
4.466877500301761894e-01 5.101571068980962353e-01 4.433451348465275998e-01
5.902370791230193703e-01 5.515605490813367817e-01 5.541367912392394235e-01
5.762990575192674658e-01 5.099823136422999559e-01 6.212289609622170250e-01
5.444822607913699652e-01 5.795484396757097922e-01 6.345222045532173949e-01
6.846123229338670901e-01 7.043823853497614973e-01 6.858778249210280009e-01
6.834804626509914938e-01 6.830251761241354913e-01 7.226535256919511818e-01
5.432580843145138338e-01 5.773846935567913397e-01 5.222335786977593264e-01
6.713262599329887781e-01 5.852639315984965451e-01 5.907602967069899291e-01
5.678898945185448799e-01 5.297363694787581290e-01 5.588169779571805496e-01
5.028548243712742671e-01 4.781983018194677082e-01 5.142262658898955063e-01
5.606561672676567687e-01 5.920924230958490853e-01 6.460696527422855606e-01
5.369659922277287833e-01 5.767261870288661330e-01 5.466499770145247794e-01
5.384343602909017479e-01 5.592992602505757471e-01 5.329548865122596402e-01
8.420856785571673164e-01 7.534328060580635089e-01 8.182013596708611614e-01
5.551987650975468425e-01 5.099227873377419895e-01 6.104084989897080593e-01
3.960680748420492003e-01 4.496113393559440508e-01 4.223635577030033783e-01
5.854904729293316512e-01 5.433535482409994621e-01 6.112935001091140963e-01
5.340920521611788319e-01 5.474590690822337402e-01 5.538269946012783773e-01
5.800214720240064459e-01 6.242552493583000128e-01 6.124478808809604713e-01
7.056366019057100925e-01 6.349759787250388587e-01 7.099361407781470401e-01
5.629515970830107907e-01 5.778210732757852464e-01 5.951939038148150729e-01
5.904619997416308275e-01 5.127488388897648575e-01 5.141373039576649928e-01
3.393686918570979483e-01 3.872130847988948799e-01 3.270981622627826546e-01
5.757341607258474880e-01 6.020919872575096754e-01 5.843589644963613772e-01
6.368137831649979264e-01 5.753931117287849339e-01 6.153584533393182676e-01
6.444887152771185956e-01 6.751188539149922674e-01 6.513435014455196681e-01
7.004302655259887489e-01 7.440466330571126052e-01 8.042148104579458501e-01
4.918567988313198303e-01 5.297420251953031123e-01 5.976434473287504101e-01
6.463605887106388392e-01 5.930888750235931983e-01 6.169373235057977745e-01
5.824483399199760214e-01 5.088409285694088791e-01 5.365915224156766472e-01
7.257349713730066876e-01 7.199788705161477287e-01 7.518761847698253176e-01
5.311338153420800401e-01 5.424611348889059048e-01 5.237793544098731102e-01
7.371335639152002406e-01 6.911014207382385477e-01 7.294270676942675724e-01
7.087614466786242851e-01 6.239902349881248922e-01 6.856222308783375130e-01
5.008220820279404295e-01 5.224554732312411964e-01 4.993707485612314256e-01
7.822171145912178991e-01 7.916219271702542581e-01 7.660965077512518207e-01
4.456025161204562601e-01 4.426793483402535201e-01 4.507277773778526897e-01
5.980871339073635662e-01 6.272686681747070558e-01 6.464675390901943874e-01
4.856827146158691488e-01 4.299108606364857033e-01 5.451088404889785632e-01
8.088222362713685110e-01 7.416629393687267369e-01 8.251739027336879584e-01
5.890904628662497755e-01 6.044752495391346736e-01 6.707526150650440222e-01
7.264690293327967785e-01 6.303228027282051782e-01 6.862249349924697261e-01
6.336462643295550645e-01 6.326945344588056352e-01 6.688262659991369707e-01
5.939369183391877138e-01 5.670228353793996812e-01 5.776993956432610045e-01
5.951608370205384579e-01 6.123492233231874193e-01 6.129987958316912566e-01
5.604859045074612744e-01 5.681680517533441721e-01 6.133289625814432044e-01
6.908573642533437642e-01 7.359413016431308741e-01 6.676439985772719687e-01
5.675166973322730568e-01 5.947234542992760886e-01 5.692310733091866526e-01
4.526605292505994638e-01 4.269986973188271695e-01 4.285129594980290335e-01
5.317011710414866199e-01 5.428255559647591211e-01 4.923546218812888120e-01
6.460176293061974384e-01 6.360613004963864281e-01 6.677982697110653731e-01
6.081662285930382605e-01 5.566173898088981886e-01 5.782381588358691538e-01
5.960963247782754548e-01 5.772589378255394976e-01 5.741954799303644608e-01
5.630222076391052655e-01 5.728215021092634140e-01 5.813029158535345520e-01
5.086623938317238469e-01 4.755818845437535525e-01 5.379828073427453949e-01
5.787869343170705116e-01 5.200985177198890197e-01 5.847809972481962104e-01
5.928015915627422583e-01 5.470569848227299081e-01 5.979540690882113596e-01
8.531744083783797672e-01 8.571291285249378333e-01 8.031475411496159511e-01
3.183125426595257990e-01 3.346758623238295649e-01 2.395363144824635970e-01
3.946574643439308971e-01 3.712561451478636476e-01 4.342139831153887797e-01
7.581562321358769063e-01 8.247017384520142214e-01 7.808310714579477230e-01
5.166973447713046896e-01 5.111170215984878196e-01 5.303174435832659350e-01
5.281569459619536167e-01 5.146899858219174950e-01 5.559937277184964222e-01
6.613987460238318628e-01 6.690231224441395286e-01 6.407071493707989784e-01
5.320037662484654595e-01 4.970054296175833719e-01 4.758961584141984669e-01
7.657391735691025936e-01 7.867279041711199294e-01 8.054320324671597753e-01
8.065290148703867512e-01 8.742372300770053783e-01 8.400493876711359054e-01
6.668483624142930166e-01 6.629301511714615902e-01 6.645088156926691747e-01
5.753570144994309965e-01 5.349062739519691023e-01 5.718370095440625800e-01
8.193688834739359939e-01 8.511004693333448223e-01 8.290456844290621241e-01
7.903746260202425544e-01 7.669391841589919823e-01 7.355931243604040271e-01
6.230083372993342472e-01 6.004262654293397450e-01 5.968020514191096915e-01
5.550451971739639445e-01 5.361359626787250976e-01 5.466933605446087086e-01
6.393537073865289688e-01 6.885512991258890825e-01 6.441185899977129869e-01
4.894934808516386848e-01 5.009225378022800212e-01 5.122792589327137547e-01
3.951303063266008442e-01 3.577258978195533845e-01 4.494177938003234285e-01
7.889666442238558730e-01 8.097074660673596602e-01 8.114635863292299911e-01
5.874380881148625333e-01 5.674064463794591395e-01 5.814517890365962227e-01
6.901218085482988540e-01 6.770157501861071569e-01 7.039561688148348040e-01
5.503387446577194808e-01 5.871975326509070170e-01 5.245888938692990777e-01
5.556566905906979992e-01 5.465767440042063052e-01 4.842672282283661533e-01
5.450412843791501150e-01 5.819697204376101940e-01 6.017158451203807878e-01
8.785602683248078248e-01 8.529400606390328266e-01 8.034301851667796646e-01
6.169971066003153704e-01 6.379948828168496844e-01 6.177711214876006052e-01
4.207602139522360063e-01 3.872787294628554089e-01 4.116348250310631895e-01
5.097316525614538074e-01 4.891587337263449409e-01 4.102895511092258807e-01
4.510415825907686527e-01 4.623900236851473666e-01 4.734791935756555437e-01
7.292688935910837111e-01 7.601152807052554694e-01 7.940225715230956327e-01
6.368275413186906819e-01 6.020210583646138369e-01 6.060850705289773099e-01
5.351324566278405914e-01 5.807527795236067103e-01 5.630692440870139759e-01
4.908427447102043928e-01 5.011514612758688481e-01 4.476130679166706039e-01
5.149952851412864518e-01 5.041231627400390991e-01 4.063352209461122966e-01
4.523496721110156771e-01 4.441172772174085681e-01 4.680302410758666598e-01
5.691629322855311646e-01 5.309905520263539236e-01 5.517424177964745935e-01
9.097884831883089607e-01 8.640377511164267776e-01 8.738346223938283641e-01
7.517263224658399245e-01 7.220596118865005852e-01 7.941617807052062661e-01
5.678108615470572884e-01 5.213046885254301044e-01 5.478324977471384916e-01
8.116445956020306163e-01 7.572075823109402082e-01 7.672662182710664469e-01
6.467150955058144080e-01 5.921605531158690150e-01 6.069795859137799843e-01
4.395987659078861021e-01 4.509465429564353256e-01 4.433441343046727323e-01
4.749740700281877559e-01 4.657074904596550935e-01 4.887582182037061296e-01
4.639392252615602286e-01 4.439460373326866161e-01 4.178393562131473282e-01
7.516251347631699442e-01 7.069971178236943432e-01 6.930141164424696854e-01
6.950405737832036079e-01 7.602428656919210104e-01 6.695287520906739731e-01
6.526536554564850157e-01 5.273039095295213308e-01 6.164288393810202216e-01
5.660989258048231276e-01 5.476181412162934858e-01 5.494082494298748731e-01
7.746608414308532309e-01 7.521784112049695326e-01 7.671869450916027899e-01
8.196324288664061930e-01 8.069820262475860817e-01 8.316149540196590140e-01
5.180882101318522448e-01 5.185720566619036465e-01 5.067235723627316890e-01
6.201921502023167720e-01 6.523890622107315629e-01 6.336756010864652566e-01
5.317447267586102866e-01 5.415125740349751027e-01 5.092082740331957957e-01
2.983511917258804824e-01 2.888551765981841046e-01 2.888782045040642066e-01
4.491122333132775424e-01 4.438766887176912035e-01 4.281106816528839065e-01
4.796306125076196802e-01 4.456954172489617783e-01 4.336259851769694862e-01
4.741458375271896397e-01 4.780330300975541014e-01 4.868543762352413040e-01
8.195024088291591458e-01 7.313431334794019412e-01 7.407632275162040481e-01
6.225980744009378398e-01 6.288545642140423997e-01 6.250270850203710760e-01
7.697069246849529423e-01 7.975302940273758523e-01 7.913942884841230763e-01
6.107698676415861394e-01 6.044911072505477767e-01 6.209914216033842749e-01
4.915634579689623362e-01 5.179659012472460633e-01 5.178052497632851248e-01
6.699629620104095018e-01 6.743768945471781961e-01 6.875613679674942302e-01
6.490456830108659592e-01 6.347284398460367738e-01 6.058501915235411373e-01
7.691589421462664555e-01 7.877927206288024564e-01 7.660497781972886999e-01
7.051648934491763221e-01 6.820259366697389858e-01 6.810219642911758964e-01
6.070765286609233202e-01 5.312687706502239315e-01 6.086350924155047304e-01
6.240622232897443666e-01 6.614763709850343121e-01 5.541585554709007599e-01
4.190715838098155177e-01 5.060305096050931040e-01 4.979084906072074879e-01
6.203266535404814430e-01 6.405761361235599027e-01 6.271788544207256288e-01
5.694551734766012396e-01 5.969494607740847281e-01 6.017847828882916250e-01
7.292664083490918436e-01 7.052380946894277747e-01 7.591842530769012942e-01
6.971789420359535416e-01 7.000407983010367152e-01 7.164554528879044648e-01
5.893312115964235431e-01 6.016434588672264772e-01 5.797012639115823873e-01
6.676556527830974641e-01 6.642246518535005473e-01 6.840950422632481320e-01
9.639594452557389559e-01 8.602427440454242236e-01 9.767388763890788583e-01
6.453479303010491996e-01 6.165263821631997709e-01 6.632089520442693287e-01
5.776504074814722278e-01 5.332662282242311980e-01 5.640632169855697153e-01
7.339564281497241716e-01 7.420205649440732021e-01 7.699852660118401415e-01
5.878961271404363753e-01 6.458749028766529454e-01 6.408378440952346988e-01
6.013211559445328369e-01 6.155690673474224495e-01 5.429811919200030479e-01
6.084318162925348439e-01 6.663402623880175790e-01 6.052487118670637489e-01
6.913533832878819840e-01 6.235925745128149122e-01 6.393775336896920791e-01
6.276930271559115759e-01 5.890985789393748950e-01 6.244833094671370377e-01
7.536882352576677047e-01 7.276904340640051316e-01 7.013166955742354824e-01
4.531673015142214100e-01 4.638005249961263399e-01 4.962415248341564555e-01
5.233787256833795087e-01 6.011067146891909685e-01 5.918366836185976476e-01
7.153462653615278999e-01 7.195151708904088395e-01 7.018168893859965118e-01
5.071692848463345005e-01 4.796383599139820708e-01 4.908114531489248811e-01
5.718321631990139764e-01 5.796458645752756711e-01 6.400493554732111789e-01
6.413145727092435244e-01 6.540142168231710684e-01 5.975304579342782807e-01
4.729712465153282919e-01 5.193532450308341319e-01 5.361699277743164904e-01
4.721993192816200113e-01 4.812969191020131099e-01 4.549448355697064961e-01
5.664897673009124945e-01 5.802647435205963156e-01 6.043935684620265203e-01
6.569661816283547395e-01 6.990620909772412572e-01 7.011831345316434927e-01
7.340216223377298288e-01 6.700532214658629915e-01 6.740449204907656977e-01
4.488888191897226210e-01 4.170396816946330687e-01 4.907839683741622716e-01
5.326672653490983622e-01 5.689989785477075346e-01 5.230787062868573756e-01
5.669889318089124108e-01 5.577934757544434907e-01 5.873954031899615291e-01
8.603700483520093645e-01 7.563177859844936179e-01 8.093234297244051856e-01
4.045322531732264970e-01 4.828646709818282812e-01 4.208362703362122925e-01
8.867757723014619842e-01 8.980592116839284378e-01 8.803802725732418066e-01
5.892527107792463470e-01 5.778802003876284399e-01 5.881293183240580147e-01
7.933930281880334778e-01 8.350868726755599214e-01 8.649321292317445620e-01
5.153321288516828913e-01 4.881721292109857391e-01 5.047650471846206743e-01
5.445730409172542252e-01 4.818130125139853392e-01 4.935894598945590461e-01
5.405850818494712939e-01 6.159438177973983741e-01 5.347016938895647886e-01
7.458066608183644419e-01 6.777082863282112291e-01 6.834706086434196859e-01
5.757305665108647386e-01 6.251048560805544385e-01 6.187794772944975596e-01
5.966121548248082274e-01 5.528798618910341078e-01 5.553035560271990523e-01
6.250905854466125566e-01 5.672662486625005274e-01 5.303276229338507175e-01
5.759106218774222574e-01 5.941103949569441767e-01 6.062916445496022710e-01
7.284811510277597879e-01 7.271579837975457039e-01 7.336925109654895971e-01
6.562516958234572151e-01 6.168709613086249544e-01 6.339194285323677125e-01
6.063087872115378030e-01 5.729271894074590143e-01 6.358272352387648318e-01
7.667479048605392311e-01 8.124281630981834423e-01 7.904670240103128798e-01
6.582084064181233929e-01 6.594363083855128149e-01 6.329873825800793607e-01
5.973837968319872793e-01 6.151724411406584991e-01 6.093171187631778452e-01
5.520271862305522470e-01 5.718113869335073041e-01 5.842604582202020058e-01
4.902511252802645991e-01 5.339108003924452062e-01 5.246713372315904289e-01
4.499104289599468176e-01 4.845089044837748715e-01 4.198504210343981247e-01
8.804544325208404354e-01 8.604505443371174289e-01 8.522584958674110922e-01
6.773488861623785384e-01 7.056380650668607757e-01 6.582238998593563650e-01
7.514909432915691800e-01 6.819495064817625574e-01 7.182623183534940781e-01
7.267679720889698158e-01 7.041478392787212659e-01 6.848459487091300701e-01
5.505302977089743255e-01 4.614133625954378592e-01 5.489603193240961687e-01
6.958000646128221778e-01 7.069033065834766649e-01 6.941547287518373688e-01
6.376568718975368366e-01 6.177081625720164393e-01 6.615368087388282525e-01
5.629499099839277987e-01 5.984055600471305247e-01 6.456395468778688418e-01
6.454961551067271985e-01 6.445433855228528408e-01 6.128607127779963637e-01
6.130831019594609188e-01 6.575605149456342780e-01 6.678001142587023375e-01
6.416735087698310913e-01 6.719998698593866449e-01 6.345576201441379682e-01
6.576654795339443860e-01 6.667248377355734501e-01 6.891613601235524467e-01
6.615086640157534781e-01 6.897965164019638218e-01 6.840186338711606862e-01
5.617259137771194455e-01 5.907483695654965894e-01 5.947188583000708739e-01
6.519638937654218536e-01 6.717598287827485359e-01 6.773734738758935281e-01
3.868599332878643882e-01 4.002911093623845451e-01 3.935677071006377092e-01
5.018704010786786407e-01 5.545394891944616100e-01 5.293810945180785765e-01
6.833189580427745380e-01 6.703200333978343028e-01 5.920850509966698594e-01
5.089655066876092038e-01 5.287327814081430599e-01 5.719177377383753980e-01
6.256620121948626156e-01 6.322101939753898003e-01 6.847227876006657388e-01
5.721256862208760063e-01 5.193715626174951749e-01 5.694626719446733709e-01
5.955182614214105108e-01 5.591455366231269375e-01 6.024177896613225336e-01
2.995688977644599960e-01 2.825237620898682911e-01 2.421096069270088635e-01
6.255113728319464661e-01 5.793329283733873458e-01 6.206455675462951849e-01
5.782956950510792504e-01 5.930283608873772039e-01 6.153290426253219536e-01
6.054248122575067725e-01 6.071397210215839779e-01 6.383400339283881175e-01
4.912745304384060208e-01 5.431113288279720841e-01 5.646213470722029060e-01
4.266097235292397594e-01 4.057322885754000574e-01 4.400033554406312386e-01
9.643063914296944317e-01 9.992185677463910620e-01 9.812201292030409139e-01
2.555484095291644109e-01 3.102757264968346029e-01 3.117636073343143521e-01
8.708978557093853823e-01 9.273163938395788675e-01 9.523786277441036452e-01
3.395626060436926497e-01 3.218563696415878694e-01 2.676737499663609521e-01
6.523811461969057923e-01 6.917424816744053295e-01 6.639330795340637748e-01
7.669989166950277326e-01 7.639025213783918744e-01 7.786772197790742256e-01
5.850067464257673322e-01 5.347750538196710535e-01 5.651834434876784607e-01
7.173423265930766179e-01 6.342565812433970107e-01 6.835395263579518987e-01
7.168988876547581768e-01 7.679270198748500142e-01 7.594419911444028060e-01
4.168181599159701545e-01 3.766301125283738060e-01 3.972902203675631738e-01
4.369051349326447120e-01 3.869942686557429901e-01 4.180599354101650067e-01
7.757127195032461620e-01 7.314758217585873856e-01 7.441031277227777574e-01
5.867254863363280393e-01 6.147157230913229409e-01 5.959832223098500137e-01
5.524736574471578177e-01 5.906365820321871629e-01 5.816328691618337654e-01
7.127957744746531432e-01 7.308094961966417058e-01 7.195701387616347811e-01
6.609769759509070974e-01 5.966558405752133698e-01 6.044019225012389196e-01
4.165451929098474837e-01 4.803298182698434449e-01 4.937117750188084742e-01
5.992288696400565051e-01 6.012773151752122125e-01 5.636859443173507511e-01
4.559853763124559478e-01 4.677422564028248519e-01 4.433921279402202043e-01
6.665231043181371051e-01 6.780704421229241108e-01 7.053376580770651660e-01
6.132821643420619528e-01 5.912188883998714672e-01 5.865009932902263134e-01
6.824607279067481658e-01 6.445332332152868826e-01 6.746936511921474144e-01
4.849362949266980971e-01 4.828297282645876431e-01 4.661694180693518041e-01
7.425636398339821032e-01 7.114852991209265065e-01 6.455236311343269806e-01
3.385699346398072240e-01 3.260176074310328076e-01 3.090092955433085264e-01
6.160633956184304871e-01 6.098715948276335341e-01 6.201527949428420339e-01
4.544630336431363382e-01 4.935620371845362842e-01 5.093558774351013563e-01
7.674698076137741465e-01 6.875942967077973700e-01 7.623672638666051382e-01
3.979741029210663306e-01 4.034120004565314166e-01 4.243274570268519286e-01
3.817727548235730906e-01 3.715952412327024335e-01 4.070847214437572914e-01
6.920570136911885495e-01 7.794886614472054109e-01 8.048100006207333790e-01
7.985895920485641675e-01 8.299543952479991882e-01 8.261779265336294253e-01
5.358017387093766404e-01 5.820985584006073132e-01 5.665862355922572924e-01
8.020632156703978444e-01 7.685640073749422374e-01 7.513294484414421159e-01
5.762444336428845792e-01 5.569095124728852264e-01 5.697466440655101216e-01
6.746593217188937563e-01 6.533603945432165938e-01 6.568934892666209446e-01
6.947238588778313906e-01 6.711188156681358041e-01 7.159725020124335648e-01
6.548611000715132135e-01 5.672832225749292467e-01 5.882842208475212997e-01
7.568364379723185875e-01 7.364380201276771176e-01 7.032138082838350623e-01
4.965891381461686738e-01 5.613808895939582655e-01 5.417792734647890462e-01
5.761859436575171856e-01 6.591891821086068859e-01 5.799135234370411673e-01
5.361391957829610977e-01 6.013445198490768862e-01 5.331640991177927225e-01
5.741333790235100265e-01 5.621531384442458590e-01 5.917087536779142010e-01
6.850856375574102541e-01 7.346099974768596219e-01 7.069354911036056510e-01
4.520637864907828263e-01 4.582787037182258771e-01 4.510327744790224580e-01
7.646107154733261524e-01 7.173208453365521597e-01 7.808199120751195821e-01
6.205707030297202831e-01 6.900895125686603571e-01 6.370661348614938824e-01
6.906844553964155420e-01 6.881904731115801033e-01 6.553065050326777330e-01
5.508948135430014048e-01 5.894964340651700496e-01 5.764141831314619768e-01
7.465683739663961926e-01 7.733228678846899573e-01 7.791261910661257950e-01
5.705546058798752762e-01 5.818559990316420905e-01 5.927214312451506428e-01
4.143713206097189294e-01 3.770830509646440065e-01 3.876148967398618805e-01
7.333680274659036824e-01 7.925032805978406980e-01 7.835051571299656015e-01
8.463314483375494746e-01 8.116752606080178678e-01 8.217153863637953748e-01
6.372112663709791347e-01 6.540939597882711176e-01 6.116985246515370678e-01
6.834143336002003188e-01 6.289027090201135817e-01 6.405357230584897144e-01
6.710388673414900973e-01 6.533363956806638173e-01 6.904716325127837617e-01
8.842886747896123723e-01 8.273373460768662646e-01 8.821312433384893570e-01
5.132341533192298355e-01 4.710944026128025541e-01 4.775302713016681966e-01
5.191279218148732166e-01 5.127078984577733145e-01 5.150248457287087689e-01
5.788318332339017491e-01 6.109016301686605033e-01 6.224457313413963577e-01
6.925361334391972878e-01 6.569069077046354455e-01 6.693401819927859986e-01
5.615245623621880622e-01 5.927830477964886047e-01 5.717514096883578034e-01
6.168397219456404068e-01 6.777311579168655564e-01 6.825734415899304963e-01
8.241803224498852609e-01 8.606186419836895363e-01 7.791059683095229449e-01
8.119179408144233667e-01 7.933601213057658308e-01 7.771472903227716333e-01
6.110989144240513982e-01 6.076495412000700869e-01 6.411689138589133918e-01
5.543949218760836350e-01 5.553067244988728612e-01 5.502729021304615387e-01
5.342300578505767561e-01 5.121164518566683199e-01 5.393106865055374843e-01
7.885585421403654705e-01 8.189803569565317076e-01 8.366608761184440857e-01
5.891778868919413936e-01 6.044094803424342466e-01 6.031347391045144279e-01
5.918633220222244695e-01 6.162871056388409263e-01 5.851495138982006905e-01
5.981278027989836987e-01 6.288550425750213391e-01 6.014338769534772755e-01
5.655779716802628032e-01 5.793101723014139059e-01 6.614086319853774709e-01
6.253200066743039853e-01 6.296969388723079319e-01 6.025863133018335427e-01
8.459320422136642481e-01 8.947235583129869996e-01 8.098013006993999285e-01
6.622178758927613762e-01 6.726054655914756042e-01 6.713880856626777138e-01
6.549646085404083884e-01 6.165788116761702353e-01 6.715129479020772729e-01
5.729619464535995466e-01 5.191077816053007998e-01 5.128457905783028181e-01
5.834927567770905599e-01 5.994867803931269723e-01 5.630109971003695035e-01
6.114955777602096854e-01 5.957436758684903078e-01 5.869088518947395139e-01
4.867135356586352324e-01 5.159669512620603804e-01 5.414269483248420611e-01
4.230177369093269801e-01 3.821063830973088771e-01 3.478066027052244547e-01
7.214930069816857250e-01 7.142335300871096582e-01 7.176058342172983995e-01
6.135935820082142333e-01 5.919965516973723085e-01 6.067489423089633682e-01
6.102059897505134334e-01 6.452234473834809192e-01 6.174617894327322221e-01
5.287966421598362388e-01 5.460017424116442308e-01 5.925479642410603764e-01
5.342401355855928013e-01 6.110308246921635211e-01 5.288738654699062236e-01
4.149751052139144525e-01 4.125324374694581686e-01 3.813726165869766316e-01
4.002511882067211202e-01 4.597318838669136043e-01 4.456125802331462604e-01
5.510489345048559251e-01 5.134724841422544372e-01 5.272422294346794658e-01
5.843122703346658176e-01 5.862406570272996609e-01 5.582362104069361619e-01
6.822023031723388753e-01 6.687554215573328076e-01 6.386427059395897166e-01
4.103531420565538212e-01 4.423353312416837824e-01 4.131413732048025977e-01
6.810756710939060987e-01 6.801619477202562880e-01 7.008942860760924987e-01
4.486125519559342467e-01 4.989320127006294792e-01 5.088850427939038967e-01
7.612714637675713769e-01 6.978924698375214009e-01 7.156314436951052294e-01
7.154179235896988009e-01 6.695801015113524990e-01 6.991700243040003260e-01
5.193553701595733374e-01 5.325463807109624970e-01 5.195332423780385511e-01
7.421138598332654990e-01 7.254342178628556681e-01 7.658174126748372723e-01
6.642829600042354787e-01 6.657923957808985493e-01 6.747637437111178027e-01
4.452367647782069504e-01 4.012686128336736546e-01 4.661216898305927114e-01
4.789882072659307211e-01 5.281845386508039475e-01 4.961290047553084670e-01
6.310813216653688995e-01 6.045179926274919513e-01 5.999212789740970830e-01
7.803649269743516692e-01 7.742584074047083043e-01 7.734440634504401446e-01
4.999466370187473085e-01 5.549777390727531623e-01 5.292897746980905760e-01
6.376179244023819637e-01 6.228830074339710698e-01 6.454333581449012147e-01
7.063194444978002640e-01 6.717932687247422097e-01 6.279968786316847407e-01
7.639219635726157698e-01 7.791314484605734725e-01 7.637461540048176012e-01
5.447797348479910262e-01 5.421984609883019335e-01 5.713793881847877287e-01
6.990952098844699369e-01 6.426732880296988082e-01 7.204639278669492386e-01
7.136866267120628438e-01 6.409878562753581477e-01 7.327494506462480794e-01
5.897793585529162996e-01 6.104436837458518950e-01 5.884310030077333220e-01
5.178050228561243973e-01 4.763569557264595855e-01 5.015290091040073284e-01
6.107034028458997454e-01 5.830884984336041077e-01 6.105656019443603810e-01
4.651166463472156121e-01 4.034394699368648585e-01 4.604632326896603844e-01
5.557585037343339973e-01 5.762564768425871842e-01 6.221360959718374994e-01
4.835155981198907549e-01 5.391793275262098950e-01 5.388262003044083093e-01
5.268019857151354790e-01 5.301813510457058509e-01 5.191620706559052500e-01
5.642902661924324992e-01 5.506230415082103979e-01 5.312413121505055180e-01
7.294918999807222804e-01 7.279581169653379646e-01 7.322948347169010441e-01
5.885513940549228495e-01 6.270993191281354351e-01 5.769991498773195948e-01
4.526112806858458848e-01 4.831668235773681763e-01 4.638484913804120646e-01
5.475796258243003090e-01 5.500488644891567969e-01 5.631784424304963066e-01
6.208138815179510273e-01 5.614158529274768661e-01 6.121886055784820924e-01
6.779633506731135295e-01 7.521973876451316654e-01 6.771688233041750493e-01
7.630248803146486569e-01 7.437987711302765925e-01 7.013506890347376288e-01
4.912294561319973663e-01 5.170851874104199775e-01 4.985693636957179153e-01
6.789052899916880879e-01 6.479080852075635999e-01 7.226998785752390964e-01
3.492452747888238895e-01 3.664041023173602030e-01 3.723119766877900361e-01
5.316113153293313687e-01 5.857128192377023534e-01 5.180552960191250333e-01
7.333845234388518541e-01 7.162826901126986279e-01 7.511504354500031511e-01
3.444304682992516686e-01 2.727694383641462439e-01 3.842793417447620818e-01
7.108043249184352597e-01 7.312879840744208604e-01 7.380330903100400519e-01
5.289221942557030820e-01 4.978726078518992959e-01 5.290831180023072289e-01
6.360468965310162037e-01 5.904028357495577639e-01 6.417449292126325977e-01
6.344515190620845235e-01 6.363641677263326413e-01 6.957407052017947624e-01
6.143556871577743328e-01 6.598057112231702215e-01 6.802838359408771574e-01
4.875373328228692626e-01 5.240514417745818498e-01 4.584514229236250626e-01
5.974981662069462907e-01 5.990603572304004087e-01 5.763516942632651574e-01
4.879695988310679411e-01 5.423168579548059975e-01 5.108208880980945610e-01
4.296950311071049411e-01 4.578038195670990906e-01 4.681089633139670081e-01
6.032851115325346125e-01 6.142668305641455495e-01 6.227418454178204055e-01
3.895563544728035121e-01 4.200495606623428357e-01 3.764847769119554211e-01
7.018203268656609817e-01 7.221922932796696060e-01 7.161041005542435611e-01
7.106074531831684249e-01 6.656843864005272948e-01 6.967767713826806819e-01
7.677006788058083897e-01 8.194472902918632506e-01 8.179230116801413653e-01
4.664910157854175177e-01 4.234284395837901172e-01 4.668333767060691697e-01
6.086672681760039172e-01 5.759904453239623745e-01 6.883814024750886107e-01
6.626799715828118886e-01 6.797501707027713280e-01 6.792390034211585048e-01
7.049050388117851229e-01 7.274782129577711531e-01 7.050463425232577075e-01
5.460904459972613090e-01 5.313939854659310846e-01 5.100976274297324142e-01
4.447801925047523697e-01 4.179772088100021654e-01 4.946905657107047993e-01
7.193370677885894127e-01 6.869863969448882779e-01 6.491092884884633873e-01
5.349776383347113473e-01 5.021058366016721841e-01 4.977251169893177618e-01
6.389089313886574528e-01 6.044472463309442656e-01 6.581972797065843706e-01
5.791745304981827935e-01 6.355253849314607129e-01 6.658150364200468019e-01
5.249391630523116969e-01 6.079021082362586759e-01 6.208468165375353731e-01
6.892942072752836769e-01 7.134577281888039302e-01 7.169584481599503567e-01
5.391109870788042269e-01 4.722546222116615899e-01 4.633262087435833787e-01
6.318026088804009621e-01 5.984267292761915602e-01 5.991615272377969204e-01
6.632658042027175238e-01 6.821368710993255258e-01 6.879249381336417501e-01
6.529263743405674392e-01 5.905137641685644923e-01 6.040613172440567613e-01
5.286916861545772894e-01 5.520749790292616144e-01 5.017250801427898255e-01
6.637470496694077848e-01 6.927440466836347621e-01 7.279845401921813952e-01
5.418684293993453194e-01 4.866479253279957229e-01 4.920352684275526856e-01
4.435991702758936839e-01 4.741307744649108091e-01 4.624559036935602108e-01
6.480990225604736921e-01 6.663774699847310190e-01 6.730192822689520238e-01
5.451279950888727743e-01 5.497871774350374663e-01 5.303018307062462577e-01
6.220925609442906623e-01 6.620668420000085375e-01 6.238517421576954547e-01
7.946833497840921634e-01 8.217051413319759190e-01 8.356803731027737658e-01
6.448652496942783863e-01 7.329756578700868941e-01 7.425498065523554736e-01
4.760586757026282756e-01 3.956600663131195628e-01 3.564587554752577381e-01
4.371352546296971564e-01 4.072644144824147938e-01 4.273081340084949331e-01
5.395952246784093687e-01 5.307732029340755942e-01 5.515560971013677705e-01
6.778517954007894364e-01 6.397568946301276371e-01 6.302126212478886824e-01
6.172778015625609571e-01 6.143675981719471935e-01 6.414981836575632812e-01
4.576531902538084617e-01 4.644304053437437463e-01 4.530447160439373122e-01
4.719719246357632070e-01 5.318781968220731571e-01 4.620709911948982507e-01
7.480812759616591867e-01 7.152208876126049386e-01 7.194638566897745280e-01
6.939817472639882023e-01 6.753676210325189055e-01 6.674311111454610534e-01
6.118050571494334511e-01 6.072257441625212859e-01 5.900070905041663316e-01
4.923744504220903817e-01 5.270427720254599047e-01 5.342261863348791717e-01
7.938265910629107580e-01 8.003855866278265507e-01 7.700672888896736845e-01
2.669134521971994745e-01 3.174197898109830662e-01 2.812229434781970405e-01
6.231359926755034584e-01 6.121047554295119264e-01 5.525528504972330168e-01
5.365312954181952199e-01 4.953245452457751830e-01 5.196807503026505959e-01
6.657455603817077350e-01 5.981145681846867790e-01 5.434065775943707211e-01
6.898127745893138929e-01 7.013209797260316902e-01 6.761123204971423162e-01
5.164159747087810892e-01 5.090242532491708882e-01 4.783615234734580057e-01
5.139840752153845838e-01 5.233614653708137388e-01 5.268423292273686220e-01
5.242666963456255047e-01 4.669689331349367034e-01 5.217777172177633371e-01
6.402647531664776848e-01 5.705068890816181737e-01 6.488498214824249821e-01
6.131966230428366194e-01 5.915986360360517837e-01 6.397650335481109840e-01
5.476841577060117539e-01 5.595929606328778894e-01 4.479607451421249720e-01
3.048623428803280966e-01 3.310347033200148892e-01 3.354018287376608343e-01
5.187665494798030519e-01 5.358945264950344400e-01 5.743948850138081985e-01
8.708430451586586241e-01 9.283818878823811849e-01 9.034175284177783372e-01
5.880386527546561659e-01 5.513602635112699879e-01 6.126801416641535214e-01
5.360939898635049827e-01 4.561352922852342506e-01 5.326185605640889609e-01
6.296614312190851326e-01 6.985633155094693736e-01 6.432748751828570866e-01
4.230253436282509494e-01 3.675010179043128877e-01 4.352983222577999078e-01
6.532084208000965564e-01 6.763964293699074037e-01 6.652435017531915795e-01
7.432323041758277515e-01 7.434493496088262487e-01 7.721839707804594166e-01
4.784590296085685646e-01 4.903493236383565379e-01 4.836352100475660443e-01
4.947755015912073118e-01 5.026321911297710887e-01 4.902111320840799036e-01
4.685685912758021932e-01 4.061423966635600014e-01 4.553844076184687117e-01
4.998218924174547828e-01 4.922553208375596290e-01 5.450902154474317474e-01
6.027321982353750496e-01 6.124488761617811194e-01 5.704824299417278199e-01
4.546696305527390125e-01 4.597458449452150320e-01 4.350643198685456015e-01
5.431740435672498535e-01 5.457375657290737259e-01 5.774772778493897363e-01
4.458067831568756634e-01 3.738180871324459642e-01 4.216595615410574371e-01
6.407139011968376874e-01 7.203600727674653870e-01 6.527501346242030600e-01
6.262217036875080689e-01 6.246765177592146223e-01 5.378650050224254020e-01
7.789644048265254028e-01 8.257224161715344124e-01 7.602463623916954072e-01
5.315623232575404922e-01 5.500994859457928321e-01 5.709043897559419323e-01
6.531264813777826195e-01 6.370643775190696356e-01 6.766254948584233819e-01
6.286949553091577547e-01 6.569679750313518474e-01 6.631071913700357090e-01
5.635656119767157302e-01 5.952253183018229032e-01 6.014314492258798772e-01
4.058699351885839413e-01 4.494335229115266062e-01 4.686690857497177176e-01
5.517286599215570631e-01 5.565106631096672363e-01 5.844772117513586940e-01
5.671848330287260209e-01 5.326679687234646687e-01 5.405124373267371496e-01
5.248432536623517386e-01 5.120332412410789624e-01 5.886093951056363682e-01
6.401186828229626924e-01 6.212484547271416302e-01 6.689535318860340141e-01
5.086445308717856273e-01 4.672889132984531235e-01 4.536891776814658273e-01
5.935802514088208692e-01 5.737884944227068518e-01 5.671472894887312766e-01
4.666254566307397877e-01 4.398805936959508944e-01 4.137818672547066701e-01
7.645748581745469563e-01 7.625222975216008336e-01 7.221215181768357860e-01
8.097223045724761814e-01 8.385184334899782321e-01 8.289276486617274120e-01
6.715329773365741328e-01 6.624753473497563272e-01 6.548027490104226800e-01
6.940810446822343049e-01 6.799135391453191568e-01 6.862803746327692522e-01
6.320770921769842676e-01 6.101898372357992262e-01 5.832665021588707699e-01
5.226391188626662299e-01 5.617877581352828109e-01 5.389876911814411864e-01
5.926551801471875436e-01 5.270595938543609638e-01 5.549564924045272685e-01
7.799011930041773732e-01 7.242211293700230312e-01 7.264662270418429380e-01
8.255290983682185280e-01 7.488005964874834275e-01 7.929282583628376457e-01
5.777183122818534411e-01 5.848781535130979092e-01 5.366358106031402508e-01
6.530606498244512226e-01 6.462136358509468215e-01 6.051010853728541194e-01
7.517205194730736117e-01 7.973861533025072834e-01 7.624485950843037374e-01
6.763429382885461916e-01 6.365203729415394029e-01 6.316289519762159355e-01
4.739061248773095980e-01 5.066281003537910221e-01 5.621772318643881716e-01
4.493077856797936809e-01 4.315314669046612095e-01 4.247014732995729180e-01
5.662731596194077177e-01 5.616530671336632530e-01 5.821618792883569427e-01
7.795272007129012692e-01 7.597518314659169603e-01 7.348164859357240175e-01
6.690980988420166531e-01 7.102230198468829636e-01 7.012393133672485401e-01
5.650595872365318240e-01 5.502647736952571700e-01 5.983843105424025977e-01
6.290460238704383977e-01 6.345852982774080608e-01 6.679613561996551319e-01
6.172039830656746995e-01 6.425442063188381292e-01 5.783718260530531508e-01
6.797509484396264678e-01 6.504542345846437978e-01 6.732734712696318846e-01
4.916295819559955982e-01 5.402332293316874923e-01 4.705297148809515217e-01
7.206049525222882890e-01 6.334835978315283000e-01 6.396121422675431489e-01
5.546232289218733236e-01 5.297844226204568852e-01 5.672432295808489400e-01
2.789241599371789504e-01 3.410176421719726680e-01 3.776716532466679044e-01
7.556622455719026465e-01 8.094712281181483116e-01 7.469698582506913986e-01
5.951202291133684819e-01 6.393719073124233265e-01 5.896480131023073001e-01
5.351329859723424898e-01 5.288956496405797791e-01 4.709225045921311414e-01
4.629211197127520161e-01 4.453595716002227145e-01 4.005714960936027080e-01
5.563915965668649877e-01 5.332644846773181291e-01 5.258691708177022361e-01
6.338227409215958508e-01 7.423511954107494537e-01 6.414968238818318236e-01
6.787938190832318863e-01 6.655875253541997383e-01 6.448442078062014415e-01
8.321273153456113514e-01 7.813116498354353290e-01 7.892360290630784370e-01
7.396771275973665905e-01 6.498958066385743804e-01 6.448266754745906049e-01
6.305933537605730166e-01 6.330178352656149476e-01 6.875160349745206290e-01
5.759639017035245168e-01 5.972401190000290461e-01 5.746283642987635165e-01
5.255833277545627347e-01 5.619741525408016303e-01 5.053500719847604516e-01
5.348433644307947210e-01 5.296508331768735589e-01 5.024991442857074109e-01
8.495736398174335013e-01 8.713305811143662316e-01 8.721196342004069457e-01
8.015629499899402655e-01 7.598314751773251885e-01 7.447424207961270692e-01
6.451476317062916355e-01 6.035661758260743026e-01 6.329061808915804610e-01
7.179561429295546748e-01 7.728147527211198797e-01 7.163166372889939737e-01
5.661208709513099180e-01 5.436209045375969273e-01 5.676896722546875829e-01
5.835914438503498891e-01 5.670790065966623272e-01 6.058984920498468041e-01
3.998447860256014730e-01 4.283150188956306725e-01 4.774045885177370385e-01
6.274922219502663268e-01 5.948860716142256866e-01 6.101979099742835810e-01
5.146620611664132205e-01 5.004487454738062446e-01 5.409845642535516808e-01
7.044794301333551223e-01 6.480024504976911182e-01 6.460349375401659433e-01
5.127668559329469078e-01 5.319462797973414370e-01 5.659055397157016776e-01
7.128385823869888283e-01 7.217234989142449209e-01 6.734181465654006660e-01
5.931381631665574306e-01 5.854241047201359516e-01 6.440650368710877371e-01
4.772073540734219632e-01 5.333898720290736195e-01 4.628482819357150335e-01
6.988025520950539304e-01 6.961278275693764117e-01 6.973053946285225901e-01
3.828600511078598667e-01 4.407148823743903265e-01 3.961483459585621314e-01
5.273467782421241701e-01 4.987467021525837652e-01 4.407512200267050817e-01
7.292683321579264133e-01 7.336030375775517420e-01 7.075571796040823758e-01
5.353908067036000640e-01 5.199338086180186336e-01 5.654591119343462813e-01
7.630579215705405316e-01 6.708329166233126806e-01 7.812931965109237709e-01
6.155601365961025362e-01 5.621618518654462049e-01 5.849986478671345136e-01
5.983957910876828157e-01 6.032643096230758673e-01 6.224209994855991468e-01
5.490091286912986979e-01 5.213372293415582392e-01 4.824801441493608012e-01
4.650217599947363833e-01 5.012858573855185629e-01 4.507156653565371762e-01
4.562104338332571007e-01 5.012560746923274690e-01 4.831193457798371171e-01
5.600883199321280426e-01 5.416280421934762668e-01 5.676370323730949297e-01
5.280181809305469764e-01 4.997380322078470161e-01 5.191800351411499648e-01
4.519709159143658894e-01 5.291214831267480045e-01 5.068453085363271438e-01
6.599750729054949527e-01 6.942572716560916346e-01 7.079985497241407799e-01
7.390741857063612974e-01 7.984190771463298697e-01 7.772568017267658114e-01
7.020840451398340232e-01 7.212491718370585003e-01 7.166784866331338266e-01
4.844591242339785220e-01 4.235556557779616149e-01 4.556397486403827579e-01
6.663432694952311497e-01 6.339688716567914994e-01 6.253906924843956050e-01
5.534897498327209231e-01 5.299974721411976342e-01 5.517724790489334508e-01
5.049960452171956549e-01 5.012557489799527310e-01 4.557866388057961182e-01
5.146177744856664793e-01 5.557430538751421123e-01 5.523952030207015529e-01
4.926191295580271134e-01 4.834947412679800327e-01 5.324641264910646710e-01
7.442881426474085016e-01 7.473823400803970562e-01 7.930123559071994288e-01
5.375956964891942524e-01 5.344805356537090102e-01 5.943380884068070191e-01
2.636857216279327454e-01 2.591870801998797935e-01 2.816570893165507017e-01
7.825163709410347668e-01 8.148335537650450711e-01 8.070553496786498915e-01
6.766839850667273337e-01 6.704438681488876783e-01 6.559371787940961873e-01
6.611104857817010627e-01 6.792675061164022976e-01 6.363854472494790970e-01
5.683114955526832324e-01 5.987257855393076644e-01 5.249294349395314807e-01
5.108827509951984203e-01 5.493644069356842241e-01 5.777278101431001511e-01
4.554898534165095492e-01 4.297849758970690437e-01 4.191500892829552738e-01
4.926763192552245929e-01 5.262991486338642888e-01 4.665849835240087340e-01
6.972991201466731681e-01 7.667996477619825058e-01 6.970801409976812302e-01
3.796045306769419980e-01 3.573294030788475295e-01 3.249112486937593136e-01
4.415844856312567401e-01 4.756960291534316210e-01 4.769572868083043482e-01
6.863023589092249743e-01 7.298672515612385503e-01 7.032837319450611080e-01
7.179637100494631330e-01 6.990675585657680768e-01 7.234218916566401703e-01
5.522232290070434590e-01 5.885981500734933647e-01 5.833760330035577812e-01
6.733003377894911656e-01 6.465137245374545927e-01 6.204186183328860293e-01
5.176865494272070434e-01 5.222628538072114912e-01 5.524226493609122324e-01
7.245511278111463893e-01 7.557480381911551026e-01 7.044744525493977783e-01
4.308505233458447270e-01 4.415462583739168667e-01 4.163385611728522284e-01
4.934637645446680043e-01 5.161570078269698270e-01 4.785587980491325943e-01
5.553254466238387588e-01 4.943142496452231915e-01 4.973734485521699722e-01
8.281347910752190344e-01 8.077725871403148572e-01 8.035042372306467895e-01
3.711318162858278646e-01 3.204804289592108058e-01 3.118202697576861193e-01
7.741612631923208143e-01 7.872106232324241892e-01 7.687820381910116518e-01
5.362377298892319066e-01 4.804060595995127692e-01 5.192719907143630298e-01
6.366288904252921377e-01 6.420716294122658097e-01 5.862430298928305028e-01
