2.646621879143370992e-01 3.115187375854897023e-01
6.605878503492802478e-01 6.179250487821260629e-01
5.582055452724763445e-01 5.543544385895990967e-01
8.805410242379890784e-01 7.779844451736720456e-01
7.873715145966255768e-01 7.728515650668050796e-01
6.013424689784447885e-01 5.811147813611727830e-01
5.390679025560523030e-01 5.982201414371106640e-01
5.686252880599189652e-01 5.100236088169682880e-01
5.570754758247487004e-01 5.009424904778019272e-01
8.246722656552452069e-01 7.697901342551289883e-01
7.156041036600290228e-01 7.491053308540526201e-01
7.922083251446395691e-01 7.484960074549470432e-01
4.231823802824312142e-01 4.797812559588639503e-01
4.008752203996099328e-01 3.748667888123568548e-01
4.995318563677344503e-01 5.350624980933649244e-01
3.894245328071517243e-01 4.149725627276160678e-01
7.247012349215289362e-01 7.065561681743699474e-01
6.267709186149614808e-01 6.809329641430368341e-01
5.410892816429551111e-01 5.376922803322998767e-01
6.021091938825587908e-01 5.991524005832286059e-01
3.436029584429082795e-01 3.160824700956314515e-01
5.162197321022545804e-01 5.230753859388708182e-01
7.171019317407999472e-01 7.125456974662879306e-01
6.864811748837904570e-01 7.507112390070500574e-01
4.664704415301158535e-01 5.090671087436662301e-01
7.813225667667571539e-01 7.758439860706833890e-01
5.876394703127009178e-01 5.677038827345602945e-01
6.873082106501104960e-01 6.030279655887864632e-01
2.068336419119843339e-01 2.130573910285926686e-01
3.318500322017575166e-01 4.047796801134225242e-01
5.498287911104027259e-01 5.134656070906316039e-01
7.078045933871220941e-01 6.371647713810614233e-01
3.585083139916940276e-01 3.626416546563487886e-01
7.911314859329429128e-01 8.446390787236476294e-01
7.216989545379132176e-01 6.627225222292215667e-01
7.755313287101388564e-01 6.962412933469546150e-01
9.143531199960927003e-01 9.389732670649465485e-01
4.548579474650761845e-01 4.949317693023432274e-01
7.331513169137834351e-01 7.648135757967758908e-01
6.717963199420905474e-01 7.270215376095529036e-01
2.797882572748272567e-01 3.174304637121783124e-01
7.828096651520060067e-01 7.457499793968112023e-01
7.417650303104660336e-01 6.794136601558721233e-01
6.243266608371128568e-01 6.717138894265232141e-01
4.132648279936321778e-01 4.673270027838906104e-01
4.726544219548853287e-01 4.944766147960511504e-01
5.882882133950629866e-01 6.478895343314435840e-01
3.477353349179133080e-01 4.570048260171734045e-01
4.015878626490537728e-01 4.436113116728750416e-01
4.982612498373127918e-01 5.154216607642260195e-01
4.754545994399429487e-01 4.044895942782168463e-01
6.106999676018760592e-01 5.758888883281028104e-01
5.017236525585866413e-01 6.194784735531977393e-01
4.621843521119420872e-01 5.487567036341515214e-01
5.837791430904588630e-01 5.226657450971261554e-01
6.135509656740859574e-01 6.432138455557786516e-01
5.812903644317922724e-01 5.174152282622922483e-01
5.904587267218741609e-01 5.791526990386077767e-01
6.131839820329738622e-01 6.881342302360355934e-01
4.428096273460798704e-01 5.120734426172630638e-01
8.100482916407553136e-01 8.105878119609478683e-01
5.245333904444311468e-01 4.580822327337317201e-01
5.137428050317937034e-01 5.331623193575304454e-01
1.019920847109646367e+00 9.265814806495017431e-01
5.806255731867542291e-01 5.735776203933531381e-01
4.715953949048423133e-01 4.748865107858320500e-01
5.161796466447110543e-01 5.418394927634495595e-01
7.228133775507886716e-01 7.090979635870747755e-01
5.946560360250382482e-01 5.525275146573415119e-01
6.689326848548765581e-01 6.230296102562010718e-01
6.275452583413737573e-01 5.431215949990088054e-01
5.346425730778331387e-01 5.353367364739881618e-01
7.830476766958478496e-01 6.797744555431179947e-01
6.143382128403378495e-01 6.567059655815383756e-01
7.733338553574460317e-01 7.672643071285754068e-01
7.305676049007904238e-01 6.195150489042900999e-01
6.302602932918588419e-01 6.412957983000979745e-01
7.963418500401931999e-01 8.166429832969003266e-01
6.298772097361537980e-01 5.012696422932336748e-01
5.842534032926658405e-01 5.757413360057059837e-01
5.680652343972635299e-01 4.354861125393137966e-01
6.310521796164160202e-01 6.338794475894643510e-01
3.763764837917832895e-01 3.601014713535534706e-01
5.943721155707671899e-01 5.777119303173464671e-01
6.686451314674719537e-01 8.083657991554917821e-01
4.285757069277839060e-01 3.594262744125173992e-01
6.139468836878155811e-01 6.080590995084959038e-01
7.086864263702778999e-01 7.325150322733797736e-01
7.712933952474064769e-01 6.394849338657585536e-01
4.004264744814625687e-01 3.812748145990454973e-01
5.278279807445908078e-01 5.031939557122550033e-01
9.451014143981141258e-01 8.794083401372095876e-01
7.285502477006543520e-01 7.451723413688823294e-01
6.863695892051667746e-01 5.920945655352164438e-01
6.952854697805751494e-01 6.816005113490192224e-01
4.871335358161698048e-01 5.461559930319129785e-01
8.597430486703537822e-01 9.040191526277924217e-01
8.167818956831077726e-01 7.828600173487730851e-01
4.427873056147383912e-01 3.946219765087481401e-01
4.622884400645884684e-01 4.321614400173385828e-01
5.862426251949041101e-01 5.527201748382840618e-01
5.464969818770446519e-01 5.228299222113990119e-01
3.032407710203700035e-01 3.701767916774580391e-01
5.095409495381063580e-01 6.180788845710097901e-01
7.710205224594455231e-01 6.931070556856964160e-01
5.778463241868423417e-01 5.153694045527437151e-01
7.899379041687522029e-01 8.546601477229240906e-01
6.354957327894508179e-01 6.891873486733302023e-01
5.568415685325677211e-01 5.730144614571878181e-01
8.033421718216112728e-01 7.804870819053638664e-01
6.309201924316711896e-01 5.528625188725069250e-01
7.615491223549496480e-01 6.608627274174619926e-01
9.257752942752762726e-01 8.492730247896350670e-01
6.092408393713750758e-01 6.343918349244568322e-01
6.228970254891680325e-01 6.361859525247058889e-01
7.599670044819991643e-01 7.108667200314179313e-01
9.101869558375718094e-01 8.405124630944714736e-01
5.014194896915609156e-01 4.860467901025617987e-01
6.630714248363192009e-01 6.456167376840191707e-01
5.873523947501022580e-01 5.838470376732738387e-01
7.339199824894682145e-01 7.808505550700273190e-01
6.707201129184593436e-01 6.391244048272214373e-01
4.058929361704041727e-01 4.475612269418230427e-01
7.090046510668837065e-01 7.041172723969304492e-01
9.379051889701244260e-01 9.430416552068041636e-01
3.482609832245991965e-01 3.194937577355376757e-01
5.612338798174094645e-01 5.504982954970512044e-01
6.634800616227914949e-01 5.694344111157182420e-01
4.490348728547219892e-01 4.844234645869649469e-01
5.334987393137238243e-01 6.126328477618492307e-01
3.984267515828282535e-01 4.668869483277455767e-01
6.127935739372962765e-01 6.203220940761806634e-01
4.655748692027105728e-01 4.409463379731928812e-01
8.374620509868779816e-01 8.107663200353820709e-01
6.477176585493169547e-01 6.949685251463799673e-01
7.431554579984797071e-01 7.488366493427706105e-01
7.206242055255412948e-01 6.847822509364941412e-01
7.729509618160664841e-01 7.845876399246295430e-01
7.549196583235029401e-01 6.905547254057973205e-01
7.149748496494185979e-01 7.154082023906211951e-01
9.157533195333795728e-01 9.753159474206312129e-01
4.057741499144247310e-01 4.726889571233632292e-01
6.490863307535283955e-01 6.913892834366204276e-01
5.912433145463419359e-01 5.595915966454284574e-01
4.450937840167490389e-01 5.007672985703293111e-01
7.065574741190377983e-01 7.401309449779910343e-01
4.929161945929316224e-01 5.024551419755086679e-01
4.873859314052866321e-01 5.322016407356309209e-01
2.464102354163928699e-01 2.758601942434562027e-01
7.661911161044090424e-01 6.577838447653758802e-01
7.590361930959637071e-01 7.468961140964676115e-01
6.249606122084513382e-01 6.468622163303078265e-01
8.603169246168267392e-01 8.407503458805889451e-01
6.760404888594437889e-01 6.176878834624910386e-01
4.355863819566282436e-01 5.267942764994371085e-01
4.106742735631301877e-01 3.792670787917164499e-01
7.725659255490673338e-01 7.066622801196484893e-01
7.530419237369954111e-01 7.641798905654977325e-01
4.852295532377742804e-01 4.902953298046247577e-01
5.409384514787126674e-01 6.027654970164392223e-01
8.284847748022878822e-01 7.584755567150689437e-01
4.691299555485065054e-01 4.862708207783169034e-01
7.856765829325059736e-01 7.284060258199892557e-01
7.068839884248864225e-01 7.390243557497625515e-01
6.057592267293506749e-01 5.090621497153900998e-01
6.939373581050272133e-01 7.296529308110912826e-01
5.143811594567478940e-01 4.570456368597725083e-01
5.493471698073303378e-01 5.762403161758365977e-01
3.597748926906042533e-01 3.714448640987911832e-01
6.484013703700124420e-01 6.235093120397223743e-01
6.506623636164244884e-01 6.300611927872193929e-01
6.627550643619187776e-01 6.010119639865553198e-01
5.308199529630746039e-01 4.703967398512521325e-01
7.227496741556459492e-01 6.668384906336092266e-01
6.679799775346502155e-01 6.022195576648758930e-01
7.758395639387508647e-01 6.938391208197601800e-01
3.847592902334907028e-01 3.691121880205867067e-01
3.195194553829610040e-01 3.405976579835248153e-01
7.428710209742356296e-01 7.370889406770674279e-01
5.946152533622623970e-01 4.981227713129365298e-01
3.188730941261505025e-01 3.077129293275639998e-01
4.763700257017655093e-01 5.366905364339442652e-01
5.030467273130828643e-01 5.116511401337288101e-01
5.113645915300876199e-01 5.409960556700493806e-01
6.291958821494226806e-01 6.170006426380810760e-01
2.907928072658637619e-01 3.162461590423208957e-01
5.649180806146524292e-01 5.287969260085209067e-01
7.748171257997579220e-01 7.426137887699905127e-01
7.871289290378384873e-01 7.114823833420875765e-01
5.568169113866136000e-01 6.102992284593721228e-01
5.480167447744210829e-01 5.122234825816809334e-01
6.191591892504280104e-01 5.957410475526629945e-01
4.754725448633880247e-01 5.678013536913580905e-01
7.444334137004491314e-01 7.313935789589172121e-01
6.733330678761250132e-01 5.884394471957253847e-01
5.930124380603946088e-01 6.363016224259095965e-01
5.881202318318814459e-01 6.073233484767370793e-01
7.077706839191000299e-01 7.220275781137404092e-01
7.187815997823475689e-01 6.990598065010330542e-01
4.880672951089946032e-01 5.098726430485570615e-01
6.345246089472201811e-01 5.590558149718057868e-01
5.948166121598994494e-01 6.292197298254711413e-01
6.492905402385183988e-01 7.074909200943245713e-01
4.396578544685013079e-01 4.883114949327284626e-01
7.682968618453513976e-01 7.587487332913900318e-01
3.261463694184500994e-01 2.811682624704748834e-01
6.577789061418423122e-01 6.664260452472007268e-01
4.785465054841688826e-01 4.131303818002667327e-01
6.176340331853577004e-01 6.718453008120907066e-01
7.447634759875468857e-01 7.611822741837538375e-01
5.211719561857708349e-01 5.506556528326878031e-01
5.207952153141094387e-01 4.766272204542317814e-01
6.135985919426191204e-01 5.709247222405179345e-01
5.905073665850025799e-01 5.395847126092582213e-01
6.641865451784347840e-01 6.459217040550448985e-01
6.223048190611324415e-01 5.669681652037494857e-01
6.670899366505446126e-01 7.555967399935811235e-01
8.480045477145649047e-01 8.399819416645745163e-01
6.683831476460494470e-01 7.394265932724833901e-01
9.966512228761754688e-01 8.961964106233855087e-01
5.650349803490546385e-01 5.065566710583644383e-01
6.430089182242944013e-01 6.266331141293448592e-01
4.267733943199730207e-01 5.389316863600213114e-01
5.868612127950825208e-01 4.717339611417549761e-01
5.401208565354347346e-01 6.228786853297936243e-01
4.936589476280295319e-01 5.554990408315367834e-01
6.633868666353679444e-01 6.812880699240060345e-01
5.576684265221185655e-01 5.183640557919180214e-01
6.741211147883657828e-01 7.523946549125922756e-01
4.520733347147192771e-01 5.847687904906250234e-01
6.991988888426738935e-01 6.037217005285693272e-01
5.268001596703048017e-01 4.592491456877634270e-01
4.598664117821462116e-01 4.999238195017745023e-01
5.969554010959343682e-01 6.587102304179721646e-01
4.423391599095502502e-01 3.798842494863431951e-01
5.817469298572961467e-01 4.905234116454229021e-01
6.673801658394394876e-01 6.554509721066720251e-01
3.801765763195237291e-01 3.116046968664536454e-01
5.192325737040993650e-01 5.284624162264545122e-01
8.291985343961213450e-01 7.753360556416767357e-01
7.193124358412494868e-01 7.053373023773281680e-01
5.807683977213549120e-01 6.838970731856166552e-01
5.891431762434536923e-01 5.492991031240187505e-01
5.438388795454119906e-01 5.179909031423260979e-01
7.593677094950698203e-01 7.287121432197504189e-01
6.431648743617998099e-01 6.795782965600086767e-01
6.529695488027627004e-01 6.104473262727829752e-01
6.073339043654707448e-01 6.415255330358499153e-01
4.694612512655030323e-01 5.114620542985994778e-01
4.235375393854301507e-01 4.085936484108801947e-01
7.889633602341769025e-01 6.938850696949213637e-01
7.509650756417306505e-01 7.683334325334602033e-01
8.566142129866254340e-01 7.802136130911865308e-01
4.930137887046928680e-01 4.662683617297165850e-01
4.746275808002553553e-01 5.267183410499272078e-01
6.483379336226499090e-01 5.995238572845081881e-01
3.684088999001988718e-01 3.033094970344392127e-01
5.686811771823665485e-01 5.103853059350693666e-01
5.531188799698421033e-01 5.597879101945346658e-01
6.419338662199174372e-01 6.889964321527084490e-01
5.268742518145751452e-01 4.089092680681527536e-01
6.059349197085646122e-01 5.767353222992599449e-01
6.589121121936911685e-01 5.948412870891037763e-01
7.027436316035596819e-01 7.509332482099068118e-01
4.638874343284521418e-01 4.664311183509062264e-01
6.845665254735637806e-01 6.555941531259286137e-01
5.912813714211671012e-01 5.783200277837687864e-01
6.802529039548698142e-01 7.335067540301666300e-01
9.637360208056704458e-01 9.295310358682036256e-01
6.273413816958649525e-01 5.566886210968323700e-01
7.445461782482197810e-01 6.989182341216549910e-01
5.360618135464382261e-01 6.128805993649476536e-01
5.587138714193111699e-01 5.783861503981455598e-01
8.096138991916088656e-01 7.946226618330338720e-01
5.848950858303622047e-01 6.901638655311735926e-01
6.237576730498272104e-01 6.792531044969486453e-01
8.064208057334826263e-01 8.430527908234829448e-01
6.179421234964771470e-01 5.815459361727600696e-01
6.648440464082884249e-01 6.996881595157867784e-01
5.681374713542046706e-01 5.849646344745642601e-01
7.934741372319301655e-01 7.124652002522028349e-01
5.108230315436198543e-01 5.589123581304348276e-01
4.902016716339159808e-01 5.362307497133405043e-01
6.307962625319805117e-01 5.434148275670005468e-01
4.265725103685843456e-01 4.480564848376336062e-01
5.667233014252208712e-01 6.024583729321659753e-01
4.131995870289465467e-01 4.476214387216886914e-01
6.670050438894560285e-01 6.095784815522088396e-01
6.899922578105712745e-01 6.741266026894350283e-01
7.612262449553148791e-01 6.466420502424212735e-01
5.766227848625401498e-01 5.285835414765164275e-01
6.670454138922171650e-01 6.278253802929111282e-01
7.014761992583471439e-01 6.306357390556749376e-01
6.328827962982833677e-01 5.448546660628851290e-01
4.592899023741717768e-01 4.616681928298700388e-01
6.176523547864659625e-01 6.254749394398310125e-01
5.079064512634604567e-01 4.998935300998793019e-01
6.611044380212968141e-01 7.293917374207995463e-01
5.413011744655951141e-01 5.521684340141279623e-01
7.142834753601982056e-01 7.149145548269456585e-01
4.814817112948163169e-01 5.015441656095009915e-01
3.784048408287539744e-01 4.299487852160028267e-01
3.262177425947802023e-01 3.854935251117046491e-01
7.188084808490207145e-01 7.801767623206474767e-01
5.236572558615770756e-01 5.952361869130207150e-01
6.724373744565788069e-01 7.378976867157507336e-01
8.001122894333301261e-01 7.071485734662525946e-01
5.383375171671702653e-01 5.020038308296641549e-01
6.605890995185258463e-01 7.257093813272251781e-01
2.546615653781032496e-01 2.680236915600172631e-01
8.082791933747549562e-01 7.981559054849788337e-01
7.953338740729338774e-01 6.791337721229084856e-01
5.366182302992303921e-01 5.935933331954754699e-01
6.844089518582460174e-01 6.604457229378121186e-01
5.223929336299614201e-01 5.166511029494785801e-01
4.412548466893410071e-01 3.627251753632493303e-01
7.496397329149222521e-01 7.408279267841788585e-01
3.813268348989896639e-01 4.244391413782336864e-01
6.835138233659878715e-01 6.633988840429383416e-01
7.070651606022775315e-01 6.386758159762129239e-01
8.496437850933510338e-01 8.423191250612741543e-01
7.061673445588617648e-01 6.861425228861951497e-01
5.386858957652006508e-01 6.714766116149345487e-01
5.148321666729934742e-01 5.963036304915535490e-01
5.868322547203159711e-01 6.060849705951121269e-01
5.727328868170241671e-01 5.408255153604625276e-01
7.978650732185229577e-01 7.764797872451859595e-01
5.599556674978380943e-01 7.277319673870648042e-01
5.871644197421559408e-01 6.028244062214029864e-01
7.164167627103401603e-01 7.447361017548483897e-01
4.694595086895470559e-01 4.211318103672657132e-01
4.393593186456138389e-01 4.633887871233932643e-01
5.737953511326751022e-01 5.507677882617748599e-01
5.409676732125163756e-01 5.307055063409948925e-01
7.794060217646091582e-01 7.970480450005273942e-01
6.413295408966087630e-01 6.884770820158484517e-01
5.708522349528247775e-01 6.460903127016798253e-01
4.574055672292887120e-01 4.560191775101107847e-01
5.153807288270161324e-01 4.997301536174135195e-01
6.545400915404340214e-01 7.038050482430995292e-01
4.666042030633256177e-01 4.473770778575110185e-01
6.036792729953432968e-01 6.450603814174995509e-01
6.909641146617462315e-01 6.714403703795359668e-01
4.290878923114664900e-01 3.605564193209317425e-01
4.640888557044729468e-01 4.436920611186823682e-01
6.788952282191544896e-01 6.599355496910810359e-01
6.790530750060344012e-01 7.353168722500216248e-01
7.972922244068930686e-01 7.783065109816921234e-01
6.739058135376154723e-01 7.963062957381585871e-01
6.011124092335418112e-01 6.357748339649051950e-01
5.037259912459663980e-01 5.300433211390624955e-01
4.083288917405265561e-01 4.032380145511469394e-01
7.985178780526864806e-01 8.157931282572448151e-01
5.345737140815731703e-01 5.077071187647201889e-01
7.240898051135278291e-01 7.062639251220355074e-01
6.222092813940940381e-01 6.278064821404181206e-01
5.806816621153947366e-01 6.322888437299287734e-01
4.585782037927607080e-01 4.487931979539752092e-01
6.318791969427434152e-01 6.541052028742991853e-01
4.708887926115928879e-01 5.491648165543375759e-01
6.108158981130649146e-01 5.540860374661362719e-01
6.512921772408845067e-01 6.317165316138267928e-01
8.934721174471021987e-01 8.533369816080572656e-01
1.021314244731247767e+00 1.022278002475550673e+00
2.878047655403234151e-01 2.971369068213618458e-01
8.753744620819943201e-01 8.634748483212344450e-01
6.980678978024544845e-01 6.710351839068583457e-01
7.713785262190735459e-01 7.681202511529852117e-01
5.111116971560287769e-01 4.668146938235468446e-01
5.658141872889764779e-01 5.012806059033499961e-01
5.623073854087842216e-01 5.775429128733032824e-01
5.256874080460738341e-01 6.058077343687158223e-01
4.135741697451416066e-01 4.908818683024795959e-01
8.877156327914044187e-01 7.837081335462894316e-01
7.494297310368301934e-01 7.723676489043865834e-01
4.194913189815370202e-01 4.064489425845940751e-01
7.146057114163789636e-01 7.560567920814896814e-01
7.376268064750015618e-01 7.198512679999009567e-01
8.451901193673151402e-01 8.462342496348317367e-01
8.738811102601223846e-01 7.729066765607223166e-01
8.171821857144072609e-01 6.850074680094162538e-01
4.716947500088484180e-01 6.354217086630444822e-01
6.202115935488969889e-01 5.836634592646621211e-01
5.602192370904517382e-01 4.649103766796189308e-01
6.787765771888398803e-01 6.865695156171147673e-01
7.480415445236694438e-01 8.404596964172958984e-01
7.506619134427763296e-01 7.596031906269569145e-01
7.887271156704447339e-01 7.825212495992341921e-01
5.053037094027521547e-01 5.527730635566898698e-01
7.301553794201746106e-01 7.953589339621914833e-01
6.348674213879227368e-01 6.431823817287430911e-01
5.169293623750867983e-01 6.019748621908596053e-01
6.258300470666769977e-01 6.761276287628389392e-01
5.885591323089818250e-01 6.117790956976418837e-01
5.092773385107596251e-01 5.245522693336410747e-01
4.294820954642074584e-01 4.469396267977638892e-01
6.387030730189574568e-01 7.221152021202242866e-01
7.056301970210785424e-01 7.473564080012549127e-01
6.213789936872842201e-01 6.362830566187718251e-01
6.048873450079317315e-01 5.955197250920378771e-01
8.746057763748651404e-01 8.351991432233560886e-01
6.688732915351198738e-01 6.122714967991105262e-01
5.436513007225808325e-01 5.663538463883183161e-01
5.389149089299581918e-01 5.625733912810896298e-01
5.654581189586019851e-01 6.576546822529566461e-01
5.051636847567672062e-01 5.121597516738297662e-01
5.995130889675283070e-01 5.933776768621153996e-01
4.464621878891972817e-01 3.577626341778454289e-01
5.701652959390615116e-01 6.164242243285771305e-01
7.278058325451794985e-01 7.257517875032677424e-01
5.205402593122226973e-01 4.119695295515299338e-01
6.773225796284866318e-01 6.349829156412288844e-01
9.631079027941691351e-01 8.895807096195653685e-01
3.839012813659990475e-01 3.974170040519194314e-01
4.783142311594305029e-01 4.327332336556786174e-01
5.717311228753131358e-01 5.213371166059360684e-01
6.239857639073310702e-01 5.666477075278922859e-01
7.105376394898618164e-01 7.336686228791232667e-01
4.994517978501816224e-01 4.159866989669674386e-01
7.777289624136198842e-01 8.595340451048132380e-01
2.834750464615157783e-01 3.133451511179370375e-01
8.042778422102100366e-01 8.437478412347757528e-01
7.150053473097471857e-01 6.710583055737234792e-01
5.724426952460864859e-01 5.826693641822583425e-01
6.778031068769815315e-01 6.529184903634169812e-01
7.410094056392237949e-01 6.523494090233372678e-01
6.336843318499457700e-01 6.199173340091238549e-01
6.681781026204740570e-01 7.041033868632602388e-01
7.106318269381304287e-01 7.720556527796793578e-01
8.595170819707814713e-01 8.835002585519430296e-01
5.260856581342870930e-01 4.788564481821372398e-01
6.077708771750823802e-01 6.023216013997211293e-01
7.065900646869434087e-01 6.627645615853885452e-01
5.814662512580215381e-01 5.226848505731118699e-01
9.425786102017206236e-01 1.021606145906629237e+00
4.511668939556676694e-01 5.641679971721995646e-01
4.360762732243440576e-01 4.648352027788604790e-01
9.526539626871247668e-01 9.265947830307711408e-01
5.266505421427105649e-01 4.879502484871778289e-01
6.471485360707536216e-01 6.777378452219164906e-01
6.379348673932577762e-01 7.093522847907852702e-01
5.723407987518281947e-01 6.607857397570348068e-01
4.495958712501517685e-01 4.920414573369360500e-01
5.955038942569735871e-01 6.577926542627964279e-01
3.866161048524661692e-01 3.772041942907607415e-01
6.347777884483071231e-01 5.897746446997856884e-01
5.676390825235713145e-01 5.714451811610841148e-01
7.202665226031135237e-01 6.841983831631974766e-01
5.211797675399375551e-01 5.449686848539144757e-01
7.173642912127233817e-01 7.404065654623634973e-01
6.820224142138636703e-01 6.262925962117223966e-01
6.896822543940893668e-01 7.473536676750235364e-01
5.588911215042208225e-01 5.710048203505190267e-01
5.378723406505543370e-01 6.241591498892991030e-01
7.662877498300842971e-01 8.041874957744946650e-01
4.888273768939662700e-01 5.316935968285042557e-01
4.652137775883825044e-01 5.486768960501224868e-01
4.821949501093472090e-01 3.963275283543725713e-01
4.853349499580251747e-01 5.590158441741094331e-01
5.957905206413049992e-01 6.068705561119367431e-01
7.447381965254319391e-01 7.853480547366950004e-01
6.624956184922967672e-01 7.541328465250951574e-01
6.046131278444892843e-01 5.908793985052327447e-01
5.479578438434793419e-01 6.143749988933850936e-01
7.419730596964492220e-01 7.621539362906811776e-01
5.063337508521692509e-01 5.267378380711136288e-01
8.310967197965040132e-01 8.231524040549245136e-01
6.493828250828720394e-01 6.784048940550700957e-01
3.491729963778581469e-01 3.831672526326931338e-01
5.873081356884214399e-01 6.058905058554792111e-01
6.516778597189073485e-01 6.905093760461883390e-01
6.610769708274163436e-01 7.606173170430355901e-01
7.724077142240861615e-01 6.652980780440218567e-01
6.898518915249763905e-01 7.940699256132078832e-01
6.690489479418917362e-01 6.728099914077683152e-01
8.514209964411674214e-01 8.546174998011455415e-01
8.444594222421309970e-01 8.015421156851453288e-01
7.598864423805876678e-01 8.166294027197728012e-01
4.549094830647318344e-01 4.093721366960735852e-01
4.689604674137538565e-01 4.395173605335044309e-01
3.917156203363937883e-01 4.682426050194983813e-01
6.501694023747257578e-01 7.051017592484158936e-01
4.646071773790126924e-01 4.279320693317176794e-01
8.979071004661562938e-01 9.154733674226147588e-01
5.254043580619454090e-01 4.640851271846901382e-01
3.122293201321427736e-01 3.127999097588982647e-01
5.016538206646505849e-01 5.521014983915859542e-01
3.736801678068504273e-01 4.086850708703091417e-01
8.866028155630580887e-01 8.360343142015820295e-01
7.357708044697466310e-01 8.097967216944608193e-01
6.771817994086893888e-01 6.453757563286867116e-01
4.756229398902804273e-01 4.823257227629275667e-01
7.173556866678948429e-01 7.661131816900158542e-01
5.659032926205024294e-01 6.156266025030560085e-01
4.686229820896081755e-01 3.625258872831474966e-01
9.921677567501648864e-01 1.003868592349022926e+00
6.425572027427112198e-01 6.439691575899194609e-01
7.926589361486410246e-01 7.320355216118791253e-01
4.585554729404775487e-01 4.375110706628381751e-01
6.036850687950700012e-01 7.111310458452609895e-01
3.488113310927835053e-01 3.787408767593362091e-01
5.251563281276717676e-01 4.410874359255688715e-01
4.140176749333492889e-01 3.779028893060738525e-01
4.537527401011688388e-01 4.387639329964821977e-01
4.038157243708192512e-01 4.536186345054179503e-01
6.001217843388433337e-01 6.371148857455892767e-01
5.925612771854109617e-01 6.266492832035945870e-01
7.800437410411253936e-01 8.698166839672074602e-01
7.755298756990075537e-01 7.365405706736104507e-01
6.210604334473490695e-01 6.654638223646422990e-01
8.070499736645836419e-01 7.898753544301634344e-01
5.822358245363175033e-01 6.350428525309315120e-01
5.172423683608100564e-01 5.929822558380120068e-01
6.009080166936957568e-01 5.749068973794630999e-01
4.166192969218462383e-01 4.568351712601052550e-01
8.885239940120162050e-01 7.870310354360494642e-01
6.386247007072017867e-01 5.570453150178081847e-01
6.706314311079909496e-01 6.633086712109587113e-01
7.518454419783465736e-01 7.917087724760213385e-01
5.589116056351682849e-01 5.014694336268029629e-01
6.792058670353713357e-01 5.854055983684847142e-01
7.142670749041620804e-01 7.117873483779652011e-01
5.783038210753287389e-01 6.323983165953243057e-01
4.264436289417472548e-01 5.060372241972009855e-01
4.654298820753214883e-01 5.508686245409033511e-01
6.561280077878968164e-01 5.942429741783306074e-01
6.026530298668176799e-01 6.179799586148858603e-01
5.621201639877771994e-01 5.723764471015134747e-01
6.081601718596504336e-01 5.807560044961422863e-01
9.643222150306132168e-01 8.620167140377628101e-01
6.439774986208144369e-01 6.943683679046808166e-01
7.031563334247379338e-01 7.554095908080149524e-01
5.119661816455223224e-01 5.296795354622116925e-01
5.662031263349426302e-01 5.930904105377811097e-01
6.521216847086220847e-01 7.719632815671525483e-01
6.103441627226714461e-01 5.094139133232887806e-01
7.764875977532991191e-01 6.606449358456215615e-01
5.499126490713430737e-01 6.055580924139001286e-01
4.506441761213938468e-01 5.031413767733103892e-01
5.323781240229826794e-01 5.485588338731349767e-01
5.025918802257482998e-01 5.673793054466389485e-01
6.403767039929570970e-01 6.216399640485528177e-01
8.212569174533619343e-01 8.603941884940891072e-01
5.629317331140744063e-01 5.362011775840480610e-01
5.887270116762098882e-01 5.670692493772565568e-01
8.726237825729878939e-01 8.239457138257781921e-01
7.684988411155110333e-01 7.657732281809929153e-01
4.187817106482810137e-01 4.192552000671400658e-01
6.111454312731997573e-01 5.811488925851441278e-01
8.311578678008642029e-01 7.767309458659104049e-01
6.184617278936924700e-01 6.380479861094049410e-01
6.574961489979472828e-01 6.149216236676567915e-01
6.123227945626326107e-01 6.145246850341423706e-01
6.347590283299452407e-01 6.666961807330459289e-01
5.257982140644512636e-01 5.561999979544709483e-01
3.825235995497733299e-01 4.159064230058401312e-01
6.503931430785131473e-01 7.438229261975454198e-01
6.603707293061480410e-01 6.079728048760100201e-01
5.897386162634011830e-01 5.045052557623145306e-01
6.703959096279763497e-01 6.512882639329808931e-01
6.427326981969718744e-01 6.435175410678373176e-01
6.122099368520075302e-01 5.986430998007785664e-01
7.114769348657846715e-01 6.797452244642673280e-01
4.375298323713643911e-01 3.820072859729212733e-01
6.265800817548385915e-01 6.272849428345088629e-01
5.752579492180427412e-01 6.099757875261262452e-01
6.387765571962895628e-01 6.326456600045622380e-01
8.752276773206317806e-01 8.914067040774027451e-01
8.354512234413508098e-01 8.195499410862155942e-01
8.099919373593773564e-01 8.821537669156604977e-01
6.889362411613341175e-01 6.954372063618071698e-01
8.538519041481801297e-01 8.469410051988001120e-01
6.380513830667449149e-01 5.779343799200968856e-01
4.299285411132578449e-01 4.392564478244411763e-01
6.320029281948649214e-01 6.296121422903608877e-01
6.437862246243560849e-01 6.429492264556758707e-01
6.256180833379768602e-01 6.563985499479606522e-01
8.373380969448684930e-01 8.606216038969545234e-01
5.247076880618697370e-01 5.404738473810806187e-01
4.228488969128504360e-01 4.421231363718536311e-01
6.433860547941204766e-01 6.897356273340161659e-01
3.575548258696546466e-01 3.346650774883379031e-01
4.904305173670673867e-01 5.190184352136901769e-01
4.705732600005944066e-01 4.312862148310807608e-01
4.834955691861740346e-01 5.655834610930419171e-01
5.539973782411307113e-01 5.393761719951246647e-01
6.965576879495748441e-01 6.621820298169919239e-01
5.386125524933329523e-01 5.520331630363879416e-01
7.437188403810777171e-01 8.236278711834379429e-01
8.079729034050738834e-01 8.703022870207718364e-01
3.211543798272094019e-01 3.731633094594386524e-01
6.307015224540641896e-01 6.355080719214927232e-01
4.408006462428527006e-01 4.052634758272093962e-01
4.056574209000313735e-01 4.715740483969829699e-01
3.596385870312738264e-01 3.715933527674017967e-01
5.915333392081679742e-01 6.046899246834788189e-01
4.725958287218987586e-01 4.361162713231683252e-01
2.913874447270923262e-01 2.908914476342461253e-01
5.075325766935748772e-01 6.039766139373666798e-01
6.839004042035209396e-01 7.347135094111271192e-01
7.563799051341715263e-01 7.722729352528761027e-01
5.753001021938219939e-01 5.836877414750589743e-01
7.680793827282988984e-01 6.910088886586901458e-01
6.015564437543703402e-01 6.311125788234666079e-01
6.392253542916088715e-01 7.077749442960128423e-01
4.900281718514629681e-01 4.849112847943699567e-01
5.193522967790401568e-01 5.816479203752625837e-01
7.133247261434002562e-01 6.700913929744961584e-01
7.212036408683163424e-01 7.030132035659063527e-01
5.857188591120331411e-01 5.702114346295902303e-01
3.149529274659070288e-01 4.156436585029094632e-01
5.140957968651465038e-01 5.404907333227204624e-01
7.013113275075933961e-01 6.787880447213040513e-01
6.385693558077867316e-01 5.965071634731939909e-01
6.608663915535206712e-01 6.195098872479476437e-01
3.989766050993369118e-01 3.390156362350886243e-01
5.755258268042739989e-01 5.934271845941718748e-01
5.010376256963415820e-01 4.774062293714738114e-01
6.607935343054075483e-01 7.502421783787504017e-01
5.442467322940298668e-01 6.338209840884203583e-01
6.953136184851164137e-01 6.447570964907239910e-01
5.346110442660131357e-01 5.386654328508083678e-01
6.428281525368736427e-01 6.878892122551988342e-01
6.212639747587723749e-01 5.847105201170664790e-01
5.237947294794608188e-01 5.605387895955168398e-01
6.080284674586422522e-01 5.984396264116416120e-01
5.239617000633832733e-01 5.438351810384355334e-01
6.810290633010893657e-01 6.463526987073151542e-01
4.566558793005178196e-01 4.578341898945791910e-01
7.939017152326643956e-01 7.540153676314478304e-01
6.824776212277590126e-01 6.746275201952562917e-01
4.785825835497144465e-01 5.566102224040974100e-01
6.610185985182684965e-01 5.926139454161986064e-01
7.136047425051332826e-01 6.768532447135275909e-01
5.838043802346621902e-01 5.327200552225332952e-01
4.348106981543078953e-01 3.796265673379972116e-01
6.677750010641858580e-01 6.319620040811635420e-01
6.545469252490595524e-01 6.020280738993325498e-01
4.572172914563302770e-01 4.863623915529967645e-01
9.026716155811035369e-01 9.612462691655706548e-01
5.331002940938299739e-01 5.212950404725346099e-01
3.480889599089794784e-01 2.958420539693502604e-01
7.834498519198550559e-01 7.524907025384856007e-01
6.319020304819443767e-01 5.557950480370562607e-01
1.595299681944797043e-01 1.749594219749985580e-01
5.904804798653828790e-01 5.896252810916418063e-01
5.630182723879987305e-01 6.400159333113216720e-01
5.654478506126283666e-01 5.814474049944264866e-01
7.179156484082573897e-01 6.851032817123456908e-01
4.090952295967916208e-01 4.351531094843785197e-01
7.474507694588627960e-01 8.127583496959920328e-01
2.899949992694897949e-01 3.419557419780493435e-01
4.040712685713683250e-01 4.494719164664130462e-01
2.311938396781200722e-01 1.725205118475009458e-01
7.908697984322385910e-01 9.444465732851574646e-01
5.854368793187338937e-01 4.962038694006209449e-01
5.463181155365554043e-01 5.756631902812302526e-01
5.726384866357950854e-01 5.893736569714754792e-01
5.740129199926268244e-01 6.523094213383530127e-01
4.847340334029820452e-01 4.633146130701079057e-01
5.146525331514615331e-01 5.309871170495796822e-01
3.948910199895323547e-01 4.400313662765470424e-01
5.901717535297422712e-01 6.426542173985415607e-01
7.253907253224127771e-01 7.183815610039345767e-01
6.214597969162080071e-01 6.038468784408553836e-01
5.640339982375973671e-01 6.256730649714724590e-01
5.970784619328612930e-01 6.865365430547676340e-01
3.828891116128594896e-01 3.906193294814214734e-01
4.955108022003845147e-01 6.397378804443940581e-01
8.459697241015412539e-01 8.606610870104857147e-01
6.329381721924283166e-01 7.460273224353199950e-01
5.253531916531939405e-01 6.351941257154849474e-01
7.319315839637533516e-01 7.399868161135391142e-01
4.430445412597032728e-01 4.028774672685005998e-01
7.224457647201172339e-01 6.288876236683691445e-01
5.842010043069784109e-01 5.686057139457284526e-01
3.291936595115924624e-01 3.859399436510292936e-01
4.628658965915931622e-01 4.915727735598115489e-01
6.164878917649773138e-01 6.711051640564199561e-01
7.435209825146238405e-01 7.450515349070296889e-01
5.699603363620797669e-01 5.967629601905439785e-01
6.385791796095113826e-01 5.929155602494996513e-01
4.885912585705131095e-01 5.279162073905644403e-01
5.834952054154181056e-01 4.471481465861673055e-01
4.589340229224156409e-01 5.094176220124687626e-01
5.173234688071898235e-01 5.813691611617971544e-01
6.193217774736968773e-01 5.903719827180186064e-01
5.623823851989466771e-01 5.864591279757507269e-01
6.812305513782281885e-01 7.046713885021624879e-01
6.294951452505165301e-01 5.635560238394251575e-01
9.531091258757867779e-01 9.629126323664537468e-01
8.272342891587367575e-01 7.496188077281871198e-01
7.649983427047386542e-01 7.706318611758145032e-01
4.960763616247755303e-01 4.785334060101609222e-01
7.316108335772645299e-01 6.854746391429552554e-01
7.313147193200579821e-01 7.605311261873843875e-01
7.959660509535103623e-01 6.973625851493118200e-01
5.907417020907733685e-01 5.579140435560029365e-01
4.727803388522022199e-01 5.306835212709645200e-01
7.520975121226941562e-01 7.676837439528004792e-01
4.471005030366426714e-01 5.219432178303056169e-01
4.381622414484564465e-01 4.809351879353242487e-01
6.776971622024250408e-01 6.220392779982404363e-01
4.811162221072074474e-01 5.357502220314003250e-01
5.863169796091667330e-01 6.019523230105867651e-01
5.795047824192230967e-01 5.759380364126182039e-01
6.643605053186284470e-01 6.350642071920969967e-01
6.227053034500197315e-01 6.626220535730419359e-01
6.912656645434235303e-01 6.702496611140636995e-01
3.924050857677501281e-01 4.140058561218498134e-01
5.497674977329418677e-01 6.226199198915816080e-01
7.318637958826825773e-01 7.170245516202391478e-01
7.260982084410225745e-01 7.273538617700221476e-01
5.556802947438895801e-01 5.101139324928721797e-01
7.214707082756224299e-01 7.701923410708364504e-01
6.893113721410335515e-01 6.701972857846894005e-01
7.066031247309926266e-01 6.573090829310087591e-01
5.058949376910459872e-01 4.207977494803164520e-01
7.017392354939860910e-01 7.831058698558003295e-01
9.894611185655698415e-01 9.967546609705945082e-01
5.179106473365694407e-01 5.714860534634454980e-01
6.571779748515401698e-01 7.240898265851313242e-01
7.032104176158031628e-01 7.079588651299737467e-01
6.240220147608516177e-01 7.363390437354170315e-01
5.009137964230261364e-01 4.789366610693053250e-01
6.918635546334661601e-01 6.767301030807029161e-01
6.683759223763506840e-01 6.353372125206305787e-01
5.501026578281033030e-01 5.379687382160388553e-01
7.091299881921780957e-01 8.453086011424489898e-01
5.880068307951881179e-01 4.987688347020232671e-01
5.728511314507739316e-01 5.323601575047595125e-01
4.719059726777053987e-01 4.110817655684043670e-01
5.674803422618125426e-01 4.718602277074920304e-01
5.333891413671227877e-01 5.739308252917247888e-01
5.364841615679644127e-01 4.794517437982523389e-01
5.940229625893962417e-01 6.260647477100027558e-01
4.288849913428592897e-01 3.748811819638590004e-01
7.525661777965997334e-01 7.594646529364306176e-01
5.002809624455816229e-01 5.058312603689126830e-01
4.957696322667543010e-01 4.196834236395067252e-01
4.955529956148100879e-01 5.465554520255765381e-01
6.509437930350268076e-01 6.552939583136883073e-01
6.424390451794556034e-01 6.727895348505718021e-01
7.091027277116562777e-01 8.127996904583666415e-01
5.823033277381541861e-01 5.731945878024136132e-01
8.278467546003583921e-01 7.156337358498342516e-01
4.662689457139634897e-01 5.455581549963048893e-01
7.438128669581033359e-01 6.925168717247297545e-01
6.336535641319165357e-01 5.509113511531795737e-01
8.079982775874716694e-01 7.972752528506055203e-01
5.624027841453124177e-01 5.325847708933523217e-01
7.318301827469267939e-01 6.301204266903536189e-01
6.081739312746375914e-01 5.990787395623268230e-01
6.518910161115613056e-01 5.777426865732276928e-01
6.278397151482101313e-01 6.168809286059567798e-01
6.624137576800359639e-01 5.884052740124401382e-01
5.698854711070343582e-01 5.073003598740900566e-01
5.304529246755541605e-01 5.839921961655393234e-01
5.691443841995970088e-01 5.686375258322383663e-01
5.544652002078533926e-01 5.833267884967545669e-01
5.758852534796561340e-01 5.228701652428493496e-01
7.683382142347757737e-01 7.652367543526162885e-01
6.332285831730122272e-01 6.020848365915933975e-01
3.899228644388663678e-01 5.406150675113287063e-01
5.284672513364235824e-01 5.124688857680731457e-01
7.831378243051189125e-01 8.412292775976072390e-01
6.617807214185925657e-01 7.027569799225340530e-01
6.795351779788643132e-01 6.180386441233143291e-01
6.403869591262868477e-01 6.049198254663893382e-01
7.494390566499072870e-01 8.432172208369609345e-01
7.784902599182951244e-01 8.630544239334544399e-01
8.205259760106179412e-01 8.036972885170429182e-01
7.561070593558013586e-01 6.711749438870947548e-01
7.575153584307445787e-01 7.481624039410355032e-01
8.753865636114265270e-01 8.660409760982038518e-01
7.762085493971895289e-01 7.267207994932070036e-01
1.010411851897333291e+00 9.950796364887153356e-01
5.028595184221973380e-01 4.620205930182272325e-01
7.762599840913178006e-01 7.566860099223042813e-01
6.347143672809282267e-01 6.234423092333382099e-01
3.170032325400466422e-01 3.080251678429278273e-01
9.003079128318703939e-01 8.926479617380006504e-01
5.542119943206897936e-01 5.631926697631242096e-01
5.573628052027296276e-01 5.599621496126491182e-01
7.892322328805739806e-01 8.540706701691184177e-01
4.600952390412293980e-01 3.992909717402951530e-01
6.336164936206428733e-01 6.128843313999191578e-01
8.017996859636700169e-01 8.167331202320493588e-01
8.431681479454776751e-01 7.919256740534911243e-01
6.545439002843997933e-01 6.386435462329784762e-01
5.481550212454785465e-01 5.133126780783202614e-01
5.183341921691918541e-01 5.135681798976928780e-01
5.532454960754304985e-01 5.567061103049990578e-01
4.279193740473735685e-01 4.435698696788272777e-01
5.633421565745042603e-01 5.243981307165113126e-01
7.885490263717548354e-01 8.573520801908839362e-01
7.320305063072852780e-01 7.524722554348420855e-01
6.919507821592452146e-01 7.168528934854030421e-01
5.234254979498221827e-01 4.951830626641973709e-01
6.513859464587842263e-01 5.859297074415362738e-01
5.045668287891564852e-01 5.714936806751336196e-01
8.313467165074736043e-01 8.673676668298043735e-01
5.957963771155194710e-01 4.672123448477421004e-01
4.635111748288544553e-01 4.937300003533063308e-01
3.523723591857742532e-01 4.759199558887404757e-01
4.500640448157278706e-01 4.683099679986574837e-01
5.490554911108435077e-01 5.970108015500615872e-01
5.821055032794825168e-01 5.343528239964631110e-01
4.101000019321673906e-01 3.628239638001943823e-01
5.955603742043323878e-01 5.916584062206492467e-01
5.634899248917162318e-01 5.266197635876883609e-01
5.520687954819666343e-01 6.069643379154995300e-01
5.939801298447295874e-01 6.777515711310051483e-01
5.533801612908539891e-01 5.918722875222244273e-01
4.550706591583709715e-01 4.295355880256559455e-01
7.843293425879942493e-01 6.089551575543863393e-01
7.097952089650526597e-01 6.907862981256694956e-01
5.470030839895663188e-01 5.683867930766168808e-01
3.910703977576177048e-01 4.643959804271539649e-01
8.323400069486961428e-01 8.936986977294405499e-01
6.906814378478962624e-01 7.957467368745319014e-01
6.407182149460909359e-01 5.959700626400000756e-01
7.990611599989871916e-01 8.075659298198156755e-01
5.137563223694573411e-01 4.759728716601602794e-01
6.264546678954441283e-01 6.643626689210480052e-01
9.109479617018709785e-01 9.601763494995905202e-01
5.105849783893073868e-01 5.051365362321053043e-01
6.331844379117541610e-01 7.153606787636095365e-01
7.546683510060069322e-01 7.513603904247919685e-01
6.804357545756911652e-01 6.716442678374210384e-01
8.110806663790568471e-01 8.501347499080305070e-01
6.418738710757000421e-01 6.847481630144910403e-01
6.547315230845213163e-01 6.419517546880045833e-01
6.092033325947610045e-01 6.364296001774947253e-01
7.287897384884219898e-01 7.328484975531027734e-01
7.701388266870288213e-01 7.870062096596563972e-01
6.207773436175334503e-01 7.269142228171394660e-01
6.671324698356937422e-01 6.175224085052744005e-01
6.226129384951804013e-01 6.291552596729286240e-01
5.563084007352453453e-01 5.510907436509163704e-01
6.679308877728936666e-01 6.983796521602855245e-01
6.210439687017191845e-01 6.117880606098787810e-01
7.041856878321653967e-01 6.941693703309922414e-01
7.194554242803365973e-01 7.965148716992571654e-01
6.444211628118267088e-01 6.606823508605649264e-01
4.974999582711636670e-01 5.230953921832166564e-01
6.452959221107900101e-01 6.683861326456029817e-01
5.419069089094000757e-01 5.072073429709947900e-01
6.422322581159151111e-01 7.495551689258695971e-01
5.907594039058255975e-01 6.335054233872062790e-01
6.449714702817234135e-01 7.057808857427209093e-01
6.654041006322306551e-01 5.890178764656179844e-01
6.171378205385011917e-01 6.489539605584331294e-01
6.837246875174571858e-01 7.083867924203401945e-01
5.468028507843167851e-01 5.041546152391516156e-01
5.395323516842234213e-01 5.124725436414043767e-01
7.176701045371366439e-01 7.065247862515028343e-01
6.091582658841322440e-01 5.670991553201446544e-01
7.471839220891836053e-01 8.137194545399260015e-01
5.043042146338204690e-01 4.783920263042012455e-01
7.843445161664334142e-01 7.947425629081888987e-01
6.872400668240465915e-01 6.745112499153289587e-01
6.013348273325609394e-01 6.189052752777686184e-01
8.290292732518955710e-01 7.608680417036990384e-01
6.804788804383421486e-01 6.317636044141905494e-01
4.071344399931690616e-01 4.379871765574721576e-01
5.549914203967807325e-01 6.608542494671023615e-01
6.048496742862602416e-01 6.019685290132258393e-01
3.098743750686714926e-01 2.886385872331546643e-01
3.033727901738511590e-01 3.352424116368168394e-01
5.147057523252280831e-01 5.037065394499997684e-01
6.868559595902596904e-01 7.267529010207327556e-01
5.957704470418275777e-01 6.894234010012424418e-01
7.046323107337406633e-01 7.468561715156034619e-01
6.134259992481977397e-01 5.139944136196011870e-01
7.822665485662614326e-01 8.630548228855812187e-01
4.734520799539301827e-01 4.803686616226806039e-01
8.474508986517624853e-01 8.195438946333567509e-01
6.528321755805797100e-01 6.332269264874552661e-01
5.264776932517061248e-01 5.009120584818886890e-01
6.755645699503127766e-01 6.562931516705212687e-01
7.129306504011914125e-01 6.469624063658134805e-01
5.655018871188868257e-01 5.794057287989580196e-01
7.190077945847420660e-01 7.561256171485547517e-01
5.406667476409504625e-01 6.028115808432438216e-01
6.425323069624473415e-01 5.483872564316332188e-01
8.730449261186288279e-01 8.477727212772954157e-01
6.234174083375024766e-01 6.356226841988358300e-01
8.332242662832513025e-01 8.842860747677484534e-01
5.613543239457637890e-01 5.048059025955599077e-01
6.161282280623195939e-01 5.810967029593278044e-01
3.342748764867564115e-01 4.344622215346281568e-01
5.342319355913607293e-01 5.186639357265723227e-01
5.328451337983205471e-01 6.225853877132733194e-01
6.797974142376471685e-01 5.898740021329801353e-01
5.466832637908564108e-01 5.930127746955472512e-01
7.766911131880751551e-01 7.952565856298756675e-01
3.756250937687921065e-01 4.489244480886093736e-01
6.810204434528365214e-01 6.368305809977902188e-01
5.066264601473893237e-01 5.162101289799274628e-01
4.625126348760764672e-01 4.857963130147088804e-01
7.106898970777073554e-01 7.048018641051498889e-01
9.238380039263728305e-01 9.127579621677243127e-01
5.078874056141632343e-01 4.814508026730681678e-01
5.936165872859656689e-01 6.700267930379267822e-01
6.789310904901605381e-01 7.403756731512888267e-01
6.768909196114526461e-01 7.235167341650247108e-01
5.464907196500261577e-01 4.941447822179800831e-01
6.678761052048368674e-01 6.890445879363543691e-01
7.315921191297336534e-01 7.563127017113571160e-01
6.753016119350885305e-01 7.115613787238623811e-01
7.481417872096847166e-01 7.035526337736550673e-01
4.732619822423227429e-01 4.829827272414261019e-01
6.761944098308013684e-01 6.046525978275608670e-01
3.096874917251598580e-01 3.008945461387938503e-01
5.567203438148780048e-01 5.937059019976316243e-01
6.540320408008762909e-01 6.100906600962655579e-01
9.814446768601028381e-01 1.053671365562778295e+00
6.185231428553353838e-01 6.526467464365178772e-01
5.291007709794398606e-01 4.238925860563939607e-01
6.254581669021243018e-01 5.665088804384187382e-01
7.456238448559256993e-01 6.941013486530759335e-01
6.329033412661837499e-01 7.416610769127560676e-01
3.871957426783947387e-01 3.691118820080222518e-01
4.417573136228606367e-01 4.370294707678018531e-01
5.474990320288527501e-01 4.401913089717947036e-01
6.503177177288084199e-01 6.717164575950855809e-01
5.846208836504469541e-01 6.001931272394707140e-01
9.166484615623239351e-01 8.713715950746429018e-01
6.576702220503453100e-01 6.268084060075757025e-01
5.129159941259747724e-01 4.577092163253717594e-01
5.091044351598623674e-01 5.572762578952512591e-01
7.650735305293027144e-01 7.535960161072839947e-01
6.889110584270742299e-01 7.714926128162290508e-01
5.990591845480862654e-01 5.386022163803542151e-01
5.448382420032183981e-01 6.106556597429634303e-01
6.578900033061328978e-01 6.481306208360843035e-01
7.944748115649782338e-01 8.271697579039529735e-01
3.996693888688704899e-01 4.792361177126092109e-01
4.793354661899068003e-01 5.484573547031892371e-01
6.717208635166980191e-01 7.044069673167390189e-01
7.587412517986037441e-01 7.931925609323721149e-01
4.275116946752711145e-01 4.037255724724689299e-01
5.192248805061614458e-01 4.818505580908405417e-01
6.601092294401934568e-01 6.698519307533409295e-01
7.366930033633817265e-01 7.292327891342177404e-01
5.806795074186762440e-01 5.502403587135050733e-01
7.984041579024284685e-01 8.184408941713324781e-01
5.588069437206655277e-01 4.854731124257633534e-01
2.787195810468560131e-01 2.876245765408155242e-01
4.430443064394448127e-01 5.157587122354163611e-01
1.670053804830707589e-01 2.438622942566351648e-01
6.518238506394491427e-01 6.683633694464981012e-01
6.752753228390373508e-01 5.158145010626677962e-01
9.005671351114770129e-01 9.785828692325457823e-01
4.791021626060780747e-01 5.202455178883119702e-01
5.527404565335281017e-01 4.606373595886210648e-01
6.153562290256086031e-01 6.449376791874229520e-01
6.578475504390107753e-01 6.416774996869044623e-01
6.660750745645208637e-01 6.642369186616533527e-01
4.275765073747382905e-01 4.594627923663361369e-01
6.607063509445617600e-01 6.040772117270128971e-01
7.010580484257150635e-01 6.397290333477402280e-01
6.070706821933945507e-01 6.386797907610687330e-01
6.237937187941816619e-01 6.840551258396908585e-01
7.578328050998714982e-01 7.185463638904143746e-01
3.309100418357831530e-01 3.151489929103880594e-01
6.008091095558765193e-01 7.016075892000126490e-01
5.390093104659399170e-01 5.493613661980563112e-01
4.729289467902835220e-01 4.218617243501220360e-01
7.970125292129527361e-01 8.307366097215261869e-01
6.135866293835919860e-01 6.058488148564075138e-01
2.940987759560899639e-01 3.024232528298448908e-01
6.061659077961703002e-01 5.681088484317378118e-01
5.714447340669450703e-01 5.938657506332016833e-01
5.724784871611288128e-01 6.044612612613706748e-01
8.261039643699620294e-01 8.622088025767346009e-01
8.946650012631236493e-01 9.474603968068362470e-01
6.167084616981278744e-01 6.554639820297433195e-01
7.793058929037308680e-01 8.663140624786327404e-01
4.040809340647309456e-01 5.014378121987091985e-01
3.351964061792531147e-01 3.685068564108307521e-01
4.853561468749186814e-01 4.499923627288429095e-01
7.442022768307846592e-01 6.388038333136975000e-01
5.870165621669223288e-01 5.594415495440268060e-01
6.760179601936343596e-01 6.171828520061365397e-01
4.865168523846212789e-01 5.051167763925710208e-01
4.664426029180191446e-01 3.484968715444812237e-01
4.960073352096985300e-01 5.577629067183544898e-01
6.206258913537159305e-01 6.861444005863917006e-01
7.962047751713202670e-01 7.540138751157107189e-01
7.669203017425276769e-01 7.547968501663719909e-01
7.050485891701588903e-01 7.383510306975259452e-01
5.928592880284347943e-01 5.813020571288295413e-01
5.389981169306770070e-01 6.152947498707774798e-01
8.793806535520152234e-01 8.938319315830727252e-01
5.365091099512522277e-01 5.208604869038750973e-01
5.986915542352537756e-01 5.987333358349959944e-01
4.174718278776914371e-01 3.644537548771835667e-01
8.580845972269622868e-01 9.251206372698553837e-01
