6.997589332892226732e-01 6.768326003268692048e-01
4.028758806505340351e-01 3.941535235952234872e-01
4.661784815117947511e-01 3.209870171273841999e-01
7.084142736170038201e-01 6.172926405426961693e-01
5.100313173326154192e-01 5.137444694332597983e-01
4.115097891074721015e-01 4.962948274033953111e-01
5.273219434905795922e-01 4.350567415126411208e-01
6.197162058723281186e-01 5.811012137643730702e-01
5.554318784226078831e-01 5.787620256403772645e-01
2.562271360044343638e-01 2.189593390687198660e-01
7.725916672977499733e-01 7.260889578280387280e-01
5.731446412524972001e-01 5.031600029391993800e-01
3.911349375096367376e-01 4.146019428157712849e-01
8.065521066299159436e-01 8.100494728927907229e-01
1.035669680934452108e+00 1.019236529464178309e+00
4.904435271190077938e-01 3.925748992380777014e-01
6.976455901296855222e-01 6.495060679923400082e-01
6.936454671562042318e-01 6.951336998536983280e-01
5.659514408211582248e-01 5.755242345144954141e-01
3.775274170758499137e-01 3.840096791226602635e-01
4.864116480778483687e-01 4.554260937014718569e-01
5.288073488355090612e-01 5.915544108588443040e-01
6.760230985999252651e-01 6.836048719228745574e-01
5.269008735597584536e-01 5.602327200330283752e-01
5.679350485750802591e-01 5.739552975909150145e-01
3.987221260602610839e-01 5.309007765896254227e-01
6.606024717029782556e-01 5.868702799981374563e-01
7.330830977931106496e-01 6.988124942446602983e-01
6.802303093359202135e-01 7.269311074252463589e-01
5.816853354850316515e-01 5.349208780216782033e-01
4.973171510893985015e-01 5.682104676165135038e-01
6.966977851414574152e-01 7.530802351028434982e-01
7.185332762496581260e-01 6.918749614300516715e-01
7.216189984134697699e-01 8.216212577561132768e-01
7.347773563350992188e-01 7.048807457585979375e-01
5.413780994017406423e-01 6.011630694623598670e-01
5.429762268788962398e-01 6.505219863836602112e-01
7.109866742684279872e-01 6.667653464546113851e-01
4.830480394665926380e-01 5.779773257663750607e-01
8.757756444423068221e-01 9.048362275224788309e-01
6.145000309276639205e-01 6.126276961540214616e-01
8.641020923263993403e-01 8.775065470367622300e-01
3.580880137709984701e-01 4.257421121163564304e-01
5.464229622089853411e-01 4.326318488097968262e-01
5.624514094503533235e-01 6.869812425399460798e-01
7.258300734748640570e-01 8.189956631192999437e-01
6.680003281408120053e-01 6.166327575859016363e-01
1.012532849174081484e+00 9.220189850912244856e-01
7.760595568976172975e-01 7.693320948536958026e-01
3.963166596669735475e-01 4.280313822363819853e-01
8.787967247533302606e-01 9.384735214663563196e-01
6.990224049097697456e-01 6.852898438857575325e-01
9.579931155474002979e-01 8.112471656148018129e-01
7.517072026512638949e-01 7.479071380214783460e-01
1.267248264613101139e-01 3.036209413769381804e-01
3.067118191784179437e-01 3.320212395526692672e-01
7.164757266383742218e-01 6.826698361265418624e-01
7.463503212211272109e-01 8.519838610515099164e-01
6.503814797196711961e-01 6.222588544543514733e-01
5.963241781691017707e-01 5.405304478010055647e-01
6.189450465847363692e-01 6.179598231661060925e-01
6.557813473928153503e-01 6.257791040142319794e-01
6.003273438321752309e-01 6.863300653219863712e-01
5.511994420840690134e-01 5.820157685250780810e-01
3.202815843114064642e-01 3.492292425027005431e-01
3.983717677424984949e-01 3.086038949301979084e-01
6.854068008008258328e-01 6.153841413526182080e-01
7.412286188389378694e-01 6.480878388127286893e-01
4.227262735593509402e-01 5.432096526081459098e-01
8.068055889249801105e-01 8.207418280155054369e-01
6.081351113259327867e-01 5.696619179714363934e-01
6.809771223779677030e-01 5.998377232707445827e-01
2.267082586735885141e-01 1.646889424642073996e-01
6.063900033404991952e-01 6.525612708779346960e-01
5.294477768847896115e-01 5.437393367649505649e-01
4.333216856739154910e-01 3.546122910747411261e-01
5.654668610222668423e-01 5.766837449785644498e-01
7.581810950646339364e-01 7.616929431399088735e-01
5.970667580964780230e-01 6.849149682743792544e-01
6.457358622109542479e-01 7.738400472984300338e-01
5.569014102300123836e-01 5.574939364045560231e-01
8.261824374307820129e-01 8.432436768264583993e-01
4.130136480658884168e-01 3.259949964602087413e-01
4.897972353867057205e-01 4.699390663453293371e-01
7.459473713136863804e-01 8.793041464943711638e-01
7.385594496316090218e-01 7.096693604812134293e-01
7.428778152954649272e-01 8.147065124290582272e-01
7.747429531791329982e-01 7.401176498526060854e-01
7.691872306085955069e-01 8.354782624630624488e-01
6.907860409470625296e-01 7.262286434158027326e-01
5.822472636320593642e-01 6.215092979054476219e-01
5.936561058689051595e-01 6.425019827051039467e-01
3.727150026187029397e-01 3.653364888691253975e-01
7.797745772879302040e-01 7.785950085966745204e-01
7.796548553386587477e-01 7.394954562957231081e-01
5.754901053509099418e-01 5.964675819090577980e-01
5.366421097728472089e-01 4.953685594743346132e-01
3.059869387669051366e-01 2.829700002075258847e-01
6.801527093109431821e-01 6.125022591812172568e-01
5.786407384841086854e-01 6.358174234918193557e-01
5.396952743047886969e-01 5.595026382934258358e-01
6.228372322584231346e-01 6.431133212950977951e-01
5.200110234240709062e-01 5.191914408633753197e-01
6.369346046309730669e-01 6.768774593797070027e-01
7.023711276195357955e-01 7.559149042804101937e-01
7.105045987156329845e-01 6.316301790866546417e-01
8.328615595118160631e-01 7.226472641715415701e-01
4.937828710640307928e-01 4.833597525922818661e-01
5.557931191267569959e-01 4.380901285009739521e-01
6.693196828204911464e-01 6.206291589822355848e-01
6.334284112808032940e-01 6.744503038195610589e-01
6.983998348511204490e-01 6.058132231800523737e-01
5.174745840575128986e-01 5.368566169300118540e-01
5.854199818558623036e-01 6.150592488742985253e-01
4.529004235088601726e-01 5.143726185144320562e-01
2.226361569163688992e-01 2.793559578671825361e-01
7.652257065374490352e-01 6.884637935340991444e-01
3.553101226187457273e-01 4.302195068609167006e-01
5.925108210819457488e-01 5.966385795211198717e-01
6.423806413315584773e-01 7.025430352781762977e-01
6.174279102844136835e-01 5.562131545560090595e-01
7.102109597908851102e-01 6.368657886378273902e-01
7.111096912591455821e-01 7.284586362380492952e-01
8.996353903978450139e-01 9.901262048713524999e-01
7.035980856964754171e-01 7.331250678310858859e-01
4.851105829201222130e-01 4.462151016187076991e-01
5.869772731281402978e-01 6.432848560754588219e-01
7.679165313884860344e-01 8.000936211056502989e-01
3.200978634844867665e-01 3.499638228705796994e-01
4.822953053403073453e-01 4.600607339606848645e-01
5.895361511192122039e-01 6.261441404619231266e-01
5.080733448788019579e-01 5.239446881198028816e-01
7.169498251557953061e-01 6.997894818781373871e-01
5.109090120622720166e-01 6.853246064000971804e-01
6.389755989500741640e-01 6.427075595771588601e-01
6.648827341158456417e-01 7.021908688228883921e-01
6.072533583322228257e-01 6.393761614845696606e-01
5.731568040831794830e-01 5.210843853478931420e-01
6.253972773640544824e-01 5.654901572087108752e-01
6.873826649008807355e-01 6.501709829436921328e-01
5.260023478217212833e-01 5.488390856230642711e-01
8.069837654722199494e-01 8.854537588574410423e-01
5.723751622613320045e-01 5.145208038587141264e-01
7.891043573066702788e-01 7.597049980124186419e-01
5.275772223627718249e-01 4.643240159617613161e-01
8.264047905992237819e-01 8.156887544176609772e-01
2.675417907683314556e-01 3.056083424379970048e-01
8.543415668234080051e-01 8.188638060786805895e-01
2.043503580700511968e-01 3.676088498063563303e-01
7.610695677917670432e-01 7.300922576745879633e-01
7.750612929529414608e-01 6.393478447954337174e-01
7.391284019327666321e-01 7.543103177421559558e-01
4.822305638469950306e-01 5.407846711326054212e-01
6.566994515316318948e-01 6.666720534515221397e-01
5.083219299106612743e-01 5.134608934589220963e-01
8.481516106710278446e-01 7.253170258429630923e-01
7.983176826278776117e-01 6.878985925298345405e-01
7.616273902972849896e-01 7.660111447671114071e-01
7.096410868896255719e-01 7.346769102374098859e-01
8.493233341534744962e-01 8.712507854841207156e-01
6.570333165296741162e-01 6.905813296745090257e-01
5.634852532474291520e-01 5.661150739311430202e-01
5.065974235931874903e-01 5.187943448469441998e-01
5.577508490535395547e-01 5.947679493183665178e-01
4.469350488360193663e-01 5.240984539057987890e-01
3.670499860997433750e-01 4.064513763446094829e-01
8.853595922349261071e-01 8.485013090499219368e-01
6.446174663028785279e-01 6.693884762755810680e-01
4.815022579749541620e-01 4.555856305912141524e-01
4.543219727500425464e-01 4.434412496037071771e-01
5.791577464846182632e-01 5.772409031220182563e-01
5.123435108491806167e-01 4.548221804784962075e-01
6.010181618662147063e-01 5.979710957747368383e-01
4.444511265918751897e-01 4.189241444011156390e-01
7.988768603615171715e-01 7.323383324140791961e-01
5.749992778070385224e-01 5.496570955749924270e-01
5.979106349154227340e-01 5.952040912977388798e-01
8.202947890484899585e-01 8.617774664284207908e-01
5.047687585030787849e-01 5.670719774719717998e-01
5.512347363798235644e-01 5.318868228300912548e-01
5.638905449502510381e-01 5.014500093639971956e-01
2.070286097124927893e-01 2.328262508936808917e-01
6.978253068368127643e-01 7.433062359112121431e-01
7.537349384273404063e-01 7.977134801090277616e-01
4.998570919689018233e-01 5.500655351420253858e-01
8.276190299725367794e-01 7.632585192630449988e-01
6.735862184030224631e-01 6.314362665726324098e-01
4.227909428855282092e-01 3.904376420841537687e-01
1.003631302788026147e+00 9.488428485440104643e-01
5.663654411801256616e-01 5.782107883542481064e-01
6.445651116984056905e-01 5.988895946551084926e-01
5.774787446820074388e-01 5.345978547175199713e-01
6.603209093024321463e-01 6.906310586114962069e-01
5.558035040429561979e-01 5.269163112543379102e-01
7.856127757029237602e-01 8.270441308801207425e-01
6.552683377537289466e-01 6.328468468459811369e-01
7.524253379888017346e-01 8.036980410812004649e-01
3.691042748388051464e-01 3.638098147869794907e-01
6.273187313411445754e-01 5.753599070416266503e-01
4.221833924494391987e-01 4.354793944426559871e-01
5.570506834227249016e-01 6.193590355815501436e-01
7.380431197726476933e-01 7.413447918247825230e-01
6.493375248081563189e-01 6.990836407884295500e-01
6.527883883534397746e-01 6.458943581985323590e-01
6.942701421887230717e-01 6.426637702642644667e-01
3.156593071610437895e-01 4.701783800407259295e-01
7.080018619957441084e-01 6.051087454591089765e-01
4.472406523553927871e-01 5.037201583400600091e-01
4.767087620491546884e-01 4.752912436540078778e-01
7.409845802658002745e-01 6.661943429040669828e-01
7.542846869230785956e-01 7.837493581752621452e-01
6.385629205058568347e-01 7.172694651118659559e-01
5.048370902704972796e-01 5.980671999397964012e-01
5.909493169381606625e-01 5.474041369585606054e-01
7.229783472404596179e-01 6.823467494057875449e-01
5.738429710068753131e-01 6.721839210921822794e-01
4.186780015613993378e-01 4.455548407936262834e-01
6.132866544138259046e-01 5.786457895271263085e-01
4.691154178388996510e-01 4.219476016845751243e-01
7.963338108090314282e-01 7.238880952733099949e-01
5.169950496550524965e-01 4.690396793699992961e-01
5.611600495706069447e-01 5.194814976746017221e-01
7.010120790711669159e-01 6.545034775516405112e-01
4.307691977352290924e-01 4.413375594060099938e-01
4.052904998660160629e-01 4.431362305212102060e-01
8.206791918615496950e-01 8.779833120948958847e-01
5.681354893996257704e-01 5.687392452281694322e-01
5.919709708426805772e-01 5.121729245942527875e-01
3.578329078867477642e-01 3.565779876486680489e-01
5.478855092506743629e-01 4.677605950718936589e-01
6.188627811391274047e-01 5.894053861684604989e-01
7.008375647594689006e-01 7.018496101775952845e-01
5.727455919544334195e-01 4.672021003575783094e-01
6.720861896072735098e-01 7.414105483555956111e-01
5.916043521201378441e-01 5.217531271418797134e-01
6.761529436947900651e-01 6.940345848004726426e-01
3.804685744258683999e-01 3.969662261657585511e-01
4.292282681395653832e-01 5.771805713458442177e-01
5.360495968768257402e-01 5.823916450425845603e-01
5.425303730561612525e-01 5.712960014061503333e-01
6.622470391103397747e-01 6.598483484281717493e-01
6.406475711012824537e-01 6.711559682908327940e-01
5.710204638285157897e-01 6.525421060351449531e-01
5.355144693347497764e-01 6.059649662870987274e-01
4.430929734461441782e-01 5.001650806666481097e-01
4.277384457418462738e-01 4.572200083079933641e-01
5.700692575655127436e-01 5.368261076659294195e-01
7.361862279473014858e-01 7.110522332935773626e-01
9.938228023861025440e-01 9.562362917366374893e-01
6.289144579472843999e-01 7.029810700124562439e-01
6.511999738428122519e-01 6.043726913263918199e-01
4.450159874096479284e-01 5.176978754887718859e-01
8.278148436304154645e-01 7.189008168162026591e-01
5.429732640791347098e-01 5.539887111589290036e-01
5.587910493743037943e-01 5.818277091921602029e-01
4.753702252917246240e-01 4.119450015712579627e-01
5.530387835341632474e-01 6.732354523835624160e-01
8.932736612879367266e-01 9.516235861034630927e-01
4.846659260864411567e-01 4.390166373195746874e-01
6.907338643157659996e-01 7.028906214219093895e-01
7.789751329589358342e-01 7.432627420335899959e-01
7.281033462027811654e-01 7.869106150817551937e-01
7.103084759500815082e-01 6.659867176019260704e-01
7.793958629228663337e-01 7.404080430192516715e-01
5.022735304210953489e-01 5.155933617976616867e-01
5.815204070943544856e-01 5.864599247923385494e-01
6.068254151746811376e-01 6.488467716478750758e-01
5.513066114587154010e-01 4.585542865981714344e-01
4.516744238744342943e-01 4.378940459736449520e-01
6.253548014324928905e-01 6.843738673541640560e-01
7.072755853860897002e-01 6.696134864741887238e-01
7.241567776296947700e-01 7.012949974373191564e-01
5.253027461821155875e-01 3.875151604411042894e-01
5.523358960335076340e-01 5.655968129209238970e-01
8.204137726127835872e-01 7.617590940325520421e-01
7.051929420730461695e-01 6.479470175613782912e-01
7.129200435542597525e-01 7.148034818009669777e-01
5.108678909934397661e-01 5.602933703802722709e-01
6.157565932771761341e-01 6.122007432356867396e-01
6.750321744387125511e-01 5.794309215052740880e-01
2.387403582167635374e-01 2.636490934600375091e-01
7.809778971042584672e-01 8.713116308564103907e-01
6.915938621697003130e-01 7.298422282185518251e-01
7.334623987945712020e-01 7.112494312764350290e-01
5.123262759154078028e-01 4.611731109528668382e-01
4.999628154021474868e-01 4.812388873332926753e-01
3.940282292051854873e-01 3.380849939236392765e-01
4.580326165989730969e-01 6.095225148689354944e-01
4.954521520301156667e-01 5.325558234364204946e-01
5.185528791543043692e-01 4.959891537824018815e-01
7.349321904873569178e-01 6.665567172648028116e-01
7.306451935812252607e-01 6.264171988476592290e-01
6.208816119974177594e-01 5.936760732735039126e-01
6.568557827654949444e-01 6.100038945376723420e-01
5.068607054903714326e-01 4.212744743796195679e-01
4.121271275650704724e-01 4.225040414410038969e-01
6.852869217005443936e-01 7.300152508648563021e-01
7.488842169982345975e-01 6.862367804721396514e-01
7.771195133418064005e-01 7.962656352435363294e-01
5.344808858681148189e-01 6.095007528011483489e-01
7.823874664414679492e-01 8.792143628240579600e-01
7.072078177033543911e-01 5.952363796057292822e-01
4.504883146275689976e-01 4.675912403349146151e-01
6.584771292127350462e-01 5.900426871716931698e-01
8.858452428778398335e-01 8.794852845796026219e-01
8.101945043203191421e-01 7.709424011239474073e-01
4.666352264646007053e-01 5.267266942797630414e-01
7.116596482298954696e-01 7.511937435468513113e-01
7.819439351242934988e-01 7.679438551095493226e-01
3.940435959824495349e-01 3.231674639781197955e-01
5.357858054722967056e-01 5.030804742000923868e-01
8.324323318528963345e-01 7.386060225148249891e-01
5.692656521687291526e-01 4.817190164879454617e-01
4.907762523694572110e-01 5.751128503262368241e-01
1.888193420689472379e-01 3.341551990983250287e-01
5.118973165494393740e-01 4.089032328210435718e-01
5.720077496297510944e-01 5.332785686375220990e-01
4.532934703211337624e-01 3.607069605826499492e-01
5.180364291213296335e-01 5.932968328527551405e-01
5.522230643918758508e-01 5.416902754456421887e-01
3.666654203706626869e-01 3.782402618778151759e-01
6.992312407586602774e-01 6.013111784072617816e-01
7.303589294321526371e-01 6.588556414635997616e-01
2.773251224377653590e-01 2.414801841525248682e-01
3.832757631666459108e-01 4.200763784340204587e-01
4.253210978024220545e-01 5.207704166463269502e-01
8.341547196948679854e-01 7.737773716194293883e-01
5.241302755480528042e-01 5.229938245087288884e-01
7.713003897053155589e-01 7.843694394255747993e-01
7.046596443282682198e-01 6.895192210257319321e-01
5.950257361660152844e-01 6.101016058518241580e-01
5.449934071354098908e-01 5.729718615072241228e-01
5.202874218442764542e-01 5.797090091931443867e-01
6.778099508197670264e-01 6.592356490643693778e-01
5.016365086299566789e-01 5.744098334597266264e-01
5.463533598159897586e-01 4.874489664436234548e-01
5.770902883200981215e-01 5.170801995220337677e-01
6.276006483362778221e-01 5.879658217506490425e-01
7.258225054814941846e-01 7.221572073854358731e-01
6.051724734697015995e-01 5.555791140347684509e-01
7.523759068358542024e-01 8.057826978500723936e-01
8.226411564334941140e-01 8.192851170128301330e-01
4.637698242555116646e-01 5.259330176470559115e-01
5.559188346916110746e-01 4.762286851999071868e-01
5.980539777925424350e-01 5.412428660987165241e-01
8.182878080349599292e-01 7.644398912127409185e-01
3.426589802222355097e-01 3.433780530520396113e-01
6.061334628111995082e-01 6.310318529640571716e-01
4.599096640414158665e-01 3.472096882306699994e-01
6.599613096762333431e-01 7.533742984216296179e-01
4.989210427136081538e-01 4.667513737716850741e-01
5.231474590164963967e-01 5.239709085002590694e-01
4.440264967639481752e-01 3.849953778986323072e-01
5.176039847005584615e-01 3.943182995486682607e-01
5.225362332529338572e-01 5.829938881362392022e-01
5.650709518977642398e-01 6.593048899840389110e-01
2.664459604417227512e-01 3.375184500955942246e-01
6.564635215104400734e-01 6.095931090886245185e-01
5.229418242463476085e-01 5.056386045205881752e-01
5.847705717377292833e-01 6.276014586917336713e-01
5.262468422522194045e-01 5.053036891466257119e-01
6.728053734240024841e-01 6.701636490382381073e-01
5.779385022142551342e-01 5.740326454483481999e-01
5.950627857992419889e-01 5.673427946666701471e-01
6.832483017873668407e-01 7.576355873939616403e-01
6.168076774766005910e-01 5.631241295790577750e-01
7.239906036514349719e-01 9.330541920908677067e-01
7.109854201132846940e-01 7.343530386092410600e-01
6.370688350148488999e-01 5.623682933351373814e-01
5.983299289440826563e-01 6.762344410029594854e-01
5.243539273878978779e-01 5.729320921102745157e-01
6.207894366778056172e-01 6.401651594886831331e-01
7.102913733950323438e-01 5.971396346592537929e-01
7.364744652437724692e-01 7.212391122186356807e-01
4.961814586971528551e-01 4.888425825231354493e-01
6.156160189766847202e-01 6.660173400921699516e-01
5.332933627740962246e-01 5.354808439161841127e-01
4.862979497498453596e-01 4.579355839322984401e-01
6.852973526882930599e-01 6.657087714969296410e-01
3.626274229423673834e-01 2.916727652555207717e-01
4.238845682576066753e-01 4.661615348343948195e-01
4.887405541791675634e-01 4.894175476674465508e-01
1.041443462694492172e+00 1.000701525957554683e+00
6.261396620874067898e-01 6.349379530086199930e-01
6.078451073064734533e-01 5.653357253705253438e-01
1.954311127511737523e-01 1.418722960295186186e-01
7.728780715578646987e-01 7.436151209518249150e-01
6.777305186469686493e-01 6.911038532908109211e-01
4.310331050321976054e-01 4.881869325554760719e-01
4.805003336851367823e-01 3.617023483989606492e-01
6.611424331041245717e-01 7.824473082843951266e-01
6.365356791904148714e-01 5.565117601763076571e-01
5.151307625112494515e-01 4.917373215379884366e-01
5.960229869666088254e-01 5.141012806098387289e-01
6.636489002306885654e-01 5.534571518505916332e-01
6.543119522276463762e-01 5.673319762330020222e-01
3.267385309893360290e-01 3.618769082016736194e-01
5.761728595360041671e-01 6.677994003209305474e-01
2.277055935416320009e-01 2.488635325570386914e-01
3.839284217655924980e-01 3.953600928949182469e-01
4.407688292373178052e-01 3.441401544303651083e-01
5.429332815916573241e-01 5.183241264056707154e-01
9.512203153049749726e-01 9.675333165252375522e-01
8.408951491797825861e-01 7.843864034508872818e-01
9.056408788828220757e-01 9.353158934600493968e-01
5.551631452593216443e-01 5.155436413374120397e-01
3.848931627961038604e-01 4.031351142670992482e-01
5.735905240123568838e-01 5.507739555869199943e-01
8.401998703835149573e-01 9.649707834866199097e-01
6.691725863824079523e-01 7.331452799655054919e-01
5.858083650748843185e-01 5.882653640630518543e-01
5.485674513610957481e-01 5.691747737575362232e-01
4.447868267669461972e-01 3.773326071756558098e-01
5.919361257353045191e-01 6.136204867613513914e-01
6.638033069780694406e-01 6.101662907010773074e-01
9.119378553421964018e-01 8.861171915487104922e-01
4.119308506877950027e-01 3.415586832001302753e-01
9.288344201494966867e-01 8.939154260286659159e-01
4.988084268617624106e-01 4.239163539794436053e-01
8.361947563676437323e-01 7.095165530543565691e-01
5.100361632769916387e-01 4.528786677935069394e-01
5.944967978305061296e-01 6.293366428898584664e-01
6.260815885906483302e-01 6.869595760677706942e-01
5.955137927573913581e-01 6.079929154177515782e-01
3.820137090876132291e-01 3.685136328349811752e-01
7.269787093331976369e-01 7.387001725977697664e-01
3.487228980842888570e-01 2.654318999486132147e-01
6.387899510174461781e-01 6.327725928896197338e-01
5.321535542310796840e-01 5.506454920771280959e-01
7.195713165145393164e-01 6.462309355301268932e-01
7.059339608436298041e-01 6.572197343375846268e-01
6.050667301990828584e-01 4.946978279300607295e-01
4.931628070941777020e-01 5.893542848643044119e-01
7.287748221508154600e-01 7.843788242021756396e-01
5.352574479112932604e-01 5.994584481879490223e-01
4.557846635767873189e-01 4.496525844593062815e-01
5.463729419777869634e-01 6.765871341023963481e-01
7.007215939242665836e-01 7.045284040577453055e-01
6.081286910897147902e-01 4.951660544535346209e-01
4.723240733898309007e-01 5.155100689405015535e-01
6.418310444538638526e-01 7.198167345217533208e-01
6.735867841801145284e-01 6.579329007084865344e-01
9.296826718944918300e-01 8.770948417183176415e-01
5.847038739358381143e-01 6.575862627797168791e-01
6.432808643931201553e-01 5.641775742424327555e-01
8.257856178471527642e-01 8.186990712299742068e-01
4.169194080155906867e-01 3.923462589360054986e-01
5.207736575642727406e-01 5.213740664343169406e-01
3.719813708821094189e-01 3.881031103240287217e-01
5.091063328133642596e-01 5.715491656785907093e-01
6.541744875053808750e-01 5.953735595016987903e-01
7.112536010225813943e-01 7.849286325704230016e-01
5.406710578995026495e-01 5.582053743884782815e-01
3.648073216558548326e-01 2.152776408887375481e-01
7.648272552485474440e-01 7.400163193925205496e-01
4.661945858921564545e-01 4.907374981243041168e-01
7.099712137271172452e-01 7.443316691092445314e-01
6.627226323590295065e-01 6.610108388899084142e-01
5.335494654713022200e-01 6.184946010615881562e-01
8.141272308546049219e-01 8.795732137778825566e-01
7.109072251479310323e-01 6.894109529214299537e-01
7.330376462121866998e-01 5.869524328862200102e-01
7.335578309620321980e-01 6.423860211457833591e-01
6.922979375442978034e-01 5.644862440984738106e-01
2.914552957771999742e-01 2.704744866413415494e-01
6.775463132586599935e-01 6.120948604930452897e-01
4.679180844954900498e-01 5.114342900307004003e-01
5.586274443038928839e-01 5.857296724483108674e-01
6.674413502621719951e-01 7.694806103083110527e-01
4.314454056509228197e-01 3.544721083301878295e-01
3.804860239563306323e-01 4.428193894119141771e-01
8.042657394235207535e-01 7.919886157041585717e-01
7.280786285897352661e-01 7.356906474994006073e-01
6.830883884709205711e-01 6.656589273720520117e-01
6.949879953640539787e-01 8.232600615184334503e-01
6.650807039843585899e-01 7.286692313580666047e-01
4.414609821823143321e-01 4.942454611025299815e-01
6.803559997098096446e-01 6.133967625848621985e-01
7.726681403652935209e-01 7.568528099123097430e-01
4.108137367440733434e-01 3.405190492254279166e-01
6.276947197100621878e-01 6.037147626064853778e-01
6.829454224632940385e-01 6.748155729382518953e-01
6.716042218974974665e-01 7.230470387846276159e-01
4.549374085724393613e-01 4.889385102417898032e-01
8.699452220995114171e-01 7.954426461643273605e-01
6.017035904676681923e-01 6.420488670785020613e-01
3.178256296825406890e-01 2.731950625556053280e-01
5.894315460273639173e-01 6.116523975431690241e-01
4.741481626242517455e-01 3.546677967211862015e-01
7.405342520994082633e-01 7.302060313996896479e-01
7.942054576001769117e-01 7.437762931483198336e-01
6.132249050023322878e-01 5.649900846741494620e-01
5.697626527378645278e-01 5.441599628708098102e-01
4.154904517607526104e-01 4.950294827883275905e-01
5.527025511213679021e-01 5.724879866272511997e-01
7.229289068771995730e-01 6.993918499088689344e-01
4.165653406039334650e-01 4.226599200512012322e-01
7.298950430114012899e-01 7.530263317247203325e-01
3.539909164025173971e-01 3.150999251698117232e-01
6.676700101299004597e-01 7.169256293995569518e-01
4.278883670435561504e-01 4.032789378167670469e-01
5.480801812336593137e-01 6.329164643316989025e-01
5.174918120415650247e-01 4.887377765845886679e-01
6.058758423682848449e-01 5.086677420577030428e-01
6.202396499946831732e-01 6.350890599374436896e-01
9.202654750462658795e-01 8.367383209108057995e-01
6.077555123687365946e-01 6.801739658818715117e-01
6.247032733758940415e-01 6.594139909499884267e-01
7.904349595491596547e-01 7.074642042859925484e-01
3.809715740203499235e-01 4.246850692849610254e-01
7.132501490103257957e-01 7.090061897520765211e-01
8.796214424901205309e-01 8.554231485084720088e-01
4.882508685554067251e-01 6.484138797208788274e-01
5.306959160133004616e-01 6.495554350332208848e-01
5.069594524190570439e-01 5.472306165146594292e-01
1.024234117412793799e+00 9.652539280117350406e-01
6.649918542752473183e-01 7.273721481365962305e-01
7.299692896201056547e-01 6.523417576259123996e-01
6.920295341752717988e-01 6.793835818201332533e-01
6.697267689969844673e-01 7.503206980887101585e-01
5.175128769621106795e-01 5.821429247133278473e-01
7.676498667016480315e-01 7.692754594185673422e-01
4.581514577076430395e-01 5.851194016459253522e-01
6.301719172049206064e-01 7.146637915525885232e-01
2.001220830130018280e-01 1.610488364796338057e-01
6.846273657903472198e-01 6.635616517737414899e-01
5.272619122799968583e-01 5.529345326256591697e-01
6.780679897147875446e-01 7.190459965284278221e-01
5.904260051134211373e-01 7.673081349857733269e-01
4.773566096169529760e-01 4.623577941362213006e-01
4.454329101409178482e-01 4.899353611947235287e-01
5.643247858743378753e-01 5.383144070191119290e-01
7.740691351783911545e-01 8.082372938259988482e-01
8.831450144212470432e-01 7.412329581126902989e-01
5.969406884317366435e-01 5.912497474917356444e-01
4.679766771758612220e-01 4.586533670752354075e-01
4.333905974671509176e-01 4.137567059061062480e-01
6.624885606125683335e-01 6.829647733601731385e-01
2.547039829283878065e-01 2.142660607258985439e-01
4.652775677202918847e-01 4.441865354933017263e-01
6.631495097361813640e-01 6.623106776597921241e-01
8.849610054217638133e-01 8.519244728331336614e-01
4.348542044449804078e-01 3.477637241206083529e-01
5.080227803364590899e-01 4.702010619936315972e-01
7.614214848253342272e-01 7.941836675725721939e-01
5.047528795308378058e-01 5.032932224309056846e-01
5.451002039636542174e-01 5.528996727473435291e-01
6.116048895995966905e-01 6.732034566706257550e-01
4.945566129157004109e-01 6.060600128337607639e-01
6.550162168531077356e-01 6.594980657728060081e-01
5.687425087952632241e-01 5.527166694875523811e-01
6.047448003838711283e-01 5.654978124432978870e-01
6.041506888123374663e-01 5.737734895597229601e-01
7.412468830229256289e-01 8.222039998555653595e-01
6.714868247312036909e-01 7.159957402069546673e-01
3.189303120494097477e-01 3.283766870681697481e-01
5.224705228688142356e-01 5.543187804323832513e-01
8.212084989797621137e-01 7.562342123179557341e-01
9.327241221529867232e-01 9.008137700797109737e-01
5.734782587599999149e-01 5.204532883664202414e-01
4.749638526545137962e-01 5.011659319475921803e-01
5.730977133361107034e-01 5.186214178850540035e-01
6.719502467523513767e-01 5.659121798704208617e-01
5.867222298975989236e-01 5.952603327796113231e-01
4.221223038068481204e-01 4.978266838658536031e-01
8.331199660584418520e-01 9.143782317964066486e-01
5.268030227578518465e-01 4.829330212387587529e-01
7.261752577574177581e-01 6.318003718793888668e-01
4.902589434891325149e-01 5.102117044375930055e-01
3.800742474530897086e-01 4.746402431736481686e-01
5.628987097349320567e-01 5.576527794014973782e-01
5.568666858578706913e-01 5.482089125428878384e-01
6.564379612036279621e-01 7.617720163884378337e-01
7.435976677330378148e-01 7.226918958151291594e-01
5.496461697552462722e-01 5.076588517724412997e-01
4.739423640809158345e-01 4.935072458752286506e-01
5.251587355640120469e-01 5.390780634273152350e-01
5.705542255356754744e-01 6.022303422606847256e-01
4.747309543263864562e-01 4.343295839823771987e-01
4.895342853744547584e-01 5.234544772122030620e-01
6.783864113588784495e-01 6.657819828346787094e-01
5.046249577589950741e-01 5.515202118678558252e-01
3.208770036512847978e-01 3.265048179568417197e-01
5.512321630669823058e-01 4.757924989544699557e-01
5.704220001217181757e-01 5.606047973425853925e-01
6.361196120937968601e-01 5.954963471398992958e-01
6.477292824481807321e-01 6.819843682392313644e-01
7.994584704838566536e-01 9.373002318176154590e-01
4.456413495396893687e-01 3.636685060086245480e-01
6.103893236769947217e-01 5.880484263061408479e-01
5.679591258756457872e-01 6.047040425115772777e-01
3.680779243722375749e-01 2.983661202019332603e-01
5.470862214688043679e-01 5.597654743459705706e-01
6.159803532927095038e-01 6.215562427922922684e-01
4.524561220532331007e-01 4.837113353461445775e-01
4.127121709547307282e-01 4.998980279480275679e-01
7.273113821313440530e-01 7.596283403585978311e-01
7.090572656401066265e-01 7.202726465103737041e-01
5.351511542429773227e-01 5.645715190376586756e-01
4.044476098778956308e-01 3.924785392637674120e-01
4.487367572857484666e-01 4.675711966687022825e-01
7.726926858066011095e-01 9.421244304073178588e-01
7.511010790894199207e-01 7.789756563797356481e-01
7.081238459302392485e-01 7.213527498182878972e-01
5.608936035146986354e-01 6.358834018345828065e-01
4.587506379610172824e-01 4.757809204696211158e-01
6.849500366946457142e-01 7.448856368265321937e-01
7.390035355174011666e-01 7.265052647232090877e-01
4.077281175182130291e-01 4.419336701224950703e-01
5.793948156338269984e-01 5.932045504151549631e-01
5.972973008457738153e-01 6.074765646558997201e-01
4.192176174902891295e-01 4.264400909945194607e-01
6.762380596935665400e-01 7.050012478742190281e-01
8.777115438326414942e-01 7.316022585032799785e-01
6.472735387873375101e-01 6.994919616937541607e-01
7.567782212149192222e-01 8.444230867856785672e-01
6.577888583417185187e-01 7.505005209386391707e-01
6.998840396311621914e-01 6.649712812357014835e-01
7.131447972021928150e-01 7.362252004155706020e-01
6.386405613703293183e-01 6.950399179807525973e-01
7.556114332019059354e-01 6.864754171427378537e-01
6.596002801477212074e-01 7.860419529103417347e-01
5.537772928286148755e-01 5.629175901184320097e-01
7.624956387541206304e-01 7.894161963376258306e-01
6.470565316445990867e-01 6.929755436765041576e-01
6.466754759902401117e-01 6.300356386817523857e-01
4.790401283052314052e-01 4.234872514524641862e-01
5.615519463260352229e-01 4.705401129643933533e-01
6.710211049504291037e-01 6.552422177413408377e-01
7.104970901174858522e-01 6.919857969851217483e-01
3.248576062347705018e-01 4.168087777580875009e-01
9.568346082020681154e-01 9.821673773661466766e-01
5.671521059928301689e-01 5.281449275262304344e-01
4.535389865452669755e-01 5.205158906973272881e-01
7.040428270013620038e-01 6.619235371840138660e-01
5.307583034037581804e-01 5.720804452874965751e-01
6.155197265144730645e-01 5.481222879948483007e-01
5.687929850933698406e-01 5.903223308151260840e-01
5.220841785910202981e-01 5.438884140532925793e-01
6.512537287494819527e-01 7.591323717086138068e-01
9.303461588287323947e-01 9.921798561410316575e-01
5.173922825733210384e-01 5.018034008552829661e-01
4.557180995312045124e-01 5.223141452917975380e-01
5.433873238698693209e-01 5.717895916433149983e-01
6.966285391220115031e-01 7.938314041773486540e-01
5.661628290389620899e-01 4.633946521978432598e-01
5.005912865808278545e-01 4.430382249010768603e-01
8.088060758309172371e-01 7.289981145798012374e-01
7.928313001835352036e-01 7.554436839964695505e-01
4.980942434381493422e-01 5.047307359319320730e-01
6.536242642843704820e-01 6.207950724556164923e-01
6.761488321559390169e-01 6.876284450513143742e-01
8.380402711569192586e-01 9.059257555372921544e-01
6.127692650827253340e-01 5.981216604521596425e-01
6.039684516660006608e-01 6.812993315948181472e-01
5.346345203324885942e-01 5.153631083303894522e-01
5.730228432474031575e-01 6.626492741894378646e-01
3.955306378160053371e-01 3.430149022689853999e-01
4.025663073367262146e-01 4.297864675551897329e-01
5.226197536241540265e-01 4.270358778976677261e-01
8.790011596594231591e-01 8.999137834288788440e-01
6.797325779548603064e-01 6.384582422920567213e-01
6.773510796482710150e-01 7.045457702255054633e-01
6.390031114416703240e-01 6.388067772753931450e-01
5.784650644074021963e-01 4.862285157461042062e-01
3.225288620788893668e-01 4.222673673088688795e-01
6.269385659213345674e-01 6.228707037067581220e-01
7.502051689237394516e-01 8.115819011705427410e-01
5.293375148001613351e-01 5.145356700044492193e-01
4.748617607591891221e-01 4.713895119726819183e-01
4.171536159445231595e-01 4.803797463108859800e-01
5.364154553662126013e-01 5.341389677784047496e-01
4.835363568845354454e-01 4.948653099153519364e-01
7.398512841319421218e-01 7.101864224873840614e-01
6.479656083639406816e-01 7.465684021874274823e-01
6.581772030467601953e-01 6.564651495132681758e-01
7.083349556219328269e-01 6.313861114408753084e-01
6.470638601828502257e-01 6.105021130854937361e-01
6.087279622675293433e-01 6.183638972830062253e-01
5.153974731491555161e-01 5.113521686451145687e-01
6.199855198289335734e-01 6.124442009772560480e-01
6.330037029315473962e-01 6.516904688135418677e-01
7.676144690602838550e-01 7.175495766400755704e-01
5.367273970402226535e-01 4.967015965816592993e-01
8.724953141429377945e-01 7.623478505415969275e-01
6.855787502368332342e-01 7.631580144829160917e-01
5.264908050521026617e-01 5.186232836146793534e-01
3.006454201200925991e-01 3.189482749465188394e-01
6.130477437751208347e-01 6.763180193994936529e-01
5.772870467898610913e-01 5.222318938828541812e-01
6.946447053673087124e-01 8.299014329411927848e-01
5.194472931846962904e-01 5.546778745590401627e-01
6.729919658956688977e-01 7.420799931641950398e-01
4.567665123068974653e-01 5.598995550271504973e-01
5.636677411860099296e-01 4.390803901768048911e-01
5.202305651999936664e-01 7.405570744083826984e-01
5.168864120532453699e-01 4.959848506766352250e-01
1.480476132261271116e-01 1.527553711718636908e-01
5.953062682715586362e-01 6.262333663695875963e-01
3.910052212028027885e-01 4.047507067371287626e-01
5.823722205356476334e-01 5.361723089929171238e-01
5.542280960884353735e-01 4.696290110181043365e-01
5.357370934103240501e-01 5.212578914813128517e-01
7.146397872300700449e-01 7.051539289596042703e-01
6.825160380977532970e-01 6.522517782543952869e-01
4.702926472400101865e-01 4.976437153007121639e-01
6.477019344017344027e-01 6.118268226057251846e-01
5.880173609406369462e-01 5.682222200862121486e-01
3.704305504617994016e-01 4.469671228172066302e-01
6.011865266893868798e-01 6.091292207336974629e-01
6.814565603107313185e-01 6.714809175090078464e-01
5.103433657480672681e-01 5.219742461776913922e-01
4.392977200454538655e-01 5.396964421787322497e-01
6.441943230879214610e-01 6.800630161442995369e-01
3.544618846444461679e-01 3.805200952534264491e-01
5.571713030402063449e-01 6.053471494735223057e-01
7.413468225062275208e-01 6.796039681266671240e-01
7.257446869452641725e-01 6.655533487709059948e-01
7.770256941706656928e-01 8.197123209869967564e-01
6.448347303334058811e-01 6.882055497758128304e-01
6.035790610410896040e-01 5.955916219871673079e-01
4.481159767568285157e-01 4.589669034489577970e-01
5.249326523070582118e-01 5.077740588779978692e-01
5.931556432817259861e-01 6.003997042886881630e-01
6.839285461914561548e-01 5.845003209812766887e-01
7.488345203545689888e-01 7.142526014320444983e-01
7.698040166114801242e-01 6.613446439702304058e-01
4.188244407281202508e-01 4.532605975056721026e-01
6.362166188903367603e-01 5.348931969864346714e-01
7.752651620205962546e-01 7.418055660199406320e-01
5.632755742012663935e-01 5.750520357729799192e-01
5.911397809252260105e-01 5.812324259723048447e-01
3.899582658755338938e-01 4.810647391388172545e-01
9.790522828699744773e-01 1.004239740257322877e+00
6.004135293600759704e-01 6.652429452703328971e-01
7.155730915481226528e-01 7.601663233924118579e-01
5.966025802212939766e-01 6.463994383507234431e-01
5.920248785663507762e-01 6.298496343950422682e-01
6.354951766710847938e-01 5.982675604410347958e-01
6.466322606211046820e-01 5.803421618285641292e-01
7.425091507326853080e-01 7.050697032454626978e-01
4.774211190838785757e-01 4.531588691207390496e-01
7.924488588434678293e-01 7.671124862214983020e-01
5.723809360852619710e-01 5.579520147077040582e-01
5.978368151107918971e-01 6.557390156835608552e-01
6.216042863481214820e-01 6.022877698584150341e-01
6.282547220294542045e-01 7.019419562902015075e-01
7.412319915899896472e-01 7.060259037356737544e-01
3.915584445797642421e-01 3.546076373965280637e-01
8.315255068902296376e-01 8.135407645601233639e-01
8.991232408350762206e-01 9.307678316929854923e-01
4.201982446097364821e-01 4.049156515492077779e-01
5.337557634583900423e-01 5.954768690510436890e-01
4.890080580987659631e-01 5.465646945664636158e-01
2.846562123657396803e-01 3.119136809939865307e-01
4.965369552711119128e-01 3.872365114166984035e-01
4.673298608281628019e-01 4.474228583724960129e-01
7.810077879564135683e-01 8.651009569383828479e-01
4.863906439923310621e-01 4.899929289910852082e-01
6.502231613238438346e-01 7.090190911637175297e-01
4.033865024350045680e-01 3.788118166264141107e-01
8.539171010751989144e-01 7.786580470195483272e-01
5.929563333580616380e-01 5.116879382144496891e-01
4.164082037225472765e-01 4.503533597691290469e-01
6.511729867103583924e-01 7.245212847606885553e-01
6.651913875660856457e-01 6.678245031477539895e-01
7.214541740702186123e-01 6.402787228477514470e-01
4.548546009410914803e-01 3.182864348697253543e-01
4.185310154801478721e-01 5.031796876069081215e-01
2.920942657595338998e-01 3.500312718406002332e-01
5.532251511099494090e-01 5.468977113297529558e-01
7.251865229909698618e-01 7.496775552604643122e-01
6.134820465944108570e-01 5.059546836574970730e-01
5.982410871495412730e-01 6.089651729995614327e-01
5.595407354393822086e-01 4.687548877942949166e-01
5.866134159618463517e-01 6.233950077201471096e-01
4.749113097611092349e-01 4.778794196201265332e-01
3.204240236273069864e-01 3.683382151679644445e-01
6.959596772418213950e-01 6.682344409227486404e-01
5.703952727690558833e-01 5.225669006707315267e-01
6.159521302904654716e-01 6.214759584049965868e-01
5.271242796972387401e-01 4.508205555193703917e-01
5.196295289702330678e-01 4.128443721787968257e-01
5.572558915699539206e-01 6.067252549157331476e-01
4.359328427070721101e-01 3.757991701154170805e-01
6.676427868144282352e-01 6.476178730698788355e-01
6.921153655104658187e-01 6.593114124185720515e-01
4.819172033533328792e-01 4.364370659887959469e-01
7.233491045845681366e-01 7.382396754682867268e-01
7.032552896450615654e-01 6.542457940207159206e-01
8.177213746811387018e-01 7.495336299033250604e-01
7.432385168994833924e-01 7.155458727169564659e-01
6.094064865195031322e-01 6.754048708036380910e-01
4.487648739484284000e-01 3.824264423218169395e-01
5.949493788301000174e-01 6.651547473085422935e-01
6.267573437730693531e-01 5.761391116117091649e-01
6.099124698119838817e-01 6.150665342424822546e-01
8.103841282130676005e-01 7.743645274795581956e-01
4.977605027073502830e-01 6.221588530304446030e-01
4.421247407270998964e-01 4.658133015823472944e-01
7.275232633119552705e-01 7.649481210497450778e-01
6.184019592320101344e-01 6.304638818887392526e-01
6.388458324917990483e-01 6.623868501593669356e-01
6.728556329378579948e-01 7.877179737968261763e-01
6.821385603908582951e-01 6.758818436633873272e-01
5.970750500940726901e-01 6.008748284355232006e-01
5.731278936834507398e-01 4.688194400982851895e-01
4.336762706892873243e-01 4.766678857029079119e-01
7.877973147216343897e-01 7.006995306579679728e-01
4.111250011774916224e-01 3.918578694252362604e-01
6.334934312271943702e-01 5.354933592027909528e-01
5.765974313832717968e-01 4.995802967792395410e-01
8.212873395247932695e-01 8.203529074042297253e-01
4.782523526986828255e-01 4.545227003689887857e-01
6.115340513530842514e-01 5.640135758235129693e-01
5.830980489549354440e-01 5.817916775718291467e-01
5.931233244497373658e-01 5.937146209105843564e-01
7.166052375771554406e-01 6.684988096599875362e-01
6.699823355487514176e-01 6.577446323700587572e-01
6.304580174542484539e-01 6.932860236136115795e-01
5.431729536877883957e-01 5.400220991439198537e-01
4.823139642860694853e-01 4.281536981029869238e-01
7.007638855428311997e-01 7.192910476500838923e-01
5.967811064547675626e-01 5.554908448833385526e-01
4.301614243033898277e-01 3.931833416027675221e-01
5.330959350912257699e-01 6.262777637036861522e-01
3.977051514086419326e-01 4.673975573104757197e-01
5.349614409632316159e-01 6.110120852303014827e-01
6.593322862473940393e-01 5.606788462044995924e-01
5.518546991816359881e-01 4.907235458363521374e-01
5.198435780009965645e-01 5.623249509287194803e-01
4.933915436090468010e-01 3.928130215831974192e-01
3.947501850555132918e-01 4.342253906618792625e-01
6.609974081532178358e-01 7.298649385234504683e-01
3.566747380459822092e-01 4.622245451296998486e-01
5.381470187520066562e-01 6.134950088303771087e-01
5.879406917547959077e-01 6.150354217816392799e-01
5.348214549172919385e-01 5.139441121160114312e-01
6.232225578618620920e-01 6.422458521242672136e-01
6.301138914553208181e-01 6.537423014748702244e-01
6.948595399945548534e-01 7.217439658895107302e-01
5.910623210997558719e-01 7.365481064463306193e-01
3.994525172965286419e-01 4.625451342083233275e-01
6.847583818961234803e-01 6.787979437697136964e-01
2.911666752536704594e-01 4.028099064450840761e-01
4.292649500967999909e-01 4.813522541446217939e-01
6.156691264664102547e-01 6.429747809533954417e-01
4.457539484854002310e-01 4.955175621926322660e-01
4.599920006690339513e-01 4.853572632595834491e-01
5.409117647592696088e-01 5.568477343541931024e-01
5.384940168098826252e-01 5.752124291541371726e-01
6.977277776635087969e-01 6.833636169221354306e-01
6.003348835607055234e-01 6.032605325938001917e-01
6.787538821595440197e-01 6.303094306159944260e-01
4.942558790160572202e-01 5.663587242530797594e-01
4.438651579672401315e-01 4.458535428209144946e-01
6.054085074000199462e-01 6.115063891479257663e-01
8.553068329879699450e-01 9.122609826834590097e-01
4.099925319640423393e-01 3.828823787200528739e-01
5.240553535087887349e-01 5.230153112216738842e-01
7.365576123652218810e-01 7.094173174326333653e-01
7.891398180828029796e-01 7.344601502309630048e-01
5.937645045534509780e-01 6.452733246140540668e-01
5.256037985064804241e-01 4.094656420382978279e-01
8.279666991571305035e-01 9.453036562098003914e-01
4.647483948948039068e-01 5.018065628926311472e-01
8.093334045116840070e-01 8.007203473292123785e-01
7.929398767026013539e-01 7.160180977793230150e-01
6.651900233529057793e-01 6.481248475337102466e-01
5.686330522241693775e-01 5.235987101925074771e-01
6.107219578035896212e-01 5.885288372539780877e-01
6.022287476544464502e-01 6.222572940656166951e-01
4.790857899619038740e-01 5.061318155424263665e-01
5.294115064646195412e-01 5.440710383808139428e-01
6.215955937168207157e-01 6.630317027582512956e-01
6.579167376914281107e-01 6.194021105609399669e-01
5.739101852907841916e-01 6.805379403865849941e-01
7.911513007129473696e-01 6.972589554290011815e-01
6.193157662132597885e-01 4.892924309551667239e-01
6.228394703002263499e-01 5.730683424320907049e-01
5.380251724863454044e-01 4.804796466990521875e-01
3.835772027782070048e-01 3.543231384520036387e-01
5.211735623889603986e-01 5.190082489780678543e-01
5.471725691180501228e-01 5.246634363789547395e-01
5.249379680576260476e-01 6.100783449670126313e-01
4.528124584938883479e-01 3.880177350762446520e-01
4.308133880195144094e-01 4.552386608522586142e-01
6.080389461169810605e-01 5.141530626687891292e-01
7.678486120662725289e-01 8.174915635648433154e-01
5.995463303244864539e-01 5.987343575625764247e-01
5.449519472678886478e-01 5.297991221853374233e-01
5.554780129494830687e-01 5.032477850969209188e-01
6.041177302464986187e-01 5.878467449240516451e-01
5.741326550804930484e-01 6.183118226493211633e-01
4.669105267984327012e-01 5.185423203431350769e-01
8.465214757160268721e-01 9.208331719868330101e-01
5.968312769804774431e-01 5.953693219316776863e-01
5.687886584185952721e-01 4.918867958144417241e-01
5.159260500765401325e-01 5.085062755649176758e-01
4.798406894207074558e-01 5.537740875114176564e-01
4.288597544661588712e-01 4.590670828857543739e-01
5.484608131890560401e-01 5.420619403796771429e-01
9.020482028098153471e-01 8.353053445219640327e-01
6.816862884212940843e-01 6.533299471983039508e-01
7.062364181532355678e-01 7.154438270057313920e-01
7.385261116975163631e-01 8.073567595961947951e-01
4.140351275623101457e-01 4.499479330181283543e-01
8.023427129848242911e-01 7.666324817896289501e-01
6.023760971397128516e-01 6.685513952682841099e-01
7.114547447884039810e-01 8.479255143485066037e-01
6.993835574445740333e-01 7.559609758834916482e-01
6.627179370227612720e-01 7.250443832410012890e-01
3.874155193320729662e-01 4.249523838946633880e-01
8.235751349425576295e-01 8.742891829388311775e-01
5.779587315015218829e-01 5.429136107808990586e-01
6.990207606439379218e-01 7.395961589145195747e-01
5.136452221534286711e-01 4.689991221767120244e-01
7.625282828738126906e-01 7.347694989292525847e-01
8.833536454102931534e-01 9.120685725918366016e-01
5.419290020683698028e-01 4.502472109801918254e-01
6.314663627035677074e-01 6.608951645565288580e-01
4.298253205213035111e-01 3.595063690346211871e-01
4.933570634384852327e-01 5.236300815298529088e-01
3.759595199189885162e-01 4.084887839567498680e-01
7.449627986815111624e-01 7.642981559301785799e-01
6.783958194810288944e-01 7.556230073284078141e-01
6.365422227942725275e-01 6.493958286860466167e-01
7.013372112026747818e-01 6.073990639505746358e-01
8.145080366072446898e-01 8.249373154952771570e-01
7.827298540614144873e-01 6.748445217927854234e-01
5.278672904346571881e-01 4.764370632028119279e-01
5.828032725771588041e-01 5.779821967152209972e-01
8.338732848758712013e-01 8.660126469508810931e-01
5.309328788075061700e-01 5.972514114855141942e-01
7.355214675905383803e-01 6.749763521297378333e-01
5.460276540520060395e-01 5.754361610911963298e-01
5.503267002680428677e-01 5.568019810904328848e-01
8.032049355862709294e-01 8.149871241001909183e-01
2.516510059591137161e-01 2.841968228434748056e-01
6.973385162215437472e-01 6.312014616793555355e-01
7.504480081592143081e-01 7.780397924256442499e-01
5.771654957077402281e-01 5.896817452439940821e-01
4.477633512821331263e-01 4.808232213824580881e-01
5.145864351733507869e-01 5.660786287643008174e-01
6.982775852721132548e-01 6.584020158075716278e-01
5.631876362739319797e-01 6.230951658776250346e-01
4.156575313866305854e-01 3.935560184956497509e-01
5.819705196619978649e-01 5.650616084778251613e-01
8.010390990798982314e-01 7.063069139204941616e-01
5.144714251763303769e-01 5.211878801474109091e-01
4.742717882032284060e-01 4.461919617818980721e-01
5.806100255524693221e-01 6.704029011406815730e-01
6.766890518415544786e-01 6.928047903313261369e-01
5.870141533518413723e-01 5.794620940068846426e-01
7.663220986977057336e-01 7.949772491877491465e-01
3.200715140690854055e-01 4.301047215883280206e-01
1.886221061881182826e-01 3.479805958288099133e-01
5.149423520257702114e-01 6.308912495689192879e-01
5.831661915980050903e-01 6.098011127518432328e-01
4.848518838654471974e-01 5.831956042756598624e-01
6.189626415436426665e-01 5.901581948717864456e-01
6.150672879190212106e-01 7.287581887821644733e-01
6.013278508689157142e-01 5.288616244494515062e-01
5.538815422366325514e-01 5.238513238806370431e-01
6.288438681596796309e-01 5.505382985347221370e-01
4.101718958399797055e-01 3.575327778685700730e-01
5.384013273923120568e-01 4.809306369022457450e-01
7.873558101043697244e-01 8.406140278847190617e-01
7.594127923435305405e-01 6.879182079253396420e-01
9.885622816267275459e-01 9.941229773318579488e-01
3.793526085304882445e-01 3.212631178838990520e-01
6.777047170632919393e-01 5.869152140982587529e-01
7.623467689231755440e-01 6.877428801088150134e-01
8.168524629459716913e-01 8.129529658209755372e-01
7.712262629916835088e-01 7.194482063552443130e-01
6.650129185712121416e-01 5.701187604850921353e-01
6.841568685716160614e-01 6.161415050114705805e-01
8.271904423211995372e-01 7.757347775889307240e-01
7.355706008329185863e-01 6.312260952032828776e-01
5.714668110112314237e-01 5.368814775409261886e-01
6.233107283557843825e-01 6.428292458104269969e-01
5.132669107907781303e-01 4.208691298553834392e-01
5.154569485258198025e-01 5.276466427658303981e-01
6.490409356424345910e-01 6.995061130032792507e-01
6.799544460119082423e-01 7.000603587102096625e-01
4.712486120949580526e-01 5.620567160115000904e-01
6.290177361134706713e-01 5.875171671968612008e-01
8.341548885121784496e-01 8.230795296251000037e-01
4.432961968907502270e-01 3.898346897099465580e-01
6.274338734055628919e-01 6.157053854787910563e-01
6.059600185236978520e-01 5.570086264532144726e-01
4.429897467088205754e-01 4.992106550606583704e-01
8.149837422772379103e-01 7.817039852178129244e-01
7.434978994859827717e-01 8.750345104391400453e-01
3.563441680201609452e-01 3.297800504200370519e-01
5.882613553110878080e-01 5.948278893540921430e-01
4.385891954792355829e-01 3.533238839042739388e-01
7.375095180027970709e-01 7.821914960499909419e-01
7.517361259782584515e-01 7.341730529515535508e-01
6.294530214888338637e-01 6.207216100750840848e-01
