3.234150209627338901e-01 3.520654800185107902e-01
4.858325267828083049e-01 4.414344857788723431e-01
5.956028628004248482e-01 6.301035026278778428e-01
5.226460766645931733e-01 4.959590596626020642e-01
3.071701131023561460e-01 2.828694895859073521e-01
3.972018132038131477e-01 4.303050081433985041e-01
5.179517304635324892e-01 5.083951418922999510e-01
7.123839064559810419e-01 7.183972789326186215e-01
8.333361722355756562e-01 7.970801141551466795e-01
2.910006632873657906e-01 3.082070049375981724e-01
5.880146988923413698e-01 5.273080230966751270e-01
3.958886187129045942e-01 3.864459305005893963e-01
5.201036649871692008e-01 5.642131071059580671e-01
5.238357134216192756e-01 5.335607182762339695e-01
4.094280758161413791e-01 4.597593613605761576e-01
8.530621894821057705e-01 7.575340875203646629e-01
6.157254779087995011e-01 6.475688026090822280e-01
5.423798473501978412e-01 5.601587847132910580e-01
3.845803200890294815e-01 3.845764623748638145e-01
5.086255344777477205e-01 4.595924806726736644e-01
6.486353234185692207e-01 5.469020346029666024e-01
6.397585994440784241e-01 6.149951081860458579e-01
4.558489199944618098e-01 4.397095426736759571e-01
2.161982066897969734e-01 2.131750437244923913e-01
5.991032705203008790e-01 4.752747821898105074e-01
7.401612207028331891e-01 6.751366841228489957e-01
5.471502867842774620e-01 5.956113834856371358e-01
8.326166526710712112e-01 8.684078998117323867e-01
4.814073034127462902e-01 4.139336080019577757e-01
6.283395127877120512e-01 6.475359783563523486e-01
5.468954095279249250e-01 5.789395535980884633e-01
7.976744675936344731e-01 7.862607195405513227e-01
6.119445700439457569e-01 6.110412297021662331e-01
4.452974381788434299e-01 5.521399407961359307e-01
6.093221852280380491e-01 6.350051175438814477e-01
6.789297630154297325e-01 7.291279318482161154e-01
7.895083313828428206e-01 8.820868480322667793e-01
5.004260330546401736e-01 5.686985070990204783e-01
5.843626360791742691e-01 5.856079585050943948e-01
2.751191745996732774e-01 2.386393092773526903e-01
6.477276705605130580e-01 6.641396882854206929e-01
5.660740449895860227e-01 6.701244623936362110e-01
7.679418468553792509e-01 7.690329770282212651e-01
7.537294018682831886e-01 7.404638878310312311e-01
6.862338779059737881e-01 6.573974836743485817e-01
5.521030278890015630e-01 5.137385446371758313e-01
3.914534787087484702e-01 3.857331174334821533e-01
5.297048691534387288e-01 4.447220066174308317e-01
6.981015213998338353e-01 6.731968653580293616e-01
6.150028367992647071e-01 5.740174692307650206e-01
4.827876878801900529e-01 4.622204018311869000e-01
5.129926882474372674e-01 5.274096875175945387e-01
2.992560035765989279e-01 1.929049602108164896e-01
5.485856953216570187e-01 5.719647262160094670e-01
2.763988209728452938e-01 3.242291581916916243e-01
6.247583169270004566e-01 6.021251977698122149e-01
7.750877121860347829e-01 8.634880132518570894e-01
6.628474011069941385e-01 6.222731078803426241e-01
6.162634921274171562e-01 6.760853300222756657e-01
6.031873466475137224e-01 5.882957507408643760e-01
8.205935348616428815e-01 7.790598476423788998e-01
6.820261959967258703e-01 6.941967413754571714e-01
6.050678566509506418e-01 5.336710813487910432e-01
5.274182405252970662e-01 4.912720932030134047e-01
6.843730182629399472e-01 5.827418716699992451e-01
3.842750520772603151e-01 3.595168272041996405e-01
7.536464668536357880e-01 6.896598158864801764e-01
6.997327555182529801e-01 7.371696480753137104e-01
3.972698925885876364e-01 4.512939430745583347e-01
6.008799320017677026e-01 5.747699641550938487e-01
6.425060588134059447e-01 6.409248618914971107e-01
5.042287508341125601e-01 5.225465231548465095e-01
7.297141649066454239e-01 7.219730894752196537e-01
5.744626160944216187e-01 6.025042226186446692e-01
6.056793023505144813e-01 7.046170425414866045e-01
8.250959799798747163e-01 7.671907621132552091e-01
6.046374352079033621e-01 6.702532854925864481e-01
7.089900339375546645e-01 7.399137615729677320e-01
2.040720756857980489e-01 2.401671275315049314e-01
3.420155150092767382e-01 2.803451893689903329e-01
5.063426516205673522e-01 5.509007912327152923e-01
6.593093283058639731e-01 6.475296661678613397e-01
9.184982527151129839e-01 8.844792722945776786e-01
6.538229197939959825e-01 6.097616552078211072e-01
3.857025387818175388e-01 3.153867959034865609e-01
4.571558018031299797e-01 4.860148475782347655e-01
3.503706279724689843e-01 3.698130356207266489e-01
5.981640248276304250e-01 6.321069290002155894e-01
2.958187596040238732e-01 2.573116084574533224e-01
5.171077427234966883e-01 4.171568305493539297e-01
8.731279059628506145e-01 7.587448914273838829e-01
6.544129779150255066e-01 6.423458232600666173e-01
8.004698991631462590e-01 7.546398736622381698e-01
5.858110487267121913e-01 5.340520672970455740e-01
6.923739081292344943e-01 7.419060482463669670e-01
4.562771193869387121e-01 3.768262816814860194e-01
6.004778325770671055e-01 6.529507289585615437e-01
8.068487891440674353e-01 7.696196651525459842e-01
5.336599885366566376e-01 5.762802662941191034e-01
6.451846331293119574e-01 5.918563017062906662e-01
7.666796020586563731e-01 6.538518941141080454e-01
7.566127676839118354e-01 8.105713973537738148e-01
6.829035247794686958e-01 7.490918277725061580e-01
4.773050876976419055e-01 5.155571543602684992e-01
4.294403864222378076e-01 4.820390327414708631e-01
6.190659080143710025e-01 6.251539330705522257e-01
6.347025049948242792e-01 5.650668159110716626e-01
7.668389250050239303e-01 6.732479273903976269e-01
5.954381716918346612e-01 5.288550839097982958e-01
5.968629189182572681e-01 6.325137551031019267e-01
5.541807268926496333e-01 5.767264229430565381e-01
3.053333981004945907e-01 3.809293600470251007e-01
5.748001303658089034e-01 5.855055016222566744e-01
7.556060091283810509e-01 7.128352493754276376e-01
7.451213591176042428e-01 7.786642248618613760e-01
7.470609102764256271e-01 7.833338332914467905e-01
7.375630388143873395e-01 7.283873342056722544e-01
2.638941357869770687e-01 3.404346154988174833e-01
6.274285513111155232e-01 5.477590910809000402e-01
6.917729674025537845e-01 6.009866643957536558e-01
5.235987910238278920e-01 6.132228513744638621e-01
5.551160136439161619e-01 5.134963600713162712e-01
3.597019980144624540e-01 4.241173886136582194e-01
5.690636996869009590e-01 5.832437559618808276e-01
7.111028485184878178e-01 6.843700083306196724e-01
7.603245103736836485e-01 7.321766927816998338e-01
7.366769940270829764e-01 6.983225545917151056e-01
6.801808455487722282e-01 6.480564544620758261e-01
5.750421123013674807e-01 5.441688037625337371e-01
7.946684184833497921e-01 7.860525739577611803e-01
6.043458491076254546e-01 6.443093732991838074e-01
6.866568879116859980e-01 6.274540055571468100e-01
2.922289672935140525e-01 2.967417623481975464e-01
6.188073783487931800e-01 6.246681671390418300e-01
5.689237102699180593e-01 5.066940604275780302e-01
7.313410302757956671e-01 7.061939524767155696e-01
4.967293871639131275e-01 4.904123175243098043e-01
5.257002092041364039e-01 5.437544480254069557e-01
6.559212332547964541e-01 6.519453454394065206e-01
8.661819263782210010e-01 9.062440558124679191e-01
6.606918802318917372e-01 7.014514628831054477e-01
5.917764851244751156e-01 5.209393108810826956e-01
6.328836796033660006e-01 6.485845624816567456e-01
4.521047916462681004e-01 4.424038577171497955e-01
7.758994641300820394e-01 8.319442535953771589e-01
6.441572306403159365e-01 5.441108159000108691e-01
3.567332828263199418e-01 3.577319433118164027e-01
8.392715049318572040e-01 8.434665804021116431e-01
5.431809092637938097e-01 4.561933481582337579e-01
3.371221480224782518e-01 3.521250117200084850e-01
5.857581127960398426e-01 5.622579110774201805e-01
7.992650786041899380e-01 7.882258275215798804e-01
8.881635462868203712e-01 9.356291101244528230e-01
6.390150445760135467e-01 6.679542872849723034e-01
6.660664334998568359e-01 6.808048150250313180e-01
7.921387028388147122e-01 8.368887495530543674e-01
4.788380772578178513e-01 3.641291640991782264e-01
5.417268097974925478e-01 6.388895043551781061e-01
6.538837773048248314e-01 6.155897046914274862e-01
1.089765133094494409e+00 1.073126431263732528e+00
7.939831935625863979e-01 8.139209240278882929e-01
3.137538861350254171e-01 3.218256205373357659e-01
7.468000311489761955e-01 8.142239355183564786e-01
6.847303735576883987e-01 6.685382678552638236e-01
5.870367481852371006e-01 5.743181311856427884e-01
3.982332728172017222e-01 3.974136129500594472e-01
7.857325100026688602e-01 7.793551286117506027e-01
5.046119095836472113e-01 4.877266938967360632e-01
5.495313603400564517e-01 6.051051771845343819e-01
5.343602462937367958e-01 5.276253823051334502e-01
7.898790460080955533e-01 7.485840796823550747e-01
4.822715899861804711e-01 5.099572075909153401e-01
4.368728110744951043e-01 4.107351116895505139e-01
5.821097925301053078e-01 6.523335031499168934e-01
5.939698636724083380e-01 6.216266549573784550e-01
7.037122812955858286e-01 6.857784961974071614e-01
5.399117064611953509e-01 5.902008183239539907e-01
7.462479758148916620e-01 6.550172802617291179e-01
5.659812107489716748e-01 6.389429361764185078e-01
5.976761856505298232e-01 5.712910394785749579e-01
7.518847351161798143e-01 6.993209083627184297e-01
5.518451868741407473e-01 6.684065810340573677e-01
5.343064048927853582e-01 4.992313665583227311e-01
7.181571664940008537e-01 7.207888923590305419e-01
7.639828072443152207e-01 8.635554678907862991e-01
5.450788739270775451e-01 6.226191049785398945e-01
7.344436553854268857e-01 8.328571947218109672e-01
6.361038197572198571e-01 6.525574804386510275e-01
3.972990428463268886e-01 4.624775237619316304e-01
6.974965093235976354e-01 6.885112148952834410e-01
5.703348514902569777e-01 6.784649565965560347e-01
5.396184619201488397e-01 5.492787867202261198e-01
6.012279479080847588e-01 6.304202199134166795e-01
5.089588824151847213e-01 5.116033516425857464e-01
5.935635534577664574e-01 6.147483475287375265e-01
7.442462538268803662e-01 8.462213461921392899e-01
4.217383252324665710e-01 4.579164609707921940e-01
6.514587773028404083e-01 7.137257888545029960e-01
5.110894851275186168e-01 5.041851907929583154e-01
3.269424379613768972e-01 3.541266690680109352e-01
6.880030660196557735e-01 7.553274243053279546e-01
5.868708161927328470e-01 5.818433333558069576e-01
6.450905464098690700e-01 6.499230605705919039e-01
4.843361277503238083e-01 5.119012817188435260e-01
6.371852189615675455e-01 4.604704953240689180e-01
6.709728982422542565e-01 7.355196644066215317e-01
4.168587797949330764e-01 3.544041293226832257e-01
4.206977557378996369e-01 4.193663603457351008e-01
8.261420258087452950e-01 8.477472207920080383e-01
7.398608571849869531e-01 7.175114508855509055e-01
6.995501782954830494e-01 6.748564113184999380e-01
8.473525864339433999e-01 8.310720025179169079e-01
7.968211201927422049e-01 9.190893094573773237e-01
7.064910312905680057e-01 6.676183843427633269e-01
5.683632633290757186e-01 6.221222392960309433e-01
7.041870527710368810e-01 7.675363554290014489e-01
6.432098869983644551e-01 7.229876598785538455e-01
7.679372430555860829e-01 7.209378296833014454e-01
7.912218815472989997e-01 7.857183776288069188e-01
6.343104054506467637e-01 5.651834920368361548e-01
7.598056474698888785e-01 7.343130583914536658e-01
5.635885783029789264e-01 5.101489621675882047e-01
5.396103839672535818e-01 5.206489366569014843e-01
5.379372382278689857e-01 6.217951254365315927e-01
7.339438638521189606e-01 7.643943291225498982e-01
6.880612857926051706e-01 7.474766998524873252e-01
7.020651092945736638e-01 6.838631976564061299e-01
6.362057707554543695e-01 6.788815038172429928e-01
7.641731451472768555e-01 7.616155503168209329e-01
6.122568040521797483e-01 6.355219631269150016e-01
4.802009010156389479e-01 5.217681092734411941e-01
8.588644780926220079e-01 8.323552791521482419e-01
4.660241822079114193e-01 4.982415813137871519e-01
3.754084576330697365e-01 3.524250425902610839e-01
4.173885871081195464e-01 4.158365128278697087e-01
9.583235263108922375e-01 9.396335473786334713e-01
6.026970126537971595e-01 5.873187469473966082e-01
4.990348127694236302e-01 5.394079781945618768e-01
5.851801148469513159e-01 5.914842937654563038e-01
6.984825323155162691e-01 6.813580548078707055e-01
6.582706581336731366e-01 6.736193117956462695e-01
7.289520291026450050e-01 6.626674000549304111e-01
9.055631076605042962e-01 7.979886532788235121e-01
6.878010594606284167e-01 7.021838410681743303e-01
5.884475180362336300e-01 5.602771583235974795e-01
6.160112126813526157e-01 6.268818923387264874e-01
4.326301548208625891e-01 4.371299172683753009e-01
5.471666660063024823e-01 5.601687471920872019e-01
6.067854300977501003e-01 5.650305005258718927e-01
9.375005449699543858e-01 8.197233225569636739e-01
4.920099686598256028e-01 4.810203314415606446e-01
3.424341330012766749e-01 3.843086829808867178e-01
6.684076955648787788e-01 6.263213041840769435e-01
5.968675718523647200e-01 5.140487756685240273e-01
6.033848064859121951e-01 5.109576230695325183e-01
3.944387369225796913e-01 3.363860485588495708e-01
4.559927371437333399e-01 3.864692316112611215e-01
6.836837225663746631e-01 6.512798654984576219e-01
6.730523747335589446e-01 6.443397384414352169e-01
8.280858172361675873e-01 8.352116560172084814e-01
4.999655771537910853e-01 5.977559544679146297e-01
4.154421960615526377e-01 2.964767636972286402e-01
5.588804187604246021e-01 5.885766863109211933e-01
5.995281784112767021e-01 5.886703620324580388e-01
6.061178241235146702e-01 6.506991362246868915e-01
6.391954183134036516e-01 5.776634801739222169e-01
6.762929985937611299e-01 7.029732903993504145e-01
5.266198073072381192e-01 5.632305009279454655e-01
6.207876780710160913e-01 5.440794178485394150e-01
5.419101256684629719e-01 5.104228460654088861e-01
6.395740802917034840e-01 6.709814622739861401e-01
7.406228560284379148e-01 7.563745269560410156e-01
5.678118512315705191e-01 5.508723564133332085e-01
6.323981683834998258e-01 6.587882985367392585e-01
4.811948839431016145e-01 4.746735228331827594e-01
6.005821993606099696e-01 5.420822682543697812e-01
9.031322795428362582e-01 8.990529085992073899e-01
4.935131280498004092e-01 5.204341564134065123e-01
6.180908909902859127e-01 6.358320516567382841e-01
5.281026053727831959e-01 5.717588744318221616e-01
2.911690090362564765e-01 3.753556382544619985e-01
7.268401476893642243e-01 7.731990015125189686e-01
4.238249307533799581e-01 2.944796017707821956e-01
6.324201127958786195e-01 5.575671467853717811e-01
7.023751471773000965e-01 8.403196282255027683e-01
6.004436434772352227e-01 5.384080433867165505e-01
7.058594567237772566e-01 7.392667713429548204e-01
8.194310977028370635e-01 7.690528738522744989e-01
5.707790716407458165e-01 6.012709251154962908e-01
4.284213157973170150e-01 4.403603418703785355e-01
5.224106161942386750e-01 4.848902427194635156e-01
6.407641249328850375e-01 5.910747167920789025e-01
4.393063488309455478e-01 5.287353586877914235e-01
3.930072756721679217e-01 3.975415999837875192e-01
7.614890307630176602e-01 8.037786642878322896e-01
3.344926491358746201e-01 4.334260820749831211e-01
8.317741788554137150e-01 7.516396288093517564e-01
6.553081400022811032e-01 6.829639185925564515e-01
6.601786799041422515e-01 6.057741146075519278e-01
-7.234308596616697076e-03 -2.503178013076823999e-02
6.518433700459689284e-01 5.261471529650540990e-01
6.439621368703266624e-01 6.265782169579275918e-01
5.874289265857447484e-01 6.171090309947325769e-01
4.497962326111233922e-01 4.235114076119757542e-01
6.734309899237904684e-01 5.436201811191305744e-01
4.458839383225634001e-01 4.814543111590679492e-01
5.263464749000599241e-01 5.072597830103353633e-01
5.506433021611072398e-01 5.358670664410143392e-01
6.866771019168269596e-01 7.335091823218065077e-01
5.364739502878957955e-01 5.339245723139124378e-01
5.202742413202099403e-01 4.753319798194958756e-01
4.299435918108150956e-01 4.147412948501074670e-01
5.465890521585560213e-01 5.742891180992751865e-01
3.450418249224756484e-01 3.700851695100027539e-01
4.242986498336152046e-01 4.626232968079239116e-01
6.225763859314843440e-01 6.167470995721877625e-01
5.930153787546746935e-01 5.369763756346100925e-01
6.190596790911512270e-01 5.669689476205604928e-01
5.526164726403862693e-01 6.308723072584624392e-01
8.173424514200612334e-01 8.022663030714370924e-01
7.019846107850604700e-01 7.524845540828810631e-01
8.186205244011635074e-01 8.730909251430745144e-01
6.638495623573062998e-01 6.002538467589272342e-01
7.031720271864545513e-01 6.331509724295112385e-01
6.818512240104330768e-01 6.945172614767227692e-01
6.339800084633698818e-01 5.204757157408513857e-01
7.080440728606917089e-01 7.120609060750279218e-01
7.197227940847736871e-01 6.904610191618092419e-01
6.641682357598893693e-01 6.513392599870514443e-01
4.459898137247672034e-01 4.080962335288601528e-01
3.504971140081780123e-01 3.051635749205010018e-01
7.700717743702876206e-01 7.480753960804384928e-01
5.279352560687742280e-01 6.217193716867082109e-01
4.660006466779890166e-01 5.351621022867542043e-01
5.804703926082683818e-01 6.578703690116702862e-01
4.946757516397636834e-01 5.497215657281732115e-01
5.623323186221428349e-01 4.512985639200656207e-01
6.559612573841385741e-01 5.927886210438703118e-01
4.886906771319471932e-01 4.844716574607170201e-01
5.967791354752719490e-01 5.508455373542296973e-01
7.476146097918933142e-01 7.300121447695419041e-01
5.441549349540274472e-01 4.574462184016206967e-01
6.800717895233611143e-01 6.985078330659780788e-01
4.782250272600798713e-01 4.553538250505777540e-01
4.509386546868273671e-01 4.031179611342396996e-01
6.492748095168454636e-01 5.956125982002449248e-01
5.627316540422971913e-01 5.728214497724771759e-01
6.264259784081146476e-01 7.121278856749136965e-01
8.351280090183347271e-01 7.902147427867386442e-01
5.551825715966314245e-01 5.659236949487085333e-01
5.607407154955748041e-01 5.717266360031239003e-01
3.356722856502353802e-01 4.055703346758944838e-01
8.148209869134329653e-01 7.306825372177651046e-01
4.488005779774343340e-01 4.526127030846009980e-01
3.537941004452652694e-01 3.404970210102126194e-01
4.115796536437175690e-01 3.990857987913140614e-01
6.823441341212646005e-01 6.266672692023413926e-01
8.428482721844469117e-01 8.720880671892893288e-01
7.786535505222665909e-01 8.377659216861629288e-01
4.447012713443416199e-01 4.869243708654598657e-01
6.790833001393161705e-01 6.168359900507429661e-01
8.093968768465077401e-01 8.189228498447717053e-01
7.381571744969553928e-01 6.642993828673983137e-01
4.379516123998906663e-01 4.211998003255622569e-01
5.821668777268699246e-01 5.620059314839508380e-01
6.731906250449805063e-01 6.578781326640149585e-01
8.315460563365036917e-01 7.570724185946767770e-01
6.293644032118440590e-01 6.909359541389300530e-01
4.505921576736107159e-01 4.740183589614938020e-01
5.826655418480387594e-01 5.975270241031399587e-01
5.335633444121452573e-01 6.258972384061827210e-01
4.775717860454110619e-01 5.085456549671573123e-01
5.525327099765739991e-01 5.043681401722492907e-01
7.188114764360812314e-01 7.573661671546839669e-01
4.426777733796605219e-01 4.230143849247405274e-01
6.733180481777657489e-01 6.416539468986209860e-01
7.148146812017394103e-01 7.559689271226305296e-01
8.669843337982978682e-01 9.040158990243294390e-01
6.756030038742449895e-01 6.906303798754954704e-01
7.951569266642862788e-01 7.023056111008779689e-01
6.884665509739930078e-01 5.833101099941896406e-01
5.577859052921695371e-01 6.391640083291049157e-01
4.286302585272530608e-01 5.200467299577257174e-01
4.924090548002058587e-01 4.148824295079171498e-01
5.702534586060378219e-01 7.059718127366824136e-01
6.607376084727693000e-01 6.363018785783643994e-01
5.911601428967302452e-01 5.676569619598560434e-01
5.784148368633785786e-01 6.476701048271484851e-01
8.345788706463709294e-01 8.526974270846933157e-01
2.604694883875511291e-01 2.273222885594060605e-01
7.516750004071887092e-01 6.969942347499401558e-01
5.178441048802017166e-01 5.996496457879997299e-01
6.374875856420910702e-01 6.723397385995838471e-01
7.384604157371502664e-01 7.130359098129467332e-01
5.845023316662334434e-01 5.847197735519460426e-01
5.493610097781768120e-01 5.296825078754637817e-01
7.629004018609062410e-01 7.521930902170230748e-01
5.213101709813631190e-01 4.740388684541589348e-01
5.477773838324392353e-01 5.545784960087695170e-01
7.108347836667743280e-01 7.144955131426058426e-01
5.003809834355185115e-01 5.184428917448967722e-01
7.884071019053942031e-01 7.557895189928200974e-01
3.744856631252481693e-01 3.858101805935303941e-01
5.183157517996687114e-01 5.654428165580956955e-01
6.275025127010286363e-01 5.974740303666107311e-01
5.703085734982831223e-01 5.555512146093382064e-01
6.261419480335517207e-01 5.629424532813229742e-01
7.130713760348579289e-01 7.225551666469087753e-01
5.539961105811217479e-01 5.482848449742228070e-01
7.516547102722441753e-01 7.404039673257822862e-01
7.599514914284432043e-01 7.576460403622692352e-01
7.403908059364143757e-01 6.761704982926959318e-01
6.075300407714538942e-01 5.919163400018694343e-01
6.879519594186859210e-01 6.933776162197901050e-01
3.960548620745522053e-01 4.591210431625873944e-01
4.090634748124352127e-01 4.719604858723980279e-01
3.752985802669427384e-01 3.904267243716481595e-01
7.619974294477503962e-01 7.511427319820648263e-01
5.923949314016100365e-01 5.925645949451944228e-01
7.819572549946290918e-01 7.852965460894346661e-01
7.485738894023443724e-01 7.190454593678834438e-01
6.576540284589489360e-01 6.112492676814496040e-01
7.231747501350502816e-01 7.364060208832250431e-01
5.059907709493209893e-01 5.611047349455575706e-01
5.149025896812358116e-01 6.031000639020125398e-01
6.559580669044152712e-01 6.122397407434102545e-01
6.538541710791899719e-01 6.985611723476309320e-01
3.312027153826216375e-01 2.564218799577080987e-01
5.665661544964726293e-01 6.273686809887777382e-01
5.729818995623691125e-01 6.065425319000480320e-01
7.854751837228211020e-01 7.963228620015474490e-01
8.316480496877834971e-01 8.098397308780534987e-01
9.493187007327957838e-01 9.191763432723515370e-01
7.960179676560377171e-01 7.995122955839337742e-01
8.243959814177855838e-01 7.900681475684429023e-01
5.415852823374593950e-01 4.883786418742758761e-01
9.011357562385088338e-01 9.000827921930544262e-01
5.906751663771240279e-01 6.533459563305453743e-01
7.309258580593860355e-01 7.008579137440611451e-01
6.357035993174761090e-01 6.169366424720915676e-01
8.382883291023039973e-01 8.239027405861503173e-01
6.926065388817118640e-01 7.726087699473979109e-01
6.728596704822547014e-01 7.105535192446470472e-01
7.186456765459761087e-01 6.680867675592421229e-01
4.848460518959195054e-01 4.703082641893790439e-01
8.305838221589113557e-01 8.177035522512406951e-01
7.493977869629646626e-01 7.258546676563706335e-01
4.984450140459281142e-01 5.060779635190820747e-01
5.403276239154621852e-01 5.901650308300865344e-01
5.748455270300407705e-01 4.869811908993668115e-01
7.292419951533032352e-01 7.257085667850008415e-01
7.221012732340627016e-01 8.469022385193055724e-01
7.367738803951948690e-01 6.644900701149207833e-01
4.843483189146949863e-01 4.888576499135602882e-01
5.441779979128360534e-01 6.173412004313449941e-01
6.558365118915767678e-01 5.919317395233485435e-01
5.010937679493960850e-01 4.881162307635745212e-01
7.727454927618047087e-01 6.898404581918011758e-01
5.983551664519916047e-01 6.186254352000190027e-01
6.373163751105268560e-01 6.127307582523608964e-01
4.719958607077747725e-01 5.737922197058549223e-01
3.684465179787965727e-01 4.289598585329938985e-01
5.865184575007436063e-01 5.481173896679742974e-01
6.061802642269749075e-01 7.259339215513951338e-01
6.038970973116054575e-01 5.196150385550749595e-01
6.597436076078919687e-01 6.726860919266821615e-01
5.783121932713215507e-01 7.054067561114494289e-01
6.890687322019503069e-01 6.569032577219245939e-01
7.840244527421763587e-01 8.700528351910171709e-01
4.148283585278402241e-01 4.716663794178289071e-01
2.498035562456333847e-01 2.973959710648118038e-01
4.067129800684585184e-01 3.580929738084733249e-01
2.375710903324378398e-01 3.023975957808074932e-01
6.683798295395905198e-01 6.645740125416320643e-01
7.206316809327077966e-01 7.643625917488550137e-01
5.950569929123482593e-01 6.952443948888719083e-01
8.167884606980578832e-01 8.024689037585640561e-01
8.663606643054569956e-01 8.622685451278356839e-01
8.170245183346950268e-01 6.963897913654851779e-01
5.053965707004639540e-01 5.433407963232927962e-01
4.153127036859484700e-01 4.092762341335676735e-01
5.624413558958180070e-01 5.962568749507869414e-01
3.517964492867993176e-01 3.592729585272559367e-01
4.993131902081657802e-01 5.501683753738684235e-01
6.740325902761953314e-01 7.495798172486002331e-01
7.161366066123424634e-01 7.062774804271925166e-01
4.635964627522421444e-01 4.158475688387020530e-01
5.846657359029140411e-01 5.983195294181878898e-01
8.817300349615648791e-01 7.306024247160023410e-01
6.595330690243424998e-01 5.981790523938422810e-01
6.153497470301976247e-01 5.369335868635758402e-01
6.620641883458825427e-01 6.094404313197986367e-01
7.621383446959129060e-01 7.016569803418111206e-01
6.309259842253410744e-01 6.444586750201842795e-01
4.324161185146691011e-01 5.303307403574710754e-01
5.744497486033875999e-01 5.069916808970503785e-01
7.650924442883069165e-01 8.084748985076630756e-01
6.806056077814482963e-01 5.359844438273287937e-01
5.081452871108166347e-01 4.851513531441912219e-01
6.168977560469368626e-01 6.189642226590954532e-01
5.777445976969644015e-01 6.178255084909196615e-01
4.859857015727947482e-01 4.795860497640371811e-01
5.701112757589051894e-01 5.945648084503095676e-01
6.106087391153861565e-01 6.034312821864934451e-01
4.800639243574573167e-01 5.538802292235858182e-01
6.417035790699832098e-01 5.724008436264143018e-01
5.169972299781817604e-01 5.278246458549935571e-01
5.090887940272760259e-01 5.181711345672644908e-01
6.588092306200024062e-01 6.731339186412677034e-01
4.644204971047755648e-01 4.590753923815689697e-01
5.392514743821452683e-01 5.130830187474078041e-01
5.365144785100538910e-02 1.458702180235973700e-01
6.590097601040855180e-01 6.842970133492144447e-01
3.754339204489216542e-01 2.913513667047747946e-01
5.041175192379967473e-01 5.401728406526848936e-01
5.716417283653718595e-01 6.067930022611538465e-01
8.519349914233010912e-01 8.367085425913302066e-01
7.389244637372330837e-01 7.021407678989713963e-01
3.390962222137914872e-01 2.550633133133590191e-01
3.530892937181164259e-01 4.046174786282542013e-01
7.450148816541281027e-01 7.191621130541209217e-01
6.297281027959233946e-01 6.334794767008342653e-01
7.779653624488427344e-01 7.269966231887152741e-01
5.320113663480663391e-01 4.864918827338813312e-01
6.948836059961903677e-01 7.423031960074327751e-01
4.229905158418090227e-01 4.599745382887839851e-01
4.547158765872353348e-01 4.886340653838884274e-01
3.043611144034698013e-01 3.681548006165644704e-01
7.499181587025245399e-01 7.723702623258330568e-01
5.987682294779173020e-01 6.503274091406034962e-01
5.522045568027944551e-01 4.833111491240894009e-01
5.944440262188955826e-01 5.003754311522795595e-01
4.868494202958920103e-01 4.197664047752431293e-01
5.741517384321589423e-01 5.901655496592507211e-01
5.273035442224711655e-01 5.219432433858410825e-01
6.148812840948919556e-01 6.796372935109610269e-01
6.755168702397742475e-01 7.429777479086050462e-01
5.649658448485765927e-01 6.383161359556199788e-01
3.414592755516872580e-01 3.108368925851298648e-01
5.613301453822064913e-01 5.070464511756481718e-01
3.953380070664384016e-01 3.978444487614842817e-01
5.779084409037630321e-01 5.749707792638935056e-01
4.747772084141437254e-01 4.135363561023464030e-01
8.205986424886789754e-01 7.570624402164468636e-01
7.673812099442819390e-01 7.042579932283880018e-01
6.889924500622056636e-01 6.381467751712560643e-01
6.554728743847031414e-01 7.085612850027926957e-01
3.066610756156240569e-01 2.962941479815703882e-01
6.814009715481758045e-01 6.303966082599233856e-01
7.716080076334095317e-01 8.768009677478449948e-01
7.251706045248544896e-01 8.152488796537034066e-01
1.025323465521162491e+00 1.005194931774419986e+00
3.712945698074823220e-01 3.663322765590225627e-01
5.984580783137231075e-01 5.664432441690335773e-01
6.974613165292024020e-01 6.725311567438329030e-01
6.510914845391813088e-01 6.591355107506415845e-01
5.742761910459789343e-01 5.602229390319338753e-01
8.334606533325885636e-01 8.091026372972196512e-01
7.168235532806113142e-01 7.989660479851996566e-01
3.537392507613160708e-01 4.215501479372762983e-01
6.298327921168558330e-01 6.245861902718901071e-01
6.962861086974765357e-01 7.163006538626492947e-01
4.333144533874693227e-01 5.023509675746008485e-01
6.073814908150060310e-01 5.902826479593378250e-01
6.572989530773043487e-01 6.138791037894857361e-01
5.757939075340698931e-01 5.147451844906976159e-01
6.144775170744890547e-01 6.856608068254105293e-01
3.834335046642829425e-01 3.567034303192572198e-01
8.339231954089678656e-01 9.220248126754493345e-01
3.557210726769337583e-01 3.484637995446714376e-01
6.156420051195313770e-01 5.823037174883137768e-01
9.031908459273809697e-01 8.393577353505752292e-01
5.956740463878823499e-01 4.344539196146240956e-01
5.646026307123358512e-01 5.846750423599534896e-01
6.747522691552153562e-01 7.048875964039141850e-01
5.311994883784045829e-01 4.781397098053954409e-01
6.799762422642344761e-01 6.949621817417769298e-01
7.280382970216634497e-01 7.630250760352521588e-01
5.657789630590280838e-01 5.459918122055070766e-01
5.605375157079739434e-01 5.837233444376088709e-01
4.264115020516560661e-01 4.376684236083936974e-01
6.062961732452583075e-01 6.564848585670541858e-01
5.345368228736817606e-01 4.936303980490924226e-01
6.396503631260026523e-01 7.142062685882963891e-01
4.083138730043340270e-01 4.213863779210462179e-01
6.688481328907830425e-01 6.445983685345132441e-01
6.009372761043511035e-01 5.400062574583969210e-01
7.885459353079218303e-01 8.025839709583817427e-01
7.230430765276165683e-01 6.818694216029335120e-01
5.332586614326689789e-01 5.872659083580203943e-01
4.766897730696465496e-01 4.976786225518845530e-01
4.399176286768794464e-01 4.854860439809259853e-01
3.347181201576696630e-01 2.685089626391508055e-01
7.183826036649137992e-01 7.006653971668389547e-01
6.274848998917154086e-01 6.250218959523244910e-01
7.430606866338131944e-01 7.361168780905547049e-01
7.019514586279446133e-01 7.025829518359315573e-01
6.417333358126897647e-01 6.897654702353963607e-01
5.000107851270106929e-01 4.075958161003424562e-01
4.789816744426712014e-01 5.298719974103723862e-01
4.774711454288090295e-01 4.711866230574415781e-01
5.647265022623324526e-01 5.837759722932687190e-01
5.684632432599785457e-01 6.010476760865712809e-01
6.109153615337391541e-01 6.454250269191715850e-01
3.772311795436574799e-01 3.297830528982684806e-01
6.028625804486930084e-01 5.505669254247772537e-01
7.151852288523908863e-01 7.017582069398774491e-01
6.450519494854164426e-01 6.083115689262649228e-01
7.140705818773337432e-01 6.628082358896457693e-01
7.319608556623727891e-01 6.324598407172782322e-01
6.812046398864683994e-01 7.300463532374625863e-01
6.451469353223189263e-01 5.222015231505952038e-01
6.177061524006541848e-01 5.559810928827311205e-01
3.263188828963193289e-01 4.080547186904365797e-01
4.635095800992634629e-01 4.535450825154359045e-01
5.058124557686857203e-01 5.497060415432820646e-01
4.060066980901597122e-01 5.528806919954770693e-01
7.053777145407005289e-01 6.962607792840316279e-01
6.609117923055596311e-01 7.128339662549472155e-01
5.922366222667507785e-01 5.668964242484721971e-01
5.483432874166291882e-01 5.424845911694202716e-01
6.020594790823564635e-01 6.442147960168208565e-01
7.416062103308782572e-01 7.203292231562499204e-01
5.730955275524051151e-01 5.816856553646180261e-01
4.317301122154636461e-01 3.939843180005596635e-01
5.358637737600604467e-01 4.662383549461475152e-01
5.395708905841640757e-01 4.953055857390553651e-01
6.731164097349935371e-01 5.953618114245131654e-01
7.082000943766343370e-01 7.326278559085853681e-01
8.905429834110993870e-01 7.516038807397096289e-01
7.332944775291996287e-01 7.417837050470172944e-01
5.650759148128783327e-01 5.641023883125451110e-01
6.246426203559882762e-01 5.499657317938686507e-01
7.455262194638356821e-01 8.337192598254783427e-01
6.425149210648263276e-01 5.948619881406506105e-01
4.370140877148961933e-01 4.763744813960844593e-01
3.240098475133555422e-01 2.913196136697103200e-01
5.075983962676934302e-01 5.628611738847034696e-01
6.549245943181651874e-01 6.106531303497888530e-01
5.333042980579205672e-01 5.022677655801226493e-01
4.294716870636376971e-01 4.606400128084144896e-01
6.008807348994731345e-01 5.844491042214414733e-01
6.937911242523909783e-01 7.416522525849061909e-01
6.178899206025322277e-01 6.158062583271667334e-01
6.301049928703539305e-01 5.939474077071944524e-01
7.984661621114168550e-01 6.906494326737191436e-01
7.222618893522317896e-01 7.229414370451775484e-01
7.950860686102888542e-01 6.885364322119859048e-01
7.183956130853198507e-01 6.784524791306069114e-01
5.136431044168959792e-01 5.806606153066790066e-01
5.607961477772965830e-01 5.629607702266726799e-01
6.714460387863123714e-01 6.449218166063026558e-01
7.055696856095063918e-01 6.931665097274242182e-01
3.305913090435179669e-01 3.866487503662658920e-01
5.952261520033022002e-01 5.998963352098136692e-01
7.009548350579585252e-01 7.850789137181787281e-01
5.541928623046583624e-01 5.165358429653492678e-01
5.565812653463779736e-01 5.498258049230728695e-01
7.254000057953342573e-01 7.162663045072901191e-01
7.744188444548891770e-01 7.517763694188583923e-01
6.518440870997836978e-01 6.152786129625682499e-01
6.713717479754066630e-01 6.693427365662218964e-01
5.928943837396423167e-01 5.767249697118168594e-01
7.753518148586342473e-01 6.453581791960343317e-01
7.068326359680769944e-01 6.369180520484429842e-01
4.120711628783369496e-01 4.629923783016697825e-01
2.872804351707823889e-01 3.316680567971678206e-01
9.229758309439315411e-01 8.998944851914998377e-01
5.734094019375134410e-01 5.654277542705906656e-01
4.477380495049931852e-01 4.900804447052723445e-01
5.727209183129995385e-01 5.974119191197202472e-01
6.087384496789393085e-01 6.199232090680516505e-01
4.293954470092068987e-01 4.762850695517308330e-01
6.394393907371528352e-01 6.559003704401092927e-01
8.513972501153289629e-01 7.955377728892266687e-01
5.433903672335591573e-01 5.920601780597700703e-01
5.157611594880044947e-01 4.290502114349660778e-01
6.272048952893138907e-01 6.656923950237529919e-01
5.662803731750585268e-01 6.077371350485500923e-01
9.396839271104460156e-01 9.559303893265569396e-01
5.902794467390246602e-01 5.523914003032732722e-01
5.839263978790473208e-01 6.081504440116184407e-01
6.121305545983587448e-01 6.347831674385503442e-01
6.940030172391273844e-01 6.699754982911687584e-01
4.352023477727303691e-01 4.554792206758188078e-01
5.998905242696335183e-01 6.162580340359333775e-01
4.874924092763096573e-01 5.136455276545580650e-01
6.622080819240661054e-01 6.335518467674039478e-01
6.570198107850020453e-01 7.099765983056356422e-01
4.866645296150340361e-01 5.030488320246853107e-01
4.790773868357566800e-01 5.141961715850298376e-01
6.900856227662877096e-01 6.255836169372996913e-01
5.646364915769785942e-01 5.385454351887672964e-01
6.797072561279410285e-01 7.244318336506622158e-01
9.453199953925431887e-01 9.380298559181111662e-01
7.017430553488255285e-01 6.579987887201910191e-01
6.738698394912098211e-01 7.878560703964884171e-01
6.513243060756792602e-01 5.994345719659925908e-01
3.968113478374348246e-01 4.587646872747421223e-01
5.296987887405957274e-01 4.844766883502159005e-01
6.866264016606303811e-01 6.146799751693986513e-01
7.272824530029413648e-01 7.328841938832209024e-01
9.005988421833016622e-01 9.200643149801396303e-01
4.542015265898065590e-01 5.046361919541790808e-01
6.199353720622891029e-01 5.843844641122715178e-01
4.217594344722295219e-01 4.701284826056706390e-01
4.266873643728899546e-01 4.299843222377813245e-01
5.643630509392558725e-01 4.732933919091541486e-01
7.378547353836019118e-01 7.927202863212466921e-01
6.934063304146169671e-01 6.718525944440585373e-01
2.478223914335311862e-01 2.882697009780689767e-01
5.135777550931118762e-01 5.470767798662016235e-01
7.957874247532129575e-01 7.773796356234735638e-01
6.156402029508617479e-01 6.769326376435879089e-01
6.501253303294679542e-01 6.847458664015656504e-01
4.110540016558283383e-01 4.186064802450228384e-01
5.521817440755900641e-01 5.684490831060207139e-01
5.335084306802893028e-01 6.223892263253609780e-01
6.684679765503146465e-01 6.182073773905264469e-01
4.385359138989910477e-01 3.728403604648593550e-01
6.986335860123020769e-01 6.442093913133819516e-01
8.356587109790934997e-01 8.536553356450079511e-01
3.402974812077251832e-01 3.243822795738332543e-01
3.390820378315765327e-01 4.023103793181054266e-01
7.189130490745411217e-01 7.791436978560454252e-01
4.955856545746190611e-01 6.376419297828843646e-01
5.518887407138010071e-01 5.302649759034100407e-01
3.582269162707805155e-01 3.113032669360318305e-01
5.193299068251213679e-01 4.593696325549270210e-01
5.636689441008699841e-01 5.486940777688216198e-01
5.920544246359080720e-01 5.817405907135480003e-01
5.721236562318403607e-01 5.535550003518883155e-01
8.477356320999157591e-01 7.878445792791087809e-01
7.222214836234271962e-01 7.124007934232513550e-01
5.424868807761619172e-01 5.346976214849691322e-01
6.676446728900685690e-01 6.120244737738785856e-01
7.403569906556148883e-01 7.243032521020635883e-01
7.137238293594203586e-01 7.142646199971487420e-01
5.967406555474203955e-01 6.213143725981025156e-01
6.442743530693182397e-01 6.177922171537433282e-01
7.223307414953695771e-01 6.064130504643360231e-01
6.086907869048939768e-01 6.229791703678678738e-01
2.587190241839716909e-01 2.633142869838945299e-01
5.505631813625895266e-01 5.410210313181909036e-01
3.743315895918924441e-01 3.679197153930077735e-01
5.206449315776645603e-01 4.836004649254220245e-01
5.720212086284005570e-01 5.702144344839784607e-01
8.904989727400575150e-01 8.942909986155146429e-01
3.439392446623747435e-01 3.229755128191992841e-01
6.071293180329476735e-01 5.565558269701841310e-01
6.321378019801476844e-01 5.326086539214794913e-01
6.144410193282300314e-01 6.364934226894226610e-01
8.566657351509193719e-01 9.075048639202317746e-01
5.303966340607971786e-01 5.103566996714811177e-01
4.797019085446788678e-01 5.153999957691792755e-01
3.953842787502903633e-01 3.624746438945196658e-01
4.721461450112600100e-01 4.297225672368289451e-01
5.553773057585530415e-01 5.448739510920840301e-01
6.269797455848683532e-01 6.394356666424624303e-01
6.314489064901031012e-01 6.013953937565773566e-01
5.121140560505120787e-01 5.572652154789178303e-01
3.582311055062793459e-01 3.310670528952478486e-01
5.730711855048440384e-01 5.831788815833085504e-01
7.428828597234101716e-01 7.975492507241196405e-01
7.600683061100841353e-01 7.445642916940078404e-01
7.107492295839823448e-01 6.634110958273868874e-01
6.419267141897700979e-01 6.414006044050605260e-01
4.028598012971019160e-01 3.526876180301445340e-01
5.763318401357345744e-01 5.170051624212098629e-01
7.261913661758282457e-01 7.909788456748082508e-01
5.260401540579475732e-01 4.922909028234617179e-01
6.077113083872762722e-01 4.973290062148667534e-01
6.656152281061082920e-01 7.797588206844239256e-01
7.746788281598724346e-01 8.125423404958604934e-01
8.103049353902159746e-01 7.494552095935912428e-01
3.602802523977191029e-01 3.463237121794788820e-01
2.691215748317977718e-01 3.688384353293745477e-01
5.416505496110495255e-01 5.066516673319811925e-01
5.948334017559671061e-01 6.837787110073159091e-01
6.889947149886805899e-01 7.144978625360356439e-01
5.632073145060930708e-01 6.708266015649974046e-01
6.508576187219683451e-01 7.311457529294080881e-01
7.729630452399273155e-01 8.130279304262918449e-01
9.128626152587746567e-01 8.064182732635833961e-01
8.823047797242346002e-01 8.838641712989373511e-01
4.831807101368686963e-01 4.861492140916804372e-01
5.789545371413190589e-01 5.620832958609544017e-01
5.386058791366448162e-01 5.617525626323667254e-01
5.740831374686942157e-01 5.607530500150611497e-01
8.117225570395243395e-01 7.237224922795624238e-01
7.856684717351857250e-01 7.280088014095055238e-01
4.361602996467238147e-01 5.585970154773637342e-01
6.741221753998918320e-01 6.894359732963188936e-01
7.129016668055777606e-01 6.640378652265289672e-01
5.955772666146372796e-01 6.356785522003529643e-01
5.698922060623750063e-01 5.241386922962423256e-01
8.218247493850213692e-01 8.522682884653797197e-01
5.881360162106102907e-01 6.300444209570726928e-01
5.384493400718187717e-01 5.215906114100222757e-01
3.991794313417985074e-01 4.224619495737519936e-01
5.323419894391343554e-01 6.359861158217274824e-01
4.400724175454881482e-01 4.478038111676734823e-01
6.046015413730271293e-01 6.086548897003208891e-01
4.901348795552494808e-01 5.441811391743324178e-01
7.473375911342696742e-01 8.215406690272237800e-01
6.669745070991343061e-01 5.840511202872932239e-01
5.149297385499926882e-01 4.961285373918127850e-01
6.306836022284163512e-01 6.004032723011110129e-01
5.080723360404326705e-01 5.378583965290049118e-01
5.545256081518394886e-01 5.585596293522914202e-01
5.210841525817142550e-01 5.745614727629040352e-01
3.449888807215938935e-01 4.312521848046328432e-01
5.508926297934729766e-01 6.051765137613694945e-01
5.144642988239607195e-01 4.625668025462137400e-01
5.106245187591521573e-01 4.625210259977303728e-01
4.256345375378883245e-01 4.590070736748839697e-01
4.581675222013470439e-01 4.560334788480255863e-01
8.125726709833983596e-01 8.609863653303294617e-01
7.254928468026711208e-01 6.469757658074664075e-01
6.422445571395170028e-01 6.515105728234342752e-01
6.245197109191014118e-01 5.806602014533099876e-01
4.843861814966395896e-01 4.662519895970776984e-01
6.263269395666483108e-01 6.584173035785002570e-01
5.936548070446885372e-01 5.740497731553153571e-01
7.587713000646892914e-01 8.029574675378635673e-01
6.131400273252045618e-01 6.249157275480550222e-01
4.417247705785719569e-01 4.468517070491284660e-01
6.414333493901590577e-01 5.916380104303790022e-01
3.880710513381193660e-01 3.597117515771157681e-01
3.690389581942522534e-01 4.037365086045220375e-01
4.744537888751069188e-01 4.460181952635845493e-01
6.058738364056044379e-01 6.792120069325593423e-01
6.057211093560656012e-01 5.533016562050095954e-01
5.411972948196530631e-01 5.874070187559914391e-01
5.258698377809277735e-01 4.951241077055046902e-01
3.866420814407691142e-01 4.984741562295310069e-01
6.419638589505727300e-01 6.730599781713075824e-01
4.947366934308800035e-01 5.481591349627267240e-01
3.620527048697785855e-01 3.563205359793036875e-01
3.815608285244596054e-01 3.950303199542710697e-01
5.682234532102663493e-01 5.454545560138659432e-01
7.858304757608192137e-01 7.317235108951434253e-01
7.456031284377477864e-01 6.935056165368642667e-01
5.808310993029105473e-01 5.669132214376021439e-01
6.684496496996528148e-01 6.604970088371002745e-01
7.800243976262286605e-01 7.906561333357082777e-01
6.829907236323888853e-01 6.277880852711268389e-01
4.542964508211414509e-01 5.547569009866416545e-01
5.924236448223907381e-01 6.372555759233593520e-01
8.007185122633897478e-01 6.857339422274326690e-01
6.277295785928231897e-01 6.141051366554706181e-01
7.911354370574513739e-01 8.059774359163730528e-01
5.599278537274092749e-01 6.128790159995551878e-01
6.282651530559446584e-01 7.368393622196924841e-01
8.456780172120178518e-01 8.779165582998634809e-01
6.069081814366639183e-01 5.626751696259517654e-01
6.977977884034914924e-01 7.411386304345529696e-01
6.870612421128928782e-01 6.744873164462127368e-01
4.077516926986479162e-01 4.177762394702136395e-01
2.964547177384833643e-01 3.011866167161271757e-01
5.045401756670095939e-01 4.348449003352714559e-01
7.254394801849741725e-01 6.811481469547098211e-01
5.790691150754083694e-01 5.321593233776462650e-01
6.311806221560195551e-01 6.470270359418127670e-01
5.030210058601498613e-01 5.080894782875520210e-01
6.762674636661281102e-01 6.128768424113353319e-01
8.049838698711485607e-01 7.927982955736417869e-01
4.786299301246635385e-01 5.598615683299039691e-01
4.784120674664504302e-01 4.571467756120544679e-01
5.237454544144292123e-01 4.992405585714764782e-01
6.170649642634475907e-01 6.430069838054002229e-01
5.765550588484058547e-01 5.916015886153176417e-01
4.432160895438617132e-01 3.902730866771809692e-01
5.951040460863697978e-01 5.860252852197423978e-01
6.078239778994091180e-01 6.476687812216114226e-01
5.717201035195367265e-01 5.239442523904458415e-01
6.022561760615766646e-01 5.556379067530036187e-01
6.165773823327291847e-01 6.141535704638452220e-01
8.212631824551795967e-01 7.586930815276090589e-01
7.963948902539580432e-01 7.938294478633202145e-01
5.024521940896231609e-01 4.743559285561442795e-01
4.025786095521774466e-01 3.155923553918275615e-01
6.409777716314888352e-01 6.435520936070577847e-01
7.035735253015947821e-01 7.602049952745165706e-01
5.399476744231209713e-01 5.715619418598892887e-01
6.893029670650231422e-01 7.130048382559940334e-01
7.357308149617075577e-01 6.529332658912846421e-01
8.061602182407815453e-01 8.000391677579657967e-01
4.293163869488458850e-01 3.905989224095278711e-01
3.864775089259357421e-01 5.001654675876991973e-01
5.324004146409383464e-01 5.783021703868590491e-01
5.899591276415441232e-01 6.456769071851178321e-01
6.839973055269578106e-01 6.344846776127347487e-01
8.376339295359913617e-01 7.846127237824613854e-01
8.418361959624873769e-01 8.828764292787125711e-01
4.118000490242148537e-01 3.587545491157626554e-01
4.307495501774519786e-01 4.193338117146191424e-01
3.388057083955305915e-01 4.469902265889688087e-01
5.903668718403388693e-01 5.712500008463544665e-01
4.474365120825605779e-01 5.489896383334635921e-01
5.666791463062502698e-01 5.647276450067185705e-01
3.588475083562193690e-01 3.656547420799386439e-01
4.402118955096811503e-01 4.276815187641553329e-01
7.351151609814613463e-01 7.297573719749198551e-01
6.869714952416707821e-01 6.341387987521709402e-01
6.922324173728463537e-01 7.198776186659764376e-01
4.491041063674297562e-01 4.548261426928836282e-01
8.541007923437329286e-01 8.421123100173824039e-01
3.294103942208314595e-01 3.680772541340968096e-01
6.586564548040476641e-01 6.125319016794465998e-01
7.513700973433407038e-01 7.295223018051678610e-01
3.587026428696928892e-01 4.484450044034175020e-01
5.201686726720319287e-01 5.329423803813108096e-01
3.178054008917603479e-01 3.235797651094589611e-01
6.771348016433460515e-01 6.998001834730838144e-01
6.273365669246471210e-01 6.185204741986005672e-01
5.796602875614963457e-01 5.870906986986675902e-01
3.493363715237172706e-01 3.666801990323304561e-01
6.466463675418415713e-01 6.051073712295386153e-01
5.176393643077445983e-01 5.521344559279559583e-01
7.110987788252878250e-01 6.007192607005513718e-01
6.354944848276469216e-01 6.330625449067899257e-01
8.441173541692605919e-01 8.201111498775313091e-01
6.755854582175394585e-01 5.558495201339647140e-01
6.408983706630274613e-01 5.963928753930559656e-01
9.186274250165036293e-01 9.226887541074471066e-01
3.166374167671197615e-01 2.207907482602266824e-01
5.990585568183537379e-01 5.856550040844406002e-01
5.670604863125463524e-01 6.876322918237383064e-01
5.042524587629780841e-01 5.267199452870533483e-01
8.590366847288785079e-01 8.326964535623605501e-01
7.029763301972713485e-01 5.783934161733059742e-01
6.336499344922390531e-01 6.437147234070310642e-01
5.870339256908517767e-01 5.852615193989844089e-01
7.137776573566761984e-01 7.592710830128520660e-01
6.493701937860270057e-01 6.464927288482378298e-01
8.028322019541220822e-01 8.650537760205807558e-01
6.200764464712409385e-01 5.666454867806400841e-01
6.796108674556573526e-01 6.658973950013755694e-01
8.292715169082051085e-01 8.179454070248101116e-01
3.854898132781277020e-01 4.666418196204098479e-01
6.130451302300912175e-01 5.864483697267519613e-01
5.924441824432370440e-01 5.984657685870092836e-01
6.781965930846926005e-01 6.623861101237610294e-01
4.211678937092739883e-01 4.405302734825776723e-01
8.506446188761322968e-01 7.557828064082399155e-01
7.431767287027231106e-01 7.338541744193991523e-01
5.484873362892151993e-01 6.690732728410132557e-01
6.007011323559966476e-01 6.962640528229918635e-01
9.189324813241706025e-01 8.627653208904892956e-01
8.492819098332023975e-01 7.826269640081694456e-01
5.178302421717567716e-01 5.619736615912759303e-01
6.346296241274826944e-01 6.801032881009307918e-01
5.863620337895169010e-01 7.156001601379672339e-01
7.571027775549530325e-01 6.926240864539907616e-01
6.565796250631210640e-01 7.270879310274831475e-01
5.799000444748330096e-01 4.642706824524860387e-01
4.776223768016620297e-01 5.683217122158064072e-01
6.456243438445764538e-01 5.975401574842119645e-01
7.540686351190771797e-01 6.815760069672022192e-01
6.190967367950314104e-01 5.757600443706348825e-01
3.877725252715059634e-01 4.108007754071666406e-01
8.400559597193337780e-01 8.499517790741955015e-01
5.935616904016999262e-01 6.000248066527466007e-01
4.986117718313122782e-01 5.167298930719071981e-01
7.328647195764181888e-01 8.143285908961812591e-01
6.404869918126221418e-01 6.350179926185328672e-01
6.272815520642326392e-01 6.025117900837094753e-01
4.601604839566721949e-01 5.214379357759716394e-01
9.014117591440891086e-01 8.563814442441350927e-01
6.675835215737704331e-01 6.189063070925806542e-01
6.967842994076207663e-01 7.333317265140246732e-01
6.300253136805366028e-01 6.060772192341011833e-01
6.750725430843487196e-01 6.536737917188986113e-01
5.877484029883678351e-01 5.951677895657686568e-01
6.252682029481357873e-01 6.909520585089377054e-01
8.109508143414886350e-01 7.996393564743587978e-01
2.679941701697600709e-01 3.502761894326615333e-01
4.904047284128341677e-01 5.500911531198965365e-01
4.824037861592543330e-01 4.125022399964964337e-01
6.188173431706782690e-01 5.524984577634424188e-01
8.111040114228141862e-01 7.879764439082775906e-01
4.112086218148806038e-01 4.626592505432332025e-01
6.818561631776713927e-01 6.980087838677995205e-01
5.934439174536313422e-01 5.543439948475500367e-01
8.622195292135629296e-01 9.563165877399369963e-01
5.819927651741751973e-01 6.387243581243260415e-01
5.683351758218626593e-01 5.698468971377017578e-01
5.415517062087453759e-01 5.469101832581235723e-01
5.753366465819836906e-01 5.771037841668790191e-01
6.223394184056828538e-01 6.315851932233748078e-01
6.089905632912855360e-01 5.566639892059506156e-01
7.531585742761229829e-01 7.423333891319604527e-01
5.689816839288562855e-01 5.487196565374193868e-01
7.829478662539304246e-01 7.884220868996767440e-01
7.868170301390546850e-01 8.451927621661801115e-01
6.410081491706027812e-01 6.621833365262461690e-01
6.792349990170573060e-01 6.150446746215468830e-01
5.412955132436914063e-01 5.356213866814718561e-01
5.557062490063073845e-01 5.831668468257285021e-01
