3.677106125561861449e-01 3.956440547550293396e-01
3.956587863943564209e-01 3.714477443510048604e-01
5.415504229512120293e-01 4.996373669852234300e-01
5.377752347185639215e-01 5.239896895518186826e-01
5.769410614975056806e-01 5.062255222057052695e-01
4.510526965748051786e-01 5.391163802198537525e-01
7.015113372925124713e-01 7.498131179523571666e-01
5.065844753899479969e-01 3.938709612982781993e-01
6.175768754751190803e-01 5.582682162103743684e-01
6.085242737189676676e-01 6.367786190492820131e-01
5.839661075539409607e-01 5.824714816413120166e-01
7.120776463335487527e-01 6.662329790585572731e-01
5.493527106150329908e-01 6.034697098222400191e-01
5.924821314235551029e-01 5.798525830002609904e-01
5.398969634099263226e-01 5.019615706225707408e-01
4.798944147185419951e-01 4.553655601179762424e-01
6.678896754450682760e-01 5.889300630196208086e-01
5.404950913942530022e-01 5.152327102404865578e-01
4.475512642373730143e-01 4.638317750676913542e-01
5.957468783067834117e-01 7.377282035047290076e-01
3.607987809807178814e-01 3.597188629915022973e-01
8.249800282742978386e-01 8.403113999661919742e-01
5.597545832032142510e-01 5.962038333876908958e-01
5.882379661174303997e-01 5.636335723765186767e-01
5.402713457525561980e-01 4.587087799654846476e-01
2.047068413844239376e-01 2.158071705262204210e-01
6.153737012772072523e-01 7.109827034628825038e-01
4.785175068042457625e-01 4.246659314031627774e-01
3.982123256950054757e-01 5.047973091281944269e-01
4.111489465624239004e-01 4.309546191413195504e-01
4.115156931794984319e-01 4.987442899705598620e-01
5.108415908034951158e-01 4.771669984787859087e-01
6.439792748357627827e-01 5.976694866378994275e-01
6.084608004008180693e-01 5.511469631914267531e-01
7.890101998456339194e-01 7.086659606052209126e-01
7.089255275107232412e-01 6.549681514102695390e-01
7.071149773961216134e-01 7.749114642908059292e-01
4.828095085105704731e-01 5.286186266865863237e-01
5.660142506485328351e-01 5.679973055061422471e-01
5.321403480199271563e-01 5.360044228094382746e-01
6.177107807444998100e-01 6.598003785945291133e-01
6.812302860451039388e-01 6.997567156399039368e-01
8.874313872992577457e-01 8.238673739008145480e-01
8.217241679875841864e-01 8.121799636005608836e-01
8.727742625891526940e-01 9.385947350700293290e-01
3.644262506511185551e-01 4.557135930551592384e-01
7.231596361367631509e-01 7.334500505599139686e-01
7.116349076795055462e-01 7.181869811862745534e-01
3.826793669913286511e-01 3.118944741685019117e-01
5.853837111614739186e-01 6.905463573465320248e-01
7.571817360918016160e-01 6.622390893708280935e-01
5.734044510856068921e-01 5.786337633191966923e-01
4.773985591299180209e-01 4.091297851313029366e-01
4.679301526973154157e-01 5.611110862973520685e-01
4.498512587747547364e-01 5.482815255809633248e-01
7.001472582718226700e-01 5.921845904285885087e-01
6.542793667504046562e-01 6.585021641589542396e-01
5.398670600879076353e-01 6.357362396113497294e-01
5.830392575500430441e-01 6.321091464894271761e-01
4.419326221894562812e-01 5.703823929758965461e-01
8.218230387616910493e-01 8.384254683399164909e-01
6.396024864075083860e-01 5.918118439067735492e-01
4.146994991851549184e-01 4.593869680958652113e-01
8.626131178627308715e-01 8.000742129306327444e-01
6.963730773967131693e-01 6.668691112787787922e-01
7.054823838368772249e-01 7.213287149935302400e-01
8.762091083955347859e-01 9.055635645100232889e-01
5.537568609309561074e-01 5.636353819963549894e-01
4.215417377785776742e-01 5.214589280072166044e-01
6.960830427063300352e-01 7.531780795973128662e-01
5.624704159673823423e-01 5.713153663520653680e-01
3.999985285774592114e-01 4.911145158485574758e-01
6.088362389199539759e-01 6.222884112517024224e-01
5.282195333609710497e-01 4.562827262273128626e-01
8.101008039457969767e-01 7.386947767097585826e-01
5.632066373006555660e-01 4.407820486076447497e-01
3.146594206240507230e-01 3.097105191801112767e-01
5.313775667031661598e-01 5.212971056499036138e-01
5.543795927701596904e-01 5.816792569310419436e-01
8.624222568143390388e-01 8.092059339171612242e-01
6.523942238864629539e-01 7.088899970452987587e-01
5.637481044113454853e-01 5.624766411303214753e-01
4.756000365852833256e-01 4.622145423486602733e-01
3.332568376695893009e-01 3.289354500439826690e-01
8.721576224928730969e-01 7.792025623394720490e-01
4.382884572036856996e-01 4.296543977470750342e-01
5.991223370744706012e-01 6.454471560597335733e-01
7.573491549210252805e-01 6.228756227471524687e-01
6.317917671673886071e-01 6.244417956859257268e-01
6.520449750976918812e-01 6.461804642286571587e-01
1.028255115362793237e+00 9.319796239204158894e-01
2.790065172116423797e-01 3.214683732275745998e-01
5.368762053617049945e-01 5.465695574366217224e-01
6.765729808306067961e-01 6.795728749083181919e-01
6.878057566191112526e-01 5.600030893177968538e-01
3.708642404215009569e-01 4.059625946405707730e-01
7.532108392866474489e-01 8.105130662910049466e-01
5.534245042842370621e-01 4.806043600714781094e-01
4.743449958872326677e-01 5.158281347030544417e-01
5.878540097671396403e-01 5.483151804182633260e-01
5.459014341527451686e-01 5.911981247803069772e-01
5.541173324625273677e-01 4.631915873707083131e-01
4.728404473475126268e-01 6.065273798523745930e-01
4.145633978065461078e-01 4.957660234211894168e-01
7.100854513244410082e-01 6.250591062304895473e-01
6.272795669857061940e-01 5.912868490900070606e-01
4.114207920070389046e-01 3.579743285323573887e-01
7.116272252692611433e-01 6.587257463081014341e-01
4.562467677904978869e-01 4.623665575773447944e-01
5.178124117225746392e-01 6.376154002940335186e-01
9.628567546373067998e-01 1.004128665869858716e+00
6.050997605195733708e-01 5.678343436232962116e-01
5.912606682867003194e-01 5.657058781725392560e-01
6.201597296437669771e-01 6.605869179344731057e-01
6.650316696542912798e-01 6.705897151581028393e-01
5.757210924326596757e-01 5.090322300965228752e-01
6.093850463848294874e-01 5.766749577570992047e-01
6.450308938913261736e-01 6.789408100753543396e-01
4.190472556763369383e-01 4.681109796806219858e-01
6.461023779840604497e-01 6.660021298759859487e-01
6.131046964110528075e-01 6.288986564836206439e-01
7.444621653152838636e-01 7.693496335277567599e-01
6.833511501934211863e-01 7.396523266413853603e-01
4.486311727170678165e-01 4.746956582727738794e-01
4.624366472416057694e-01 5.090822536490593464e-01
7.882884153933497062e-01 6.747704628018361683e-01
4.196589763712024190e-01 4.656382508889386207e-01
7.552329600042935187e-01 6.378763450159423698e-01
7.299672076524997832e-01 6.983303504108867577e-01
7.456738470425193777e-01 7.931648639530776146e-01
4.180120819250124353e-01 2.883816000026868109e-01
3.241893976661562871e-01 3.170171508520236436e-01
6.589138075904648062e-01 6.302135550058851621e-01
4.484789013285461756e-01 3.790270596942160175e-01
6.084862365340297785e-01 6.610992908321939865e-01
7.115816312552125655e-01 5.814058657523628604e-01
5.282319546419332879e-01 5.218037267830278880e-01
6.819024423027866266e-01 5.554243382333181600e-01
8.527691311858101031e-01 9.100002773086313113e-01
4.716692316536454377e-01 4.971513117438837726e-01
8.295499807311557117e-01 7.989677966172652468e-01
8.312285877185008331e-01 8.715931650617767534e-01
6.643141458281791589e-01 5.303549909517604188e-01
5.391981443422650955e-01 5.481154136932482324e-01
5.012080979500350697e-01 4.687412465475373491e-01
5.219508700129731338e-01 5.376717561267434498e-01
7.902574716341126404e-01 8.136163655376511539e-01
6.757020754446000366e-01 7.960575446033743008e-01
5.778412582076439818e-01 5.780575494858071206e-01
4.380599411303803259e-01 5.216113445891781275e-01
6.061608709826431518e-01 6.127525982617718636e-01
6.196741387963604630e-01 6.468890527965205361e-01
5.022380804887045525e-01 5.053864486324435301e-01
8.243732760898456746e-01 8.319571017190023898e-01
4.605463253849251259e-01 5.485344066265041008e-01
5.630442921514153820e-01 4.871240617933956796e-01
3.932157178866787506e-01 4.165651552839058080e-01
4.622388897116982975e-01 4.423771876080871412e-01
6.679518811817426460e-01 5.737302420285663729e-01
5.049467582512447983e-01 5.127880084122391491e-01
5.197252796648283990e-01 5.489171590775272502e-01
4.278030203832508538e-01 3.900338418695605269e-01
7.626154179170447911e-01 7.018257751730705429e-01
5.724265749791633828e-01 6.134956527870342180e-01
8.068543908054556235e-01 8.052148015666823477e-01
6.399853706143712184e-01 7.222862297851151414e-01
6.023341559409330914e-01 6.132215645539315085e-01
5.934596906363389657e-01 6.679758439435170558e-01
5.169539436747216943e-01 6.309414313825056908e-01
5.743574523846514124e-01 5.536832741303899796e-01
6.395080403185876561e-01 5.956586559298847616e-01
6.282897745185639371e-01 6.181148357787548120e-01
7.913660052461835015e-01 7.505112465327343774e-01
4.917162372699646622e-01 4.720540396606802136e-01
7.323577390209076166e-01 6.984577479612291695e-01
7.760032893849707625e-01 7.480626657832364357e-01
5.169807176735028431e-01 5.131119907996706253e-01
3.915585850986323391e-01 5.188307137198910901e-01
6.338786473449130598e-01 5.710482587459783099e-01
5.068641198877528176e-01 5.336922301051900686e-01
5.932173066772402636e-01 5.652504816799243104e-01
6.886953744906393338e-01 6.888911450237814593e-01
5.833278010143095882e-01 6.019598111156857501e-01
7.224414074642232508e-01 7.353180608462562828e-01
5.340066162830597873e-01 5.427900648455671329e-01
6.922973262081711932e-01 6.720287745000940172e-01
6.690127260297840106e-01 6.499893788448123377e-01
5.896448552259535569e-01 5.917633298123640140e-01
8.019156564301842538e-01 6.880981796832540409e-01
5.530167460666602919e-01 5.567581898095202986e-01
2.682678290343666339e-01 2.975309802508410151e-01
5.594652316238193368e-01 5.119845613938462936e-01
8.506449648061285007e-01 8.799884220715072924e-01
5.495548287404844467e-01 5.965583014007412865e-01
8.742714495564534172e-01 8.248932314114365560e-01
7.315155525910920220e-01 6.617160186872786953e-01
5.570793794842440194e-01 6.107894702800357178e-01
6.643269891359011581e-01 6.931542400347072697e-01
4.075458252049301011e-01 4.132752399082246786e-01
5.903723263381455144e-01 5.863502674197136333e-01
5.315249620320258161e-01 5.615292710916285346e-01
5.584931648408010263e-01 5.865707972607744347e-01
9.705684126145944779e-01 8.569750415897169349e-01
5.841138744179413811e-01 6.993126094252711811e-01
4.761969823793323897e-01 4.411283367874898609e-01
7.696679289921719569e-01 7.906727589234170406e-01
6.521837712526310504e-01 6.160599611523114305e-01
6.495472982789886052e-01 7.034821163504508812e-01
4.841417330850954492e-01 6.302027829208978194e-01
6.212592382899251309e-01 6.360242981535917384e-01
8.164137532008851617e-01 9.044635227028513524e-01
7.553730296954495049e-01 6.810001161431626926e-01
4.952175988691789876e-01 4.568672341720437236e-01
7.032334390108924138e-01 8.077405729714585148e-01
6.724363175695291517e-01 6.974632293699061236e-01
3.541807775606816699e-01 3.253369821989781085e-01
6.712575579772247503e-01 5.560976826891851355e-01
5.380258159143120889e-01 5.097901309928161151e-01
6.568860306335355670e-01 6.592228444586551994e-01
6.500074271179688834e-01 6.131216160080116273e-01
5.169211435123939324e-01 4.756725775943838608e-01
9.260918154760682253e-01 8.992148775020891716e-01
4.051164656965647870e-01 4.440058694675605988e-01
3.579157286251225534e-01 4.626212740733571804e-01
7.167579824735791361e-01 7.144673656851697752e-01
6.341406905918064441e-01 6.631645369191648820e-01
4.207453938362547552e-01 4.704245815032050970e-01
4.778371058862773690e-01 5.321716093770003653e-01
6.800946086274497482e-01 8.454247607926945740e-01
7.555563904388533647e-01 9.163654868907216144e-01
8.830446075293156838e-01 8.068368564607180105e-01
4.783685881269633677e-01 4.802350406545270456e-01
8.549779796814394039e-01 7.972646445065658671e-01
7.492735978415779874e-01 8.232890934838877905e-01
5.619974891152719199e-01 5.774446800635673060e-01
7.179801073203468942e-01 7.642821511840551807e-01
4.810847847272620159e-01 5.260708871932967545e-01
8.451913220493121326e-01 7.339131093488953095e-01
2.741263339181224112e-01 2.231760428802995189e-01
8.452019107399820763e-01 8.242470161597380551e-01
5.945344001061725336e-01 5.839382963388113357e-01
5.209277352705622421e-01 5.110387900757570323e-01
6.375824509060727951e-01 6.642739244384407993e-01
8.668457063083313541e-01 7.786926638195658112e-01
6.542244752242206696e-01 6.769677608123824131e-01
4.851212865868059776e-01 5.567390658504378642e-01
6.186236142970793495e-01 6.828043315226679510e-01
7.697697394371458834e-01 7.976442760128099607e-01
7.558193219477657987e-01 7.787163737074673797e-01
7.124979452450576067e-01 7.446692873234167509e-01
5.605170385896314222e-01 5.736198312022415813e-01
6.285400545231774050e-01 7.262823668806899224e-01
5.564424159490614086e-01 6.195326383291276384e-01
7.897800094735080156e-01 8.347285967200052115e-01
7.643080840250617847e-01 7.925452710618230423e-01
6.426082675420847767e-01 4.754798166062457754e-01
5.370768760062176739e-01 4.998303879367457792e-01
5.289917408771438456e-01 4.808689203752158914e-01
5.881534121894161915e-01 5.168577904198800033e-01
5.669576871231630788e-01 5.667452419900859129e-01
1.032138453374643161e+00 9.744293649083791697e-01
5.815921670095429707e-01 5.563174621864039882e-01
6.503466701136774164e-01 6.180621537364762164e-01
5.107881581356972234e-01 5.314593052852787380e-01
4.827035611224806400e-01 5.842506432001655092e-01
6.298021308218206826e-01 6.789894121056521126e-01
7.079300710812681530e-01 6.478496461388592031e-01
5.299996099494103108e-01 3.945828809844359464e-01
3.493358106283360742e-01 4.085942637718452675e-01
6.106495303205093927e-01 6.397001459808430157e-01
7.021267503468892057e-01 6.698281771128197226e-01
6.910390296750881234e-01 6.662048125586079728e-01
7.159355183753067786e-01 7.827502747237361502e-01
8.734279845517951557e-01 7.760915636735696843e-01
6.309100282016673056e-01 6.087487281400343342e-01
3.927739512294880497e-01 3.501093775458324342e-01
6.953556649854835126e-01 7.588775050464584560e-01
4.578221402453950262e-01 4.475982427940924380e-01
7.179529848108833212e-01 7.449302282959379129e-01
3.539435500110409416e-01 3.999034775298841993e-01
4.926175027252242544e-01 6.017200173344845471e-01
5.829512444680706729e-01 6.226638186124471286e-01
7.456125426387988364e-01 7.328550399046914743e-01
6.582126905674039463e-01 6.505255089315484796e-01
7.110031211679833651e-01 6.948507628471402020e-01
7.150149367417619750e-01 6.920571255331255944e-01
6.419043075146319000e-01 7.023306302676756152e-01
6.509579703371978221e-01 5.234213381569620127e-01
8.542077762293113219e-01 7.949424739819203056e-01
7.052510483187466317e-01 7.678071342537182709e-01
8.051151236874177775e-01 7.239111023172067894e-01
3.350082385925813311e-01 2.308480254030867984e-01
8.020319818000004597e-01 8.460338243378827672e-01
6.355944741700069178e-01 6.531211427679027848e-01
5.831799817977021405e-01 6.450672122527649766e-01
7.108719087190792374e-01 8.299703961313625866e-01
4.777125159090047091e-01 4.847476378893112448e-01
7.385923475063644883e-01 7.030467902483303888e-01
5.686242229505388268e-01 5.662755026317648488e-01
3.915145942504190679e-01 3.865692223193399335e-01
8.328500335007028577e-01 8.277618699803971358e-01
5.025341447680928830e-01 5.074453374543510531e-01
7.225840531014408041e-01 6.058379617491668201e-01
6.182686261703099762e-01 6.013736349008044213e-01
6.112142191078467901e-01 5.977999797036565033e-01
6.299447413359589021e-01 6.345720580299472058e-01
4.914782568778657823e-01 4.616134237762196668e-01
7.389237808180579847e-01 8.549347128042166233e-01
7.184873863256189264e-01 5.900092360581596918e-01
3.301107427903390290e-01 2.928506379791876446e-01
5.857866199650766381e-01 5.194616519867359949e-01
4.099942742299246268e-01 3.915058964392288399e-01
2.922308023768179774e-01 2.824419485409016550e-01
4.414898627151025989e-01 4.744415392812120214e-01
7.964075936420537127e-01 7.738862900641775289e-01
9.015509370043389703e-01 8.692916039572663456e-01
7.504445974496454230e-01 6.666539786443992366e-01
7.681153002130984842e-01 7.504221907050752094e-01
4.711764631793471381e-01 3.809092334484687203e-01
5.960528135651511628e-01 6.759005267285961294e-01
7.181817079241806789e-01 7.537088300690680809e-01
4.386423110647957313e-01 5.032438068125832942e-01
5.431775885517372560e-01 4.348102305272287804e-01
7.120533896050975642e-01 6.784618993554210054e-01
4.385417204330646079e-01 4.226478843911829486e-01
8.670603843215871631e-01 9.357887684535439732e-01
6.070649503275891146e-01 5.798108766178577955e-01
5.963267801453925321e-01 6.742478828701857774e-01
8.776811509811464074e-01 7.571814363918540902e-01
4.408004795927500941e-01 4.936567465569541846e-01
7.467202248364323003e-01 7.384496231706948466e-01
6.439766459452084257e-01 6.107344036042271496e-01
7.588965853944253936e-01 7.292725044379060328e-01
4.355265600756924593e-01 6.182162824925393485e-01
7.262820168223650397e-01 7.403636752832672974e-01
4.552724568587621645e-01 4.681043589263601534e-01
7.947827191970462390e-01 7.672886715976059424e-01
5.990937783683542017e-01 5.773071013589393674e-01
7.843522825599459347e-01 8.851607066625865050e-01
5.696957254842786034e-01 5.146862114991538339e-01
4.071824536946648809e-01 4.766329602752176209e-01
6.812884685684693631e-01 7.354345021925586812e-01
4.204323450033512488e-01 3.910130575237028561e-01
5.188229522415694905e-01 5.492607211003202039e-01
8.129134264043209601e-01 7.781400502930200247e-01
7.123347637384184194e-01 6.144633761203700528e-01
4.167592583324377098e-01 3.680587636361963289e-01
4.594097893962935109e-01 4.836665923562325498e-01
3.138407797633557816e-01 2.530188311431182946e-01
6.647403344338631559e-01 7.361473312084090281e-01
5.268512662731618112e-01 5.031798377272972411e-01
6.524289093215970281e-01 6.560035304941610468e-01
8.392298765138807015e-01 8.580440340370821817e-01
8.330617798014401387e-01 8.184766569410868442e-01
5.418280143172312657e-01 5.947288168523022778e-01
4.773105125722731379e-01 6.087631049126920324e-01
5.947145774269475549e-01 6.103545661220177720e-01
5.229943977211971573e-01 4.738893456989392017e-01
6.934739063398830394e-01 6.883322040413951681e-01
6.959022839388167014e-01 6.836232576041465503e-01
6.772037355795600400e-01 5.863632714057066542e-01
6.640504571992645877e-01 6.836589276855168373e-01
7.394998588836274589e-01 6.654566155169747699e-01
7.779738753338398816e-01 7.939604568622991021e-01
4.708100439226631795e-01 5.597950970404775850e-01
5.438211257320951786e-01 5.300670783909432471e-01
4.552403257799280123e-01 3.846066192018445795e-01
7.770094209667055551e-01 8.318485293479103149e-01
6.549231496005087916e-01 6.979108949095416126e-01
5.638893562481186450e-01 5.755702214278179962e-01
6.479548421847738382e-01 6.383491325389936133e-01
6.989253914267878898e-01 6.781721374611724418e-01
4.447309049296662153e-01 3.472654320740820588e-01
8.721512045555974701e-01 7.694784862931487446e-01
9.191162331219505655e-01 8.522259079499617807e-01
4.224801547872737983e-01 3.934136214183983626e-01
6.927607554138702772e-01 6.226366908914860998e-01
4.927815330575476827e-01 5.478853079027264927e-01
5.673252242826244407e-01 5.492729059365194511e-01
7.442290774291896449e-01 7.853455566428330092e-01
6.254941607738015996e-01 5.915308423290472906e-01
7.716578889202632130e-01 7.270448303538679102e-01
5.616068247729131269e-01 5.275510504066900364e-01
7.646584157999437581e-01 7.279133190885181959e-01
4.602360807045682289e-01 5.677365837478229871e-01
7.008977577164904327e-01 6.074172886321568265e-01
4.317957950228607511e-01 3.783977621374904898e-01
6.832760776390763846e-01 7.090714123696703064e-01
8.304440092455547262e-01 8.165587927515136624e-01
6.787300790288411934e-01 7.537736740368842225e-01
5.378520999383759049e-01 6.176624114119556586e-01
4.940361037460003768e-01 5.167519888343143908e-01
6.101315116038473763e-01 6.609511226501910697e-01
7.364775415060026420e-01 8.065002331079410558e-01
6.351196174847834053e-01 5.528875723014162746e-01
4.387602499674988499e-01 4.562977427202592473e-01
7.380231792356053422e-01 7.344528281309132822e-01
6.221174796190553913e-01 6.977110218262885244e-01
6.971123204455331734e-01 6.325180257465552458e-01
3.512050546646989790e-01 3.827058575424138187e-01
6.765681772016040041e-01 6.538186437758387592e-01
7.130433384921590623e-01 6.444686958718224279e-01
5.852751324367142516e-01 6.701940956737071353e-01
7.926084692287838074e-01 8.804377329423482834e-01
3.368703934286204627e-01 2.512015173721008354e-01
6.179229388327146522e-01 7.798936418966276873e-01
4.676243859204023412e-01 4.940991681912840772e-01
5.027803965970097932e-01 4.730678933963789468e-01
6.867254259837903829e-01 7.657442961576933493e-01
6.844832590251798132e-01 7.996618520500179406e-01
5.426132584734750797e-01 4.307070141922737516e-01
6.265699891516682829e-01 6.680850544904213262e-01
5.536720508952549524e-01 6.492093169988090162e-01
8.161193160719636408e-01 8.573196891354609717e-01
5.634188268181827830e-01 7.335843179922918456e-01
6.664934795250464505e-01 6.756091266895821734e-01
5.313432035382233964e-01 4.935162663029032393e-01
5.892876758950151839e-01 6.129273646714412660e-01
4.353074059137920782e-01 4.813223148760810699e-01
6.376862553209823314e-01 6.353448873905829242e-01
5.121239343440033842e-01 4.996808371674424376e-01
6.104605158669710319e-01 5.167255050105058478e-01
5.855600090592305573e-01 5.869326517606483495e-01
7.343761954411645032e-01 6.545515506894121760e-01
4.632586112402721223e-01 4.055138536224855983e-01
3.688308466714485534e-01 3.458229084167314116e-01
5.511713094776093946e-01 5.532423587593455760e-01
6.222763212569816238e-01 7.325743620993191429e-01
4.454824052017100078e-01 4.981040565033829637e-01
6.575197097976220872e-01 5.834143878720755572e-01
5.303294497061121771e-01 4.972620673306767380e-01
1.523963654649645172e-01 8.129990332457562308e-02
7.685883609212167400e-01 7.720080683658938625e-01
3.769629366011001959e-01 4.044879134888219041e-01
3.112781097901220484e-01 3.253227125218435267e-01
6.182426136934743299e-01 5.469932038542081321e-01
6.213144404690845723e-01 5.888302492250835352e-01
4.915704746406266423e-01 4.151229715672358767e-01
5.240955279546524181e-01 4.919491913978774611e-01
4.442448628273050759e-01 5.559293847853317150e-01
5.753751492442440441e-01 5.979349270874065869e-01
7.914541051116139592e-01 8.130876455903666145e-01
5.677588123927808095e-01 6.038446472049077141e-01
4.602258793667388659e-01 5.109180847955276938e-01
5.436122854546179273e-01 5.023424193705072760e-01
5.034377705745305409e-01 6.916382286338074170e-01
5.219663084775084672e-01 6.002530335463428512e-01
5.226239976704224466e-01 5.591077376205092486e-01
5.756534161271615879e-01 5.971718400078618316e-01
8.562933417588889373e-01 8.187073040873404928e-01
5.854531843219383802e-01 7.657244028670873170e-01
5.258480406758753167e-01 4.573901870991774476e-01
2.506481634536437686e-01 2.442536158296961524e-01
8.056617046784728675e-01 7.484002366136344175e-01
6.190896290453953288e-01 6.260962096126072574e-01
6.296575796371913780e-01 6.512974592443244726e-01
4.797986347135580476e-01 5.152402874872596961e-01
6.607396320157117309e-01 5.381629062730124424e-01
5.778683773167091475e-01 6.440650241899134043e-01
6.153229827795366758e-01 6.075338437356946342e-01
6.939150868582023568e-01 6.823888341779330569e-01
7.405361876479578109e-01 7.364128394144985323e-01
6.391577982024482241e-01 6.416424989467109929e-01
8.027737993352391799e-01 8.394912680344545075e-01
6.256003995202037427e-01 6.492371294992642650e-01
5.370944627471635480e-01 5.684037157829452402e-01
4.225679330845460990e-01 5.120085256123338979e-01
7.105958579083526683e-01 6.801795543655162479e-01
4.984457509562104094e-01 4.911101641621344327e-01
6.931564889826883347e-01 6.528269508036731450e-01
8.039493914961225451e-01 8.382055953596155851e-01
6.906866301097505101e-01 6.162609866799171332e-01
5.646797396207390296e-01 5.136883883387888261e-01
2.990012292800896532e-01 2.371630069928401807e-01
5.791701278991644442e-01 6.252156093140389670e-01
4.986020036824208024e-01 4.641405822316860830e-01
7.124426841679497580e-01 6.387928475049097221e-01
4.485214745805113923e-01 4.245292271037159892e-01
6.002512983913426137e-01 6.837312552707457414e-01
8.909307355733560030e-01 8.477649302611964810e-01
7.681258496856595563e-01 6.278850769321449032e-01
4.170687778066924367e-01 3.852293093753776376e-01
7.335553143574484736e-01 7.658575836785019852e-01
4.685710099459644007e-01 5.278203754290120564e-01
4.810817192161324085e-01 5.487273744569466372e-01
5.294192888791808826e-01 6.117742908662415768e-01
6.718820564448101385e-01 6.828098996911721175e-01
6.504946860818607846e-01 6.476290436290794705e-01
7.183762974625583775e-01 7.962486870012078777e-01
6.369997265375608730e-01 6.283305832503003341e-01
4.534207755027819808e-01 4.319796052385029284e-01
6.750175267175315685e-01 7.014569240932069238e-01
4.109020070963935733e-01 4.066992404691086582e-01
9.613386923766299441e-01 8.142438760559876920e-01
6.113598457264354247e-01 5.091463727243704662e-01
5.665226157619128733e-01 5.354465541083192059e-01
4.167842721019170971e-01 4.509649041472088560e-01
3.874186325317804935e-01 4.123417409576367043e-01
5.160186339333272532e-01 6.167120654689488557e-01
8.252457748878995192e-01 9.328005484964300154e-01
7.413978430015136789e-01 6.918206338055269411e-01
5.593212495834739562e-01 6.150516518713543546e-01
4.605541283432970645e-01 3.930114899386565885e-01
9.267798381027871901e-01 9.722746811112170651e-01
9.352915060395455837e-01 8.976566772915760550e-01
5.981030953861992128e-01 5.406460009061442307e-01
6.378225759890919777e-01 6.248982585428389802e-01
3.336060035914839572e-01 3.899507938717828859e-01
2.516762931427539707e-01 3.216099516507346934e-01
4.362716080488495685e-01 4.393760480212315356e-01
7.128485911434824240e-01 6.726860427132793641e-01
6.343505086993367348e-01 5.859834118716896745e-01
6.106599416362290533e-01 5.864464992410836075e-01
7.130425617982908415e-01 6.200571118698600115e-01
6.334059465912533771e-01 6.597375868967472190e-01
5.263390070629150319e-01 4.227571816225895174e-01
5.609922879539945839e-01 5.525758316196751618e-01
6.828871040202236786e-01 6.394541296132242314e-01
6.744460877122302467e-01 6.932140249211891092e-01
6.312288070396836481e-01 5.952861656870915841e-01
4.548291355315229878e-01 3.810907885300345854e-01
4.385818176595681628e-01 4.962253144911160652e-01
8.459801650296311371e-01 7.379705536852373404e-01
7.615444905073864845e-01 8.183083317340107410e-01
5.778215125848961131e-01 6.819455905101935445e-01
7.317230768733790081e-01 8.233628542871472833e-01
7.274780202732720191e-01 7.033947591900393537e-01
6.998045797995654516e-01 6.407929467058918194e-01
7.500602992384083345e-01 6.322649686092408627e-01
8.190423416379616350e-01 7.603136286515849163e-01
2.955431531341529694e-01 3.318485540366849507e-01
6.487742619962977297e-01 7.003226253244625443e-01
4.739444307122104294e-01 4.732691360399504110e-01
5.216469843059663436e-01 5.633151662062134690e-01
7.193853920535828728e-01 6.430609858580993432e-01
5.694202419891156719e-01 6.726864106039518454e-01
6.903821814814337099e-01 6.743448188849765490e-01
6.975058825409823360e-01 7.517787141777698690e-01
6.179530393906034202e-01 6.071987767434665617e-01
4.875532470609872937e-01 5.216046801947431533e-01
7.083231726368958148e-01 7.514193595349073496e-01
2.996056624245745925e-01 3.949411481193725870e-01
6.423032673767754552e-01 6.813916191063784655e-01
6.612246288553248474e-01 6.238030342746386792e-01
3.956403955766848446e-01 3.208023650759307399e-01
6.358777199264424862e-01 6.501800020151542459e-01
4.323508919549571283e-01 5.026530709170364819e-01
4.926728549591961048e-01 5.212090374038296225e-01
7.311992496070548464e-01 6.148944492283313634e-01
8.409051670639899889e-01 8.397349933627629159e-01
6.255712934245480916e-01 6.068919290404708455e-01
4.197910539771684268e-01 5.469689712091652112e-01
6.880371775679116064e-01 6.407052386456503212e-01
7.255020293521442509e-01 7.595865500054054253e-01
4.004047706275179475e-01 4.428022649528960408e-01
4.048924704793118168e-01 3.546336925710545374e-01
6.325610460973144500e-01 6.739870083714286642e-01
3.598447208231232985e-01 4.591395515432427632e-01
3.719407344535736737e-01 3.513121857037712070e-01
5.372489299792004847e-01 4.380639240292347192e-01
7.022835865488082918e-01 6.612703820461166559e-01
7.100175909192091295e-01 6.701868184255640459e-01
6.372158383298831552e-01 6.631597676683753662e-01
6.903590812042724734e-01 7.638584428807334570e-01
5.086817780201418060e-01 6.735054713341359633e-01
5.076702409479345590e-01 5.786512160489951651e-01
6.608079518643101835e-01 6.376427640459678692e-01
3.510204012272701846e-01 4.955679678387820974e-01
9.167075317518084132e-01 9.079232105860904900e-01
5.590088561900180553e-01 4.938073853569889815e-01
5.838574805678007351e-01 5.926392385277827746e-01
7.491139377791130594e-01 8.100935424107996718e-01
6.080993529044392831e-01 5.876944521768959762e-01
5.442305744393417521e-01 5.912860591860308324e-01
5.211914478760518721e-01 4.902441704258265198e-01
4.566559894390991858e-01 4.670480528178175272e-01
5.366759930452448257e-01 6.615080569913130981e-01
7.563329568519024937e-01 7.610826607599511240e-01
3.735400988290073498e-01 4.651664141450737033e-01
6.214654027349990617e-01 6.004676623561047144e-01
4.584183825856956718e-01 5.256512008487580490e-01
3.494248523335640733e-01 4.226580209961545154e-01
6.371210686799113621e-01 6.015190576935041111e-01
1.031624844072255298e+00 1.011951599732512586e+00
4.638061509721497777e-01 5.088240597529263276e-01
6.678897744103443612e-01 6.697345992625122202e-01
6.302768190707191964e-01 6.497234248050803851e-01
3.255024692169458111e-01 3.568673936065284158e-01
3.482299164493490307e-01 3.411958638079272688e-01
5.249319703199742948e-01 4.853729510291580618e-01
5.883195754591863391e-01 6.285088520657506894e-01
4.910712047795712243e-01 4.736093519269509722e-01
7.448105786795083949e-01 7.329409983097762149e-01
6.625832659297687943e-01 7.285781491101674945e-01
5.781762877354629238e-01 5.259241025800617253e-01
3.654486451222367371e-01 3.932513114863442905e-01
5.860359069930971554e-01 5.139893440416152259e-01
6.330209332966088009e-01 7.539667194839227982e-01
4.466455853022288647e-01 4.001834206106156255e-01
7.813493441305422449e-01 7.886091577249908502e-01
4.024662189193207174e-01 4.940481315463798873e-01
8.349054505252797576e-01 7.716138922977084924e-01
8.678125292558768189e-01 8.385378175557011149e-01
9.833418563246451027e-01 9.183794334797242831e-01
4.902982884313141221e-01 4.826198840162694847e-01
5.972477085337243308e-01 6.292891513160062678e-01
6.706799866362667117e-01 6.413831908248115443e-01
3.016020988024835092e-01 4.084639404359649562e-01
8.642686365594928199e-01 7.149571592780098461e-01
5.603433103431354478e-01 5.342262879577941437e-01
6.357189835049928961e-01 6.623088469985506377e-01
4.549497920297316256e-01 5.811166042129072284e-01
4.239811902617280914e-01 3.644962635819264385e-01
5.915598038478949716e-01 4.719541539502639105e-01
6.879970679241550480e-01 6.541720677848411603e-01
5.867393750973496358e-01 4.957040375426477463e-01
6.279972590858232673e-01 6.294307548287053633e-01
5.065113044016319455e-01 4.201174277704470827e-01
6.508153881872269508e-01 5.426903578698580866e-01
5.513889209765754362e-01 5.370278517978104293e-01
6.243649770516565001e-01 5.819736989862170917e-01
6.292373948675936690e-01 6.268651280766651679e-01
6.637526548157614004e-01 5.786563885146928099e-01
7.715932937291588578e-01 7.267194214434501420e-01
4.566627263456208841e-01 5.445783287813079632e-01
5.117410754751363644e-01 5.158846392693652305e-01
5.213771508742196525e-01 5.556912491768414286e-01
3.497479098323251767e-01 4.160386859765876633e-01
6.376474224607588948e-01 6.925767471962640531e-01
6.643249950850694807e-01 6.017736190059644885e-01
6.773058914690059940e-01 6.566009915596415780e-01
6.599380587715530933e-01 5.184598711532646398e-01
4.059112071623100504e-01 4.199614391337813113e-01
6.868422364097566124e-01 6.741166291055937787e-01
6.235922126129497256e-01 6.326084861383743929e-01
6.108461688291855207e-01 6.781504972004399612e-01
6.891057353358556181e-01 5.929026651746807097e-01
8.656786993349394610e-01 7.923575268517626391e-01
5.784478814140296965e-01 6.270599206826736882e-01
4.149845447054995584e-01 4.620063959031903145e-01
5.697919957572536998e-01 6.541031133655963448e-01
6.038811544251171393e-01 4.992617406016642834e-01
2.052314369173709740e-01 2.616363618534956470e-01
2.364465139599347399e-01 3.640831548207119628e-01
6.165426054400487965e-01 6.204263290270003450e-01
6.112755508610099309e-01 6.381253915006395161e-01
4.914862644825552795e-01 5.302673482641537817e-01
4.236788921652827056e-01 4.379524823273637790e-01
5.435717792799075188e-01 5.671722925819233652e-01
6.186088562685543302e-01 6.288247261447534875e-01
7.525171322485284531e-01 7.579688845371788108e-01
2.872221546771723255e-01 3.460702912495240979e-01
9.268084085979941822e-01 9.069281819789909438e-01
6.691859564411908323e-01 6.472615741841321046e-01
6.723651500664624692e-01 6.607603420962524510e-01
7.926122610280293967e-01 7.502779870171413235e-01
6.797739104369192598e-01 5.488123553254781184e-01
6.048372003191034851e-01 4.722627314516635311e-01
6.571545178758849692e-01 6.616263237428633426e-01
7.042431369839364796e-01 7.108581006444875117e-01
8.054400072878170613e-01 9.353670599041766787e-01
6.717662836825282202e-01 7.531803238050645000e-01
4.944188231649100373e-01 5.772254797262901249e-01
6.346285804184590429e-01 6.661678742679215670e-01
5.758689834090443549e-01 5.973466537279173982e-01
5.993019833212331893e-01 6.217110278612469898e-01
6.349304689277480707e-01 6.397490566702691561e-01
4.807071953375440798e-01 4.626407962821649789e-01
5.838313276273066066e-01 6.790093365465288411e-01
4.296699793126479983e-01 3.713610314085224462e-01
7.416864102714459950e-01 7.140630345531735479e-01
7.697705834379763301e-01 6.933631065036870433e-01
6.403604515953174037e-01 6.012623922364277451e-01
5.048956555390278211e-01 5.748295559095617513e-01
4.700189996574802298e-01 4.252099257724341608e-01
8.758035562774405536e-01 8.390067391455516832e-01
6.739308746626315738e-01 6.699959198805847116e-01
2.874927600067223032e-01 3.763103086049542911e-01
6.831046568235126237e-01 7.774996350006833090e-01
4.405639233061914295e-01 4.295112658532816985e-01
7.350234134299082900e-01 5.831507326985394535e-01
5.077929215828069776e-01 5.796987723244706459e-01
6.091356079991796513e-01 6.689227715617274139e-01
4.114486054682748861e-01 4.311124819672215169e-01
5.319156506293563069e-01 5.293556609582168448e-01
5.294717034131495303e-01 5.193500467100287121e-01
4.096076795359389622e-01 4.696295145129232851e-01
7.817376465087614301e-01 7.065308086481004723e-01
4.011996659569204704e-01 5.107209784266312225e-01
4.642292416743233896e-01 4.576006770819711078e-01
6.998661460101278653e-01 6.963523732413146039e-01
4.399556131096291622e-01 4.933971403136729883e-01
6.463726744297441096e-01 5.973093616358365887e-01
3.832486437348192054e-01 4.577597434254136455e-01
8.491723288396703095e-01 9.573073246356841315e-01
7.233015105774512898e-01 5.901481625700834011e-01
6.812894258712324236e-01 7.314621588499351512e-01
6.822465686031013998e-01 6.440836558385207855e-01
7.047181941785347625e-01 7.037844853918000521e-01
7.313550777269081093e-01 7.759543507929401729e-01
9.230853931258278244e-01 9.528483398615155142e-01
6.836478721531672464e-01 6.790765590793838014e-01
4.617734336400725059e-01 5.931050878011467908e-01
7.407580329861177537e-01 7.117708959388985290e-01
7.282633133555841409e-01 6.648712759471356870e-01
5.920771930704716857e-01 6.586985542058046983e-01
4.319366172095892020e-01 4.429975945072341936e-01
6.404612794107629181e-01 6.150455757851258642e-01
6.339978193900629444e-01 7.234540337540406041e-01
5.147824450357535442e-01 5.365067177076395799e-01
6.158063624452018159e-01 6.286323931850433810e-01
6.322320048671595805e-01 5.960587472175279400e-01
7.460164509871555216e-01 7.786827203791993890e-01
7.683343057777567431e-01 8.546896450685568247e-01
6.363908504465497495e-01 6.483942654688462648e-01
5.758643854918741312e-01 6.489175919279901450e-01
5.582160285148091150e-01 4.885330073159336317e-01
4.566295765588782585e-01 3.790704743015885780e-01
7.135639703365718178e-01 6.207743651554945563e-01
5.365529997228113412e-01 5.534452952887807253e-01
5.685798079757766743e-01 6.164556301419379380e-01
3.755036254702400766e-01 4.887627896116356618e-01
3.315209789049889388e-01 3.013575300844906768e-01
6.976869359156242512e-01 7.299455460640827953e-01
6.094843685994968396e-01 5.610716635639754202e-01
5.757784472787863539e-01 6.356872201986516480e-01
5.841368394415187293e-01 5.461964290942911138e-01
7.201249553710903362e-01 6.348190450680589736e-01
7.878124507201975657e-01 6.970115643666559002e-01
3.559750689111548239e-01 3.636593794541320701e-01
4.805745501284272581e-01 5.077628184108121667e-01
7.748973203666480458e-01 7.195978741399589040e-01
6.201103534228938896e-01 6.841820091886242627e-01
5.759610918963617987e-01 6.050975188973350960e-01
5.676698983231889262e-01 5.576446655956681653e-01
5.875261856803744021e-01 5.750038013599600983e-01
4.614078243852282601e-01 4.818262940163272057e-01
5.594909851298712766e-01 6.188560116680679180e-01
6.457590854457991858e-01 7.454121098420932734e-01
5.375449443430292407e-01 5.639884724995761767e-01
7.659940228801921380e-01 7.402704219885746229e-01
6.557928743728070886e-01 5.524985222735879775e-01
5.090767497154997656e-01 5.786440527837302117e-01
7.020627500740592719e-01 6.887143545691427615e-01
7.053938496876626107e-01 7.245592193223679978e-01
5.192616358394773757e-01 5.579986582582251442e-01
7.013635597409056954e-01 7.313542124418644930e-01
7.697521851600466203e-01 7.296970799299873356e-01
6.939119363339606439e-01 7.304497922376737007e-01
6.841532814287801800e-01 5.968985891797206067e-01
7.417054837004649626e-01 7.805750758035611137e-01
7.559001271828310609e-01 7.858911069643917946e-01
5.468148633030691652e-01 5.117759639081591594e-01
4.926466995127745108e-01 4.780659763957938457e-01
9.135310464181303214e-01 9.445841903794816030e-01
5.133011914197936898e-01 4.604215066092763320e-01
5.695839206838813062e-01 5.189261168227305987e-01
7.445434310002190248e-01 7.403628024429458332e-01
6.177506720942337326e-01 6.578942456184216914e-01
9.330931178837639228e-01 9.232470230109522946e-01
3.441157132095334914e-01 3.226008511291753589e-01
7.485154710654612353e-01 7.605135453050718697e-01
5.428903215639938606e-01 5.431897918203864029e-01
2.938144619288166615e-01 3.953255390220461463e-01
6.903874706387400639e-01 6.513585281302900487e-01
4.640914314326311518e-01 4.491716659322714800e-01
5.966850018339215911e-01 6.251539074593108758e-01
3.808834162408397672e-01 4.297227675202763830e-01
8.289779940289645488e-01 7.123489017297117698e-01
5.738034686558488584e-01 5.549932424058068303e-01
6.471327653765236443e-01 7.224991005063979843e-01
7.322954889820850743e-01 6.248688829298795211e-01
6.238968868568067760e-01 6.194759173154450460e-01
5.769621052786031434e-01 5.845138767852786632e-01
6.528562200449153918e-01 7.180006757739821888e-01
4.101449087131095461e-01 4.150185837426796920e-01
6.942998586291645458e-01 5.756447028121242093e-01
4.834774319417186605e-01 5.713849975284782667e-01
5.719820838943722174e-01 5.056228696195806949e-01
5.590520073682893054e-01 5.800827197383607858e-01
2.892624685165284260e-01 3.096680650373239696e-01
7.184071814996059180e-01 7.484311368101989048e-01
5.158479383531241469e-01 4.383336325456603233e-01
4.292031204141791845e-01 5.125006600146341240e-01
7.608516710008442763e-01 8.066842870627987105e-01
6.482294299218669398e-01 7.628657949193462517e-01
5.195679159088366639e-01 5.037357649751610378e-01
7.822269636229123302e-01 7.638092715391483489e-01
4.290056351826425640e-01 5.004162889840459982e-01
4.537101994646567937e-01 4.181859557618129997e-01
4.390386305185546290e-01 4.344314579954138278e-01
6.455596596837167578e-01 5.733580692956745661e-01
5.766881096247749028e-01 6.170043621242351506e-01
5.026849191031375064e-01 6.049437480064834283e-01
5.411679663018499342e-01 5.700490789311495332e-01
4.516731225400326122e-01 4.852194506029660626e-01
4.900921191365653073e-01 3.956644890677472604e-01
5.358794522324601406e-01 5.366662445870118425e-01
6.680295378791345495e-01 6.598749053665216024e-01
5.378046882501704706e-01 5.660588643302054690e-01
5.602473488621781961e-01 5.763393022076233052e-01
5.994512532738770494e-01 5.343269786256058529e-01
5.163256463625384152e-01 4.840251348308838297e-01
5.660410223509723115e-01 5.001838359858540306e-01
5.523161449820397362e-01 4.956758067576365612e-01
6.255187422519170592e-01 6.444947165983809789e-01
6.701044772959001694e-01 6.249804040886710599e-01
7.061183682441291021e-01 7.083199586059630848e-01
8.471688787797131415e-01 8.055785603440239750e-01
8.236465108948355374e-01 8.074649324419455043e-01
5.510385731289988431e-01 4.361139293937482675e-01
4.517675700168393704e-01 4.335714838525041581e-01
2.649353479086717922e-01 3.775725897724673263e-01
4.063500009924200240e-01 4.216244116184337809e-01
4.830998176284411749e-01 4.610673838939339242e-01
6.061958491987027298e-01 6.277371536648670425e-01
6.149707824504337950e-01 5.805023078694755423e-01
6.538166566852862127e-01 6.962126067912676186e-01
6.789036539433351836e-01 6.444144806410646575e-01
4.920259970653293458e-01 4.999329336699036563e-01
5.051359218123419037e-01 4.658767836727232270e-01
8.446487536007541985e-01 7.891000469992589528e-01
8.643473140984135883e-01 8.439060851866421187e-01
5.975642513200748462e-01 6.783943429401165792e-01
6.248941228062031561e-01 6.509872628486944590e-01
7.749502547506765815e-01 7.027071020908857157e-01
6.532210983423460959e-01 6.667311124734141004e-01
6.451882190417049801e-01 7.044351353184307163e-01
5.617986132944116084e-01 4.911121537010875171e-01
4.990168967219907881e-01 5.512896554181665465e-01
8.331396917046760553e-01 8.665505309118231025e-01
6.076047303731417770e-01 6.322661960752238297e-01
5.252487223873277822e-01 5.738006482466243563e-01
6.214707697745418535e-01 6.207742759737344684e-01
7.529240086175309488e-01 7.265571258291206869e-01
6.159190853031223378e-01 5.265948009611495229e-01
4.419981481583183380e-01 4.459494928956028725e-01
6.907310065611770300e-01 7.721401128882315890e-01
7.373254078452845528e-01 6.490085585871573359e-01
8.855218354171644490e-01 9.113898246543866710e-01
6.610074984773489648e-01 7.241780131742948656e-01
5.711568574393854902e-01 5.761751691605883074e-01
8.922484232310654573e-01 8.121036264935648230e-01
6.207226667800894715e-01 6.709447604874306803e-01
4.406241169778510325e-01 4.298947227864924892e-01
7.922439490864368050e-01 7.777472248874330862e-01
6.164041913449861410e-01 5.979530270532037450e-01
6.964055704226044252e-01 6.701309160870172477e-01
4.690506520028702164e-01 4.135163380140430833e-01
7.693467698002209865e-01 7.785092679317380249e-01
7.067082056296434267e-01 6.625016600408504264e-01
6.538641952346555541e-01 6.270975665772959839e-01
5.383905318425555864e-01 5.170169446028284321e-01
4.653562312445562177e-01 5.903020756085598508e-01
5.290946447995065194e-01 4.853603928223594322e-01
5.402097523410309687e-01 4.830777830788573479e-01
3.302937398119104029e-01 3.504371480973227926e-01
6.224847754235595110e-01 5.286824676897482478e-01
3.560400792262620739e-01 3.816457995661722280e-01
4.991143488227844927e-01 3.515682894066104458e-01
7.551705024504080654e-01 6.529868912031617789e-01
6.686842892521446258e-01 6.338427127204081524e-01
3.869822414094723495e-01 3.777539057392854671e-01
4.495296270838881614e-01 5.040633273483869914e-01
5.443622440377638982e-01 5.049083015239156369e-01
3.516202030646398136e-01 3.303861473611224842e-01
5.739609634361837465e-01 5.164083646993635757e-01
5.370842780812044026e-01 3.768818257520641368e-01
6.076810458354123812e-01 6.618675658773930381e-01
9.070663472394803195e-01 8.647482357512698004e-01
5.938354833002490452e-01 6.957732907579836645e-01
9.199126384737194018e-01 8.535385085922139181e-01
4.933273375718006393e-01 5.015649108183319882e-01
4.076239869169188679e-01 4.288486833360353745e-01
5.754896497192910632e-01 6.105128414433708128e-01
6.577518136862466891e-01 7.302601891731660411e-01
5.840120967383831685e-01 5.505659917777542267e-01
4.982640214509259091e-01 4.874383187485447633e-01
6.057717377551667948e-01 4.987191131133272837e-01
7.501694198740970210e-01 7.782126915441859305e-01
5.883648690893540367e-01 5.693192363371314402e-01
6.752221307298424957e-01 6.813707239385231595e-01
3.925706597896011507e-01 3.815665471812640375e-01
7.834658475663932586e-01 7.202476777725258517e-01
3.863206961046279364e-01 4.908916137573072769e-01
6.874004692810052886e-01 7.566818622763663571e-01
5.336821300014505942e-01 4.835953065604269296e-01
5.903749783970689835e-01 5.262728324670794544e-01
4.996570959148667335e-01 4.799455472640954401e-01
5.065502429016744967e-01 5.072890652883027540e-01
6.656990865354307507e-01 6.862558685371963341e-01
9.059784728977016144e-01 8.261215155305452473e-01
6.306748160942891035e-01 6.446373041463785425e-01
7.055593772199832969e-01 6.427417802455330786e-01
3.417745488904594953e-01 3.383558816664156699e-01
9.684625886929686400e-01 8.780087742805900985e-01
5.761853852682355948e-01 5.295444500959841649e-01
6.620858356308146897e-01 6.599540968747531489e-01
6.010472612277293347e-01 6.920605326328226337e-01
6.656736098193946072e-01 6.488255842931588413e-01
5.520406200375596040e-01 5.616099754593664173e-01
2.264630859489849268e-01 1.928198310153716732e-01
6.378830174510522477e-01 6.478969233364647584e-01
5.600242325323594450e-01 5.784125058452342927e-01
4.990544168239557932e-01 5.374931702940138889e-01
6.633617577908398344e-01 6.000503190499094641e-01
6.378613272446157501e-01 5.845052118322039414e-01
4.919117998213847209e-01 5.307150817509258545e-01
6.491309932583959608e-01 7.238346762366623111e-01
4.903556679361287807e-01 5.253863983132417426e-01
4.458867103794189046e-01 3.090469005086709520e-01
4.855746966628216033e-01 5.485247530798704751e-01
6.323492601981078876e-01 6.103748340142113316e-01
5.815580811103665537e-01 4.975171217704175697e-01
7.856215633548992994e-01 7.408771069883695048e-01
6.949635683624357796e-01 7.023060563256717792e-01
5.482346648449589743e-01 5.724910807296603732e-01
2.927970491079475157e-01 3.278479638886339642e-01
4.619435840052474873e-01 3.874881156831001539e-01
5.134204060019460503e-01 4.918199631758357060e-01
5.240815927363129401e-01 5.470464869815307996e-01
6.693248947311445374e-01 6.043010134513320253e-01
8.517070746371601109e-01 8.674044531833294824e-01
5.324816186717451494e-01 4.855407719411859446e-01
8.189091554346034085e-01 7.963404695717460902e-01
6.517472642759348789e-01 6.150973990813864978e-01
4.582689798161614925e-01 4.816495229925657484e-01
4.827445717507684031e-01 5.362429733046243374e-01
5.886864822496000738e-01 6.633211210411009695e-01
4.139215081810722618e-01 2.827708380185399162e-01
5.347951582318952735e-01 5.370270794698051020e-01
7.516165626209238004e-01 7.976202611047192859e-01
4.480602937977883338e-01 4.955713213986322474e-01
6.471167831174063911e-01 6.630696790007771790e-01
5.739116672239420458e-01 6.049761891451571616e-01
7.517178988034328713e-01 7.099513794760187180e-01
4.982741503577483022e-01 5.225884817515896730e-01
6.294742572113118939e-01 6.223878915467486728e-01
6.917440466291813195e-01 7.199370078156384078e-01
4.273108995846403579e-01 4.733201533989240262e-01
6.399052646762687369e-01 6.285255697168575795e-01
9.477020998015229791e-01 9.475221989708076942e-01
7.967971454935721676e-01 7.632711207890129357e-01
5.729729896323010330e-01 4.732685077641625715e-01
7.330351024584119690e-01 7.974718472242753320e-01
7.781412809525958263e-01 6.845319834372707302e-01
6.016677075381617890e-01 5.159779441093164110e-01
4.055602707831842957e-01 4.560653748041569311e-01
6.298784907754659823e-01 6.988121413195762521e-01
7.114251161425126924e-01 6.817348374062026650e-01
5.840095497471153863e-01 6.051253538672649590e-01
5.910359212199939316e-01 5.877168873598114240e-01
5.509721813026288162e-01 4.934269125263482936e-01
5.788636762938547120e-01 5.696581419110756661e-01
7.153459305526576051e-01 6.837052905027275473e-01
5.915170133268758956e-01 5.226351747056334762e-01
4.165504754156774125e-01 4.893771938051449388e-01
7.062358857639421394e-01 6.791074789104607490e-01
4.838746272469504617e-01 4.931923843434501964e-01
6.267204107588135731e-01 6.141884108246800089e-01
5.721819767050055905e-01 6.026858108120449753e-01
6.140063455094322276e-01 5.774998745873867190e-01
3.733474843608848293e-01 3.916901366948347674e-01
3.662749352480901832e-01 3.416951247982229489e-01
3.462702581503577792e-01 4.682265826651653140e-01
6.291775911306347613e-01 5.942751501070617781e-01
6.648228953871685443e-01 7.089983132819349665e-01
6.301106276849969268e-01 6.256252390768225480e-01
4.546742940027299062e-01 4.277219456560446553e-01
5.897709944693820816e-01 6.781746665650707495e-01
6.698030567698293192e-01 6.898836258219501749e-01
5.274435373095648361e-01 6.098179766760279952e-01
2.662744444467141092e-01 4.348734492765878867e-01
4.727556867235722105e-01 5.244041200566799121e-01
7.563544980374228288e-01 7.932805355507979161e-01
8.607684993096947901e-01 8.987995710749067113e-01
7.229624626785160491e-01 7.126602271777309205e-01
5.115244628026226481e-01 4.135496940138694288e-01
4.875402367766907830e-01 5.203997015812236171e-01
5.472313075680610428e-01 5.670908357786539344e-01
4.941912418770329496e-01 5.377012913718194342e-01
6.900873114308174738e-01 6.462188426865325130e-01
5.201137629136062257e-01 5.761750189532913735e-01
3.538128300407791249e-01 4.252923446437408828e-01
4.021468123633796243e-01 3.838623801604941765e-01
6.360194521570154969e-01 5.634001483712569591e-01
4.878017903740539118e-01 5.158644532649747649e-01
9.012517897829909197e-01 9.190327254510998189e-01
5.118162129100255475e-01 5.092112571204282512e-01
6.591442012960947450e-01 6.552589142563277624e-01
4.441744294930168868e-01 4.261215205624373503e-01
8.145563556935163652e-01 8.020816369749209640e-01
4.729657541249209785e-01 5.565743077042776266e-01
5.109713524614839519e-01 5.140786375039873013e-01
7.420480379425321571e-01 7.351584511969219138e-01
7.064475547537257816e-01 6.498640769574922649e-01
6.109624436123899383e-01 5.496517255887547471e-01
6.436257311400778169e-01 6.251196897971630362e-01
5.748732730189146656e-01 5.949736222569624866e-01
7.649880216332711758e-01 6.973159645210207369e-01
