5.836847732518931631e-01 5.864953264490159190e-01
5.620943620194152057e-01 4.897421057962190738e-01
5.569748965996526024e-01 6.089047493171162451e-01
4.204595769850277831e-01 4.259743968696042549e-01
3.925820393778705064e-01 4.244131646271234182e-01
9.311362125497339992e-01 8.732345236999234928e-01
5.909578745341644845e-01 6.600225358232522099e-01
5.697626448101270613e-01 6.124299378989642717e-01
6.002188515236032140e-01 6.213862808485647315e-01
7.421073745221991036e-01 5.789936032158573553e-01
8.326557342442398868e-01 8.729269036009391636e-01
5.254681404787308052e-01 5.152987827840765922e-01
7.621604978854890078e-01 7.160240096859762371e-01
6.437507636182036030e-01 6.751786487870286013e-01
3.749043601786846147e-01 3.288426312656948514e-01
5.050987824262962445e-01 5.154694354389850464e-01
7.370156204487070539e-01 7.496318455564390248e-01
4.559670334275229275e-01 4.629509885583323325e-01
2.711218770053072658e-01 2.436608560268314905e-01
4.416188458756439283e-01 4.346909949147413910e-01
4.162675897895800614e-01 5.207203686170963630e-01
6.123342964077177486e-01 5.599522194698053346e-01
4.420696856850392931e-01 4.543204850053914057e-01
5.548054123558529005e-01 4.490235477270522746e-01
6.504784850059962542e-01 6.635190073930276045e-01
8.853473620880892847e-01 7.825949470919500994e-01
8.082844524609862358e-01 8.010582733623878848e-01
5.028216869595520944e-01 5.470963493237943620e-01
6.731050846375730146e-01 5.908331700658917551e-01
4.070878000170473077e-01 4.564252064080904225e-01
3.723675920789439320e-01 4.185649469428467939e-01
6.740964285041269877e-01 6.420717154810274829e-01
7.215961633325559399e-01 7.202464100881461606e-01
5.543452850532576415e-01 5.264688962252178639e-01
7.143054959832141337e-01 7.562974123874127708e-01
4.560703794258451071e-01 3.736773263963122926e-01
7.702579076344969744e-01 8.360777027654379134e-01
6.799081200634178312e-01 6.766807144128328400e-01
4.274606744772312394e-01 5.876302809556409601e-01
6.540972000011909815e-01 5.360067443235626561e-01
6.496775519847025615e-01 5.556097608633622231e-01
8.521600046739035150e-01 8.091493463127235053e-01
6.790730147798738070e-01 6.070629471766493257e-01
6.461413116143200908e-01 5.830890028908529699e-01
6.167596657040944619e-01 5.044405392220118189e-01
7.291934906699740759e-01 7.160473475190810566e-01
6.991508128609719153e-01 6.453163807468808022e-01
3.439305139061095695e-01 3.766905168411362470e-01
4.591846392274251398e-01 5.017851540552779044e-01
3.953993840838350149e-01 4.031919747384643538e-01
7.893553012946803449e-01 6.879191553773318368e-01
5.338138879076883558e-01 6.697199437167633551e-01
8.429493814888404657e-01 8.750496646420635738e-01
4.281747588116409098e-01 4.582443194606883319e-01
5.141993977138434868e-01 5.410697267175139658e-01
6.705847787053874631e-01 7.514284948770765249e-01
5.430775945633455892e-01 5.821303308692428180e-01
5.164444987645449014e-01 5.021024067226302900e-01
8.293930989592200875e-01 7.726601453364009275e-01
6.556759945314707405e-01 6.194464072024656875e-01
5.793718370350753322e-01 5.173148941817762303e-01
6.684809889154545992e-01 7.917075341456181192e-01
6.176220539521993791e-01 6.713305759017923480e-01
6.039217410817423470e-01 6.388662191412286528e-01
8.227412102344795475e-01 8.154971273641400398e-01
7.504522577572453335e-01 7.395013026514046794e-01
6.449555378779302517e-01 6.225133135145067831e-01
5.496553613715370323e-01 5.379182726300567596e-01
6.421905774642631126e-01 7.206041280002521976e-01
6.007064447378011041e-01 5.994290942526215860e-01
5.382221476283064465e-01 5.181379596977497837e-01
4.864578322389050968e-01 4.818965675115170488e-01
5.846475361710401497e-01 5.902943545536603054e-01
5.177103617491225496e-01 5.763278675063119305e-01
7.262738341125847263e-01 6.715304392941849887e-01
5.387379890963552853e-01 5.449949859069767033e-01
5.990187056428399881e-01 6.410375841116144890e-01
6.348406845058447434e-01 5.935127683986352043e-01
6.739507668703699217e-01 7.269117265578088904e-01
3.907332851588700140e-01 3.954874176204961622e-01
5.533574715773422747e-01 5.350184301907258133e-01
4.409592651554953835e-01 4.359065281796427604e-01
3.378079558985914721e-01 3.960686931620452933e-01
6.004166020635515189e-01 4.555668675810468637e-01
8.203163384842500072e-01 8.771883116631316035e-01
6.763574594712030708e-01 5.628626935228243644e-01
9.283396802733252517e-01 9.103300488096575105e-01
5.816942943783851572e-01 6.623802701378531665e-01
5.294427234852476793e-01 6.299579622861450900e-01
7.712235283515863626e-01 7.463119185384318177e-01
6.469948366711870680e-01 6.650872008475450237e-01
5.151248668039989376e-01 5.153858936242659006e-01
6.441506114197265154e-01 6.492461486652457703e-01
6.726751708045869416e-01 6.277450116279977843e-01
6.623274300118185964e-01 6.218485227782123426e-01
6.158965837778372920e-01 6.302867186987507475e-01
7.046194029402719217e-01 6.847818343459750601e-01
4.550655580444322723e-01 3.894049294167407638e-01
5.267934913556376886e-01 5.691805723006498896e-01
7.763891145153629658e-01 7.298788631386092796e-01
5.487936834996712809e-01 4.902972991249915369e-01
5.480541698798760963e-01 5.359121768734774749e-01
4.232888464172089860e-01 4.444001040154003102e-01
5.871421591703542830e-01 6.741495336700145113e-01
4.784716474919554763e-01 5.242390607502747102e-01
5.795918543215032859e-01 6.232906063483427683e-01
7.471593854149309877e-01 6.750149520164001604e-01
5.625395639692873928e-01 5.531014262199249742e-01
7.202057653760519651e-01 7.505681310324495703e-01
5.004519590491303127e-01 6.080417020990931398e-01
7.539932158153884734e-01 7.288117763613982669e-01
7.127914129155534795e-01 6.338803976969580312e-01
7.262610212678698440e-01 6.439146437637229825e-01
7.387036582225595671e-01 7.233245067925410110e-01
4.139664999317523297e-01 4.096472999077815369e-01
6.745236657216849840e-01 5.933564809201462564e-01
7.889115066428935563e-01 7.172998280573301688e-01
2.798122851396911415e-01 2.846998133008933340e-01
7.294395202286503288e-01 7.512906878376706121e-01
5.146185188181722214e-01 6.085025044218166368e-01
6.630039347933039950e-01 6.925205674236064590e-01
6.479530822276907687e-01 7.155639310051672419e-01
7.857953706093346868e-01 6.895416612715922211e-01
4.695758633239289770e-01 4.928996725465749629e-01
7.713591293096472290e-01 6.991077293919710778e-01
5.820756517833086674e-01 5.481644449248518347e-01
5.870295345879386062e-01 5.672081746659918267e-01
5.793066035573450900e-01 5.977627638523910214e-01
4.198816443063234094e-01 4.908456111714432635e-01
3.861616615992731760e-01 3.729733973254931167e-01
4.765700304114170449e-01 5.320297881678790475e-01
7.540728622670168635e-01 7.633862881093346209e-01
6.799083345481174989e-01 7.313170665021947459e-01
7.959568822570289859e-01 6.525629218359915162e-01
5.886617118836342533e-01 5.263562600637093913e-01
4.310186767251578677e-01 3.921497631129997052e-01
2.271487442443383686e-01 2.462159917243719465e-01
6.573756103319874367e-01 7.114949973337667544e-01
4.043173802166193931e-01 3.932265879836571165e-01
7.046353544900498811e-01 7.315673756788905191e-01
4.529054632057826213e-01 4.253074052442918918e-01
7.101045785568436131e-01 6.568661121486181198e-01
6.825538492144864744e-01 6.661773802695252211e-01
8.632065324980037202e-01 7.495424346327960174e-01
4.970872292907695389e-01 5.266976611497962146e-01
6.369583486093487457e-01 6.250394207801849289e-01
6.898385175588706009e-01 6.881459886591774211e-01
4.726093810922379346e-01 5.795194645008713286e-01
6.199248144987936637e-01 6.209378146687642985e-01
7.386956336603435203e-01 7.244458654011457499e-01
6.898254997019864776e-01 6.699651810460202084e-01
6.034223924637910352e-01 5.382386766845220771e-01
6.023819586024012906e-01 5.907636036668935109e-01
5.680912974292070539e-01 5.828171119028467961e-01
6.012810921821070131e-01 6.458589420351614763e-01
4.234459141158739559e-01 3.421855756109684066e-01
7.129272582072498921e-01 7.489275491353468706e-01
6.702338816333186511e-01 6.943905839392754409e-01
6.730792829288674284e-01 6.296891952011403060e-01
6.464429986749496981e-01 7.630731209660960301e-01
6.844614125489988377e-01 7.490440919450759294e-01
7.769252401321167234e-01 8.132764957010201190e-01
6.075073287926772148e-01 5.379872380659008746e-01
7.238916639600089242e-01 6.551799221097301951e-01
3.680718211892141656e-01 2.958891149844102286e-01
6.088060989551409286e-01 6.801992180492866247e-01
6.910035173854526258e-01 7.790244962165638887e-01
3.312587293650795517e-01 3.110924285039722847e-01
5.778904254392002171e-01 5.692267726450347398e-01
5.995597010443832753e-01 5.636723803960438373e-01
4.177436325035263076e-01 3.489011240227604116e-01
8.348116667843952232e-01 7.975618890682791839e-01
7.265805134702602031e-01 7.601778796614636624e-01
7.243994783272126314e-01 7.332949376783725048e-01
7.224784085030830916e-01 7.261519176568027589e-01
7.171296861514874221e-01 7.589426665399926497e-01
6.671662137687477401e-01 5.780598836464145851e-01
6.181056781231044628e-01 5.642082000578370060e-01
7.530259506943393077e-01 7.817944245508567924e-01
6.664361187189646873e-01 5.868029121713658203e-01
6.365494307602145296e-01 5.724680908018254799e-01
5.390861107284764531e-01 5.143149916017796253e-01
4.426191102021614920e-01 5.278144676536133950e-01
4.051693602357180346e-01 3.767414421411839909e-01
7.713528489983528802e-01 7.495537790399554590e-01
5.421767667063455143e-01 4.734256782045202505e-01
6.247384487674617626e-01 6.685221244662574724e-01
5.794009279614550367e-01 5.298441164324411146e-01
6.762576919951622800e-01 6.179261610791934034e-01
8.284011046964563363e-01 7.637739314681386560e-01
4.530514671878827504e-01 4.176438118307470027e-01
6.739243769504764670e-01 6.634428476474797387e-01
5.544864984036549371e-01 6.307332779892836916e-01
5.728301598508880321e-01 5.629778536755782881e-01
5.344847514291413137e-01 4.787207402659019451e-01
5.638325874832736950e-01 5.301638759783942056e-01
5.179936067574351100e-01 4.844385537265250008e-01
7.149512337091334935e-01 6.303249125868439773e-01
7.705578536346336938e-01 8.851081950948244126e-01
3.680704298702768829e-01 3.124478938091158065e-01
5.900611106947003526e-01 6.919428254992175953e-01
5.372186932030719175e-01 5.435518609444284222e-01
7.119544710709576618e-01 6.882700611647433186e-01
5.050568141787152854e-01 6.730000720176545492e-01
6.163911275239970511e-01 5.857027755071644304e-01
7.772878933253914990e-01 7.957768874582558105e-01
8.079542476766990999e-01 7.884697138565989194e-01
4.812764614548757369e-01 5.023911774231524241e-01
7.227455144713473834e-01 6.954890080038284017e-01
3.740143948305371668e-01 4.037184470745595610e-01
7.661089657229293026e-01 7.227039067297332808e-01
5.398006648814200892e-01 5.525625820289689072e-01
4.707785821413829064e-01 4.674591530313859655e-01
7.021375728583223452e-01 7.584730775290990934e-01
3.995110609304293736e-01 3.992311369482559047e-01
5.283836391503539121e-01 4.625460725112495730e-01
4.868282238712233201e-01 3.417335248011714177e-01
3.556735487355329739e-01 3.828880988943139108e-01
8.156795968951187081e-01 8.726107231923618812e-01
6.950174039082646082e-01 6.698648853997910546e-01
7.620628259283953598e-01 7.056575320731516276e-01
6.204855856126072489e-01 6.419843847051005525e-01
3.393617765890118987e-01 3.772729008140769391e-01
6.775825964150793412e-01 6.229099365616371786e-01
4.027894270102535534e-01 4.728807760505648883e-01
6.644627127217425100e-01 6.210689789676754335e-01
5.913556820438327088e-01 5.430542072204055382e-01
5.699712137952952506e-01 6.198400014325333718e-01
6.950023126566948761e-01 7.185698804912632465e-01
7.695773787643894748e-01 7.433482911223417977e-01
5.189678236382250232e-01 4.430036295442834060e-01
6.836150084592933496e-01 6.347318153802803398e-01
5.573562158115692444e-01 6.884779800678964001e-01
5.167758564934132881e-01 4.760039611200262422e-01
4.431146945946949911e-01 5.160435225009577520e-01
7.624460034706591616e-01 7.911543961398316283e-01
5.930797250962051015e-01 6.799208677209614970e-01
4.436962985274330862e-01 4.161787108055592377e-01
5.297015167253665835e-01 6.078874280808775898e-01
6.503052404856258795e-01 6.127104921474492150e-01
3.920517953541501899e-01 3.178053385429099875e-01
4.197752781677653866e-01 3.583330516701782598e-01
4.033386412116948816e-01 3.724354210567071832e-01
4.340142566611284725e-01 4.514557641088237094e-01
6.935713118485148376e-01 6.991009962523043741e-01
6.234069627905890476e-01 6.883426028953608666e-01
6.652927116732377799e-01 5.928297097084539446e-01
8.035725796164175927e-01 7.817683545369632503e-01
6.801698941184395331e-01 6.727651818819031515e-01
5.147858311305245627e-01 5.632690138214418996e-01
5.613038424075866839e-01 6.574500407196410823e-01
6.542614430331769038e-01 5.866938120263075485e-01
2.848711907754004624e-01 2.040254598123452945e-01
5.938748782625360434e-01 6.098770790400198649e-01
6.293737420413446637e-01 7.091253935895814875e-01
6.938396600247440649e-01 7.755938281022083380e-01
7.776908574727253720e-01 8.920924457687401388e-01
6.746271933180949532e-01 6.853785670957464049e-01
5.671186079855023987e-01 6.597890500525864788e-01
6.774039473535061751e-01 7.076351642204904424e-01
6.330483890414322357e-01 7.427427075416264124e-01
6.456077990680795242e-01 6.494160510397442021e-01
6.043696055947410661e-01 7.359243474924089812e-01
4.859958583606344695e-01 5.427847577361708531e-01
6.991233954903677272e-01 6.860396538441102532e-01
6.075313762810129470e-01 5.514946808264841183e-01
5.836914148071340458e-01 5.672695865093358991e-01
4.569899262954547070e-01 4.693360225991790036e-01
7.412875206557009156e-01 6.960123674441022201e-01
6.527684963139644969e-01 6.296539395668535599e-01
4.594503458205601576e-01 3.435188913053504600e-01
4.954705393879007547e-01 5.362525064489455096e-01
6.113443825529227826e-01 7.285961339593030051e-01
5.868680599299084255e-01 5.858511597303096563e-01
6.961226179812454173e-01 6.771529919696990252e-01
6.116983512985370020e-01 6.448110193110834221e-01
3.416104229185870089e-01 4.557966739333867423e-01
4.803436683103128879e-01 4.905190818386548357e-01
7.215010080565268380e-01 7.149027786151403996e-01
7.184264945217496701e-01 6.102530877453974378e-01
3.989540519233665261e-01 4.479991585967820766e-01
6.158626179813303514e-01 6.172781407643165297e-01
7.621076858004623977e-01 6.389435166712503777e-01
6.357685282134952764e-01 6.255828449077809328e-01
5.672425171879131867e-01 6.259455226160424157e-01
3.678587897098122284e-01 3.946421845817764673e-01
3.507295381671031720e-01 3.405851822394774242e-01
4.985114113145152070e-01 5.078656388281095335e-01
7.396687037420625055e-01 7.112186418035065794e-01
5.514510656921796095e-01 5.357817108410054541e-01
6.671235487809751286e-01 6.083641383759753607e-01
8.329659794667231276e-01 7.308882567090378979e-01
5.130240363647491364e-01 4.748063269338457237e-01
8.551882725721760004e-01 9.426090566638394286e-01
8.022852394060141501e-01 7.370116687692894741e-01
7.234041424910585549e-01 7.364950378870908088e-01
7.235442456072753714e-01 7.477701396697460368e-01
3.981089818236187017e-01 4.350480730426196652e-01
7.126865892109260914e-01 7.171365659714824536e-01
4.556816739541131867e-01 4.768426621844282787e-01
8.145191753858540551e-01 7.691970926364211092e-01
6.725596620330294151e-01 6.620935293820426892e-01
4.902263051151152795e-01 5.497712794025230165e-01
6.728776758767379684e-01 5.171715767169527966e-01
7.176812900010254292e-01 7.132255874602182466e-01
7.916226876169744076e-01 6.515200457800488509e-01
5.123513463200546347e-01 4.687534168022270964e-01
6.392841086149346763e-01 6.200186371744892400e-01
3.681305696441589115e-01 3.212343710093784610e-01
6.177292991395866295e-01 6.493151950492594970e-01
6.800630668355572839e-01 6.250721292230879689e-01
4.093223847125974646e-01 4.532342668040078570e-01
7.819281698359291655e-01 7.545963466474731041e-01
6.826576234936846399e-01 6.666158146519728378e-01
5.543395887005874156e-01 5.644247880069473977e-01
3.954726524379178487e-01 3.166145137631589668e-01
5.419906664515374839e-01 5.313405248452223173e-01
5.769611292646693590e-01 5.518357186560335359e-01
3.912827133450806905e-01 3.889812677534482122e-01
7.424860283615398737e-01 6.951686334185934735e-01
6.933820828114222179e-01 8.367722536876865957e-01
4.846566135971621114e-01 5.084261639098643926e-01
7.079726275056970053e-01 7.285023114560378321e-01
7.007151299902338870e-01 7.108386566591853306e-01
5.082110142119788954e-01 4.345821574566851031e-01
5.106570698097003813e-01 5.625617212930900113e-01
5.048977349808184689e-01 4.659102035482221016e-01
6.726706698669262519e-01 5.639188872288609655e-01
6.183111712969748819e-01 6.803760045793136868e-01
7.509230959530985849e-01 7.027790957092434621e-01
1.030368129235283980e-01 1.749353121208631623e-01
6.192939168176485598e-01 6.111114573431291053e-01
6.138690635913329752e-01 6.045692666415453109e-01
3.422659179678308461e-01 3.795163817285889807e-01
6.868634704578251426e-01 8.461523547288138936e-01
6.717046533858594959e-01 7.763017852165901012e-01
6.723057703527473006e-01 7.052896682380183080e-01
8.498054924004599942e-01 8.961885987525631814e-01
7.703148138869678752e-01 7.391473218374376986e-01
6.763063358867723585e-01 7.698210343642636344e-01
5.981474078403181682e-01 4.934825568612564162e-01
7.652356135713462848e-01 6.958194032576729970e-01
5.471868384930398399e-01 6.122413529471462112e-01
7.697287283378045908e-01 7.339656809669764526e-01
4.687504866635374690e-01 4.818563709899835734e-01
4.602340718259962937e-01 4.433245281423845441e-01
6.790093841989410794e-01 6.591529644025497792e-01
5.130568794253080878e-01 5.408740106397484926e-01
3.969117702734361042e-01 2.715079396015928626e-01
4.551377562028876556e-01 4.611494760362596645e-01
6.423674424885460477e-01 6.337002290999912413e-01
5.597907833135208344e-01 5.727531425420776534e-01
6.880277188905162822e-01 6.991803031169195881e-01
5.096278300013480367e-01 5.020429541305738708e-01
6.887007165434873013e-01 6.903657454176430619e-01
6.649786621613270610e-01 6.689818625522078177e-01
5.512200880846283013e-01 5.283473769048061541e-01
4.865334413263284752e-01 4.272170692021994842e-01
4.365798281979970663e-01 4.455713038180273977e-01
4.860836480508206048e-01 5.655117302476484475e-01
4.553367423062024133e-01 4.779087002013194252e-01
7.110750822739555499e-01 6.300659126983823022e-01
7.151025543783363636e-01 6.649069522585463465e-01
5.207111616788825392e-01 6.221272461531061060e-01
6.071660045230214964e-01 5.281588545981495963e-01
4.584729150570860390e-01 4.957224243057787860e-01
8.384246406173153643e-01 7.418650080495438059e-01
6.867873699795217224e-01 5.858291265644026691e-01
7.506147879679510027e-01 6.958196262704428037e-01
6.568882655975948337e-01 7.318313349031247972e-01
5.305404685379589980e-01 4.919621084747517470e-01
5.196835215558044396e-01 5.645289975596066157e-01
2.410953750887624980e-01 2.514392590609536571e-01
7.086326823515927131e-01 6.736083348638686186e-01
6.468630801553929555e-01 6.781111155479386809e-01
6.123376282992134545e-01 5.647016089473242406e-01
6.081298401108555796e-01 5.965327848407505629e-01
5.799635821537970637e-01 6.401343063827936719e-01
4.875343736780831660e-01 5.351208718948469167e-01
5.566231995614958628e-01 6.641268517686926831e-01
4.960354273640791289e-01 4.793686126979449513e-01
4.829370853350282156e-01 5.402879402089088012e-01
6.183602237796800294e-01 6.526974604083733977e-01
5.802743470718642049e-01 6.221083384696027840e-01
5.541207744496498000e-01 5.098548586675643035e-01
6.856302735742134669e-01 6.721910127438694982e-01
6.183812311378339421e-01 6.264002269035965353e-01
5.825036942837498177e-01 6.041328027476200457e-01
8.123679849350095017e-01 7.663029638465413962e-01
8.018705122682989739e-01 8.756079418008984039e-01
5.272704634669320711e-01 5.427174206670761780e-01
6.627978136590966241e-01 7.418390881054282016e-01
5.939201569536843861e-01 5.857507338611301906e-01
6.706772396434428352e-01 7.139157314648763020e-01
6.562478395895052774e-01 6.674716986741691116e-01
4.300724736547490989e-01 4.375521168459334254e-01
3.631329502862243319e-01 3.919971275431865521e-01
5.617510343346828749e-01 6.125116129551734234e-01
5.364294596568720541e-01 5.448666353912340332e-01
4.580329571682908996e-01 4.330917372759133799e-01
6.019657452839988210e-01 6.515897367704113208e-01
5.584451719397007796e-01 5.767853664229454225e-01
6.598471588379747343e-01 6.455948689587941436e-01
6.252386854109901471e-01 6.117471367727094211e-01
6.341013732171124628e-01 6.037922072901972248e-01
4.125911283654019601e-01 5.466916176835883157e-01
6.151857271944476402e-01 5.885982645214693498e-01
7.034558971362643298e-01 7.878952103419651909e-01
7.793069767327520658e-01 7.338928667454431842e-01
5.137715596869250056e-01 5.373282569952564369e-01
2.958402192981193779e-01 3.431953330061309759e-01
5.369024370515798061e-01 4.163481395086015002e-01
3.857651657586461669e-01 3.955984148788883603e-01
3.569381448147816438e-01 3.034557366822084323e-01
5.613123057219859824e-01 5.239802974712692851e-01
6.554895817795599600e-01 6.374640517693331843e-01
6.559467882557665774e-01 6.995682456144540762e-01
6.757984830513286134e-01 6.181476985919378553e-01
8.289480727425629913e-01 7.283224776908049369e-01
4.991923056948471826e-01 6.026334331479178408e-01
7.182918748561319955e-01 6.598540602220510642e-01
3.965375605845757323e-01 4.785379576997321194e-01
6.284950037566509051e-01 8.072641900526641434e-01
4.491811634761600502e-01 4.453273714353171431e-01
5.674054051017654032e-01 5.073189448722965622e-01
5.538277551851417124e-01 5.279258273391763678e-01
3.334573311850034805e-01 3.336884459689711258e-01
7.758521848027493117e-01 6.894660332467832387e-01
6.980182207905439862e-01 6.681762834420302832e-01
6.824118020744005531e-01 6.831434847938102628e-01
7.291664108390021326e-01 6.446827523067444332e-01
6.519416756913806177e-01 6.420070936111023086e-01
3.606424853782745354e-01 4.380254968742322563e-01
8.900092757882078764e-01 8.690206399482733879e-01
6.556793965932015134e-01 6.587055328347792837e-01
5.105979376124537561e-01 6.163898980278780249e-01
4.290450659106505027e-01 4.410716056982338928e-01
5.028015376992871488e-01 5.390494063046837869e-01
4.718891076797431250e-01 5.424964723250240706e-01
4.299931107524572749e-01 4.621871800580608092e-01
4.860385571366362956e-01 4.932313876999230851e-01
5.400615606651528733e-01 4.907455140765202284e-01
5.069886265229250899e-01 5.251516398547184661e-01
4.890712379496771622e-01 5.408893361831926816e-01
6.000459938948621286e-01 5.832434696537112107e-01
4.834070353705416934e-01 4.859803601270011320e-01
4.261966882775350407e-01 5.277161671047476688e-01
5.255343747578062885e-01 5.003882642808579195e-01
6.522828039120130983e-01 5.602927141516514942e-01
6.745288762609125133e-01 6.014254340273013089e-01
7.549289441292550418e-01 7.325093609696995411e-01
4.787035264113360666e-01 4.214649529703475839e-01
6.749809706282857702e-01 6.709603898706922864e-01
6.199069220092171539e-01 6.099924791923093670e-01
8.434752300665234737e-01 7.629055544906330200e-01
5.582780379768872425e-01 5.328268722873199525e-01
5.737379924491126104e-01 6.370444148769749404e-01
5.619176919023756156e-01 6.224775673131754949e-01
7.646566465048683092e-01 6.679049144409188177e-01
7.508662871512061798e-01 7.886080650033235884e-01
2.249929365464176101e-01 3.826481335291012087e-01
5.318564149388396167e-01 5.887059127220024557e-01
7.703612304524266596e-01 8.390970920385044662e-01
3.884075002170001012e-01 4.201523587795079617e-01
9.061123213367169305e-01 7.904836262056614826e-01
5.188127776165915028e-01 4.827934779493735507e-01
7.124322442394948052e-01 7.104213342880205673e-01
4.861832404955925280e-01 4.867425329271822254e-01
5.837798961060891578e-01 5.900316037449613304e-01
4.601412777763181916e-01 3.987857270184033132e-01
7.729650972595341063e-01 7.962287018061524613e-01
7.762120160485882492e-01 7.423248204406226458e-01
4.547379574068485253e-01 4.928916198366081192e-01
8.714670614744797206e-01 8.130929343058403980e-01
3.507633502483366583e-01 3.517557273671080842e-01
7.307905446289214568e-01 7.134438396557764017e-01
5.436885129771747982e-01 4.742417894904217279e-01
7.000398167481131084e-01 6.494007779103349032e-01
7.114544025836936347e-01 7.163836141703739946e-01
6.265922934504805086e-01 6.597594123834092938e-01
5.035889665960970873e-01 4.671607410839899721e-01
6.668783348421666313e-01 6.331794514306968713e-01
5.361191338379639459e-01 5.958272291935114984e-01
6.192420479385233323e-01 6.606209180935470604e-01
4.476253226600158119e-01 5.080188053648940771e-01
6.219914610101608954e-01 6.707891907478535920e-01
5.022290225962062760e-01 5.186347313372006163e-01
6.905065660283552509e-01 6.900663502534810645e-01
2.385669494266390023e-01 2.196508248418073406e-01
4.350086709173272559e-01 5.185162915766575731e-01
6.105022974593287133e-01 5.904664136694030008e-01
5.832179159513102285e-01 6.030998288103412985e-01
6.893483863879001916e-01 7.172983612665004838e-01
4.362969684345013865e-01 3.849068517083369390e-01
3.429181013227964314e-01 4.628333343918963338e-01
4.162371239071367968e-01 4.494026751781913798e-01
3.569111647829208422e-01 3.983887799129761653e-01
5.396666384476040967e-01 5.882951283612707361e-01
6.940906422140521448e-01 6.607595848392248117e-01
4.202604386708725381e-01 3.439237457081318339e-01
7.487445162817252253e-01 8.027772421180432438e-01
6.342896623045990445e-01 7.133903820466878098e-01
3.883066020656802952e-01 3.716131436075122418e-01
6.324702971558423537e-01 6.088585145818682376e-01
6.274532762923574758e-01 6.171800682915504765e-01
4.572804398430944106e-01 2.950148076287888443e-01
4.832499253091670499e-01 4.388398779139026096e-01
4.818441733683971329e-01 5.771366364621681733e-01
3.309195668173871563e-01 3.336319174871861803e-01
8.149855309761296907e-01 7.926548595530372721e-01
9.199115725775413033e-01 8.483198948107026904e-01
7.150124016840626595e-01 6.851361104294528825e-01
3.879850537253954901e-01 3.707229023346668706e-01
5.870308752735695634e-01 5.299604930909127543e-01
5.141861196028582048e-01 5.917923862025212811e-01
5.644150658548389154e-01 4.921593597288208555e-01
7.432304252892152352e-01 6.626074845510916411e-01
7.504987630466747328e-01 7.492945075859768211e-01
4.628770224006178435e-01 5.117814138263697687e-01
6.874552854502495869e-01 5.823972209843577552e-01
4.784837243915469052e-01 5.615860880253490395e-01
5.763251480084823353e-01 5.685339520558618798e-01
6.632947896679179944e-01 5.925884794149909318e-01
4.992808696477070707e-01 4.803683226878704970e-01
5.199287246742916313e-01 5.628013106325879811e-01
7.655509789988121927e-01 7.778202704114454136e-01
5.578052721798960611e-01 5.396260644383710225e-01
5.464692598991759409e-01 6.577752936929203154e-01
4.642022808405295575e-01 5.069919976143403284e-01
7.927407197772625702e-01 8.911418043804474332e-01
3.398100738275084964e-01 4.188419395706717285e-01
7.881856617187086300e-01 7.554517896370915864e-01
6.330548961763766691e-01 7.124870435544898850e-01
4.371450894163345091e-01 4.995182785918179103e-01
6.393336076811927393e-01 5.996375751660226738e-01
8.083721050421870391e-01 6.265733465272518288e-01
5.152404195666613340e-01 5.383540089962988162e-01
7.678328625839250243e-01 7.739750766433717288e-01
5.536221312429143726e-01 5.075526204454561263e-01
2.487796457789668292e-01 3.586447082715213952e-01
6.793885094562345239e-01 7.453689695984805352e-01
8.570361283243255190e-01 7.238816401101120235e-01
6.052965206165210610e-01 6.110843942847929977e-01
7.390504768117002188e-01 6.333236136453060938e-01
7.611759215451405769e-01 7.685156115671187838e-01
4.969032522750256864e-01 4.970355064590343264e-01
5.431346447111713438e-01 5.529793305938814907e-01
4.196118436558511910e-01 4.288579628561061674e-01
5.558270998563308307e-01 5.310639938757002465e-01
6.781192082091461737e-01 6.880303728408326824e-01
5.990054287559938295e-01 5.587743897544821259e-01
4.904415495800807934e-01 5.541746555609509128e-01
5.260596295878410267e-01 6.226106877985961852e-01
7.738440545614522215e-01 7.253609517488652791e-01
8.343226337222064970e-01 8.290041200995490467e-01
6.563471705064172212e-01 6.199079361189989701e-01
6.844367628513118307e-01 6.519390860736257176e-01
7.030260095815883403e-01 6.760684911491730009e-01
6.912204604803980912e-01 7.640560432193074236e-01
7.691191744112525486e-01 8.531094290844770667e-01
8.297636012685758455e-01 7.876265230041925580e-01
5.022015500853668213e-01 4.870625353933238366e-01
3.785311136815626143e-01 4.099877228289124376e-01
6.013315680859102619e-01 6.346866157581173562e-01
4.061182166079960743e-01 4.228879705550192547e-01
7.856084381438028785e-01 7.923616396115817917e-01
6.553013516604055955e-01 6.386106852935937717e-01
6.555591008245429396e-01 6.389764325868259043e-01
6.914424869475798152e-01 6.225463183542770951e-01
4.940063934498571951e-01 5.846661669963387764e-01
4.420145218178880286e-01 4.966266086388539946e-01
6.164063374253695438e-01 6.025137805601333829e-01
6.946017523401623039e-01 6.346305916974174233e-01
7.109527672434833301e-01 7.878880898553380918e-01
7.093636658616794266e-01 6.625759244519603408e-01
5.293738334736939333e-01 4.780146430546136638e-01
4.061204066699582449e-01 3.900903106787009800e-01
9.707230366900089225e-01 8.896662799235189878e-01
4.465898602021197150e-01 4.439493413134386057e-01
8.721994177145320215e-01 8.279077708333888452e-01
4.882510501971310535e-01 3.407097860501901443e-01
5.780883272629333547e-01 5.364653191359503026e-01
5.336210753950583197e-01 5.339878980002397135e-01
6.949732943058144485e-01 7.381098815702582527e-01
3.837295410165296183e-01 4.054122991119847863e-01
6.346644870005944128e-01 6.057449791858053878e-01
6.772982537126530644e-01 6.377276429954348291e-01
7.136550488746786769e-01 6.700482444803581572e-01
7.418991080709704811e-01 7.590343273354069886e-01
4.390305431688411031e-01 4.780677538681597505e-01
7.469514618110258963e-01 6.087864338951683996e-01
5.514878566494767487e-01 5.771863158745740296e-01
4.288321220937671985e-01 5.468688640774039822e-01
8.444756479434505358e-01 9.106075967314113395e-01
8.003861391239366352e-01 6.810386121429785611e-01
4.134159481813153292e-01 4.780937946250135573e-01
6.945004285141866962e-01 6.834423238445017645e-01
3.230663609291277716e-01 4.152898876917144877e-01
4.377118825134269087e-01 3.888632364079859793e-01
5.355217081560925685e-01 6.056389954553700328e-01
6.331158849797206001e-01 6.346964630442183397e-01
4.349933970372417691e-01 4.290217449047959986e-01
4.058929854426731043e-01 4.059842622665989498e-01
4.362966837935466913e-01 4.189046209357147887e-01
3.853095222563510114e-01 4.113887089840624900e-01
6.801599721498521323e-01 7.653612737091535223e-01
6.056625366514047926e-01 5.948044278360704595e-01
6.671806222666917252e-01 6.479089938037264629e-01
4.372697534840692124e-01 5.747278865912347490e-01
5.861890423964879471e-01 6.017332236378223342e-01
6.128685105025605262e-01 6.451530732136109281e-01
8.257070744551813224e-01 8.025895760343082497e-01
8.497138500167281672e-01 8.767743994922775341e-01
7.943821948905087638e-01 7.612216330369985240e-01
6.837184279280016375e-01 6.320841314476942641e-01
3.908660684576563127e-01 3.837405367443342263e-01
6.081131691373615755e-01 5.763298856840706197e-01
8.312798532973973975e-01 8.832489896209277935e-01
4.526310936615279279e-01 5.223590103974460330e-01
2.751441509347788417e-01 2.811891964636987762e-01
5.935424773825211942e-01 5.419711791687321645e-01
4.527524796238908134e-01 4.978226477658211357e-01
6.633073585116948667e-01 7.261148184948522655e-01
7.266976535637085233e-01 7.315568908906139312e-01
5.896491842558425622e-01 5.450555738658834359e-01
7.557184343347544964e-01 6.680269957379825208e-01
5.706025443269784336e-01 6.159858223891150342e-01
7.991980274758843095e-01 7.747392491584670360e-01
6.545771639630635352e-01 6.954499839636945069e-01
6.528933123046145592e-01 5.048880446736749850e-01
6.428630080111752410e-01 5.670519176426207508e-01
6.553410670569788099e-01 5.742457109114598168e-01
6.731982494053989630e-01 8.073799048244352239e-01
6.038131989490751472e-01 5.841995125965382396e-01
7.001310067873054432e-01 6.553021852122660196e-01
4.749087628336508549e-01 4.546000410904406652e-01
3.867129428853681161e-01 3.611669208068995496e-01
4.642568606808802345e-01 4.255151938733714445e-01
6.634489310597302403e-01 6.142227498852455003e-01
5.345229229491962331e-01 5.528564405773507273e-01
5.339614827712453327e-01 6.041230559011985246e-01
6.018003170261559953e-01 5.856088794736743486e-01
6.830732734138735829e-01 6.685903264576360527e-01
5.540346221111499547e-01 6.027934387631367352e-01
5.392064068446265068e-01 5.043271694338085087e-01
6.112101213839625791e-01 6.301278027834170681e-01
6.217899861793414473e-01 6.673385919350063311e-01
7.104348636782573667e-01 6.775531165116688292e-01
7.096299898244458060e-01 7.121924805506805178e-01
8.006801392065437950e-01 7.530067650174573357e-01
6.816706055251439134e-01 7.011439172557475397e-01
6.107445569221239268e-01 5.385072024568544613e-01
5.360091805079846283e-01 5.200404193100497396e-01
1.654068981449577924e-01 3.007196589958107680e-01
4.899618558583951899e-01 5.844259902602675361e-01
7.996304397257688601e-01 8.205828009136831858e-01
3.449784803783199627e-01 3.327240129222667764e-01
3.536928199412004981e-01 4.799867267430701911e-01
7.371676730111226261e-01 7.349936335676220400e-01
6.195130401505237749e-01 5.002875483706199500e-01
6.182606970056853113e-01 5.700346058072592870e-01
6.807140833888816189e-01 6.907979343199404099e-01
9.010286713497492883e-01 8.939550184440558933e-01
4.686766946795400401e-01 5.527392468203186082e-01
4.479190110124463553e-01 4.516306290562907000e-01
5.799332346015686479e-01 5.899325307411629193e-01
3.814999400988678957e-01 4.463940260136158855e-01
7.823130279228751593e-01 6.239767579673054509e-01
7.958247501621155129e-01 7.829617029282148755e-01
4.579264301321903652e-01 5.366580071399991159e-01
6.703490222897099393e-01 6.653623521211171621e-01
5.188921098848083835e-01 4.719259431596118937e-01
7.464622186062791487e-01 7.963015842108499553e-01
7.215737150600836092e-01 6.694498154203636364e-01
5.846112656833790666e-01 6.966188816762048930e-01
6.856740547849462519e-01 5.987852036272141021e-01
5.437673593708540754e-01 6.127476342263797893e-01
4.811427913377480658e-01 5.006429233898157527e-01
4.811266457056219137e-01 4.679439025756432224e-01
5.445606752137722717e-01 5.654839805284089804e-01
4.895227817632455403e-01 6.043653698711810573e-01
7.065226122779559859e-01 5.767238138263499625e-01
6.332848480821398063e-01 5.427251486504132139e-01
5.989035073044346458e-01 5.658856656064581436e-01
6.045118957436905749e-01 5.437297890955454793e-01
5.645809469820519677e-01 5.719697246202239960e-01
6.352220909634439527e-01 6.994727358175029108e-01
7.024147649033902763e-01 6.772531275012987351e-01
7.442703149221074899e-01 6.887502930438831328e-01
5.683524283396248489e-01 6.191076598825735466e-01
4.952530610934349209e-01 6.286837637600080075e-01
8.313943917013181251e-01 7.970015518225571638e-01
6.228815113958267036e-01 6.134132363261198817e-01
7.798275836876800149e-01 7.400022869886044852e-01
4.516910003620043801e-01 4.504312790834502644e-01
7.376643868074775900e-01 7.525156067463983911e-01
7.120172554301377188e-01 7.075250879698248285e-01
6.228049055354827335e-01 6.564280800990558440e-01
5.115888304508100504e-01 6.252265405657984054e-01
6.234605789759183336e-01 6.016817759909159902e-01
3.884409545098668759e-01 4.331144243146218265e-01
6.014833945596070874e-01 5.503059131732900289e-01
1.723511194683517156e-01 1.524005331485359382e-01
6.314564692016453318e-01 6.212307417135098930e-01
5.664704477288183826e-01 5.122615050610536125e-01
5.652682897157084163e-01 5.287602288602004652e-01
5.337149846857265345e-01 5.848892362343598439e-01
6.021205729513313676e-01 5.064100185663354958e-01
2.632671658522323654e-01 3.094210812182062731e-01
5.571528266280110220e-01 5.051008314447500425e-01
4.544104673361551994e-01 6.135766190210788507e-01
4.176221870093019817e-01 4.065168103784143616e-01
8.365998836802253091e-01 8.276814718467153664e-01
5.046845315139635302e-01 4.337288739247880387e-01
7.363462453806099983e-01 8.802391448322604006e-01
4.532055203898210372e-01 4.883798475475789602e-01
7.681102805482337148e-01 7.857088879902979217e-01
5.109152873638699299e-01 5.595836113978179815e-01
7.916161943379352861e-01 8.134277773229955377e-01
3.092635579448426153e-01 3.092659523872572924e-01
7.107913809075419032e-01 6.296195040928687092e-01
8.590613599080729745e-01 7.708258734032011894e-01
7.258612358184838298e-01 7.504511501023719555e-01
5.488686684875672128e-01 5.184614790620640790e-01
7.785174808732068241e-01 7.174926153603825574e-01
7.711874439179094987e-01 7.440207022030252970e-01
7.806175911251800326e-01 7.937732802594315018e-01
8.118594953918183421e-01 7.103445853526535458e-01
6.811575468553695556e-01 6.651360556686146674e-01
6.600665387372532944e-01 6.038926159739146371e-01
5.255474944012492600e-01 5.270176394915671025e-01
4.931568153540571986e-01 5.091833804205919689e-01
4.434376047224358186e-01 4.119120492294068847e-01
6.291763715594254069e-01 6.440285722121370515e-01
5.656752542158436370e-01 6.349853366229494256e-01
4.871534829001544775e-01 5.034619919682146172e-01
5.481396690799211768e-01 5.794872137093340925e-01
5.200492902436111287e-01 5.466255883481589972e-01
9.004499561509977656e-01 8.776901581718774548e-01
6.394783893233937366e-01 6.706174431807290226e-01
5.860422811785268582e-01 7.214089487506978315e-01
4.919700156528091228e-01 5.475630853305755164e-01
8.699441785920351000e-01 7.825247915233660700e-01
5.742028711094571136e-01 4.319125300070488227e-01
8.038155129843270741e-01 8.249116592339303944e-01
3.791206182687676951e-01 4.986159663072080028e-01
6.545348553771138667e-01 6.839267297380490218e-01
6.633273479976818932e-01 7.190956890428995552e-01
7.345966802760758307e-01 7.455036375560374351e-01
5.225237481280743390e-01 5.529301828528313534e-01
6.121610905725688445e-01 6.146205963329621769e-01
4.208954305715402744e-01 4.518911636227613271e-01
6.382077671512937922e-01 5.632057174874636196e-01
7.417136466725451349e-01 8.267622008733237493e-01
6.533932002610776113e-01 7.108484156103846985e-01
6.310545700010368186e-01 6.051640049101578711e-01
4.042185253971111170e-01 4.693514705366994555e-01
4.866680081853539952e-01 4.702923627028205433e-01
5.289878978054168845e-01 6.108084105012853149e-01
6.653197749880573886e-01 5.933952780977774788e-01
4.860063828251484641e-01 4.374228260836582893e-01
7.540694485383502288e-01 7.676693642962165720e-01
7.456360887718967989e-01 8.323151060221790631e-01
7.087188227430565313e-01 7.336586281817640831e-01
5.402677848542268846e-01 6.027438199663549545e-01
3.336573251117075922e-01 4.183012870217925339e-01
6.383808446419391158e-01 7.572582594409690282e-01
4.500959155777177756e-01 5.288933176830612481e-01
8.202375597754545389e-01 8.974905955751617537e-01
5.300795925779769879e-01 5.426055618178117212e-01
3.122038246093903346e-01 2.527186141470839642e-01
2.785329538649026770e-01 2.485204748574483535e-01
4.233570326734567568e-01 5.000555704382001476e-01
6.811803586528142329e-01 6.949640092306637040e-01
4.767759457034669301e-01 4.813495938976538602e-01
5.768316402318367508e-01 6.354943220331130682e-01
7.012748391973872009e-01 7.900948383452673918e-01
5.668870735845406017e-01 5.513779247939147865e-01
5.624917360913072040e-01 5.156073784888489664e-01
4.426154306760550217e-01 3.544857890513525289e-01
6.424160297963219524e-01 5.629900203060667074e-01
7.083328723706689978e-01 7.012670994331369201e-01
6.364024529177139122e-01 6.207392932211797110e-01
7.406995291023041883e-01 7.619350010445933297e-01
5.333867777268909149e-01 5.966382767981065482e-01
6.136712266538342231e-01 6.524603066366270188e-01
6.432887832878373402e-01 5.370965714690287829e-01
9.045296267945414082e-01 8.751332296778807640e-01
7.242374688845363284e-01 6.768643368199271926e-01
5.191274457502560447e-01 5.552384751877615932e-01
5.378637762545467327e-01 5.880439385320569423e-01
5.746990762120746110e-01 5.601169571812089076e-01
5.078361664187847069e-01 4.755826923042741905e-01
5.762745425601685234e-01 5.652349248340007293e-01
6.818398997563587249e-01 6.832710208831039855e-01
3.980290428365332867e-01 4.059953634828620261e-01
6.766057533913989452e-01 6.450018352470290317e-01
8.149411184796466756e-01 8.410230911800569142e-01
7.483011251687305965e-01 7.325996736699231793e-01
5.618413576667516951e-01 5.947509887532097528e-01
6.411510638930674189e-01 5.808906206149234697e-01
5.617573500381620732e-01 6.655991322387277975e-01
5.252133147398461155e-01 5.544065064314884772e-01
4.835805340494459537e-01 5.004236320919173142e-01
5.574053330212784818e-01 5.509935102307845778e-01
5.960912515898557640e-01 6.299628725971042620e-01
5.869503333096978137e-01 6.038829685434657923e-01
5.617350360239230511e-01 5.633226763763286016e-01
6.844426481835619303e-01 6.135071549197459451e-01
5.296552316272115091e-01 5.886151354453433848e-01
4.539803045513878255e-01 3.428390707733948162e-01
7.979702413306077879e-01 8.224338505902373253e-01
6.268891275767912719e-01 7.413917073218699860e-01
8.699488883919397342e-01 7.571835590217739220e-01
6.151848563102885192e-01 5.918007975647708863e-01
8.013528722751699362e-01 7.045407342926697236e-01
6.191420946408998649e-01 7.201360603030260155e-01
4.603424860830973020e-01 5.552206065389386769e-01
6.257651114252773539e-01 6.597049759510629219e-01
8.964814326704712011e-01 8.831965261202213702e-01
8.671164054241020658e-01 8.157003255294683619e-01
3.898292211762617865e-01 3.626262989301597961e-01
4.854142492626917771e-01 5.691888237568066833e-01
8.037337493985461379e-01 8.112672888746794708e-01
6.277665387444133493e-01 6.200723389285325293e-01
7.308047186211807933e-01 6.811830727142171860e-01
6.607988270814519893e-01 5.724080811807406022e-01
4.099828253782671350e-01 3.862659690142220548e-01
8.040506840390210241e-01 7.812997156367204044e-01
7.022996137963550822e-01 5.965671958987888157e-01
6.045979656373224875e-01 5.997593096189014483e-01
6.435479804644744783e-01 5.499386181255409012e-01
6.246769709815056526e-01 7.234507187827132757e-01
5.594336092961352813e-01 6.171502604331392527e-01
4.440027596877993421e-01 4.525228398284598663e-01
5.507942526103953851e-01 4.729415496981851930e-01
6.653145100783085519e-01 7.042212068435246275e-01
6.338525135040423697e-01 4.933189714676281534e-01
5.048411368170723224e-01 5.028395738588359309e-01
7.049207916722811662e-01 6.128737983826245683e-01
5.785903867649003773e-01 4.968543244050368513e-01
6.917214364938484294e-01 5.097412411290551670e-01
8.401032602558958784e-01 8.071093720570706731e-01
4.605417465790914155e-01 5.661615475399573993e-01
6.069479337302865485e-01 5.401060146787777239e-01
5.611339201526071019e-01 5.949347474518007495e-01
3.888464982791375868e-01 4.016907803947279976e-01
7.033061140835821234e-01 6.449145382022138939e-01
5.317485427455074243e-01 4.815548709466868638e-01
6.813499393641297974e-01 7.256331131574420557e-01
6.525062333884371624e-01 6.052344305088258603e-01
6.465353599158074616e-01 6.587490172971524061e-01
3.454796326268292361e-01 3.502987556784048495e-01
7.034803942791160170e-01 6.558911153648508963e-01
6.407031600965891194e-01 6.026167632676124875e-01
5.911910654120144937e-01 4.551178154044197011e-01
5.156734921157180018e-01 3.967719899151173069e-01
5.984254633188974548e-01 5.980845209310150512e-01
6.460520157073402769e-01 6.499743165577051007e-01
5.295045196645328245e-01 5.571162858939558982e-01
7.365774611460296217e-01 8.360625663323384416e-01
4.783455038760506817e-01 4.035803174626366729e-01
4.319340804658648447e-01 4.849145606782939155e-01
6.062981954367527848e-01 7.321285658524234741e-01
3.853640551019448246e-01 2.445825206543032759e-01
6.374159301542037248e-01 5.731518598689071542e-01
8.278846395969168270e-01 7.071501540086231330e-01
4.672250254591056584e-01 4.600156184939906967e-01
5.999549151069765163e-01 6.561438327721558217e-01
5.814929405710393961e-01 5.689713286838706807e-01
4.668463681378695607e-01 5.641478988206496403e-01
4.970137263678014450e-01 5.797254401416420677e-01
6.006785541040295939e-01 6.345832763192535975e-01
8.597921010589528734e-01 8.296371634848875853e-01
5.264373661351757772e-01 4.597184186564222674e-01
6.130600550786496905e-01 6.837057078880942607e-01
4.666446399548658253e-01 3.807481072924939758e-01
4.419165303128300137e-01 4.339262264001291780e-01
6.011728092951275082e-01 5.905446021753689712e-01
6.649801684489539122e-01 6.756574412816666042e-01
4.461528117605337851e-01 4.750232347616438755e-01
4.367016693707166386e-01 4.246579857992910378e-01
8.865630002462457915e-01 8.550103205332572065e-01
5.711723056858690750e-01 5.624315814763820587e-01
8.335863185047852619e-01 7.644075776176243453e-01
5.553286197675175728e-01 5.968326916334054655e-01
6.414742786395121188e-01 7.599486523781867620e-01
5.064116045805020505e-01 6.019200279905603246e-01
6.239766671787195795e-01 6.491750707830213907e-01
6.854232838636675762e-01 7.326020349672115461e-01
3.647967274688015960e-01 3.164439483812254150e-01
7.264909343367914607e-01 7.880497745990414638e-01
6.211854034479237230e-01 6.682125807810525009e-01
3.267102807474400183e-01 3.828506680032245368e-01
7.498148115730109975e-01 7.571738104373093581e-01
5.153317875084283406e-01 4.213277332754197246e-01
7.878412227963534908e-01 6.849835813904195936e-01
2.282139119786642800e-01 2.791088126306272010e-01
5.023578227285868669e-01 6.566038053160744292e-01
5.665837812064161705e-01 6.422915808987746944e-01
3.328749218950213251e-01 3.391868882305553168e-01
6.202501263022573985e-01 5.605740689059900417e-01
7.495142898447558766e-01 7.578395148284376992e-01
4.951501506266787755e-01 5.158846629083274626e-01
1.272022618395148297e-01 2.259382274712882777e-01
3.203213624499124390e-01 3.773323098311875401e-01
5.765092206304115452e-01 4.859055486302913396e-01
5.545406057076319728e-01 4.634367297972004640e-01
7.157063917793337060e-01 6.751976627244588025e-01
6.698416472868271576e-01 5.429370533643631536e-01
2.380958141633169045e-01 2.224429854628987291e-01
4.366142329736672489e-01 4.461763149671347795e-01
7.504229790803738087e-01 6.299955879455696461e-01
6.318609071109865249e-01 6.267840195429620342e-01
3.992035059544238318e-01 3.108741228253905642e-01
5.452056917122707347e-01 5.623042263003241725e-01
7.917193405741270729e-01 7.889905250121324043e-01
6.302482583193319554e-01 6.563819711127479861e-01
7.286242582019487601e-01 7.104801363014222604e-01
8.666857026012264598e-01 7.582722989960948290e-01
5.377680270880775826e-01 4.223277415834570392e-01
8.498130805955060874e-01 8.729767841641770110e-01
6.067558309507217196e-01 5.956955000594590377e-01
5.299562583582055897e-01 5.984097891034303451e-01
5.222908143443062423e-01 5.890425034155230000e-01
6.000958674721359465e-01 6.021104194057198544e-01
7.969762494329518665e-01 8.377010342857530434e-01
5.802089388134001879e-01 5.398867709041597074e-01
5.963242645151225485e-01 5.654498495846296269e-01
5.102422335472296400e-01 6.228137584790451875e-01
6.759291516482960338e-01 6.932923147217867621e-01
5.004539123813767088e-01 5.240786416240361678e-01
4.549296306904008214e-01 5.026946964483534064e-01
9.133637790602074924e-01 9.249277878417337950e-01
5.723494378058755494e-01 6.060803860007928368e-01
8.386636874940168740e-01 8.630577606935908586e-01
7.230289346705383036e-01 7.038124125350144755e-01
8.544487032782004388e-01 7.864165141550725213e-01
3.301786307326958214e-01 3.966521144776999908e-01
7.486253861852225633e-01 6.849675249459306059e-01
5.091361398262661542e-01 5.473903064210901004e-01
4.981793893101622017e-01 4.478261936997061654e-01
7.064273117757642328e-01 6.273651725065150231e-01
6.219054143164406412e-01 6.807115534349710284e-01
4.098702696943927748e-01 3.607046629976558005e-01
8.005330252551591252e-01 8.473944311604652002e-01
7.293416563900239069e-01 7.104282502049927839e-01
5.419486227849611426e-01 5.546568048323469169e-01
6.203876588429489969e-01 6.252779537611469207e-01
4.045097186518836763e-01 4.718712513996282665e-01
5.941965298155986730e-01 5.962281732113257071e-01
6.828101296151605215e-01 6.942867053722845405e-01
8.592812870890860211e-01 8.293782864159005008e-01
6.250894600753416075e-01 7.124007051630554255e-01
5.248013967790055023e-01 5.625217877130372912e-01
3.482686726078886852e-01 4.284003923178699158e-01
8.023503157861417989e-01 7.494309740556317490e-01
9.097475028342213443e-01 9.014242184084387821e-01
7.516911804313536338e-01 6.984524365669541046e-01
4.663205356383250400e-01 5.899392605687328039e-01
5.726268486643310007e-01 6.269608415932580447e-01
4.515554994905490171e-01 5.219828111832295336e-01
7.222454312764363671e-01 7.296075174334886171e-01
4.710825744331968434e-01 4.548577472324945581e-01
6.077067873952731736e-01 6.017102160291328827e-01
7.020446693784767600e-01 7.294294162469587839e-01
5.026279539658217166e-01 4.859921617590477472e-01
6.774115818160076907e-01 6.741987605319842425e-01
6.701693080169913719e-01 6.133371054605015749e-01
7.596440663044913277e-01 8.005080356299617561e-01
8.829985566065837732e-01 8.022938218718830283e-01
3.223190170107485542e-01 3.738205408229675064e-01
7.095043239312879280e-01 5.918979137790079115e-01
5.817391853434216165e-01 6.014785569965247491e-01
5.066741479144374338e-01 5.151034359413102504e-01
4.847075531711070862e-01 4.527777323773897744e-01
6.950233938846683834e-01 6.843988150003137427e-01
7.417165324733471232e-01 7.130626898667177249e-01
5.854659876107786154e-01 6.076496208673418664e-01
7.936922475818651845e-01 7.729813985154753153e-01
6.296928642788329755e-01 6.240610673303222944e-01
6.324860953801753061e-01 6.876211071939942743e-01
4.832555681979540663e-01 4.897072724580475156e-01
3.374803282445077990e-01 4.179147920057264542e-01
7.301963129456336965e-01 7.277938811622359783e-01
5.512986863278465099e-01 5.751723268328062799e-01
5.793437239826982887e-01 4.802858136004114487e-01
8.198528429998911404e-01 9.280532016545658403e-01
4.983269431690764417e-01 4.613956551922085980e-01
7.764747246741613429e-01 7.592296190996760119e-01
7.729773326796109956e-01 7.349134146524425315e-01
4.991268985371841160e-01 4.553756256743673458e-01
6.362815378895979590e-01 5.501423879481607271e-01
5.086181206423240342e-01 5.255264427244125125e-01
5.434407724421722596e-01 5.667058174648428315e-01
5.102085283767660018e-01 4.919748652215258367e-01
6.224211492579685423e-01 6.365812682726061933e-01
7.634830706960016311e-01 6.783739929721088746e-01
6.892591899684377132e-01 6.006905457948363836e-01
7.080646563501384882e-01 6.860326275932704387e-01
