5.239002909174113043e-01 5.485981669642822078e-01 5.368456803228489616e-01
7.877716375998774501e-01 7.822291258588445206e-01 7.472894139888384135e-01
5.014454741388894021e-01 5.054392523264716885e-01 4.888288882929174850e-01
6.068880564280221268e-01 5.787596788739810538e-01 5.801307097731565054e-01
6.974000065712163687e-01 6.739070146148568030e-01 6.652850602239520628e-01
4.238059619898902342e-01 4.555740206177329998e-01 4.088917939005320412e-01
4.661873346553485620e-01 5.060556872993225985e-01 4.547739962651471957e-01
5.353870041325498041e-01 5.524955539420067785e-01 5.377637257040817076e-01
3.301081741744103515e-01 3.763183278141065125e-01 3.805000537847283426e-01
5.677880376657838957e-01 5.636602194634128260e-01 5.515744637965231956e-01
5.389551482330848797e-01 5.555723119404445409e-01 5.464794792335048168e-01
8.030752106003725688e-01 7.462287980741135751e-01 7.795977463653334105e-01
6.629952492106996331e-01 6.692029941249177938e-01 7.004513960389403548e-01
6.999388271195914335e-01 6.223834559024509216e-01 5.571149484541512154e-01
5.782792744849973854e-01 6.461800531005961190e-01 6.639035848899588199e-01
6.233062778379347968e-01 7.026917185212205874e-01 6.182579099639655684e-01
7.150558742941478529e-01 6.790500493675947213e-01 7.066645188891775842e-01
5.348093653600708430e-01 4.892932530540776703e-01 5.397567351207341879e-01
3.239336910116813462e-01 2.388914034168206357e-01 3.576487793407021054e-01
5.708592355470246682e-01 6.181089402065494953e-01 6.232834269435881813e-01
4.706277920154056660e-01 4.678796232978191250e-01 5.306202970263075303e-01
5.451700622972077692e-01 5.095590295996943464e-01 5.425325956781592573e-01
8.085751602483969291e-01 8.104738585407406104e-01 8.387634982894041080e-01
5.921556362744991864e-01 5.856383241834389741e-01 5.518850858352578603e-01
4.467711749974962454e-01 3.797802169206327405e-01 4.381824098745880081e-01
6.334822514736697663e-01 6.211438709904805178e-01 6.228796600020919394e-01
6.299182188099541335e-01 6.281166725352619329e-01 6.008569714464800926e-01
5.268663946489974270e-01 5.875125158216994992e-01 5.741153060635388883e-01
5.032395420150211907e-01 5.228008320231322115e-01 5.652798151059136300e-01
5.221566060295739220e-01 5.010946017163465660e-01 5.143610179825932605e-01
4.943348285829418653e-01 5.342420162950782814e-01 5.518865963382105777e-01
4.030725942978092835e-01 4.309404064190405781e-01 4.449537486514923423e-01
5.811769727259712415e-01 6.321186736535497896e-01 5.816038904929513587e-01
4.528458474138747913e-01 4.162203450679022865e-01 4.435375080321746766e-01
6.022166307126559648e-01 5.645215194248252022e-01 6.074085527995631839e-01
7.533758495048793469e-01 8.108606374045622678e-01 7.781505762784167723e-01
6.215317672519026226e-01 5.963668422203571851e-01 5.880867623100438646e-01
6.306447125637433260e-01 5.733876048570960560e-01 6.144507942535329947e-01
5.178607985527390323e-01 5.415575338700676644e-01 5.294541594843644727e-01
6.117481509265645379e-01 5.865535842359674845e-01 6.533804714836797256e-01
6.455998798013651285e-01 6.284928229280950518e-01 6.136695999241530419e-01
7.377629214338649044e-01 7.256074015248410447e-01 7.038001547371870448e-01
6.518301148867947648e-01 6.747655119167472737e-01 6.830245717813013817e-01
4.669957869501327741e-01 4.294924032292090632e-01 4.550362253879857155e-01
4.297772874885342209e-01 4.871473188718100089e-01 4.109107487003544890e-01
5.909451819712646659e-01 6.163512707093717902e-01 5.817729531592003012e-01
4.572930185658570790e-01 4.856442489625729664e-01 4.863495846370083919e-01
4.795332715522586109e-01 5.069752464635031153e-01 5.289011600322881534e-01
4.712594246576167212e-01 4.904243801148788218e-01 4.719409122435608284e-01
5.337231238203969941e-01 5.034407964644384004e-01 5.122754530033587494e-01
5.378408328892517742e-01 6.268951065227014174e-01 5.351695168011870729e-01
6.072961649514427851e-01 6.182577232560124703e-01 5.890874901721582235e-01
3.353252907004432570e-01 3.414552577781260201e-01 3.438628986269892107e-01
6.335428927069574057e-01 6.480941856718257510e-01 6.409197895458603744e-01
5.453778453212190236e-01 5.164890756947290162e-01 5.518455456227298050e-01
8.152163604819301357e-01 8.035880612665743383e-01 8.406913754588936083e-01
6.918909844222776995e-01 7.820221290060619390e-01 7.611653147388801610e-01
8.200771800768252850e-01 8.398297596260413389e-01 8.917491090763891570e-01
6.170389304756500604e-01 6.027183595422586082e-01 6.253403472828801268e-01
8.808204116868721956e-01 8.777515852105814975e-01 8.790685559566860929e-01
5.613849992958704904e-01 5.729592821746826159e-01 5.689869214658824781e-01
5.920282087859820574e-01 5.716048740960586461e-01 6.198200608148306534e-01
5.613570270498050574e-01 5.375045770889316232e-01 5.348517337440668040e-01
5.961884742284048189e-01 5.759736063373280812e-01 5.885178649895732583e-01
7.299567336503188786e-01 7.435179720878111187e-01 6.785462230863544830e-01
6.840541201081159484e-01 7.130883959689556795e-01 6.640205567038954815e-01
6.479773706329131633e-01 6.852450854573406414e-01 6.854785286730693539e-01
7.029084777157339481e-01 7.016960351447146804e-01 6.964888464888716602e-01
4.877413270209396967e-01 4.973680579469260121e-01 5.273976159004947206e-01
6.265083324312291646e-01 5.821306519207787300e-01 5.543287398316383285e-01
5.840354410455786960e-01 5.766315794425088681e-01 5.603982210742419756e-01
5.287198262750154587e-01 4.931253144308892500e-01 4.645754610061941792e-01
7.085662081257060319e-01 7.416206955700046510e-01 6.983775351959212729e-01
5.983633523759694928e-01 6.539539374482624678e-01 6.158832602666585165e-01
6.078617503123552313e-01 5.372911439467931149e-01 6.214119553791498385e-01
6.294767615949634632e-01 5.863291560482991605e-01 5.667966554555806669e-01
7.617031756155853151e-01 7.788742500939080937e-01 7.212978097541699052e-01
6.431036474733415886e-01 6.709786519573084362e-01 6.820450373757497298e-01
4.577101805868893369e-01 4.279529406958180182e-01 4.211189905252546994e-01
5.948647083505410604e-01 5.165911006436234576e-01 5.218098364775478615e-01
4.237845464388749206e-01 3.835670172187718996e-01 4.250156616647221552e-01
5.722062473178135544e-01 6.066828158767521018e-01 6.477671540240954595e-01
4.754810347396857262e-01 4.504929979707786303e-01 4.652520473726019512e-01
6.822848481952500377e-01 6.809417381353154441e-01 6.386935585497333090e-01
6.020906206763994017e-01 6.266511094953710614e-01 6.030440252297913917e-01
6.976766352791127224e-01 7.160768377220912972e-01 6.360946473987677541e-01
7.939831838174165046e-01 7.563137739595068298e-01 7.379243964229345032e-01
6.474938847572864198e-01 6.863364608551498769e-01 6.501065798152192432e-01
6.509502195660676893e-01 5.945092701052995254e-01 6.582750365537461956e-01
7.579429661949393937e-01 8.242258309675943861e-01 7.402251709160823090e-01
5.752997314415254637e-01 5.185075997039676476e-01 5.600193197900336095e-01
5.799530333935669635e-01 5.701512779998678671e-01 5.185466138136027858e-01
7.625304328054794967e-01 7.820738606913032465e-01 7.747283117764200977e-01
5.405800358904244707e-01 5.963281734450839311e-01 6.766616051764715589e-01
6.231943451122221589e-01 6.346613808899305154e-01 6.057980831515848985e-01
5.166754542396783112e-01 5.286875289840758940e-01 5.229174213839968832e-01
5.057051254476530033e-01 5.469092885278182825e-01 5.069642061176338199e-01
4.457503607665402878e-01 5.061008245903126923e-01 4.494132216085818810e-01
7.137999841164339720e-01 7.485825280165125939e-01 7.531914862371131836e-01
7.192135958760236258e-01 6.480142231721977009e-01 7.150062302309951878e-01
8.067413018323363882e-01 8.405769866822940806e-01 8.240076889213309164e-01
6.193036882945930355e-01 5.814814362804741066e-01 6.172874279606570536e-01
7.855980327340146285e-01 7.832520780404711447e-01 7.755855808170797339e-01
3.280308515540693581e-01 3.453280611944593570e-01 3.576694207164247685e-01
2.810754152813744189e-01 2.839578770156786502e-01 2.740640533951801405e-01
5.356816655122248472e-01 5.583404967050946688e-01 5.023688128390209062e-01
4.562143667136266401e-01 5.326166341728032494e-01 4.832108684843954283e-01
4.242449330878019786e-01 3.891891740441520420e-01 3.469605879654612535e-01
4.573295160016523919e-01 4.933661017003158067e-01 5.014062203452386290e-01
4.474403616119168592e-01 5.005912245818876505e-01 4.782943074526112559e-01
4.969507612174055011e-01 5.055408557987753904e-01 5.528553933554011257e-01
6.786979229632995603e-01 6.454925091875854948e-01 6.078125693626461601e-01
7.487091921760966606e-01 7.098540206544440290e-01 7.469723412828813691e-01
5.016719720556339634e-01 4.916351174765686838e-01 4.751731386285860115e-01
8.814858308993652747e-01 8.713413632245117224e-01 8.948007161508743090e-01
4.640206128259518059e-01 3.972124715237777548e-01 4.667786616669116762e-01
4.943446506003984497e-01 5.105135898052424182e-01 4.718682592596179504e-01
4.395052161274404234e-01 3.722350468368281762e-01 4.215448011416970675e-01
6.424233554408086411e-01 6.893924590032144417e-01 6.700787238181196148e-01
5.421988063694251903e-01 5.710786467970520031e-01 5.557799411818930002e-01
4.706253158973519590e-01 4.695801119099973220e-01 4.763820512757063197e-01
5.928201533276759028e-01 5.347136133284564607e-01 5.431480934348549283e-01
7.038814020625739909e-01 6.888335512731051935e-01 6.764822014975229170e-01
5.900105353016301679e-01 5.669633750807919759e-01 5.603670433871856815e-01
6.676448822898247704e-01 6.896175569651814552e-01 6.828762377171899711e-01
7.281466517621902890e-01 6.874293195557413805e-01 6.824035779624596509e-01
6.096102485856783604e-01 6.101157274443791412e-01 6.410726614584631999e-01
7.069474427998803101e-01 6.593690981711931576e-01 6.909213690843875044e-01
6.830784717338534984e-01 7.067864991639903893e-01 7.093323902220605159e-01
6.808628098019954278e-01 6.830247941169999004e-01 6.912711717011057466e-01
7.698976466309587208e-01 7.663771917600779027e-01 7.955453912430253682e-01
8.214604219305124966e-01 9.182599850737900304e-01 8.011619883423146682e-01
7.474658457023847236e-01 7.596409885774841886e-01 7.765384559514489915e-01
6.185415302594586828e-01 6.725736170725682417e-01 5.932243220137913831e-01
6.379903055454848593e-01 6.275356276020268576e-01 6.381912072883720866e-01
4.927583588836480510e-01 4.948759729758930859e-01 4.508190163356236568e-01
6.396908562751403293e-01 7.287471437088547388e-01 6.035506846573966966e-01
5.173103425102543174e-01 5.753646644111571895e-01 5.818385200090412379e-01
4.520394706208303859e-01 4.474533320994232288e-01 4.563275763142945474e-01
6.391238770714464668e-01 6.402488922527511672e-01 6.459199322216437888e-01
2.726236852302420521e-01 2.610418960005029265e-01 2.291808647372087226e-01
5.929888206663929129e-01 5.178697339149725964e-01 4.515550507079769682e-01
6.303525322762985050e-01 6.765520910798338283e-01 6.726080188083936040e-01
4.727975828407482983e-01 4.455459803057721380e-01 4.617111906590211645e-01
6.470892849195846175e-01 6.083986332503533712e-01 6.533742706525305088e-01
7.528853565848430129e-01 6.763210423062245846e-01 7.493498540522101070e-01
7.659267626103603011e-01 6.811952865630490628e-01 6.500033028269662783e-01
7.901552018646875730e-01 7.860506874454064041e-01 7.945176719485499417e-01
8.592615749955563320e-01 8.155092618198270804e-01 8.058698658168439444e-01
4.349017694267688361e-01 4.467007376997133572e-01 4.143138419599071698e-01
5.859491363964883792e-01 6.212068107846514531e-01 6.602200706591236923e-01
5.550828811101164995e-01 5.646332562614193584e-01 5.538590395401593591e-01
6.144334761192425942e-01 6.429184345217102692e-01 6.533908794157918809e-01
5.568691121072590899e-01 5.422322377704292817e-01 5.445998240645838484e-01
6.624009123812883981e-01 7.068638781329945608e-01 6.970185712081131690e-01
6.322554448460432353e-01 6.656786514560084633e-01 6.552220872083127645e-01
6.038231328109066043e-01 6.039787789789302641e-01 6.345778737810082726e-01
5.181447221365410583e-01 5.382649430132008250e-01 5.257025264073622584e-01
7.879655704152583873e-01 7.552223744551009865e-01 7.870440513202765498e-01
4.600256625388109422e-01 4.418637252063065679e-01 4.722997434612315470e-01
7.396468183198162683e-01 7.167561234431829575e-01 7.623678594262576214e-01
8.144706820670746250e-01 7.510994384576713534e-01 7.378857915020035074e-01
6.501316707514653848e-01 6.595479163309722059e-01 6.478886996753553396e-01
4.823944091984244120e-01 5.095538628923698132e-01 4.812091312884571037e-01
7.291040507697017503e-01 7.011054780008516563e-01 7.034070644710195275e-01
4.960542476037423931e-01 4.883880051760584040e-01 4.795323055102571619e-01
6.808337623896992818e-01 7.235370045713431786e-01 7.472960828547575707e-01
5.944201745826701577e-01 6.440171823058042921e-01 6.532373560133617474e-01
4.269105947531539047e-01 4.574109783711898802e-01 4.194400168091855230e-01
5.763191241237549667e-01 5.304367245488370575e-01 5.825947016207936313e-01
7.234763100022733040e-01 7.485475854015057884e-01 7.145942243734142441e-01
5.892323539794870335e-01 5.363586204117017919e-01 5.523738138890167404e-01
5.633809160942736538e-01 5.719693694180251198e-01 5.944457454114675521e-01
6.089231331321849350e-01 5.405624015040477737e-01 5.419200176928379298e-01
5.187879915871637104e-01 5.411345266075785476e-01 5.318959500955678932e-01
5.195113045281443132e-01 4.864874648102707200e-01 5.060170419202183467e-01
6.229086797450453794e-01 5.818964742038779114e-01 6.832009195284071135e-01
3.675074992855051348e-01 4.101222340356140417e-01 3.729382764426648067e-01
6.521257122071875134e-01 7.179092660797681269e-01 7.086120002378295535e-01
5.793853168606585280e-01 5.700238637666733554e-01 5.847772170121803281e-01
5.203130341934369962e-01 5.390390057478759989e-01 5.760707353701213229e-01
6.885380056523530135e-01 7.045634941789296057e-01 7.073735969267872514e-01
6.627711765387592768e-01 6.610684215576225764e-01 6.681678275737051864e-01
5.948562969332310546e-01 5.770493120871196258e-01 5.853605766700443747e-01
5.807294233668195416e-01 6.337506944476678505e-01 6.056589390830275921e-01
5.240655761513859368e-01 5.308151627165160757e-01 5.224778324890402281e-01
6.124853887207853953e-01 5.473815750403177027e-01 6.353249989751790228e-01
5.453845012519118463e-01 5.593096096926416516e-01 4.993038572448325052e-01
6.669272624324049659e-01 6.513534574433136326e-01 6.699425665664839880e-01
5.746407400930093612e-01 5.564234575307175357e-01 5.056444830142220459e-01
5.404912461168549509e-01 5.880900366805177359e-01 5.598890823000903794e-01
3.696971666872886919e-01 3.773603906090492455e-01 4.553508309375145502e-01
4.794472712970580530e-01 4.640553920041014524e-01 4.749225572685774055e-01
5.771707932024296994e-01 6.087383211072249223e-01 6.043143253989773367e-01
5.364743689317981179e-01 5.226504323174948619e-01 4.968150732599740382e-01
6.846171467047635906e-01 6.176450655448103566e-01 6.342015983315558714e-01
6.597406018783940063e-01 6.143913287809104062e-01 6.686776901473473478e-01
7.055749515781113423e-01 6.380093695759345707e-01 6.158444552207414935e-01
7.619373664253465961e-01 8.058492511916007794e-01 7.964478445768435888e-01
5.312170589158986544e-01 5.651846364270221024e-01 5.152319202918276275e-01
7.776434062468970954e-01 7.858537433098646829e-01 7.402194465696245729e-01
6.466009741310471126e-01 6.590882496757488607e-01 6.329089091857892369e-01
4.938717659610074029e-01 4.660016446120898159e-01 4.340165249450154139e-01
6.544372506389198874e-01 6.615369996044093703e-01 6.584233499619512875e-01
8.762128628001545350e-01 7.467709006926235293e-01 7.515140773397157581e-01
7.268652693673433030e-01 7.294972558272408980e-01 7.344620736996184673e-01
6.216743745489532458e-01 6.627768539753213783e-01 6.712034331769035633e-01
5.336882565692202540e-01 5.747755413845343497e-01 5.809066675035914340e-01
5.952542379218738189e-01 5.967886882596019626e-01 5.740648073074156033e-01
6.407418121975377856e-01 6.962448043515703233e-01 7.140220067658794578e-01
4.746850032343416514e-01 4.724198273383148350e-01 4.433094927548254516e-01
6.893322265300121376e-01 5.874899816235529260e-01 6.821711433298683902e-01
4.751927125889441883e-01 4.816137191741506896e-01 5.624556797114216300e-01
4.537532544174899263e-01 4.521579761610068360e-01 4.873148741770785830e-01
6.196208764568491567e-01 5.776997412243302099e-01 6.217747493417788984e-01
5.505701343432746198e-01 6.148616624377731821e-01 6.210271030831560068e-01
5.994996726383294838e-01 6.349862366689161819e-01 6.252787777174887429e-01
5.802080108992330176e-01 5.366525090708297308e-01 5.788687262109658560e-01
6.609078318725469803e-01 5.985287933715257580e-01 6.035752705808338225e-01
5.901762159268633123e-01 6.092905333742055785e-01 6.155759250121660697e-01
5.917748194999812306e-01 5.696994475510569478e-01 5.306245497070078976e-01
6.280987876406618486e-01 6.990219562018049615e-01 6.937857137999079438e-01
4.125959663118742848e-01 3.814511290711241620e-01 4.288539679512324843e-01
7.185175992528477495e-01 7.044903802070924259e-01 7.430884748930162154e-01
7.512732438913377608e-01 7.576530810809806171e-01 8.108313267315894191e-01
6.607770300817459308e-01 7.012002273519034601e-01 6.548506550486111744e-01
6.024540531611920491e-01 5.535893761264376600e-01 5.141238089583468618e-01
6.500541037011362544e-01 6.404182020309457934e-01 6.731541637767481934e-01
5.126663243827436212e-01 5.188038084514662307e-01 5.668003429923033076e-01
5.318509540500302446e-01 5.251660540969576019e-01 5.348508674951361064e-01
5.277721516975774074e-01 4.872236845893987978e-01 4.524645415735086829e-01
3.697440660801719625e-01 4.065191016060570317e-01 3.688069701804783662e-01
3.919141294204200321e-01 4.720251646197991535e-01 4.553589540870046082e-01
6.696743034840351161e-01 7.376422220714766720e-01 7.062898892807304430e-01
7.965383715116609586e-01 7.943584240660309659e-01 7.837762953932995158e-01
7.222391862573097621e-01 7.473032282514179281e-01 7.155350738364758545e-01
5.588108738924713048e-01 5.971091217106102578e-01 5.929980064974281762e-01
4.706453215044544280e-01 4.453922901914978971e-01 5.238158142157233188e-01
6.085650202805827913e-01 5.765278784676456381e-01 5.915091838562968052e-01
5.730859186376017211e-01 5.589934715225494122e-01 5.795112446985446475e-01
6.825541116341958814e-01 6.965575291797361235e-01 7.203521035642745929e-01
6.366033577554272016e-01 5.591312753174934036e-01 6.814164025560003335e-01
5.958745248851897713e-01 5.968936267270739116e-01 5.819419996179099330e-01
6.569836522459185923e-01 6.839718798217268025e-01 5.855095454743880490e-01
5.348372211243104246e-01 5.588422545085741655e-01 5.621979118427743449e-01
4.986007809303327210e-01 5.664031878459694358e-01 5.039836926842250486e-01
3.692224239281079456e-01 4.138629745337237265e-01 3.716554661908291757e-01
6.078780190280960172e-01 6.185314210366870125e-01 6.219039121010135895e-01
6.026329142170858688e-01 4.867228332688990355e-01 5.240447103542918983e-01
6.261942638844815168e-01 6.222664916730448192e-01 6.337431715246069075e-01
5.250914303143161543e-01 4.926214857983888251e-01 5.503505419102918683e-01
6.538697623207289089e-01 6.901531705325217869e-01 6.317816493640336928e-01
5.907943531974256812e-01 6.116202941236513757e-01 5.874203255582733929e-01
6.709851944846357830e-01 6.601075543784817867e-01 6.496080744666096196e-01
5.401530976866106837e-01 5.384425889207647975e-01 5.660121632880709130e-01
6.834245510136282009e-01 6.609276687034141284e-01 6.596335942445669120e-01
6.458786369187775600e-01 6.736542550818447328e-01 6.706073585674886539e-01
6.046298465470265615e-01 6.110951982460075538e-01 5.481791567388355491e-01
4.994584635065467682e-01 5.008168777967902940e-01 4.890365039670879210e-01
6.854451799437583093e-01 6.764510695473417989e-01 6.623074496141383438e-01
8.416861382777730549e-01 8.446782019407292896e-01 8.023619186962316352e-01
4.650560916234339204e-01 4.928240567197240685e-01 4.965541224314566904e-01
7.363253536463408855e-01 7.353974578672066720e-01 7.361175425201998967e-01
4.891092679112018504e-01 4.555097088462540245e-01 5.211159026702638641e-01
5.421909246191487508e-01 5.207698066135438841e-01 4.880200730885862481e-01
6.331756228724396696e-01 6.708757077201461527e-01 6.862225583834031806e-01
5.444491314843564744e-01 5.287912648345973743e-01 4.940526894140558345e-01
4.528884996834896537e-01 4.747313065776599394e-01 4.947808601760455560e-01
4.403365509851598913e-01 4.631977474987193366e-01 4.091857837976628498e-01
6.878571017008907607e-01 6.447115679688613099e-01 6.496006832697939215e-01
3.828820702982838053e-01 3.537733870111162138e-01 4.161038437200560436e-01
7.322483385305136316e-01 7.523318783715366997e-01 7.345723600512840123e-01
5.464196204505836763e-01 5.405693758277730909e-01 4.846729217571609794e-01
6.197381161097047508e-01 6.118559891214860880e-01 6.369043619663485867e-01
5.646827709668005291e-01 5.629102126080564039e-01 5.369513111857568965e-01
4.057892846749974747e-01 4.518081360432518179e-01 4.673269981181597532e-01
6.225755776921999551e-01 5.810440156326560635e-01 6.248960241166759966e-01
6.604478747366093749e-01 6.663611622616844032e-01 6.521601546596126342e-01
6.705269847838890573e-01 6.519316466398404897e-01 6.426275996023383952e-01
4.816007439146978708e-01 4.675977586744961556e-01 4.739428417112238612e-01
5.897633299351566771e-01 6.267165591848814499e-01 5.897564431613839808e-01
5.814081342279951992e-01 5.547836539944122070e-01 5.028868758786934068e-01
5.075567555577840118e-01 5.825795854151302189e-01 6.128173937453083031e-01
5.632401369761548260e-01 4.961651748577979304e-01 5.142913886841561366e-01
4.641048905886799858e-01 4.825104553700659271e-01 4.966682292020743184e-01
6.655271072619867168e-01 6.053027416606749922e-01 6.512294724478884245e-01
6.073185337249777938e-01 6.301918303646566466e-01 6.188474002982499167e-01
4.168255714770795484e-01 3.790417769610100462e-01 4.017088015211511265e-01
6.666183568011916361e-01 7.080687826087022074e-01 7.280793184296854292e-01
6.490148145744433217e-01 6.593829006026750150e-01 6.609729650333684425e-01
5.744552320932883038e-01 5.137262337137343815e-01 5.530419438757478989e-01
6.126043084932285554e-01 5.871688332491933338e-01 5.846953294199445095e-01
6.658900039628651291e-01 6.841582950837938881e-01 6.941993397687941103e-01
7.329869839124510955e-01 7.917169749605069695e-01 7.841760596119288218e-01
6.069625549165870160e-01 6.216139023562964327e-01 6.656977135370374388e-01
3.974757110166677876e-01 3.773561303748082518e-01 3.818493257293038567e-01
3.814690194929234446e-01 3.546293440501299132e-01 4.055495181417343997e-01
6.741223262885760459e-01 6.035854627982776277e-01 6.387928098677986277e-01
6.352477397802741566e-01 6.920522155247598173e-01 7.024274389606820490e-01
4.410032787950465827e-01 4.971757164437801135e-01 4.949501735901261634e-01
7.526045833198709012e-01 7.094541355174953656e-01 6.858913622800795196e-01
8.036878092388691774e-01 7.648214858287981643e-01 8.139719580873386873e-01
5.997130824176334363e-01 5.599463492668846909e-01 5.488510444534049348e-01
5.353276811506153532e-01 5.454952556714377510e-01 4.838811436620165107e-01
4.147453420099013188e-01 4.494280984502007081e-01 4.512123837665162340e-01
7.756659247022692494e-01 8.109874951302195045e-01 8.068559956199031769e-01
6.755672096732826537e-01 6.781941569458892483e-01 6.392327743244992089e-01
4.414660500425383605e-01 4.712837055075299597e-01 4.755308447257166615e-01
3.920692042304502745e-01 4.124231290815000839e-01 3.929241936651693967e-01
7.620111493796069002e-01 7.553610841175337764e-01 7.613544544750242560e-01
6.665347215250851942e-01 5.871915534932929948e-01 6.420663886529776043e-01
4.461800613341882493e-01 5.249524750758953751e-01 4.331122674107408255e-01
7.217286765034262030e-01 7.074557183314174047e-01 7.586101224585466429e-01
6.005796356499992772e-01 5.995048933784528078e-01 6.730206814584728248e-01
5.636349649188201472e-01 5.626900866437872795e-01 5.727336927585301440e-01
8.233974750261412456e-01 7.581137729819331650e-01 7.562242939104666384e-01
6.910756875317065617e-01 6.860008205415270011e-01 7.360507720425191192e-01
5.526935485464712361e-01 5.549257717599025419e-01 5.910317688852581020e-01
4.916689812748247790e-01 5.105665454189125541e-01 5.634588967927007808e-01
7.662895172257814247e-01 7.330161598310976911e-01 6.611250060888820279e-01
5.811925317926639467e-01 6.451564280312899191e-01 5.731443550023901379e-01
3.257532425688053346e-01 2.533247558896569163e-01 3.291998838297024998e-01
6.604228852827515039e-01 5.822762275438363444e-01 6.326404354964325627e-01
6.165349117705331006e-01 6.386759099191186007e-01 5.860661525980168651e-01
6.706618538946568231e-01 7.213671529227310142e-01 6.859057476703787071e-01
7.090300194599640227e-01 7.342597077450379039e-01 7.677730502990189887e-01
5.821082129599014499e-01 6.671048288459384690e-01 6.554833331149328979e-01
7.530941625916034443e-01 7.075471938790666160e-01 6.989535618781930193e-01
8.196331086488607420e-01 8.324978281513715217e-01 8.282442957071416423e-01
7.042912264368592634e-01 6.935815889902547937e-01 7.296834750250815738e-01
3.865919318538363902e-01 3.468007309479202438e-01 3.820227978386062095e-01
6.962215663775693786e-01 6.934181071830889387e-01 6.819364139456598473e-01
5.917601599039665761e-01 4.803008294266064016e-01 5.475822413761768370e-01
6.328799394729200944e-01 5.629567270236948140e-01 5.617778902377816852e-01
4.965959643877528862e-01 5.665529936519256848e-01 5.281198682436575309e-01
3.959543609767790517e-01 4.013814692078129798e-01 4.399834577872072661e-01
4.290636635720313508e-01 3.776190420410074355e-01 3.732421843054090638e-01
4.364505667130613720e-01 4.917766335767178032e-01 4.295634737152304594e-01
4.966651094426781654e-01 4.886167401390082987e-01 4.906629335775132827e-01
5.039232079332870429e-01 4.963281064261715891e-01 5.437631554427875269e-01
6.363195918898234549e-01 6.331966200799375999e-01 6.563394776848074930e-01
7.039019839908398080e-01 7.002314729210649125e-01 6.756051993831351243e-01
7.888414350017756149e-01 7.554015263907786215e-01 7.562991820150435363e-01
7.133591436961420618e-01 7.684997986717365670e-01 7.669745820577170692e-01
7.053808479716450197e-01 7.067224730310768255e-01 6.755144975955180708e-01
5.629329253616229822e-01 5.380233920564103656e-01 5.043204093084178163e-01
6.960422133432900837e-01 6.642887282819014416e-01 7.215361835874704033e-01
4.196504531819816308e-01 4.209953494140815100e-01 4.148987217371405412e-01
4.732566420304730737e-01 4.854964238854684866e-01 4.839498057164873801e-01
5.193607037529897053e-01 5.304280103201276519e-01 5.466949809468389931e-01
6.565143813181119059e-01 6.633372548069752517e-01 6.531030658505709852e-01
3.566509144085841521e-01 3.893600731906682877e-01 3.249910969271848638e-01
6.240276570124538846e-01 6.603306290464243666e-01 6.632989014814003603e-01
5.183325499343750531e-01 4.267894976704024179e-01 5.025095042267804235e-01
4.738718182720156324e-01 4.371121335667167429e-01 4.060552987493248334e-01
5.684101110060761908e-01 6.223029546072461615e-01 6.662166392511100765e-01
5.182063766930764537e-01 5.155680255622849817e-01 5.305255089771756527e-01
4.882011393957735312e-01 5.445733253681385166e-01 4.888856785607664235e-01
4.490141398558069041e-01 4.132339012404013801e-01 4.888337963859308299e-01
4.381379477235542996e-01 4.153791829535812830e-01 4.156617691374696610e-01
5.472478760855055135e-01 5.528374655440234653e-01 5.423242851838168122e-01
4.492222186701615438e-01 4.951282367351004243e-01 5.046108413761546396e-01
6.009027198575243034e-01 6.052643130014934147e-01 6.353153495406591578e-01
6.252838840624382888e-01 7.205209960358954779e-01 7.035836718579165927e-01
6.673847056307442571e-01 6.495192138663964387e-01 5.614129199384660929e-01
6.547122014991311190e-01 5.677090884563139594e-01 5.994247541471986462e-01
7.693456453452042210e-01 7.924764425983176208e-01 7.523275671942882825e-01
5.178831915874534397e-01 5.961230746739718533e-01 6.080662481033133338e-01
5.371629242796398529e-01 5.464050279336043481e-01 5.716669309967176149e-01
4.793138429080310292e-01 5.061967110357384891e-01 6.141753106711789201e-01
6.192035506176367665e-01 6.358790792019494154e-01 6.534668781558404804e-01
5.460071258588460319e-01 5.009888800729255243e-01 5.952096647698020826e-01
6.771427904462610226e-01 7.015062073114364249e-01 7.682962168396864078e-01
7.074706363080303095e-01 7.193551077014814776e-01 7.255726316647627128e-01
6.561500640507039739e-01 6.412852303119717101e-01 6.709812845209944809e-01
4.643906320347044869e-01 4.963894919764232916e-01 5.217459288758328206e-01
5.187503899909956528e-01 5.692005064477488885e-01 5.580398902672488726e-01
4.765939673366033635e-01 5.262653190685470106e-01 4.859825434123743459e-01
5.200892862023029917e-01 5.864138891048593649e-01 5.508074050770560559e-01
6.227519353497008581e-01 5.937544896715101217e-01 5.889711225498095448e-01
5.575362939801459250e-01 5.874991439376437974e-01 6.039191183035577115e-01
7.086558184128403104e-01 6.458088914134009206e-01 6.745745846154038716e-01
4.453027444958137515e-01 4.379610129428360699e-01 4.809538024636953457e-01
5.281379233424221553e-01 4.896780142770291722e-01 5.086286350964672742e-01
5.798968217974114214e-01 5.653624728049119197e-01 6.218870170634969163e-01
4.104988737243945307e-01 4.255123950233390406e-01 4.089432141884647431e-01
6.892005708779335160e-01 7.224300352770021139e-01 7.225386518804939318e-01
7.652038908805987028e-01 8.035096852996993499e-01 7.885790159843678593e-01
6.678500598090386653e-01 6.689235709084945247e-01 6.463277018762714210e-01
6.370569181557430571e-01 6.223351734782485156e-01 6.328525076461520849e-01
6.684333170324624485e-01 6.598822484371503760e-01 6.190797669284677784e-01
6.412435095425468301e-01 5.829270961542516449e-01 6.163947064755077587e-01
7.998474578898986387e-01 7.919534554455271991e-01 7.682815334449909495e-01
7.150457745531937359e-01 7.073418846820062056e-01 7.509093446257329996e-01
5.170851058809191603e-01 4.929689929392860326e-01 5.656632475220052525e-01
4.404317541492560051e-01 4.305260818020038571e-01 5.045070552655309681e-01
6.459314344472157909e-01 6.180152581070006423e-01 7.012083909211720423e-01
7.394737132511222111e-01 7.476796449111235976e-01 7.285138854063493152e-01
4.619743585879871883e-01 4.571644056151519253e-01 5.062491687720288569e-01
6.549089584792328056e-01 6.401307714935197124e-01 6.757792119610879222e-01
7.033802784555877041e-01 6.825847390329975450e-01 7.513969577524366450e-01
6.885012849236222809e-01 6.802355901442732611e-01 7.064758435765199351e-01
5.918168742452225572e-01 5.944528310504466617e-01 5.878063709428044126e-01
4.940441456509255258e-01 4.892272924946708956e-01 4.702926355269070879e-01
6.361385032911268667e-01 6.025651422768270038e-01 5.435595571451583563e-01
6.054857254526869736e-01 6.098780640156596933e-01 6.397513961483859424e-01
6.474911180565983138e-01 6.187422788589075351e-01 5.827030223810104603e-01
4.910078206944353263e-01 5.028139523547789924e-01 5.022569225825965766e-01
6.706878033931589211e-01 6.238808006056061339e-01 5.825364683203333449e-01
5.267351230838107634e-01 4.687943370963308931e-01 4.534866954664006355e-01
7.927463527567061297e-01 8.002574145413365869e-01 8.164944712445075803e-01
8.220308570247331081e-01 8.091062055281357246e-01 7.739331112707444893e-01
3.277178402077990937e-01 3.796851231171024521e-01 3.722460266030729326e-01
5.041602093911586868e-01 5.450560669716516538e-01 5.780052601610387031e-01
7.558383838145583677e-01 7.267761728139985333e-01 7.455507373219137923e-01
6.677295051599337894e-01 7.255493268364743287e-01 7.284003781642017783e-01
4.993920691060250161e-01 5.446524426262904228e-01 5.351750450878357546e-01
6.467022381374248896e-01 6.654389003624743282e-01 6.512923376976562650e-01
5.637481555917950304e-01 5.483435025288685427e-01 6.001143604243229790e-01
7.377704582097149855e-01 7.059140730713292511e-01 7.208344306741574226e-01
7.424163822422065184e-01 6.781668593993420702e-01 6.660086225645982516e-01
7.104479545668967999e-01 7.300355931558777378e-01 7.290834682291063018e-01
6.986245747996960853e-01 7.015242556486501746e-01 7.380612076021166867e-01
7.168862174774708329e-01 7.365305526404344327e-01 7.117322204613529824e-01
7.378531228935080177e-01 6.939490407325606958e-01 7.435852316656019756e-01
5.887870156797012644e-01 6.205837787435336539e-01 6.476041746355194473e-01
4.717676397685310330e-01 5.202437553746357413e-01 4.809788926426467603e-01
6.480037297835700150e-01 6.955239189778086306e-01 6.989367741302511261e-01
6.544234774527322163e-01 6.375593725137279622e-01 7.263081957478388917e-01
7.670076530533412873e-01 7.341355862432368262e-01 8.127032087047399989e-01
6.904278032164363754e-01 5.713033293771543342e-01 6.387015245440340605e-01
6.161092365479011734e-01 5.941633066047598000e-01 5.691358776249587637e-01
5.656859041125186227e-01 5.055784360393790200e-01 5.429592031935285279e-01
2.942621018622607609e-01 3.276421977488089277e-01 2.939765540045577996e-01
6.254725734853060493e-01 6.562258709497347242e-01 6.483198290549724296e-01
5.189986385827197735e-01 5.345248560212657596e-01 5.400697267833456383e-01
8.105202949049078454e-01 8.153689884842402202e-01 7.953846003347968541e-01
4.451109646387307328e-01 4.483639056425126612e-01 4.328471177017763627e-01
4.499236892494737905e-01 4.624624281808452642e-01 3.943979357508802241e-01
4.556292370766079070e-01 3.945722588675614206e-01 4.674375999953728211e-01
6.972093566272257181e-01 7.302046510210996599e-01 6.649184404913592861e-01
4.818585715728360697e-01 5.325391650079799311e-01 5.394499968310207949e-01
6.136925760891788206e-01 6.169810637714224777e-01 6.278602140767055584e-01
6.916353330240152530e-01 6.926150608741137304e-01 6.718598947941830657e-01
4.623907791195153161e-01 4.885818006418118919e-01 4.723765289925467847e-01
7.018984930264347000e-01 6.805299774028530368e-01 6.525719115133958859e-01
6.242257821238281768e-01 5.784868584016584769e-01 5.929122333878782403e-01
4.833872362366298248e-01 4.716123819206474721e-01 4.555828688374604085e-01
6.516476937265005542e-01 6.298909421501416306e-01 6.193084752935932302e-01
5.178226778283051557e-01 5.813710978094345228e-01 5.165952717463900834e-01
6.299129947034846078e-01 5.743226928645143170e-01 6.245752846986736273e-01
9.186154077674237861e-01 8.468401641245029143e-01 8.652868410045916336e-01
7.499811740920196979e-01 7.319671526330192579e-01 7.390609644486575425e-01
7.237963646967765508e-01 7.371836070901534033e-01 6.899103916196229758e-01
6.414794278507002234e-01 6.247411972628345023e-01 6.665562956109640780e-01
5.718671683201399514e-01 6.120435536127430964e-01 5.244192637786510014e-01
8.003098396535920367e-01 7.296204013726971249e-01 7.743597915050319802e-01
4.960923182794956809e-01 4.960491883412196379e-01 4.846742806060700959e-01
8.978136089005354092e-01 8.808258976663311257e-01 8.468074137050730643e-01
6.790337421358837444e-01 5.758595769679916154e-01 6.083140263422546212e-01
5.744221520518011381e-01 6.130598631311742208e-01 5.674124614198204908e-01
5.329395795387407153e-01 4.876187231695359170e-01 4.810505061411803895e-01
3.742713178679694108e-01 3.906544003745450744e-01 4.296382928609194796e-01
8.084645184294850795e-01 7.587417167314630673e-01 8.051917068285396883e-01
5.044737671264002410e-01 5.400444726174106203e-01 5.609361323316214287e-01
6.824945722517373747e-01 6.631290785458801018e-01 6.814313977098083175e-01
5.124264017900992396e-01 4.727843031686310149e-01 4.985118031628068547e-01
8.437474622471684560e-01 9.408101155894180723e-01 8.696723085209475679e-01
5.122057008213811713e-01 4.653113262140798345e-01 5.344866298605421839e-01
6.737712419280580400e-01 6.983816179241147948e-01 6.848832005158256298e-01
3.855048836652450461e-01 3.646569539873739663e-01 3.920995061689908634e-01
5.489468858456800771e-01 5.237168817704278556e-01 5.111250019936923739e-01
6.400517261999066898e-01 6.691266966762190460e-01 7.076864187886341417e-01
5.749567561290968021e-01 5.728263663537770389e-01 5.168094223120298647e-01
4.855679818991492369e-01 4.784219880567236460e-01 4.647449656527803397e-01
6.846324890127951646e-01 6.201246521068310980e-01 6.210680750587030952e-01
4.960587989674039022e-01 5.379742501931573662e-01 5.071372041464902169e-01
5.141137835142648438e-01 4.538491618766230529e-01 4.446238710754207846e-01
6.954000136157939549e-01 6.394581433363041301e-01 6.690139861256182430e-01
5.075191475617688575e-01 5.291550944628198305e-01 5.126358245744281339e-01
6.734158979176457782e-01 6.454660465814366921e-01 6.465162401392721137e-01
5.235837211063792962e-01 4.946416612059060802e-01 5.044135016445814301e-01
5.820910132619471211e-01 5.678890884471057277e-01 5.733026865241226400e-01
6.611881939945476461e-01 6.851882564359725869e-01 6.486512093195931916e-01
3.595266622387144895e-01 3.634432628207789895e-01 3.536879224678844968e-01
5.968986132857485583e-01 5.735116050552496736e-01 6.251732110511071250e-01
7.388311386075193665e-01 7.167516662972981401e-01 7.432562293764011230e-01
3.868523640487019910e-01 3.212781777089963042e-01 3.710451864962311386e-01
5.296332205867518850e-01 5.504190135998451305e-01 4.355967733686049725e-01
7.614050535803937869e-01 8.018869349232026211e-01 8.190667648673329859e-01
5.293959309481971465e-01 5.857964062129166205e-01 5.453898334641147372e-01
7.519579797645713493e-01 7.411343779662732389e-01 7.000664214877965197e-01
7.456275068321337463e-01 7.453086485136123374e-01 7.711625036081506401e-01
6.236235765798243680e-01 6.255310453572823226e-01 5.802409699388730857e-01
5.432589361138795425e-01 5.163492370938728149e-01 5.320317144559837397e-01
5.756161228406669883e-01 6.243365848044438726e-01 5.446895917731456871e-01
3.585063114453946875e-01 4.170384746780292917e-01 3.957442035354727938e-01
6.048531866201966034e-01 6.430993403981174472e-01 6.174243492336249917e-01
6.677813168969201074e-01 5.942074498144971351e-01 6.294556992587919675e-01
7.811369345960741395e-01 8.172557328862508630e-01 8.136441756715024898e-01
5.752764346717258448e-01 6.176708458856158268e-01 6.485571711415594187e-01
6.402869444364776008e-01 6.845223418991698283e-01 6.270640756247762848e-01
4.676144963285295275e-01 5.288644845166672326e-01 5.254178116972819668e-01
7.379558125920432365e-01 7.500763933714815757e-01 7.140493536594895163e-01
5.120307572953827213e-01 4.811203923513864278e-01 4.978609262208057440e-01
6.525079967804908732e-01 7.400975438558737851e-01 6.959159983800681237e-01
5.713312552376339504e-01 6.204869248942707083e-01 5.782188292835074295e-01
5.627312691039803028e-01 5.126101061197528841e-01 4.754238905597626408e-01
7.060552464160629871e-01 6.983012662285507099e-01 7.130580472960791338e-01
5.459016434977409515e-01 5.494363643782271822e-01 5.981265223283470656e-01
5.799824357183823720e-01 5.338498659430467308e-01 5.607453809849964887e-01
7.126997553787040030e-01 6.471079048496237718e-01 7.294693319539949927e-01
7.790025094499262170e-01 7.416527122780935954e-01 7.831793930985877505e-01
7.567638827283048597e-01 7.312608465606070807e-01 6.769692649771464898e-01
6.378509648258101628e-01 6.999032224106613853e-01 6.477657988001532807e-01
4.822850980432111800e-01 5.161198778197092496e-01 5.205428513084696673e-01
7.217649177983762598e-01 7.110718769732797817e-01 7.012502757022804900e-01
6.153160549062365314e-01 6.421890950344250060e-01 5.646529975468664864e-01
5.884942662603021013e-01 5.442379734174351835e-01 5.856318215054914234e-01
7.319318923038762303e-01 7.272966972840220201e-01 7.019092875133882137e-01
7.745318734614621281e-01 7.742901452382392469e-01 7.664881771679745714e-01
9.617129132395878521e-01 9.681240385824300132e-01 9.271153218069606572e-01
7.645930594604498642e-01 7.734733903595939486e-01 7.680807917748941893e-01
5.132175756067044459e-01 5.258080421998883036e-01 5.349383198316520760e-01
6.787370238416052803e-01 6.626722240238115402e-01 6.347300184518721577e-01
5.164952384996880363e-01 4.917732907008692256e-01 5.593004748932767223e-01
6.691740865162286722e-01 6.919004120063635410e-01 6.845815968155557485e-01
7.003337476322009092e-01 6.757572607677808652e-01 6.875601873312823242e-01
6.406078361612673744e-01 6.214250264942938751e-01 5.886920551046512795e-01
6.771230643733999743e-01 6.935694112719033022e-01 6.876304886710198350e-01
6.199092080429944307e-01 6.367229530454907582e-01 6.808907986542158675e-01
5.949070155768341195e-01 6.332581690159863053e-01 6.601253783856787516e-01
6.802737283946692637e-01 6.777962628321899663e-01 6.816726804458487221e-01
7.802342874890070279e-01 7.673603977727423420e-01 8.214611373943488948e-01
6.435085274292033919e-01 6.563652487964048987e-01 6.152489084813064224e-01
4.370975039923395977e-01 4.611321542313377431e-01 4.516939700960065918e-01
7.003946306062917015e-01 6.382708623984426621e-01 6.299869158166611083e-01
4.855476205593756145e-01 5.447213358378525383e-01 5.249600081648388983e-01
7.525504223289875005e-01 7.023785724933497843e-01 7.049599556582937243e-01
3.508949087561207270e-01 3.799344267219505467e-01 4.301581855163414958e-01
6.142774671664821273e-01 6.778393801150351949e-01 6.464119308987735790e-01
7.194460374964203320e-01 7.071306450510495001e-01 6.968825553440408660e-01
5.753746482011143915e-01 4.672584282256060928e-01 5.194151340555062113e-01
4.414231045448566149e-01 5.187245435547745975e-01 4.732622234253054394e-01
5.825060860008969277e-01 5.124054836810518765e-01 5.711263962328890775e-01
6.318471678680741555e-01 6.543712800783890726e-01 6.278466777105881080e-01
7.240232656303409176e-01 7.067796904432016580e-01 7.311017181940029364e-01
7.101132321339861386e-01 7.481009737173086593e-01 7.316811099416831166e-01
6.143671148282336958e-01 6.175975430464762939e-01 5.839386621520137322e-01
8.136270732973307496e-01 8.320325619995722066e-01 8.340511913041959158e-01
5.547241304548768959e-01 5.265927860906887137e-01 5.102532692965938699e-01
6.118561217169845579e-01 6.404251046307363193e-01 5.854195894769508302e-01
7.415309173869436554e-01 7.224199362858532147e-01 6.983419091018301383e-01
5.777485185924580158e-01 5.467905408246631627e-01 6.309324840851432414e-01
6.236545632237994186e-01 6.709068090746791446e-01 6.748399796787759586e-01
3.827349356925319745e-01 3.155799995550855885e-01 2.916236867344955130e-01
6.627468957286845042e-01 6.484893083199235742e-01 7.054540605785224461e-01
7.864171387795688695e-01 7.397262736993841514e-01 7.222100647697070608e-01
7.417046520597124770e-01 6.694123194372499919e-01 7.035610802842311440e-01
7.376635394559875047e-01 7.553310339494485603e-01 6.813814465144051313e-01
5.758065902821010162e-01 5.794898862747925872e-01 5.782633494161010246e-01
4.658233610028958416e-01 4.508249652583714573e-01 4.821787852963470566e-01
6.951999809919536810e-01 7.002741312790092820e-01 7.279528669668403618e-01
5.695864913420712883e-01 6.113466285381804477e-01 6.101079099382292759e-01
5.761565405293096465e-01 5.752336138490188322e-01 5.337147918745486219e-01
7.261217547610130385e-01 6.882830801979759050e-01 7.489805712392064718e-01
5.984479013833446936e-01 5.722918351069939957e-01 6.156050567825116504e-01
5.379890822155897201e-01 5.348269331651532843e-01 5.638484783218887797e-01
5.638529375921059739e-01 5.491867395308230870e-01 5.442463677862828808e-01
5.931356487132677380e-01 5.675221392771856443e-01 5.505157532614493032e-01
5.818291995767440605e-01 6.294210821071725137e-01 5.576931920193080039e-01
6.052882575652986930e-01 5.535398402270020890e-01 5.784449457461684485e-01
4.883475290562896975e-01 4.345435893002808636e-01 4.596314805744774468e-01
5.161229723657609902e-01 4.389662572684230324e-01 4.642082399521984537e-01
4.247027067972157233e-01 4.448036342587545211e-01 4.820288918839920056e-01
6.788396605102908765e-01 6.548446716068795359e-01 6.180034053937794036e-01
6.407698505100438702e-01 6.274568252949854763e-01 6.839520725528926981e-01
8.513646899347502295e-01 8.809127534799052750e-01 8.725021662391120314e-01
5.575023395741045551e-01 6.066313173710596862e-01 6.171780675254390225e-01
5.657861994646353754e-01 5.967386556433015299e-01 5.796796559509875824e-01
7.795428848904691899e-01 7.589064189674210592e-01 7.854666811964908790e-01
3.320326826928822195e-01 3.568716010185016829e-01 2.949578633755160495e-01
6.117415403759706161e-01 6.422370271240550599e-01 6.094132599577095633e-01
6.668526319291393500e-01 6.954622209389411669e-01 7.024439650288095693e-01
6.737887789035151842e-01 7.283149910519617354e-01 6.317418654770485809e-01
8.059991699888963135e-01 8.277896166336318196e-01 7.896315924481801529e-01
6.535560098015852359e-01 6.313531854297391721e-01 6.261608669827297691e-01
6.017347839346253169e-01 5.826375805817100018e-01 6.239535216473482970e-01
5.302416961972571396e-01 4.914917101265260935e-01 4.795362827262799610e-01
5.981305563477106180e-01 6.289517251229823636e-01 5.445904716093724618e-01
6.805861595573707845e-01 6.722892395423807343e-01 6.233973758639349549e-01
7.471919677055169906e-01 7.269575397728043065e-01 7.457069027228868663e-01
5.722287492348652194e-01 5.509988956445943664e-01 6.247620270026373879e-01
6.017719561674518269e-01 6.398753418436321505e-01 6.202883374505194780e-01
5.593833821535749706e-01 4.942420613859570544e-01 5.276712199553481586e-01
4.274217186178033145e-01 4.309142977752872250e-01 4.189425737063343647e-01
4.104395653819769563e-01 4.231558171095889942e-01 4.329674918407639961e-01
4.990636403383477693e-01 4.553266405210938950e-01 4.495639597274169175e-01
6.033321364374544249e-01 6.448605872242464399e-01 6.137127369714917569e-01
7.929301662101745363e-01 8.129047983046701065e-01 8.366594031123003594e-01
7.413745949783795419e-01 7.055941210390626050e-01 7.359159351078563560e-01
6.319033181192098558e-01 6.217736306114648448e-01 6.050092330031773269e-01
8.358307407448994919e-01 7.744095380907364268e-01 8.344739668802984012e-01
8.308234950278310382e-01 8.093155706641341762e-01 8.364471614946423772e-01
6.760750114322293669e-01 7.211519061057154456e-01 6.720571805145922895e-01
6.011331364676891775e-01 6.247945943163716320e-01 6.115650797782387071e-01
4.995832993444266346e-01 5.253887480352371631e-01 4.937424212574050841e-01
7.461724216776317586e-01 7.014573305004511150e-01 7.323384125907695941e-01
5.702470301498917538e-01 5.637716392115852404e-01 5.865185698197539210e-01
5.315668374351173453e-01 5.267432823576668754e-01 5.040219583939934411e-01
5.671130161787563129e-01 6.314902229639908215e-01 6.174777915849399834e-01
4.128620894812847775e-01 3.797150696339441356e-01 3.808621551007785322e-01
4.206059827940615281e-01 4.526130596899613501e-01 4.848892759428538035e-01
5.773637477099173854e-01 5.807772890978237790e-01 5.807814502778897436e-01
7.513720842064651739e-01 6.986170911010379792e-01 7.429496877149945888e-01
5.307268748968687611e-01 4.979449083240256035e-01 5.225390342891732542e-01
4.602250407951872790e-01 5.127725183325585467e-01 5.171103866787534198e-01
6.231951762989125232e-01 6.412035967151655802e-01 5.730344964376938854e-01
8.252962227859512723e-01 8.652334687065360574e-01 9.237755354143970532e-01
6.679010813760010157e-01 6.496553893286883818e-01 6.337588052785434467e-01
4.976694547228624477e-01 5.020054347559096408e-01 4.797774437796573088e-01
6.944454764349721199e-01 6.719434987904132628e-01 7.203420053784752586e-01
3.383341978868885103e-01 3.087862333455106412e-01 3.451481699035733319e-01
5.173426670093235202e-01 5.709207644878027121e-01 5.891789940413596494e-01
5.735447293657937040e-01 5.718415672356204071e-01 5.806603838688058072e-01
6.334388954946386097e-01 5.916405200853558366e-01 6.552268800398527437e-01
5.784969143691726101e-01 5.947595166283166090e-01 6.153338973014956803e-01
5.459391934323247764e-01 5.429229539102383706e-01 5.505353743671126399e-01
4.769095204691513046e-01 5.453758633683347679e-01 4.549036425420268093e-01
4.867432407670455041e-01 4.528694305413582533e-01 4.881639832497257081e-01
6.189815128973972236e-01 6.121299005491739331e-01 5.556712082194688040e-01
6.176592618103667887e-01 6.284836880050670427e-01 6.079227522912554749e-01
7.171714937727974304e-01 7.350285693414601029e-01 7.638507213178121757e-01
4.904098447269743533e-01 5.193981116301057410e-01 5.337810242267310157e-01
5.037876647534973440e-01 5.432924908073318848e-01 5.603284372499025556e-01
5.646964642883363084e-01 5.227473751880600261e-01 4.950412054633362424e-01
5.918378466571775354e-01 5.803408967588687961e-01 6.230843909840273476e-01
6.830352266588871624e-01 6.667769671441990953e-01 6.497120795235504787e-01
4.617492422296055610e-01 5.015918857608687720e-01 5.507593434449348235e-01
4.888944355932635100e-01 5.131421366904128645e-01 4.915039587792650599e-01
6.728582982635941123e-01 6.839007203041821414e-01 6.407638093622095576e-01
8.528430469704845196e-01 8.807024971884235276e-01 8.693692363475841178e-01
6.440710958694768618e-01 5.535025296727277277e-01 6.079660904648769293e-01
4.728063577900358250e-01 4.222447178614734398e-01 4.663868261881280453e-01
6.048625351927575666e-01 6.106442698855044648e-01 6.224006238040931116e-01
5.457332440034686760e-01 6.073992363157527663e-01 5.631920207916103482e-01
4.738533229485862308e-01 5.239702202979331647e-01 4.992960597603606221e-01
6.813197222200465530e-01 6.833111880405641214e-01 7.061159889909445209e-01
5.756745326170029653e-01 4.828237086587459648e-01 5.428295409504050317e-01
5.351067504469337877e-01 5.473694262745341099e-01 5.315731744343736853e-01
6.207173490484789724e-01 6.051542009446710946e-01 6.271026196197557745e-01
4.416608047819903238e-01 4.233463106761525263e-01 4.678014482335207669e-01
7.651966772443451470e-01 7.805111337662118398e-01 7.632202010682397342e-01
6.758333820720201501e-01 6.709914359930153616e-01 6.587770288631373816e-01
4.448621712433541431e-01 4.477605262677040177e-01 4.529896334224547960e-01
5.366905495111268243e-01 5.775278007960011895e-01 5.302043416995604330e-01
5.799048775940207623e-01 5.432279477531922751e-01 6.119456469965605105e-01
4.406198658206004759e-01 4.221712241153868228e-01 4.603508934434938915e-01
3.827885391772349322e-01 4.697797420058558160e-01 4.393582864661517706e-01
5.003938811583804602e-01 5.122886925967055083e-01 4.737968336741911757e-01
6.136619697247216454e-01 5.713337547535881633e-01 6.050052266792288469e-01
6.142205297116059004e-01 6.255137399549210997e-01 5.733456908133164331e-01
6.777643826813464223e-01 6.226421599109003280e-01 6.446527878224409536e-01
4.573934504859049621e-01 5.234569472930901135e-01 5.148091705328997625e-01
5.683502107231713785e-01 5.328242403016706374e-01 5.492224111221609695e-01
7.970966793851815835e-01 8.391336291817231841e-01 7.672574653469186323e-01
6.296329420204608285e-01 6.221564830395771573e-01 5.802488480196292819e-01
6.135421751590630635e-01 6.678733468107236337e-01 6.241403533782224899e-01
7.570113180915664097e-01 7.713951745099808521e-01 7.814383117955369107e-01
6.151404694939311968e-01 6.277119614163876316e-01 6.869769696539070880e-01
6.324317316600516214e-01 6.538067525506277011e-01 6.215436307671757810e-01
7.260799265413804271e-01 7.591432890826522728e-01 7.488637291828419418e-01
8.626320978310068055e-01 8.216124090172910455e-01 8.168292585713560205e-01
6.413559802347614802e-01 7.264498675754457180e-01 6.693245773317526570e-01
4.665619836901747641e-01 4.460114497851821458e-01 4.922336113386466261e-01
5.744365992601008220e-01 5.926872855475325830e-01 6.176127573158112227e-01
5.443278901330604880e-01 5.425430455660424922e-01 6.050552703374487695e-01
4.519012311570525520e-01 4.433852148711939223e-01 4.426038782313090891e-01
5.078405558863370306e-01 5.845991530256666735e-01 5.136051411352833274e-01
7.277431250879196067e-01 7.234444948007786591e-01 7.684850376677915262e-01
6.502395587347196138e-01 6.686864195009393219e-01 6.430230206620297650e-01
8.713847595628728682e-01 8.762813461593750297e-01 8.549886316177540690e-01
8.486763290696667239e-01 9.243408640931808362e-01 8.854635593182149655e-01
5.297967360240557477e-01 5.239716904069009473e-01 5.191047819718257461e-01
7.812689115442259524e-01 7.946073310812851176e-01 8.233700016276707112e-01
6.172539027846729587e-01 6.472371202724677142e-01 6.508213161514222467e-01
5.517616590018370459e-01 5.255742474824667276e-01 5.397532691474189459e-01
7.140712498127785857e-01 7.206336113633774465e-01 6.734925916221763398e-01
8.033009968881392737e-01 7.627216402580083709e-01 8.193979176697586686e-01
3.281723602749374025e-01 3.660634304051180177e-01 3.360529535471112883e-01
6.857445484570389160e-01 6.717499214635780369e-01 6.119321681197230633e-01
8.059431472562275101e-01 8.391385102189605760e-01 7.539201208412061872e-01
6.066418763693118832e-01 5.561262834765173801e-01 6.015677653750421960e-01
6.785545789896754165e-01 6.448764582666336453e-01 6.590698435083132134e-01
4.073484643100475089e-01 4.488586956259835725e-01 3.503169167012246121e-01
4.441090340774425105e-01 3.691099405498521335e-01 4.123548948488002241e-01
4.466990238808886127e-01 4.223626798474675592e-01 4.416946402176323838e-01
6.860073253174787666e-01 6.217386489855739606e-01 6.529559940206816071e-01
6.498181271969032391e-01 5.979087105350280318e-01 5.699918726505951438e-01
4.475470011128289682e-01 4.980200650056861300e-01 5.013914153147973618e-01
4.450017902040011575e-01 4.609700416164886905e-01 3.999859166500434049e-01
7.607961939720722100e-01 7.623721358302785189e-01 7.259240394118351425e-01
5.407974961687102011e-01 5.990192660642045253e-01 5.618748170903273831e-01
6.238034659873453736e-01 5.266117735681841161e-01 5.831474238824903011e-01
5.379074876234971603e-01 5.915776145432413147e-01 5.030546310337024041e-01
6.076428780390756845e-01 6.289734743664030514e-01 6.664080764756998843e-01
4.380502363523793297e-01 4.289851142317034904e-01 4.186705024502366257e-01
5.714379350344211961e-01 5.666465231114166112e-01 5.681985231233318556e-01
2.876915592639088803e-01 2.722843799082692029e-01 2.741513643377241904e-01
7.286367856684508038e-01 6.833589816973152375e-01 6.450363406824058954e-01
7.801287799296648950e-01 7.413620410145699280e-01 7.472626806978115432e-01
6.515883455009441327e-01 6.243626313130511418e-01 6.645315434891234663e-01
6.355389180691149997e-01 6.531053317254614798e-01 6.723936913805337312e-01
4.760704346075900761e-01 4.715575929393592269e-01 4.640460971688231684e-01
5.592212963825128336e-01 5.818099473906510610e-01 5.799409871013370132e-01
6.132321186632569976e-01 5.801759481329622492e-01 6.452745665442889411e-01
6.829552886935510436e-01 6.668296960351249858e-01 6.559139776879980843e-01
7.605601027493732458e-01 7.151655851399324471e-01 7.459606991992782099e-01
6.493561038942861074e-01 6.749843245951697712e-01 7.237487130920660094e-01
5.978132447310895436e-01 6.213829408301262403e-01 5.652785962061982472e-01
5.765882945707967444e-01 4.622973083572645692e-01 6.252578721862469546e-01
7.338461870394463737e-01 7.699779580590332406e-01 8.300908525175358932e-01
5.051043858063205549e-01 4.812422049559501036e-01 5.412540243341505963e-01
4.627421776372059870e-01 4.818606990393015654e-01 4.431044764230051558e-01
6.695777487669676287e-01 6.335905244615824827e-01 6.709457062966958096e-01
4.852117138288453146e-01 4.465621753491980095e-01 4.925864223985491619e-01
5.267887800916243313e-01 5.388947964779845501e-01 5.300758543922755583e-01
5.414010924624326204e-01 4.903466366623445150e-01 4.988951767941745552e-01
6.704892703614547811e-01 7.004857451640510435e-01 6.637074393430100194e-01
5.498019136203582402e-01 5.281400421076326568e-01 5.499341503242352047e-01
5.935911341356058246e-01 5.943369355074357152e-01 5.961308385029999712e-01
5.933037518320742887e-01 5.591216629580877395e-01 5.659932377959557837e-01
7.534714408503475624e-01 7.405557803026852071e-01 7.398890748301867326e-01
3.878589328916850487e-01 4.694665923827465170e-01 4.264523737452075580e-01
6.641363703276651487e-01 6.408810478294165724e-01 6.374837165993468835e-01
4.888218907563097737e-01 5.388227541403792786e-01 5.361773239616395292e-01
6.013376781209008870e-01 5.901028519541017259e-01 6.112445312757420757e-01
6.807581094158761115e-01 6.581661679822667921e-01 6.980947421386446416e-01
5.701575788337863715e-01 6.320768628398240052e-01 6.141661267759920273e-01
6.503130296529304744e-01 6.114182805589322145e-01 5.867585630612065506e-01
5.478847163352528193e-01 6.141484815778988082e-01 5.440303304564096942e-01
6.998514954052320602e-01 6.653975803590161942e-01 6.888759666632960910e-01
7.656668336268240838e-01 7.881934253676097235e-01 7.515467476022008597e-01
5.967701549612296485e-01 6.185562381479000615e-01 6.717293092153848733e-01
6.719128629730499735e-01 6.956198623640156287e-01 6.785116109255231454e-01
5.477667123891434287e-01 5.461955878224926675e-01 5.211466944568422521e-01
5.640640431179515524e-01 5.776390002815453562e-01 6.208916430847860601e-01
6.394744701494372574e-01 6.987393751607423598e-01 6.250794120288004629e-01
5.761042994732173961e-01 5.457876310204679005e-01 5.561042201514323491e-01
4.715988986598548816e-01 4.837769999618195538e-01 4.859804641606399467e-01
5.253411751629422088e-01 5.362635980400450864e-01 5.112600741858652764e-01
4.945279049556874917e-01 4.877188423718284427e-01 4.834301531855662581e-01
3.567534840736637514e-01 3.653457696418229150e-01 3.852780563458912955e-01
4.582490687272449681e-01 4.884879247774099320e-01 4.787073629449580814e-01
5.747730023815570410e-01 4.873688508098059091e-01 5.643856433762320934e-01
4.991926816807443212e-01 5.123306059961377779e-01 5.360237046208394807e-01
6.340871445111606608e-01 6.044687264277845973e-01 6.477865456533253852e-01
8.518770911697702841e-01 7.619353510974706811e-01 8.639329105669969477e-01
6.840476471208195575e-01 7.299177357461325011e-01 7.805860561261790398e-01
4.208199784698570811e-01 4.779131513892744265e-01 4.592555850796188333e-01
6.366503012607113154e-01 6.557789379444443068e-01 5.741053717199421369e-01
6.741738321907519982e-01 6.732144947612588304e-01 6.508577564249836689e-01
7.350414453535463188e-01 7.296565651142414843e-01 7.204469995677279526e-01
4.908579107178867029e-01 5.023905964885797548e-01 4.996724941110846641e-01
7.963436416976253929e-01 8.016182011818924202e-01 7.931036590579138013e-01
3.576227629937931973e-01 3.528977768441142748e-01 3.710629211465235056e-01
5.006965399307442555e-01 5.508593657387674813e-01 4.861109586125476612e-01
5.303062671577548626e-01 5.746963689952684362e-01 5.784002836424168015e-01
6.188230835114373329e-01 6.400004329719709562e-01 6.075919150229524002e-01
4.938418483920968272e-01 4.936106123977718196e-01 4.524518819409480974e-01
5.584397424845026769e-01 5.697413401765081264e-01 5.713084786748787725e-01
5.129787965039236397e-01 5.383595139075517677e-01 5.805684965271691311e-01
6.915619123295285720e-01 6.862623508364997793e-01 6.907560783844421959e-01
6.176906044823625708e-01 5.975377933785450679e-01 6.281223640487699766e-01
6.971741947317349197e-01 6.908629511624034825e-01 6.764297033316919450e-01
5.334876258693357354e-01 5.357897101790055627e-01 5.224981674347125571e-01
6.065563169211639627e-01 6.390378476203520952e-01 5.815858680543821713e-01
6.271091604077324577e-01 5.324780148886623099e-01 5.839335442181030622e-01
7.613619433290319538e-01 7.912784556958696314e-01 7.909547987742876485e-01
6.492116275602370923e-01 6.341074107681404781e-01 6.524263278380763031e-01
7.929946597870812797e-01 7.897551420616457651e-01 8.062419649528919097e-01
5.451536490058200846e-01 5.961286649417398831e-01 5.690010162535240612e-01
4.921006366891932937e-01 4.825445932746437183e-01 4.786188039766400837e-01
4.150837325985219928e-01 4.200042056524737610e-01 4.921902017549418806e-01
5.889819872798468525e-01 5.354562327006779920e-01 5.489512443865454117e-01
4.235546635012252259e-01 4.630185964061835913e-01 4.670528141272153322e-01
6.107964419002196443e-01 6.191541967831591942e-01 6.241314141636545854e-01
6.943373845052018822e-01 6.615921701133020694e-01 6.350200372720909980e-01
8.419551795153820128e-01 7.663185879596837724e-01 7.936838681362092807e-01
5.255274848032406299e-01 5.049793223130070174e-01 5.164920089260338631e-01
8.058629689712528688e-01 8.153438780187840518e-01 8.243068122225292171e-01
5.953782845348697395e-01 5.852024311603926110e-01 5.589364568627094298e-01
7.217920733200672290e-01 7.110609673720748036e-01 7.236165580270744746e-01
8.661739802251231524e-01 8.731366910068031340e-01 8.417843361989510997e-01
7.145995845311978734e-01 6.985069020504887094e-01 7.413762689446621312e-01
4.996185324220790980e-01 4.495469542344660563e-01 4.953392235937385535e-01
4.719345583533027799e-01 4.787898072808822181e-01 4.509833865780167317e-01
7.247700996501603710e-01 7.077509292270421914e-01 7.562040392638816888e-01
5.196900434428400883e-01 5.773920628830854218e-01 5.750917907135058016e-01
4.362364860972970937e-01 4.740102764444172889e-01 4.611007162961637262e-01
5.334780471801331414e-01 5.581404230892749174e-01 5.332495747869726577e-01
5.693412739082989171e-01 5.940698004096264251e-01 5.701761105253501105e-01
7.542421015818304708e-01 7.467514267193452460e-01 7.246464968747612367e-01
6.263966690286438821e-01 6.732015838046070400e-01 6.616854788933486109e-01
6.743367282483283542e-01 6.308934313853720166e-01 6.611217729296986478e-01
5.209875026440149437e-01 5.405947620663177355e-01 5.478406341937795965e-01
6.833700832119826707e-01 7.154715788426464496e-01 7.227233973110398502e-01
6.371565302191027902e-01 6.743815506839845320e-01 6.494529453972749389e-01
6.306122737890348384e-01 7.262143355504341313e-01 6.901783237034367913e-01
7.708902038829369419e-01 8.009884436204447455e-01 7.867597510942819783e-01
4.834855756749648070e-01 4.190965276617830693e-01 5.000666128539072997e-01
6.271598193433089996e-01 6.512172105326557991e-01 5.827626931518015141e-01
4.782269483772201846e-01 4.857910330394039633e-01 5.633685057171420318e-01
4.801436432704620505e-01 4.702565068994561392e-01 4.935834601009466138e-01
5.388791314771590457e-01 5.284052944185180234e-01 5.228865540713387716e-01
5.059350441870569259e-01 4.986289002397802927e-01 4.621675009391833511e-01
3.730162962246381109e-01 4.189125182111094192e-01 4.011708747788150786e-01
5.843813973307531162e-01 6.133414457859669433e-01 6.908421980487498004e-01
5.615317848701113501e-01 5.718092723535153077e-01 5.515097701604328995e-01
7.107440062522132340e-01 6.609635249948684343e-01 7.087562728953016311e-01
7.239492896586267046e-01 7.160107375220796655e-01 6.872929137381192932e-01
6.884548030778051553e-01 6.780237433872149388e-01 7.009653592131840361e-01
8.808728051220225952e-01 8.535213990139735030e-01 7.732809595591461083e-01
5.304571042654970814e-01 5.566809640285846905e-01 4.797117612188156466e-01
2.578671182977813614e-01 3.055533429404023726e-01 2.669575189647677149e-01
7.661522481040551336e-01 7.134696545924845701e-01 7.196779101764894104e-01
5.573568202056146115e-01 5.822223012096099382e-01 6.004096023979478280e-01
3.565920570446495796e-01 3.476856230774186263e-01 2.889109008487565355e-01
5.778552206448805961e-01 6.079295313853261273e-01 6.098497174645060026e-01
6.221765457801714527e-01 6.277050028476999222e-01 6.239876316989177996e-01
7.345662155792255232e-01 7.997009328470124911e-01 7.274249722608379098e-01
5.691283075513082768e-01 5.609342345268267804e-01 5.343731955886618090e-01
6.399735606217338280e-01 6.022079735910766951e-01 6.383897477821736111e-01
5.421521654694992920e-01 5.855675031103202421e-01 5.281590661623873917e-01
5.021033418387860214e-01 4.797402726257993244e-01 4.362922847412624150e-01
5.645702453549387156e-01 5.620002674491459960e-01 5.505996235264086769e-01
7.068558446758173019e-01 6.431788227008418124e-01 7.103004437008925143e-01
6.596615045311713388e-01 6.314075276069327503e-01 6.303631367905404570e-01
4.206862173227520763e-01 4.081502841341206889e-01 4.541579572324365155e-01
5.728509218329842501e-01 5.885418355222012954e-01 6.161011150352193599e-01
6.595371603171081842e-01 6.798038849286254237e-01 6.427543691388954983e-01
8.410755311366321374e-01 8.105227430827911528e-01 8.301107068970628999e-01
4.242986260424039813e-01 4.320502723620744390e-01 4.828395813218234189e-01
4.833226101980852008e-01 5.485936690411516992e-01 4.919569993639785754e-01
6.847800739393927749e-01 7.077360130974205132e-01 6.657134670988011926e-01
6.428710710262439676e-01 6.406531702637214831e-01 6.261779358187327116e-01
6.444265519008618437e-01 6.505603633543615150e-01 6.323936397579085211e-01
6.325422376632005017e-01 6.707005800140835028e-01 6.330128995806941772e-01
6.331497478017242830e-01 6.169792098828867921e-01 5.899751277469758026e-01
5.281913851886113065e-01 4.782137938814829403e-01 5.251420661280518098e-01
5.136523292830923459e-01 4.962131303142614525e-01 5.071540052753601424e-01
3.637361220374570880e-01 4.097057524046279209e-01 3.268540597916236856e-01
6.790711809275177258e-01 6.413086160497757371e-01 6.349854462143431633e-01
6.765200138421836318e-01 6.931196373747987582e-01 6.642728028015463249e-01
7.311284368219479468e-01 6.764802858087006765e-01 7.621455576657811815e-01
4.270648092581478261e-01 4.007358626225961951e-01 3.994259228152510777e-01
5.697338991863813984e-01 5.534325129873869376e-01 4.777710459664384901e-01
5.347112849097107601e-01 5.795728944178584197e-01 5.705591250513816215e-01
5.117642966626102519e-01 5.122266334554191891e-01 5.539523273470979836e-01
5.852873515210027522e-01 6.277642431823280411e-01 5.888395725631658806e-01
6.179887773214767233e-01 6.366530853673623147e-01 5.899991481545048266e-01
6.713942424267466125e-01 6.086227381057320862e-01 6.270138712604992337e-01
4.407574286581233958e-01 4.342091999879748032e-01 3.619372977903227984e-01
7.138354395753950810e-01 7.030496297549480023e-01 7.103861703354881207e-01
6.320710540689616908e-01 6.931188915183060795e-01 6.222113903277080027e-01
4.485495764716188050e-01 4.678181112381569751e-01 4.265964025553563577e-01
8.988560610797341477e-01 8.530412267347783351e-01 8.378246651015778257e-01
5.530014885353238263e-01 5.936248307744487196e-01 5.760572805965459287e-01
6.913877103293489812e-01 6.613082296524064319e-01 6.746556892460964239e-01
5.693451344423563487e-01 5.488667143968714024e-01 5.956192981671888376e-01
9.219205916868684625e-01 9.369917575890392980e-01 9.498864931249061394e-01
4.939445150900667048e-01 5.390054588518738976e-01 4.886634786799738950e-01
7.546163343857210659e-01 7.822719479642835649e-01 8.117124400757201874e-01
6.533122605135995853e-01 6.087190439502532247e-01 6.292548872482007782e-01
7.883977859095208096e-01 7.778687584078161077e-01 7.282465187449125299e-01
6.405468083130589907e-01 6.177653294043053966e-01 6.300151800432661764e-01
6.074885158880772851e-01 5.828812229047709570e-01 5.384108245859545727e-01
4.928760745591941328e-01 6.019078095911600812e-01 5.245950666815126784e-01
4.893733984142501492e-01 4.709550431998607567e-01 5.296997257857429808e-01
5.000952540702575666e-01 4.238604085545574773e-01 4.606468170484607771e-01
6.067662732680924043e-01 5.695783279079401629e-01 5.385462344276036317e-01
5.567568101492855748e-01 5.392648611181780627e-01 4.620173161450668586e-01
6.174390726944898322e-01 5.827227633111232707e-01 5.734966190678932874e-01
5.316953287565261421e-01 5.174228905132715051e-01 5.478256322489281072e-01
6.739657575503122944e-01 6.430205349413451454e-01 6.655006650841281957e-01
3.588567236206673394e-01 3.661509677802430862e-01 3.312023828729997454e-01
6.038670300115740464e-01 5.895293100031770983e-01 5.971792412351635271e-01
6.972797398325243368e-01 6.365820764090950323e-01 6.118337826882458419e-01
5.882848533896471999e-01 5.660082722423342982e-01 5.586703585218278922e-01
7.417416095645330554e-01 6.891069321385336899e-01 7.263999844668631578e-01
5.413169998528654103e-01 5.728946415636242406e-01 5.278768061766773156e-01
7.231826564665077006e-01 7.273963770568659948e-01 7.106250056452433350e-01
5.615799342361322832e-01 5.816252044599203863e-01 5.736443139318454509e-01
6.169055217846590722e-01 6.013130993436933691e-01 5.875348012821229871e-01
7.011982818391128136e-01 6.526801085543888492e-01 6.542027515258235226e-01
5.232758730311960482e-01 5.608155764896133322e-01 4.872267697952310517e-01
4.867975307880159086e-01 4.814370601356344759e-01 4.218966925991143868e-01
4.326673768326511071e-01 3.930089562776468148e-01 3.884192116728033550e-01
4.663068721468746625e-01 4.818176122365188108e-01 3.849397800681462756e-01
8.169005144079051206e-01 8.065411005025204805e-01 7.866193756500322598e-01
5.109505430375228530e-01 5.998705507964475769e-01 5.433830761690292555e-01
5.777885628373234939e-01 5.829899144408431377e-01 6.126551106575576222e-01
7.279623061585408506e-01 7.328063372045263701e-01 7.324136133083697375e-01
5.854277841145021366e-01 6.331431026342940749e-01 5.937216367374937853e-01
5.598688483313979392e-01 5.494514853238405827e-01 5.789517840250701930e-01
6.048954411791106489e-01 5.683316588728797303e-01 6.438974496790041968e-01
6.515947281666285562e-01 6.357245566832344652e-01 6.184897585716582213e-01
5.417637719700626464e-01 5.579575914639134382e-01 5.692784719534552673e-01
5.636041148652274346e-01 5.488535655714141814e-01 5.095738906728431994e-01
7.572288702594754950e-01 7.901299602378564213e-01 8.169482913244822120e-01
5.036347971200094698e-01 5.087051730184363185e-01 5.925790351920123822e-01
6.500614302422992319e-01 6.981153514369426993e-01 6.739025518989509855e-01
5.671484939908219003e-01 5.838604609629048925e-01 6.290984537261842258e-01
6.524742579774122087e-01 6.127854888702952696e-01 6.013646488186513706e-01
3.831542060371146974e-01 3.293561599841171028e-01 3.463744146780942113e-01
6.484381601721214139e-01 6.282198480592331435e-01 6.289415462074480212e-01
7.071150072807212972e-01 6.838648668968118072e-01 7.245704023885617406e-01
6.079983821205174888e-01 5.709596413964511674e-01 6.527597469207735426e-01
3.470471921217951339e-01 3.851203876050415253e-01 4.081968169823397274e-01
6.564349825646466075e-01 6.138237365230954090e-01 6.100095592065670758e-01
6.480333089723975259e-01 6.663496022344799208e-01 7.035470633173995791e-01
7.460849076429906246e-01 7.373721353119911948e-01 7.566539585656096856e-01
5.724112538412353679e-01 5.134632655228749121e-01 4.563247926234118013e-01
4.100654511166890726e-01 4.753703163641952445e-01 3.752362752775841304e-01
6.331504588965459757e-01 6.538064442912937535e-01 6.493876365995747690e-01
8.248215418535883581e-01 8.254328126150519696e-01 7.809964789949445096e-01
5.322964451384103457e-01 5.824840525467233077e-01 5.041991810804803409e-01
4.305878072899495534e-01 4.002369136978313757e-01 3.998754592073572867e-01
6.923187738250714540e-01 7.806500587509048739e-01 7.041715152331509131e-01
6.095739967750385402e-01 6.248729579902017051e-01 6.334644314526720610e-01
6.172615748832681604e-01 6.058917041010508653e-01 6.234059977045195433e-01
5.403066862923134872e-01 5.180654414678012021e-01 5.689226732404235598e-01
7.288224101544980016e-01 7.417612263675112949e-01 7.443706132413311360e-01
6.596675941134426679e-01 6.886755298396617375e-01 6.123056342494520576e-01
6.475983897673093237e-01 6.509102460447917515e-01 6.325365315794616583e-01
4.379151397505119947e-01 4.262434583530312904e-01 4.518610440699007413e-01
5.033219004374984706e-01 5.571612338676121823e-01 5.660055848322844696e-01
6.728529922031247779e-01 6.559279514887307316e-01 7.087132103185744825e-01
6.048658888091910102e-01 5.773946695803290341e-01 6.264018047096415742e-01
6.387314158008815523e-01 6.276792571101827978e-01 6.402796074907338708e-01
5.596519150353898020e-01 5.559209526223356512e-01 5.991393361212944413e-01
6.592038466143298470e-01 6.711339524603330275e-01 6.797510054266999724e-01
7.076669900648706601e-01 7.149547217529397258e-01 6.612518317893728570e-01
5.271983685996924907e-01 5.317175241721241452e-01 5.046194706158034782e-01
3.834301014526030338e-01 4.076781588152242342e-01 4.341087527427993087e-01
6.834005525140668391e-01 6.994082742480982606e-01 6.489417291720246395e-01
7.037049733242951577e-01 7.619801707400704061e-01 7.307214842540034061e-01
5.109875323862802521e-01 5.318622035218704136e-01 5.549068407149768678e-01
5.197152138591764059e-01 4.848256965887131065e-01 3.898023339186671432e-01
7.675849400490436514e-01 7.517288524786275294e-01 7.220999261370554256e-01
3.679776666496952786e-01 3.171612240483466794e-01 3.378033419302765572e-01
7.530453797400569194e-01 7.478477088339666734e-01 7.664232945799215324e-01
5.205120160155602971e-01 4.858786602650561059e-01 5.303559904875018161e-01
4.170530559999383602e-01 3.956068649074676036e-01 4.820888292109566375e-01
4.280149792259271835e-01 4.968682358972580371e-01 4.811545576658959877e-01
6.235520057325714127e-01 5.918233126655164655e-01 6.689444425779421666e-01
5.513423667485544133e-01 5.395347900015688980e-01 4.976242551096489719e-01
5.780838056193997598e-01 6.111786060184770664e-01 6.311400293360482916e-01
6.701466282798425045e-01 6.912146899322593185e-01 6.746969721294099331e-01
6.796982534844732138e-01 6.619797556491865409e-01 5.956494632295934455e-01
5.261038838731079137e-01 4.973794978969078295e-01 4.105594126434451430e-01
5.471929897898093476e-01 5.594530303604492438e-01 5.454044437058476191e-01
5.820628237126602711e-01 6.108105175962190714e-01 5.699633199263760552e-01
7.321645014624912351e-01 7.384470477920956899e-01 7.823303949175143268e-01
6.251548218212922281e-01 6.880088819776111198e-01 7.041707274559638741e-01
6.033668222785879554e-01 6.354078913050651423e-01 6.745775615963225391e-01
6.624146253832137177e-01 7.070416942284006856e-01 7.139187124314753108e-01
5.512137054526651259e-01 6.323402650643686895e-01 5.772403012211602125e-01
5.296921349285951264e-01 5.222929206647847211e-01 4.524931158629634798e-01
6.483998877832478636e-01 6.770587605348671323e-01 6.664145644359609211e-01
6.246453493716903616e-01 6.046009881851680534e-01 6.535642784083518508e-01
4.010894844507348345e-01 3.669355890965941280e-01 3.428920831446340967e-01
6.970435966929088289e-01 6.522474215999696234e-01 6.823107460388466716e-01
6.579855557291020007e-01 7.185751496655448101e-01 6.743442279405643669e-01
4.030270350464724705e-01 3.835987631301538414e-01 3.195556537666336405e-01
5.351934887727277657e-01 5.630922017919326450e-01 6.567213913906632117e-01
5.012713320501563929e-01 4.372491562571463874e-01 4.683520625374050783e-01
5.862054838139838520e-01 5.383049398392338869e-01 5.700611002397891758e-01
4.028200539446736284e-01 4.361571471641191855e-01 4.266857185637971117e-01
5.085007885122307947e-01 4.319005192912341307e-01 5.158502744022704922e-01
6.099332009479627725e-01 6.394339682398170188e-01 5.972148654451191474e-01
6.481644588384158912e-01 6.624413114588613150e-01 7.159671904837708878e-01
7.076165125864373184e-01 6.895123950148175362e-01 7.311503778745325199e-01
6.594626798772108556e-01 6.305718920060391364e-01 5.984495563545972896e-01
5.764388381277085749e-01 5.208596663710958197e-01 5.019052694660844915e-01
7.556768588428478539e-01 7.885989582216410554e-01 7.248447686479946306e-01
6.460788987301686603e-01 5.857831282724563771e-01 6.311497378960402305e-01
4.545534375337053623e-01 4.350395860098882350e-01 3.747248870893619133e-01
5.697582909795253503e-01 5.276112448441668823e-01 5.332172102518208945e-01
7.423208038264349495e-01 8.424751304914597227e-01 8.069308001862828261e-01
8.629437897593255080e-01 7.847547020313053734e-01 8.342242008819028554e-01
5.351537625031926870e-01 5.752000900060741939e-01 5.586895170419502454e-01
4.978988759736474590e-01 5.334383553126027522e-01 4.553172818715321979e-01
5.582214206338097506e-01 5.070820965471921626e-01 5.570194262710684852e-01
6.298877178593652593e-01 6.000840514162041339e-01 6.659325567000546897e-01
5.924169958421490190e-01 6.603663994305560836e-01 6.524519260882523097e-01
7.234708016484905357e-01 6.868749932061801733e-01 7.056722613464774252e-01
5.509018244876174863e-01 5.249302429596420794e-01 5.843045740354637640e-01
7.127949041660789353e-01 7.098467272541376660e-01 7.492343543862141075e-01
4.642305674960216511e-01 5.234298784637784197e-01 4.937655443084132401e-01
