7.221585311600215995e-01 6.930147352719009390e-01 7.690846664922141862e-01
5.956712809330426683e-01 5.206008669197391692e-01 5.912403259325789140e-01
5.609743582425393837e-01 5.781359469707604282e-01 5.119711042224632802e-01
3.870501260261436927e-01 4.582154575360921633e-01 3.988076871362926101e-01
4.833727383704872760e-01 4.703866557507700441e-01 5.022500188890237638e-01
4.077361142241059944e-01 4.282636563149155307e-01 4.185587191866629309e-01
6.309521063536179808e-01 6.535235279767719341e-01 6.853676824588340599e-01
6.504016225061078904e-01 6.770500943856290199e-01 6.534686558445481630e-01
5.324185351927255283e-01 5.816880960402457390e-01 5.101424525686699685e-01
4.896711792057226731e-01 6.121777190475908847e-01 5.190941172278996651e-01
5.682162578753107152e-01 6.194359624052490076e-01 6.528293248108143487e-01
4.334967584910007221e-01 4.601758037198733775e-01 4.153029949707509605e-01
9.052670221435101805e-01 9.815852856062271536e-01 9.383519325228232288e-01
6.889028503075677046e-01 6.889262026310316589e-01 6.962843956859553485e-01
6.295916201133401335e-01 6.597633797935910094e-01 6.011422411892328732e-01
4.525475757959153134e-01 4.464823098353866704e-01 4.826457956154099893e-01
5.013167810660319468e-01 5.075901593294880332e-01 4.835524512755198234e-01
6.245193329751995703e-01 6.202653065950184397e-01 6.316119554621588694e-01
6.074062608910368866e-01 5.525342315191891229e-01 5.583884294644059221e-01
6.979278502834518338e-01 7.058403566900016690e-01 6.478063571001905219e-01
4.743845282888841663e-01 4.954909081116046776e-01 4.887229887352904645e-01
4.318423406437611467e-01 4.627323350917083022e-01 4.217170195214211548e-01
5.280805844802108906e-01 5.931498061105803243e-01 5.738867974382412251e-01
5.617930845836079934e-01 5.194255104869220929e-01 5.633919351750364957e-01
6.673271709547256014e-01 5.612103934966842234e-01 6.057809610992900273e-01
5.468674446373908982e-01 6.320593138154231294e-01 5.531428277121548387e-01
5.855927835835458284e-01 5.898580874200244351e-01 5.155275098935466760e-01
4.856148333290105090e-01 3.916955742028632725e-01 4.282068933026763613e-01
4.300005534444953370e-01 4.122177903371452290e-01 4.305151540976479563e-01
6.494057571604759938e-01 6.368256894888105757e-01 6.088367900385392995e-01
4.849306041363459774e-01 4.898346074805738914e-01 5.422923160580378488e-01
7.007590159578326316e-01 7.286250012620668626e-01 7.545050946398271785e-01
6.340398565300167100e-01 6.568513030084859317e-01 5.753788134823978329e-01
5.775205389916474585e-01 5.843943432049060194e-01 5.757710086283200912e-01
4.772696263000448802e-01 5.188035417978311692e-01 5.006601649155094647e-01
8.040361139590803674e-01 8.148295015669211327e-01 8.182456989315759488e-01
4.903504032090413856e-01 5.739831842533398287e-01 4.216383541093577381e-01
4.181240334413001136e-01 4.682407986256140187e-01 4.900104058401371643e-01
4.835354618101950774e-01 5.212607706712079070e-01 4.812185350121539473e-01
6.619061659484093418e-01 6.526952901451532618e-01 7.504484713379765415e-01
6.433451213927071644e-01 6.297922263439875712e-01 6.305468969493848164e-01
6.537161153640103084e-01 6.849647044799679341e-01 7.426795125385309282e-01
5.252973192390191226e-01 5.821390396436891823e-01 5.018155641008389400e-01
4.849557153429820966e-01 5.094833430018684828e-01 4.624865804724613283e-01
4.752043076243551711e-01 4.932583365049467705e-01 5.140644961513261002e-01
5.088764266361816002e-01 5.463317221500010312e-01 4.965062764888883984e-01
8.050963352288069697e-01 8.065045369937247077e-01 8.005297658831518337e-01
6.092606697377498381e-01 5.682741397106116921e-01 5.599326396847315035e-01
6.351044619827150850e-01 6.797020110733605902e-01 6.621287385158605154e-01
5.598724463808730789e-01 5.922279386273615609e-01 5.728464462627489429e-01
6.551282552514898772e-01 6.824046887711572307e-01 6.824133294819272333e-01
7.463175235320578249e-01 7.389866961888328367e-01 7.235835767539335883e-01
6.787256285628421315e-01 6.343583730108094398e-01 6.719108597756890955e-01
6.440850129483157716e-01 6.971164869597958891e-01 5.654165337069911867e-01
5.045836967239054616e-01 5.074130904219374960e-01 5.372195982047003326e-01
6.467968744136355363e-01 6.833034225559710961e-01 7.309451348669427917e-01
4.687809371991478735e-01 4.789995774673370676e-01 5.113955029967451882e-01
6.219367830796086460e-01 6.223257280942137148e-01 7.078982325449691970e-01
7.058576982752940987e-01 6.247318402237920232e-01 5.529267776665302003e-01
5.449711565748264208e-01 6.428932057817484669e-01 5.906437985096930632e-01
5.955981496522835261e-01 4.770608492165632208e-01 5.229373224085841487e-01
3.514551000336758602e-01 3.252898126620236696e-01 3.317861325814928652e-01
5.966458434355037532e-01 5.766620009381344669e-01 6.077590660291913860e-01
6.210659866032076648e-01 6.345714521527927587e-01 6.362492674391044822e-01
5.244973934099941282e-01 4.932784052787329010e-01 5.074737841431053997e-01
4.151904590223904901e-01 4.336481460909239471e-01 3.543123742956469924e-01
7.477063109339228131e-01 7.371350811020948024e-01 7.099907994200096439e-01
6.313520363537000746e-01 5.845793885041931093e-01 5.844186237810986562e-01
5.254167952549289033e-01 5.020375388824231955e-01 5.453556317133778641e-01
6.119332060678612795e-01 6.453908862993492646e-01 6.125807839034019819e-01
4.735604672509723945e-01 5.385946053799033351e-01 4.784570369236859078e-01
4.544574520790553573e-01 5.423362467805107334e-01 4.295293677924966746e-01
3.747177273470018166e-01 4.617857847927429593e-01 4.538036916210224647e-01
6.212950696743150258e-01 5.798946446243515851e-01 5.552503552273178045e-01
6.472786486656770810e-01 6.325193965618290948e-01 5.788354745090957820e-01
8.306428559153440361e-01 8.078072451788177455e-01 8.399038930285831484e-01
6.503514880355623085e-01 5.974943667811311032e-01 6.222890293370771930e-01
5.934132070734051689e-01 5.398679693363400700e-01 5.269689740641870790e-01
5.931117848655780289e-01 6.359112438684817459e-01 6.902272183632413016e-01
8.166381130821104284e-01 7.237333808399710744e-01 8.199978905339744273e-01
7.393200885629402919e-01 6.818554260622967655e-01 7.875245143358726718e-01
4.080574673692680121e-01 4.323228509049384383e-01 4.569804682054694478e-01
6.529027303233475577e-01 6.528705595701692621e-01 7.294502040140563581e-01
3.660694541990990314e-01 3.238704236067629916e-01 4.337881559589900626e-01
8.249713673309503337e-01 8.309605063123375324e-01 7.992290183357678712e-01
4.668467644483776935e-01 4.594085296039297495e-01 4.665970720828823137e-01
5.452804164151359156e-01 5.967528306588744114e-01 5.723005602276699522e-01
3.402884642002771409e-01 3.078625832027690468e-01 3.622220969594727724e-01
5.987677988865869327e-01 5.525562097451550692e-01 6.407235056264478645e-01
5.688876429385674172e-01 5.492611707734860182e-01 6.183519401565108486e-01
6.248106351022429950e-01 6.734767194734142537e-01 6.147111452961203648e-01
5.615404554045577701e-01 5.853591480552794435e-01 5.214111630140634279e-01
6.437462207176619655e-01 6.841231983745525991e-01 6.601608332607603602e-01
7.781687163841408683e-01 8.235912667562994560e-01 8.244123706340649171e-01
1.755435868152017964e-01 1.532590515002567599e-01 1.870251878290892511e-01
6.847217051243561503e-01 7.121070328246114078e-01 6.706039941256987102e-01
4.382077608316696238e-01 5.547436009413521107e-01 5.041424466720335618e-01
4.440222046085353647e-01 4.641119580676405509e-01 5.445234334367500262e-01
6.717702996995529308e-01 5.842367637422195559e-01 6.335624763433687079e-01
4.564798197778605071e-01 4.611876435423535314e-01 4.289175865707255952e-01
6.714733353770933055e-01 6.497806350794551600e-01 6.373626581727540596e-01
6.057268304510384782e-01 6.203078282143423827e-01 5.874755480581308476e-01
5.747353444419553981e-01 5.456482090035414956e-01 5.723111659231466808e-01
5.475480490061874761e-01 4.927837721184640807e-01 5.719616388375758920e-01
7.507863380851631518e-01 6.560796557948295193e-01 6.658746525417706952e-01
5.422642717426623404e-01 5.099614009047748198e-01 5.018945910245058428e-01
4.445502424674677711e-01 5.119344743347122861e-01 4.898415141166661546e-01
7.168507815517095594e-01 7.373714579914745215e-01 7.292292053833390186e-01
6.986506955139158981e-01 6.500139365164115945e-01 6.426913876455960795e-01
6.771358299253934510e-01 6.376041745936117389e-01 6.071428694872875731e-01
6.338423515728072166e-01 6.160208261124036078e-01 6.042195289912657419e-01
5.506755086368891883e-01 5.192474323175141349e-01 5.190834638030724646e-01
5.369838180642497738e-01 5.760251332709908079e-01 5.941456201565534778e-01
8.455728859739800596e-01 9.357581288386271900e-01 8.954175113351916515e-01
7.112431188829025919e-01 7.012545472404571045e-01 7.544385211042502482e-01
5.629106588900137931e-01 5.851702751583460760e-01 5.713084431754184012e-01
4.874879715927242785e-01 5.425941219208137989e-01 4.604841599451297562e-01
6.133583417726188314e-01 5.896492606053226337e-01 6.212603075501762495e-01
4.949126621443181717e-01 5.440022948136762349e-01 5.864832565396428388e-01
6.222059395191746889e-01 5.418341030582538576e-01 5.943369162383187465e-01
5.984131113777818589e-01 6.181643727177968950e-01 5.875615107031791906e-01
5.510547411454991273e-01 5.292374213233670410e-01 5.497850973351278148e-01
6.846925769060172584e-01 7.686530253979394489e-01 8.092981157409742110e-01
5.658524494846206565e-01 5.709434070796595151e-01 6.146173349029068200e-01
5.565963136355883689e-01 4.666035973661727398e-01 5.011106526146983375e-01
8.187974720499489045e-01 8.243735769124066470e-01 8.173977750971318512e-01
6.035087557284567472e-01 5.554420228180362296e-01 5.281923339009384488e-01
4.991198821538267993e-01 4.789842621708437775e-01 4.039589607850455621e-01
4.954574196984306012e-01 3.975633544615553294e-01 4.532318448849293469e-01
6.090615988142731307e-01 5.534847410701060344e-01 6.624430224329562744e-01
4.886300186183412109e-01 5.925328029939181951e-01 5.726508387082650531e-01
5.829904623928600094e-01 5.733329754764946440e-01 6.141393377185145885e-01
6.551225264015047012e-01 6.327238674134211260e-01 6.559728883574151848e-01
7.089487472506470489e-01 7.656599535978557691e-01 7.378640787514219035e-01
5.173386530662016369e-01 5.355229597210313663e-01 5.356581131395571349e-01
5.759522106685237564e-01 4.764278729351902331e-01 5.976621974766390677e-01
5.995837921846922658e-01 6.674787137431565931e-01 6.302046936218050899e-01
5.556128439504141037e-01 5.095689747549342341e-01 5.456904766715656718e-01
6.295575440520155830e-01 6.096075566376567556e-01 5.842557033015610690e-01
5.217833272394928334e-01 5.734022211157171478e-01 6.209866220195290332e-01
5.924822412804637839e-01 6.044046803136621238e-01 5.325028413481822653e-01
6.791009401606094009e-01 6.591714080447050872e-01 6.484792097001139677e-01
4.798707973918034941e-01 5.121545864656043001e-01 4.930950709007985155e-01
4.599075832537161679e-01 4.273931609834913936e-01 4.817237049463468646e-01
5.862007620073693692e-01 5.497996966761193871e-01 5.783990373003641272e-01
8.416114622520117772e-01 8.289997254014308536e-01 7.754332308524181094e-01
4.049020474972805927e-01 3.640078213692281017e-01 3.736130631442968753e-01
6.253490333313602711e-01 6.787489336987065913e-01 6.682350662088465398e-01
7.376707426036432924e-01 7.613529875032774008e-01 7.372184879510359501e-01
5.083151890389673300e-01 4.753573992171636897e-01 4.341834290194832580e-01
3.866801280666299911e-01 3.914931493992054312e-01 4.376815515378763011e-01
8.385961032460388376e-01 8.151181692765532283e-01 7.165140092821187245e-01
8.589682419324093932e-01 7.562936257226002823e-01 8.452037732984934992e-01
5.140090160477795989e-01 4.353545916238176772e-01 4.597375392433566965e-01
6.338455046228708145e-01 6.135822413805651632e-01 6.115058086715541297e-01
5.365087940695997260e-01 5.405971939254274883e-01 5.042407293635363663e-01
3.280704078764630216e-01 2.818273826777954461e-01 3.653332912948977218e-01
6.487213277173060622e-01 5.502782898615061757e-01 6.611765231868962367e-01
6.858056017364786427e-01 6.775573137297727921e-01 6.587384053851697008e-01
6.927131418614945746e-01 6.175084383054686432e-01 6.266858252535248974e-01
7.655378803551771139e-01 7.061305230117418397e-01 6.865038970868486690e-01
5.698523088909969170e-01 5.174618973049227577e-01 5.050702848850268101e-01
5.308090095758479787e-01 6.530623573242548829e-01 6.508065993818457073e-01
4.446481968604139579e-01 4.425115475249742913e-01 4.301803006648092231e-01
4.893013281540858905e-01 5.176432037791065532e-01 4.853436994408772964e-01
5.720921132735441450e-01 6.443013238519194053e-01 6.031846012470132301e-01
4.644302698701271437e-01 5.697168208713713211e-01 5.298405373946196706e-01
6.079442665771277454e-01 5.688245915651261031e-01 5.998438533411295515e-01
4.794249176924928468e-01 6.092454265778782796e-01 4.877918250023645652e-01
4.695198173787863971e-01 4.755324110993693343e-01 5.140981875583645611e-01
7.762664820208023952e-01 6.889991286779288959e-01 7.028490551952533139e-01
4.580438427852837613e-01 4.634329363448997929e-01 3.752334779618337057e-01
7.223762926976419196e-01 6.483754956424279126e-01 7.266907101320018159e-01
5.365456601074386489e-01 5.787925656980632549e-01 5.124461839749832048e-01
7.178942191502923897e-01 7.440362989409959882e-01 8.035542066902001679e-01
5.611867757546906699e-01 5.266098118976894060e-01 4.952733811645579909e-01
7.047470328006745222e-01 6.739658513114784588e-01 6.708786174501801813e-01
5.659560886191894458e-01 5.406870762832910460e-01 4.668410424378541257e-01
5.258456423572721583e-01 5.418536950126652263e-01 5.444044215557924948e-01
4.409727723048917358e-01 4.916528293480221246e-01 4.809338491079940825e-01
7.051066607962714894e-01 7.226065627853289763e-01 6.357569805946204911e-01
5.743101523570642852e-01 5.982316322694829491e-01 6.052567745834980251e-01
7.170493643259134853e-01 6.975124839981766689e-01 6.447624141862691172e-01
6.776656902974423913e-01 6.654838120932510259e-01 6.595658428085067193e-01
3.591622783274710518e-01 3.504011194438997889e-01 4.277192717635069918e-01
5.832978096683053559e-01 5.814493411933376876e-01 5.967003120681446671e-01
5.337818224444114135e-01 5.148549896579662777e-01 5.744155608822701931e-01
4.673770150701315185e-01 4.556771349541693938e-01 5.132524528686652765e-01
6.112878296322175053e-01 5.557903107842844248e-01 6.120412606393329513e-01
6.187725152280272312e-01 6.080101760947391742e-01 5.861332529531566582e-01
5.967614822294919907e-01 6.653117715076333205e-01 6.443353036979957427e-01
5.935659596762177248e-01 5.999994043673979593e-01 6.171351095438577516e-01
4.074167263068227962e-01 5.044567194341516014e-01 5.003196681345132291e-01
4.855707961382909055e-01 4.897915647371230419e-01 5.576056977136535364e-01
7.606501297060622724e-01 8.316500046690566972e-01 8.185140187990138649e-01
5.951079860646140141e-01 5.898144828068372370e-01 6.378707896447572967e-01
5.326894037451239683e-01 4.901329105692275867e-01 5.039980530507629508e-01
7.255052405786146519e-01 6.443589731391506925e-01 7.078104815187727938e-01
4.703010173372336733e-01 5.018938936713230881e-01 4.544828023573951881e-01
7.290973695225668738e-01 7.419093932757439003e-01 7.455978180320457227e-01
5.579766563817539771e-01 5.834287674722606898e-01 5.792029188879003199e-01
5.368873343036536516e-01 6.145105171145207601e-01 6.332746710755472463e-01
6.123335667730143150e-01 6.653614776773193462e-01 6.773448715840795220e-01
4.950257287425814390e-01 4.907962261712744412e-01 4.924812458389599135e-01
7.221252343811758179e-01 7.137292894452451630e-01 7.148890783305763552e-01
5.313780504353452505e-01 5.900742403886921617e-01 5.369879603173922655e-01
6.245527288243976072e-01 6.836617219931445666e-01 7.216417979269591498e-01
6.270615187049189965e-01 6.416610677444090083e-01 6.189076395228036986e-01
6.299925238800602179e-01 5.672505592790436646e-01 5.571181764508633671e-01
6.042897491464188642e-01 7.205434769887769653e-01 6.135504707810572889e-01
5.839097576854513916e-01 6.470690571340877995e-01 6.729018242301458841e-01
8.203752885489561386e-01 7.713076878793508895e-01 8.686334201770106178e-01
8.046550424913273547e-01 8.167944962363342665e-01 7.510598311639408164e-01
6.383594211080633185e-01 5.734367558387560848e-01 6.069274630326295661e-01
5.110727863373940583e-01 4.983079735190090176e-01 5.420078586780023855e-01
5.156345386949313658e-01 5.729617734419775177e-01 5.318143027370257903e-01
8.036876436443252114e-01 7.409268899962476729e-01 7.905189089537950631e-01
6.154336404658768966e-01 5.970957692288794139e-01 6.067108138689010222e-01
6.168922746833159776e-01 6.432919038786512056e-01 6.215995706258600206e-01
4.541950017505269610e-01 4.562981556301991537e-01 4.841692344302440665e-01
4.119373098359270791e-01 3.596246994258372465e-01 3.604318713442135058e-01
7.321447659134152630e-01 6.401958522210232649e-01 6.877088311912608054e-01
4.550560613224501894e-01 4.436478440852050231e-01 4.658393069221390403e-01
4.104809012927379541e-01 4.638451821702050948e-01 4.842161495198951116e-01
4.716813111008760773e-01 4.542482625123161477e-01 4.979125487888261814e-01
5.492458491183467295e-01 6.201897645577977292e-01 5.904456589437755420e-01
7.739850632393389107e-01 7.020044725658522999e-01 7.285614989966524568e-01
5.829009140092525909e-01 6.337534534720610235e-01 6.035675506515931765e-01
4.296926204016762174e-01 5.298604351361432263e-01 4.621937725869797453e-01
7.364521580729773698e-01 7.783979096789356289e-01 7.464416012877318485e-01
4.921813266008281951e-01 5.001889052123583701e-01 5.125215906252017506e-01
5.367579368731933975e-01 4.828887815546962226e-01 5.379686989047007817e-01
6.296348881160910294e-01 6.160450806785429112e-01 5.810818550744399902e-01
6.497526566102713730e-01 6.449755519446171981e-01 6.833754065516859377e-01
8.172545142350834402e-01 7.674369303876893422e-01 8.499459480191714489e-01
5.247399821909494166e-01 5.500765303459412836e-01 5.705151300181774410e-01
7.001362723301777224e-01 6.714119217988699928e-01 7.395352936614063566e-01
7.040664974138075571e-01 7.308575340471329396e-01 6.865848095887436831e-01
7.570060161654930120e-01 7.561771852338959876e-01 7.377055699303028957e-01
5.322053076247972303e-01 5.637650403235935359e-01 4.722197924191948726e-01
6.287357605030626795e-01 6.212810160876970356e-01 6.379456936944611911e-01
6.276515101337531988e-01 6.452469972752509220e-01 7.098064366125630409e-01
4.820783692985269875e-01 4.590117787283702344e-01 4.586232441585550434e-01
5.932679658113537702e-01 6.270868299293824721e-01 6.402829177484751222e-01
6.008367523884382555e-01 6.364353191258274034e-01 6.027252251087654722e-01
6.312468967629131233e-01 6.344213069251793957e-01 6.340218277941316316e-01
5.716282292457057768e-01 5.763447315955291250e-01 6.328519875984737197e-01
5.334669002608570798e-01 5.362524338706076144e-01 5.084412620399325622e-01
6.871675567649387917e-01 6.431355143423325149e-01 7.018217266977911928e-01
5.524547291948599392e-01 5.450245921411325245e-01 5.150617876008225515e-01
5.873858474405098118e-01 5.782585052806445969e-01 6.044697105988164898e-01
7.547061588239301066e-01 7.303973480462836454e-01 7.144565404464328084e-01
4.454134080433835852e-01 4.927430152815781006e-01 4.432860811233720888e-01
7.071074313477576645e-01 7.516799575750717777e-01 6.814876018940948521e-01
7.853537042822853476e-01 7.385098754745550442e-01 6.948873632724715810e-01
7.590204643210209934e-01 6.784592917678154977e-01 6.938450595484844108e-01
5.730470703365878604e-01 6.110236523642429418e-01 5.745020554500767096e-01
4.409878608943103018e-01 4.121702133331477946e-01 4.366393466437629156e-01
4.959296085853882596e-01 5.395198430048381288e-01 5.318945970642008358e-01
7.656460360062790071e-01 7.621477926782901369e-01 7.491661486756963084e-01
3.804655303799239219e-01 3.869627106457141918e-01 3.856204577450968451e-01
6.595984782828598902e-01 6.759358397859357437e-01 6.685629742063864400e-01
5.561662265241242853e-01 5.399493516756794786e-01 5.965347624246430946e-01
4.908837849774320139e-01 5.293408400670763791e-01 5.249507437892777517e-01
4.683903436490968741e-01 4.837889985569639451e-01 5.048398123895999623e-01
6.195771670321289504e-01 6.083414835950056165e-01 6.945077112222859395e-01
6.209861361356273646e-01 6.830494701163725146e-01 7.106987175489700714e-01
5.437909000131284643e-01 4.982923181619216546e-01 5.040142908137532629e-01
5.313967715963471283e-01 5.488132712760215304e-01 5.500394397625000265e-01
5.494960783455062892e-01 5.613813343578163417e-01 6.177020278144473853e-01
6.984193616883151989e-01 7.163909461720802119e-01 6.726431051066867894e-01
6.180107977519656570e-01 5.636561789073012418e-01 5.121586869905363493e-01
6.835009227477540916e-01 7.463954145146342034e-01 5.843461674197518718e-01
5.925811887022353064e-01 6.423410830291517160e-01 6.692510198701656643e-01
8.211192207171442714e-01 8.278182544502259432e-01 8.094990663082198834e-01
6.983638127708323706e-01 7.608997537329434957e-01 7.469261547561362180e-01
1.055981655899866922e+00 1.007970717232938851e+00 1.012166235644291534e+00
5.776122737904982873e-01 5.250961196229031458e-01 4.493373516863382600e-01
5.868881419254320386e-01 6.660748261113802471e-01 5.704243470752181633e-01
5.999235918424382641e-01 6.023312825222999489e-01 6.025029433287505398e-01
4.526307820429115725e-01 4.921245519730033657e-01 5.546148718002370526e-01
6.363277788687136116e-01 5.637592896581633539e-01 6.479967281027780857e-01
5.919966573469950255e-01 6.198445225055653207e-01 5.983483853189422996e-01
4.747161118715400030e-01 5.020924800031058011e-01 4.694625054256861274e-01
5.098675954587583714e-01 6.225223792494098962e-01 5.790158650855800060e-01
7.259397278663805020e-01 7.614917451540212934e-01 7.910340627819802961e-01
4.383380135719298076e-01 4.472939322066439294e-01 4.489665024266712434e-01
7.900220015155939857e-01 7.459527099238414394e-01 7.393096410660525697e-01
6.766767044859288704e-01 6.685043525110234697e-01 6.439155164052348113e-01
6.401332015933359765e-01 6.139393575553739879e-01 6.589199467507337316e-01
4.287362504522208018e-01 4.331774639961528672e-01 4.072017147820373162e-01
6.596741962980955387e-01 6.196942665367299874e-01 6.976650960960256720e-01
6.303965267411888451e-01 6.465883532268484890e-01 7.110015238701549167e-01
5.939877524672401155e-01 5.784890306936428805e-01 6.039995123913168840e-01
6.206690803740022577e-01 5.142448465173090622e-01 5.701650286680109980e-01
4.167284090479696501e-01 4.862990574973051205e-01 4.870453894842471376e-01
7.653163996086375098e-01 6.964497589560455504e-01 8.027302911343894287e-01
3.455011317161092443e-01 3.098116227803979772e-01 3.126245357754502963e-01
5.134620924352149007e-01 4.381648371332804159e-01 3.817293989374768715e-01
5.681928551288732976e-01 6.806739777928687563e-01 6.050907752210007429e-01
4.191847377278465903e-01 4.808061132792256220e-01 4.436052249549325976e-01
6.278553818474240655e-01 7.154428643856715064e-01 7.044554261978115406e-01
8.847000075581670231e-01 8.380059387595018006e-01 8.551230204807825919e-01
7.625382291029670911e-01 7.928848096363404485e-01 7.510929876341747580e-01
7.021836338859556159e-01 6.700555941982621055e-01 6.521563955558348225e-01
6.905214481146449979e-01 6.617088926699220552e-01 7.181051161935237959e-01
7.345366626715633673e-01 7.674738022459720588e-01 7.863472277467616900e-01
7.082727131806145771e-01 6.544788701001041931e-01 6.254136586312313284e-01
3.820185801913094092e-01 3.879446622990828097e-01 3.782847155702182551e-01
6.017191336013671954e-01 6.221967860356980573e-01 6.074500448252302398e-01
7.211783724197189382e-01 8.155552429777196410e-01 8.057283308890115237e-01
7.053501780586172165e-01 6.540787560702456815e-01 6.506244876132134536e-01
6.667169582195194844e-01 6.276543992239356218e-01 7.372888410294100581e-01
4.848739517020996259e-01 5.711997049032220275e-01 5.509086375023383164e-01
4.059805158576220707e-01 5.045856472590428687e-01 4.582560891103971690e-01
8.400110072795342608e-01 8.090484226034700965e-01 7.624181699781699129e-01
4.210637954655982451e-01 4.394098258304082738e-01 4.737207508506009468e-01
3.290423224012767878e-01 3.401274625781782190e-01 3.996842324491216569e-01
5.270761481808897697e-01 4.906615337444438230e-01 5.488455318380599524e-01
7.991503613515575921e-01 7.609447909621293027e-01 7.716811975380257760e-01
4.802457203874618830e-01 5.443756016056175984e-01 5.477587881429494265e-01
5.724153285974018512e-01 4.641423913130605095e-01 5.415686892918535333e-01
6.827422841127948061e-01 7.856377942122672042e-01 7.326957401630310729e-01
5.680028557308196557e-01 5.734083937682794563e-01 5.852381230333866258e-01
6.432484643999939466e-01 6.467698693004081401e-01 6.544246350692835001e-01
5.262145398641533411e-01 4.223576230128242570e-01 3.883957455287836980e-01
5.305241760219674418e-01 4.864767469426999336e-01 5.448735290112866059e-01
6.171190416082521502e-01 5.669675853404141375e-01 5.703029862828425944e-01
5.219086961830112781e-01 5.723358625895258456e-01 6.105499346622009771e-01
2.883231714988918615e-01 2.854072161780904504e-01 2.939904771488980328e-01
6.911222990451473258e-01 7.488280271335848726e-01 7.691748933483542050e-01
6.731908414101546168e-01 6.778635424295756939e-01 5.538182153901414218e-01
6.150067478557307288e-01 6.140641534492922160e-01 7.128840496660286963e-01
8.807573393204694012e-01 9.092499107607091569e-01 8.943869398295424267e-01
4.832043541304787415e-01 5.409563457757785576e-01 5.690387134262255842e-01
8.144590712272787858e-01 8.833478942802145406e-01 7.856069566277402716e-01
5.661549262287405293e-01 5.034088827232980901e-01 5.275319635333528545e-01
6.287781987743403800e-01 5.936540612413639950e-01 5.557537233085365624e-01
5.758699349845141091e-01 6.351273873573058948e-01 5.443891235319318067e-01
4.723219199464911977e-01 6.293494106228632035e-01 5.799595832666427642e-01
5.141523721329097629e-01 4.822709203914822829e-01 4.675568107132901385e-01
5.044717114958552351e-01 5.420260373837719747e-01 4.467269620445462608e-01
7.249313571630715547e-01 7.555254269912138332e-01 7.073267884910887648e-01
5.122467747893399981e-01 5.037376620001948746e-01 4.932822381687538837e-01
5.732005175732657332e-01 5.632254497067119559e-01 5.857486397747548867e-01
3.781207314137408071e-01 3.584861439886642964e-01 3.650575473857510800e-01
5.849670254113616963e-01 5.842900132813626524e-01 5.663699202016155843e-01
6.403174291424680309e-01 6.358079823953841636e-01 6.517909254732654478e-01
4.666093003824416940e-01 4.099344081449355914e-01 4.441240007733811002e-01
5.754552503880993042e-01 5.958351783354655096e-01 6.426598782149918199e-01
8.825937537918112641e-01 9.002126673705591609e-01 8.674178708517021885e-01
3.337358607495353180e-01 3.531247685853343143e-01 3.638657054937957658e-01
3.538126540879477644e-01 3.583602269291117359e-01 3.623097010625708214e-01
5.439437574653064322e-01 4.728060189835157634e-01 5.146642412283151113e-01
7.662006178219418207e-01 7.189402236285601377e-01 8.126662275306810734e-01
5.426590339439374411e-01 5.401793921632931372e-01 5.084736881273096420e-01
5.398285460852405571e-01 5.276461600030917243e-01 5.049993889254146273e-01
6.768737103052852033e-01 6.658407749278254517e-01 7.029193432584751600e-01
5.214066398369845423e-01 4.933633276116723976e-01 4.929618388927155537e-01
5.340763685478279177e-01 5.920202544955908142e-01 5.306602713566607177e-01
5.838237680370776950e-01 5.396272707184450734e-01 5.178550203539546981e-01
5.607310073203854994e-01 5.298357533564150845e-01 5.457080678632547643e-01
5.197789030558620516e-01 5.889277037324267550e-01 5.365201677789136481e-01
5.533691861379890220e-01 5.867308307836951453e-01 6.013509274180532937e-01
7.724311842921717242e-01 7.165230347895329421e-01 7.702065129643431707e-01
6.304268599142797136e-01 6.360386651570157923e-01 5.866838058360344110e-01
6.791508116663542705e-01 7.172175817071471116e-01 7.161691151227012053e-01
3.589324508207715758e-01 3.752371063968050202e-01 4.102070020693179830e-01
5.509842523096944999e-01 5.268419278241707193e-01 5.764798171844816022e-01
5.972515250645743512e-01 5.908379530583962591e-01 6.172493312830554801e-01
5.977975708548741718e-01 5.726024497028407989e-01 6.440815020646463163e-01
6.032054497927561432e-01 6.162421528324824038e-01 5.964729181749183207e-01
4.788287441804116584e-01 5.091642631964733434e-01 4.695973243467529978e-01
6.513940153228852115e-01 5.951967156199080566e-01 6.106179267661787646e-01
6.725388918459251908e-01 7.142425787965520634e-01 7.308164177779713500e-01
5.024261618742661417e-01 5.848840613702808167e-01 5.170209840046308125e-01
6.562312285392607469e-01 7.014763657579295986e-01 6.119511882669286251e-01
7.964480143415157976e-01 7.410927794726328566e-01 6.940852342807420916e-01
2.856995251517317480e-01 3.448901631231304776e-01 3.936884853671387963e-01
5.614745124506931306e-01 5.699526746909893138e-01 5.628056670858386790e-01
5.291299523435729624e-01 5.961653812295075738e-01 5.907678564458367365e-01
6.133953965060732205e-01 5.504199121251477367e-01 4.998116273425348699e-01
6.848042734209625060e-01 5.884402227491285498e-01 6.502668925731438510e-01
4.944288846312248076e-01 5.375263603302942172e-01 5.586313596269557591e-01
5.173555817063306694e-01 5.219372080284504500e-01 5.404691315208716151e-01
5.342863415073874078e-01 5.572334879359628346e-01 5.167464214572673464e-01
5.502608605246428475e-01 5.984093682295956729e-01 5.826050914468033914e-01
4.666717910893160570e-01 4.561601892909405986e-01 4.853564269005515852e-01
6.317830357299987210e-01 6.304540118427350848e-01 5.925827988607406116e-01
5.113734243372222155e-01 4.950012562130427507e-01 5.173211681393983241e-01
7.437274500846851044e-01 8.072920570355854863e-01 7.438533597137713116e-01
5.563587474499455121e-01 5.677175880009431852e-01 5.562658395780653020e-01
3.525050153194417280e-01 4.113624757947940136e-01 4.841692457666996185e-01
6.736787582041399158e-01 7.055375691221565937e-01 7.625029946912692536e-01
4.607092382766939664e-01 5.560006173941749452e-01 5.003139606471709300e-01
6.296125818814750641e-01 6.262214327719234364e-01 6.224918094281367553e-01
4.563806192379527560e-01 4.603594860422752233e-01 4.287391923941171745e-01
7.306771344075103647e-01 7.091017490717087535e-01 6.817597161472581657e-01
7.320132045800876730e-01 7.491857051944723622e-01 7.219461839830030314e-01
5.156276894809087574e-01 5.501111923942021420e-01 5.114738433392872485e-01
6.111157709786324554e-01 6.144567542621680589e-01 6.855847398274798055e-01
7.338233545038947980e-01 7.521643087650830006e-01 7.735081586738584702e-01
5.626073984798267702e-01 5.237886789305254975e-01 5.160531261861462937e-01
4.955418603791532095e-01 5.241799461424646589e-01 5.390890817456069906e-01
5.398355637984477706e-01 4.776764526638619945e-01 5.099909352102776072e-01
5.986054863431993223e-01 5.749373406121556229e-01 5.503998776010677885e-01
5.759549446583911436e-01 6.241138562302155357e-01 6.086926869139304141e-01
4.487611955039854106e-01 4.618670467284383685e-01 4.250252738945413111e-01
6.238578482279931725e-01 6.039554867516999659e-01 6.186103134494777001e-01
6.779694189379290581e-01 6.475592226128622508e-01 6.348795175869821339e-01
6.630491390698539655e-01 6.268619125994662200e-01 6.536216915159374086e-01
4.468547243368522492e-01 4.517757956299988109e-01 4.274703494766008416e-01
4.942899379746890087e-01 5.866518174103571015e-01 5.313208796299943026e-01
7.404920331505581155e-01 7.234326958826667875e-01 7.721684510502324628e-01
7.649084975460127556e-01 8.097992840193134478e-01 7.279113274996912297e-01
6.545703733507566291e-01 6.465350114379818658e-01 6.214453105837404179e-01
6.809257106582027319e-01 7.359344642204115328e-01 6.429480130452001063e-01
4.963068092408319254e-01 5.963608337116048652e-01 5.264257645469724300e-01
5.692016971482930510e-01 5.625580579020026395e-01 5.956284018123592094e-01
6.393111438093910248e-01 6.434086913386717343e-01 7.079286503997286317e-01
7.334007605681732711e-01 7.118908256815077440e-01 6.960570316903056387e-01
6.224387956142012346e-01 5.470111574559564094e-01 5.714650850535660798e-01
6.091777463312385565e-01 6.159294356203119936e-01 6.505578724851782679e-01
5.918809466792173124e-01 6.679746892710093364e-01 6.619262540125064875e-01
6.092374567652392159e-01 6.020144325537841734e-01 6.306893863425658830e-01
5.542126475322285417e-01 5.982539565255603486e-01 6.259505404860205013e-01
4.987497354931105797e-01 5.471537776541147702e-01 5.454290573600715231e-01
6.316372653306242535e-01 6.265819428129240087e-01 6.605776161472959318e-01
5.445570344290819875e-01 4.983562130512320665e-01 5.480167651534741946e-01
5.369847845401747310e-01 6.232653541769105354e-01 6.469047181691576220e-01
7.870741801324261377e-01 7.370176238727010887e-01 7.588840418354951822e-01
6.437286995042587057e-01 6.602308712894358056e-01 6.258792152018706201e-01
6.761674462005823338e-01 7.037926449490261582e-01 7.381774864639554234e-01
4.875966828436090750e-01 4.673143670804761340e-01 4.542252898474107847e-01
4.642170132587285503e-01 5.461570225698662018e-01 5.149305838511318845e-01
5.222232794087545704e-01 5.671507600280744077e-01 5.099575978957094913e-01
5.046671830181842511e-01 5.576262532322672216e-01 5.036858827011433393e-01
5.391508215313004504e-01 4.093065220932950443e-01 4.789842204481066790e-01
5.383132594083077649e-01 6.000510692994623918e-01 5.598517065036833218e-01
8.401958257416161091e-01 8.097765889584080945e-01 8.077842190483213169e-01
6.775545176789106172e-01 6.722545865219683447e-01 7.440914839568013583e-01
4.220912246775080923e-01 4.368136604021753966e-01 4.587475276544099589e-01
5.148428450472435358e-01 5.666804898120009204e-01 5.356060946273738521e-01
5.038699663017748298e-01 5.172118924459996325e-01 5.307057381956388209e-01
5.762781129939832381e-01 5.436706399959500002e-01 5.570229825134527246e-01
6.905375644615149300e-01 6.313347246766638499e-01 6.452676154596713731e-01
5.218593911067062052e-01 5.059809087421303087e-01 5.253491522686638548e-01
5.732776761973678026e-01 5.837375820666550474e-01 6.104620859472303929e-01
4.318503494727572445e-01 4.102477225365419033e-01 4.314494779974701877e-01
7.897029411493737827e-01 8.122039229128876769e-01 8.527305542849341613e-01
5.787156923482688065e-01 6.070853073301347713e-01 6.254479877299081725e-01
5.727864409040941407e-01 5.681838187967048759e-01 5.654094863991606656e-01
6.714846082458588716e-01 6.671115517073064050e-01 6.767198504395660619e-01
8.938653515605675670e-01 8.390076099846038860e-01 8.982798076890620154e-01
6.182090010206653385e-01 6.246906745540520278e-01 6.300327547166342246e-01
6.145442819114468325e-01 6.650590194363212859e-01 6.467758146998857649e-01
6.689104611959352242e-01 6.769968827071786155e-01 6.821600615103969867e-01
5.495173738484487869e-01 5.363238770643945497e-01 5.538316617028545830e-01
7.151852498571921180e-01 7.493424150544936158e-01 7.030034079684553960e-01
5.262799347797626481e-01 4.637371654099215479e-01 5.283331568299903802e-01
5.252725607004355979e-01 5.610831531297780783e-01 4.844469295573207157e-01
6.609233087251743521e-01 6.801941362653712853e-01 6.783949527281915026e-01
5.316188500620254720e-01 5.040896963306034095e-01 4.947240563528825241e-01
6.353224332523750295e-01 6.952103189260240290e-01 6.720808534499427278e-01
5.818775319369143828e-01 6.155239107978420776e-01 5.957908682090440333e-01
6.280124812191116845e-01 5.557848642175731158e-01 5.986603080392702836e-01
7.115763620097247388e-01 6.415737288206335709e-01 6.918183891575021560e-01
5.571781952465990617e-01 6.150832644279345951e-01 5.723784572637117263e-01
5.848411687627482758e-01 5.791401122761782316e-01 5.418589869958598815e-01
2.702780165862500583e-01 2.617463782631269109e-01 3.311859193620708686e-01
8.248134892644072291e-01 7.970294690480728139e-01 7.950417220052002909e-01
7.692740964045814422e-01 7.885367697574223733e-01 8.057629857345481872e-01
5.948988406842018462e-01 6.343485101693729922e-01 6.526509445251391650e-01
7.614578719960227726e-01 7.844419704342037170e-01 7.327910435900498731e-01
6.451161180497175796e-01 5.966516505084346056e-01 6.349382919087517285e-01
5.591683740019067761e-01 5.550181025648401878e-01 5.458174836460177870e-01
5.934263303615125995e-01 6.414978289180244264e-01 5.955432895706488372e-01
5.303380337568506242e-01 5.079932915479318245e-01 5.755715769381444247e-01
4.777520191686789874e-01 5.067175024422330143e-01 4.524937092074936551e-01
6.669680125537313931e-01 6.104923642487517510e-01 6.348210592750355152e-01
4.736945641660575412e-01 4.633696312634530412e-01 5.039114384914016309e-01
4.249593493673234912e-01 4.228490225062438990e-01 4.042587406869839750e-01
3.802849304672483166e-01 3.971490050051085796e-01 3.662797422539802450e-01
5.207957639777965886e-01 5.773631751843707471e-01 5.628030724547992136e-01
6.927367936661722458e-01 6.768287518720159657e-01 6.733780613157026584e-01
4.725353644713691792e-01 4.684349569810040692e-01 4.362148576992123106e-01
7.034014442568248260e-01 7.587344424355483286e-01 7.789206719629148123e-01
5.422785347923371191e-01 5.964006604690587077e-01 5.333431857756355532e-01
4.874344596462963919e-01 3.946639132446699838e-01 3.999296198887490328e-01
6.382480675735352493e-01 6.888951911671866712e-01 6.726010378687553581e-01
5.583601966558511265e-01 4.576955308477018702e-01 4.727381280318557755e-01
5.757553254750366056e-01 5.902972773401902185e-01 5.921843161045062809e-01
4.788425953155118209e-01 5.196389251038118218e-01 4.845124935649042786e-01
5.556327923978561234e-01 5.994607831087666039e-01 5.421769555987462352e-01
6.097047063968648040e-01 6.185640508463632337e-01 6.486873276120008747e-01
7.096889024879056151e-01 6.755588721352141501e-01 6.608415557206820390e-01
4.744212514327691421e-01 4.992565782487602410e-01 4.867868218708984451e-01
7.308578674168806355e-01 7.095284033797937262e-01 7.812606083365847276e-01
6.421097592502303941e-01 6.528594419963619222e-01 5.944787217926068568e-01
6.622871354356727469e-01 6.282012659350161288e-01 7.436863629000117770e-01
5.021610122057553749e-01 5.057158450763180602e-01 5.850876782007478072e-01
6.115743173793793952e-01 6.253815105534342722e-01 6.735496649401997438e-01
6.178224142903288030e-01 5.557973981576670441e-01 5.932785863743796906e-01
4.760163249217265746e-01 4.428132375691642419e-01 5.561318783717672520e-01
6.039357705055227177e-01 4.860884058232932681e-01 5.999354106757938121e-01
5.339182252896031988e-01 4.784295881982891241e-01 4.697342368844910077e-01
6.037763283716622853e-01 6.486312187318122868e-01 5.760686380951147711e-01
5.102385739893751104e-01 4.708109627561887778e-01 5.125404436418593557e-01
4.787731338207551479e-01 4.467758836434757574e-01 5.094218837034703018e-01
7.130078934658010681e-01 6.756825604272520547e-01 7.842079405821700266e-01
7.847526445399803929e-01 7.275258582248468331e-01 7.047730171957173884e-01
4.036952582112672272e-01 3.750299743517261364e-01 3.607508150458462737e-01
4.082075242654618630e-01 4.187080668663884508e-01 4.406812038255988884e-01
7.194758818299148428e-01 7.464101854565897698e-01 6.444054106406261750e-01
6.866003111894153355e-01 6.716220684078737513e-01 6.553857822750462914e-01
6.443779437663191834e-01 5.699680667660425026e-01 6.146052183378319933e-01
5.743845995546207339e-01 6.254152480189819618e-01 5.913012207754831939e-01
7.718737659983839761e-01 7.254081097153463054e-01 7.077077249129212211e-01
4.891393793328844830e-01 4.505713216108853114e-01 5.301411757190038765e-01
6.079664483040314593e-01 6.547783224127750046e-01 5.328070584983420899e-01
4.457499602447516640e-01 4.388337549422141604e-01 4.390364767769232013e-01
7.330617327498458735e-01 6.943516657065504916e-01 7.213133673379050759e-01
6.949907069347612820e-01 6.556067373683976962e-01 6.407839560105269561e-01
5.425579644033353688e-01 5.928141974334255604e-01 5.171799263340515207e-01
5.990358361440749624e-01 5.275566577465052864e-01 4.980436461897445044e-01
5.958778537236072426e-01 5.886084653741582295e-01 6.347532922133499733e-01
5.068886008840195467e-01 5.691549817170329373e-01 5.154600701749909586e-01
5.377099162632795748e-01 5.234904835639232479e-01 5.145735329456204710e-01
5.559903516957569458e-01 5.380035045668110083e-01 6.004988424694942539e-01
7.851979256449587163e-01 7.117488119689275861e-01 7.708850858356076641e-01
6.052885582035612000e-01 6.200558123478523420e-01 6.185857218208893338e-01
5.570512260391012882e-01 5.533372716670852398e-01 5.602825818024762539e-01
7.721173741313472894e-01 7.520985890794417150e-01 7.082472888840959380e-01
7.099192046278103296e-01 7.566248471728245217e-01 7.075537819118556948e-01
6.692581577264622439e-01 6.795012821205635989e-01 6.723575265535947088e-01
8.763794225860763731e-01 8.844002065825145031e-01 8.178530851170823235e-01
6.446109329332747606e-01 6.246229308082733578e-01 5.814190446578045846e-01
6.114460989134685720e-01 5.801824080324536892e-01 5.841714054489796082e-01
5.129637837095240016e-01 5.290240693166173847e-01 4.566239716045387698e-01
6.486452974721192977e-01 6.469886067816771336e-01 6.147691554447226592e-01
4.249502623994447781e-01 4.208334885268324443e-01 3.823676966499982011e-01
5.469833157715277006e-01 5.795863861180466925e-01 5.845867218995998149e-01
6.057759769578243692e-01 5.352132356149632564e-01 6.362006635804950960e-01
5.377298081334813684e-01 5.230363464833565068e-01 5.590944319011796892e-01
6.347563276093196594e-01 6.004172841965444984e-01 5.890764023435819396e-01
7.884018960873632187e-01 7.548241775200497106e-01 7.593673844627366609e-01
5.826214381596335201e-01 5.674151412669562466e-01 5.813468485483179737e-01
6.112423624583963599e-01 5.999767075367616886e-01 6.406529832652178014e-01
5.225599930984634600e-01 5.693214098588272876e-01 5.971421566250704194e-01
6.406604350743810850e-01 6.553202621719728116e-01 6.531570730999024521e-01
7.557613888301043525e-01 6.859031449373311773e-01 7.149233333683010505e-01
4.921802733886281866e-01 5.296350506867349983e-01 5.493488715840083580e-01
8.524174666679736889e-01 8.245896262744103478e-01 8.468496733545113342e-01
7.547388879689382879e-01 7.373293387169378432e-01 8.127738885449816708e-01
7.814035662147597039e-01 8.447974350818011624e-01 7.704098996164794322e-01
6.499510384287526810e-01 5.557177358463856187e-01 5.405698844512518697e-01
8.531941534647258241e-01 8.242451296134049032e-01 8.388158952162859672e-01
6.916547354321602725e-01 6.805070429868420590e-01 6.233018953376151527e-01
6.951310291167075439e-01 7.169428073284714875e-01 7.297370085445703536e-01
5.350475107072666381e-01 5.383784910967152060e-01 5.332780561154455423e-01
3.350325030129566173e-01 3.245488285557049934e-01 3.704893074945953546e-01
5.141800142139921759e-01 4.915179596594683176e-01 4.963278290301514906e-01
7.669581978609210093e-01 7.256544080949988151e-01 7.437308261472835857e-01
5.901155972781756409e-01 5.511037695418753435e-01 6.199250705793003524e-01
5.896949841808937220e-01 5.843213483202148728e-01 5.036250901905863220e-01
6.778499694945222531e-01 6.782505265993714616e-01 6.905913937460983476e-01
6.276944319232949931e-01 5.829932311898432529e-01 5.906333686533623561e-01
6.344875691859505062e-01 6.111345788330475592e-01 6.125255713957695747e-01
5.415613939445935721e-01 5.218213109555093210e-01 5.006534133483115934e-01
6.324141503042316481e-01 6.305168640737212060e-01 6.450916086454931975e-01
4.993583373673421422e-01 5.714707740709713546e-01 5.413744552315458147e-01
6.987138031494821711e-01 7.021246936695402230e-01 7.421166682120324820e-01
4.847050415084155350e-01 4.295859200677866752e-01 4.670513981756882482e-01
5.928905353107375431e-01 5.980122954685636039e-01 6.296705660890111744e-01
6.692479465322559440e-01 5.670777513798226366e-01 6.024544962295628192e-01
7.458008482523429405e-01 8.002257557962145773e-01 8.009488661176517033e-01
7.497565309469772510e-01 7.382281166401005734e-01 7.754323063427959184e-01
5.426920058884349141e-01 5.633563828367813553e-01 5.879726237985646309e-01
4.248995375407890185e-01 4.334555137944708925e-01 4.702739311108550813e-01
6.001708589446508313e-01 6.094142960809544318e-01 6.132038200795831839e-01
5.200938833186663501e-01 5.047083233328131247e-01 4.574609258690431335e-01
3.689307108310611594e-01 4.321815643098532722e-01 3.710014111025274341e-01
4.893359367340248678e-01 6.012698768077863187e-01 5.094190629769393963e-01
4.937639015923264707e-01 4.604297409449050194e-01 4.988955197557082277e-01
5.300707188956572669e-01 5.359987141367807961e-01 5.103627659372618197e-01
6.877234110916690124e-01 6.106077479663166718e-01 7.016482790112835710e-01
6.808026858281348570e-01 6.840660198397995329e-01 7.034315129610915207e-01
4.088549856727824450e-01 4.655741804408249918e-01 3.640413159818698396e-01
8.468502757710331119e-01 8.614840482623227214e-01 8.624183292006201151e-01
5.808439660543446292e-01 5.624419549403315566e-01 5.507197563955215092e-01
5.714743089915326202e-01 5.635824818738701669e-01 6.420267324647216389e-01
5.793484061083400416e-01 6.119878297601561989e-01 5.784565893524677982e-01
4.714237665365647589e-01 5.125825959916738839e-01 5.291274879992767799e-01
5.005459707191116658e-01 4.350891624214260900e-01 3.674146271338250558e-01
7.704808316686174718e-01 7.630288660175322812e-01 7.920295142534661270e-01
6.663500257169112651e-01 5.958778275245079081e-01 6.249316139648773971e-01
6.009625789911159366e-01 5.563178693812695919e-01 6.326059038065148243e-01
5.286313745709908529e-01 4.768855277609093668e-01 4.560413768140750834e-01
6.011616842699526453e-01 6.904749029383817627e-01 6.688297816284980435e-01
4.564876270223455212e-01 5.288787868303150841e-01 4.999025698611647139e-01
8.620127394501232443e-01 8.438642228333546047e-01 8.364115391501579788e-01
8.469929966854687908e-01 8.927289921811122353e-01 9.332444581845831255e-01
5.567521866718472268e-01 5.405111711868908486e-01 5.994847365945932260e-01
4.335738875153027916e-01 4.634821238650894681e-01 4.998658301956747652e-01
6.097832868275224749e-01 5.662363429271497495e-01 5.942006415475937775e-01
5.374421160727006486e-01 4.833053804901677464e-01 5.857051326841757888e-01
7.837333700733798425e-01 7.801985972019036542e-01 8.048959397614919853e-01
5.485716719737941949e-01 5.765550185863205224e-01 5.275298707096601758e-01
5.611342373665962890e-01 5.485055759910301143e-01 5.430623426896832306e-01
7.197883307753492055e-01 6.975215308295121819e-01 6.695492750148256400e-01
5.244953491608074225e-01 5.434420836142309641e-01 4.795059282531530798e-01
5.318244633669606536e-01 5.248864326123375834e-01 6.024618395750864774e-01
7.122744177519966247e-01 7.006751923786314062e-01 7.668893352257212248e-01
7.037935289846460885e-01 6.025168350457875688e-01 6.629470119846562204e-01
9.783258936578771436e-01 9.611524602718261034e-01 9.862736846252120326e-01
7.490719686266744670e-01 7.198988108362710525e-01 6.597990641234272591e-01
4.775141126406780012e-01 4.710500665847743296e-01 4.863733810019746917e-01
3.832311982112244220e-01 4.106711411946411538e-01 3.770454511249903273e-01
6.786085273557381781e-01 6.663099732738757552e-01 6.300784922530942023e-01
7.041307830485945551e-01 7.220481651400411094e-01 7.131362630375448486e-01
6.183547801443720626e-01 6.097342843389330636e-01 6.054700697624666450e-01
5.803511624994948104e-01 5.411489066546074644e-01 5.297436301297002714e-01
6.658297929554751748e-01 6.553058463012140233e-01 5.998277957288703499e-01
4.626716147554620906e-01 3.427423934662459093e-01 3.776233785233921170e-01
6.922757405494766036e-01 6.613234299899735102e-01 6.665540696008568355e-01
5.845081364012891800e-01 5.574267959703238517e-01 5.770638763223682188e-01
5.929187612946978936e-01 5.945877581703934434e-01 5.266732932427857783e-01
8.024461985225215255e-01 8.082145544025064465e-01 7.241528656236697614e-01
6.001483692178208873e-01 5.883104053634994335e-01 5.877911262784221158e-01
5.560358245406664679e-01 5.271938430110620910e-01 5.289673810303313628e-01
7.085780792205483847e-01 7.247317558785451030e-01 7.165942863334622270e-01
5.914878661679600080e-01 5.481999377018212938e-01 6.207121524551184599e-01
4.835203554486221522e-01 4.565165979386429651e-01 5.025325634333264180e-01
6.753512459706212390e-01 6.372043579548443137e-01 7.382223708623406599e-01
4.344682489185849317e-01 3.901056595572734986e-01 4.016590832182456161e-01
6.387922703182095097e-01 6.798146535327407314e-01 6.037938700328867592e-01
6.090708993490071554e-01 6.239516355459046038e-01 6.384572658194306305e-01
6.171134871486604334e-01 6.072376646889344753e-01 6.210543093375981982e-01
4.777230927024848639e-01 5.160943833839820583e-01 5.748197265197757533e-01
6.365916272214644511e-01 6.614404585579563012e-01 5.816156664328785419e-01
6.731926830773956594e-01 6.692947107527070782e-01 7.112282268580533140e-01
5.342968069808392562e-01 4.351831398004859519e-01 4.261100717763727230e-01
7.261962913962135557e-01 6.711231515307400919e-01 6.211932680249399041e-01
4.072764557548694819e-01 5.177441426363510457e-01 4.615151342636404919e-01
5.580988525539875011e-01 5.242713129911290570e-01 6.561544998781621008e-01
5.771895001256596158e-01 5.216217850528490629e-01 5.680519321026860080e-01
6.302497072145949453e-01 6.791318303990065974e-01 7.053948300636292412e-01
7.338803659271865287e-01 7.382334180366539877e-01 7.759592643762309727e-01
5.392599175107672949e-01 5.002940141898764015e-01 4.664988110888280137e-01
6.724583456643303814e-01 6.538330600699894246e-01 6.730714481661317361e-01
4.826756368128580221e-01 5.983242832515197618e-01 5.190601966173777893e-01
6.248298164341428151e-01 6.087950636918421088e-01 5.454640455114917463e-01
5.037755192490555034e-01 4.815101562811485714e-01 5.949674312102135598e-01
5.638520071999280070e-01 5.561378842630150254e-01 5.930483173336946745e-01
5.386467190375729963e-01 4.897229629584459176e-01 5.295497289713776423e-01
5.287053665253417245e-01 5.569786473079790801e-01 5.132136618455486188e-01
5.369005929361273521e-01 4.876967530263406903e-01 4.866665404400063455e-01
5.392325295114214212e-01 5.378825706061679535e-01 5.045048185204230595e-01
6.630977929165936535e-01 7.119807336636910788e-01 7.022027566802506726e-01
8.115997538781927201e-01 7.974182548512915858e-01 7.018748398455745274e-01
6.554759178599985914e-01 7.246436519349110927e-01 7.093854782521419322e-01
5.376915530936213772e-01 5.536944117442951230e-01 5.540734400143186855e-01
6.163619135452738096e-01 6.191056158196882597e-01 6.660987155179465269e-01
5.531218090119391917e-01 6.072853496016341612e-01 6.060229820441120907e-01
5.207323359645161798e-01 5.994882783952562022e-01 5.910779292915649963e-01
5.671297287174245083e-01 5.742179534090406934e-01 6.136058372757292600e-01
5.764663370613328786e-01 5.286509068692214486e-01 5.689629399692164302e-01
5.179931806424115104e-01 5.332977936236963368e-01 5.607058748401099191e-01
5.879663986914299700e-01 4.888126261010312668e-01 5.521863662277778362e-01
5.918208765998637100e-01 6.383885577745791462e-01 6.336282369665440228e-01
6.681727702904981525e-01 6.705047269096067186e-01 6.416939467412782205e-01
6.445528042130720392e-01 6.357463708601501784e-01 5.990461734988701270e-01
7.354327491984163911e-01 7.647609074416330532e-01 6.794972606897132783e-01
6.582651895639493045e-01 6.710708988565190491e-01 6.828174689016841548e-01
4.706206858798655523e-01 5.195023742641451392e-01 5.026474928432828060e-01
6.656886178063196047e-01 6.338886121682365538e-01 6.331532665866050902e-01
4.236144503584771126e-01 4.242368520174147339e-01 4.948487808428272405e-01
5.707315968098720660e-01 6.015076829032043326e-01 5.938526453659387361e-01
4.842796141359899664e-01 5.617206781284347361e-01 5.837201111665337727e-01
4.955591676354540454e-01 4.928208136329280675e-01 4.951997436703561850e-01
2.855484705421419966e-01 3.382943629603487601e-01 3.310152371986234132e-01
6.051309432900749963e-01 6.716785729681347128e-01 6.614573889619475011e-01
4.837578131326493169e-01 5.697001473159798435e-01 5.808015705402633788e-01
4.469641683241228902e-01 5.165696661554206592e-01 4.679741393580296727e-01
6.714389586740641125e-01 7.306328744864911684e-01 7.372557444298254437e-01
4.803708616965108313e-01 4.958779799183044013e-01 4.938071040253858568e-01
4.898397468653524767e-01 5.641586393053941162e-01 5.261805025136129244e-01
6.697041736672862955e-01 6.515535440203812367e-01 5.891228077468696478e-01
6.097543186403943105e-01 6.172346977240372734e-01 6.164739106266342583e-01
7.186750100184955414e-01 6.728749962253590677e-01 6.371138014115008685e-01
5.125084782943620798e-01 5.193239675353151785e-01 5.099061489022395088e-01
5.551129432767670790e-01 6.940805426637914888e-01 5.887864437723691058e-01
6.187358147737265224e-01 7.166854204640420445e-01 6.999298231085064881e-01
9.037131807820253382e-01 9.003389234411681707e-01 8.756566882799556861e-01
6.219641657374820332e-01 5.793330176222492023e-01 5.305958459117596782e-01
3.220028816615085332e-01 3.282313361584536238e-01 3.172145176142506240e-01
5.401566917040021565e-01 5.280817540243577524e-01 5.499886510501510450e-01
7.373577057090996423e-01 7.466670137000799290e-01 7.362752575905543440e-01
6.536315499532732165e-01 6.994526424196876313e-01 7.339243530713540631e-01
5.325491893331018023e-01 5.352337893547669534e-01 6.014964653838422715e-01
8.358365001732703803e-01 7.992676962389341222e-01 7.855162783544392680e-01
7.646738171285151209e-01 7.616486483599396173e-01 7.476347812757930811e-01
5.516604064308820998e-01 5.823115421602986785e-01 5.670578309917061466e-01
7.635926211717126710e-01 7.196831894019531939e-01 7.720579429287645068e-01
7.230959186603281852e-01 7.542508847591770094e-01 7.022728025257110041e-01
4.132670476944894644e-01 5.101420132577128008e-01 4.864888081115383844e-01
7.240891167509917459e-01 6.877099608515343521e-01 7.213044618734563151e-01
5.477451020811169302e-01 6.156547019662470532e-01 5.127637020835414949e-01
6.228787342642256863e-01 6.786610819957777929e-01 5.898375558302887400e-01
5.614152464883521709e-01 5.801556668112508586e-01 5.489241894233920505e-01
5.207298819756804864e-01 5.285329347618523688e-01 6.040245788844494923e-01
5.896695864764150974e-01 6.476103547026565987e-01 5.813128175071931025e-01
7.298851964421922967e-01 6.742024151339389704e-01 6.998373890058826596e-01
3.791784416462259943e-01 3.708587355273678110e-01 3.616218087964819250e-01
6.233896850091682484e-01 5.566986565958355060e-01 5.846252090644266097e-01
5.969710155934685458e-01 6.414348492887552711e-01 5.772052315800620947e-01
6.556248505105891633e-01 6.801296764521853611e-01 6.150396588026806333e-01
5.451249644891005275e-01 5.731038911540382585e-01 6.266332042144092673e-01
6.213835515542490695e-01 5.909847323138883723e-01 6.300175394326582579e-01
5.543402546902048700e-01 5.091741252096643189e-01 4.943456759979242832e-01
5.108581347822733765e-01 3.910017187361657376e-01 4.952695506207016596e-01
4.411506660251591216e-01 4.200156780789822131e-01 4.779860965862685607e-01
4.669926161357565442e-01 4.202282758687845843e-01 4.497164484091407122e-01
6.319985148053073321e-01 6.989597793510682333e-01 7.684341024556144983e-01
5.603206579026422940e-01 6.134843512922394382e-01 6.027197866546637472e-01
5.149053391501547949e-01 5.084165075802226097e-01 5.078403520275173166e-01
6.745621368666451234e-01 6.292869232403147661e-01 6.920568112156962881e-01
5.509688555337984850e-01 5.533259799305046966e-01 5.124651234904644692e-01
3.976344579109754029e-01 3.889132294916444743e-01 4.318860797411075980e-01
7.001641141179620886e-01 7.165424709552394855e-01 7.255241633682775193e-01
6.241118718570748403e-01 5.792782132188083466e-01 6.743941737337417752e-01
5.634423927081476657e-01 5.899695399646434080e-01 5.907783046179916342e-01
6.656620619541361306e-01 6.768756653230003639e-01 7.271244347544534303e-01
6.358495591632385979e-01 6.893213174985947100e-01 6.115519577526076223e-01
5.158811958825004762e-01 4.680877035103144790e-01 4.647572442477708177e-01
3.198066065603000774e-01 3.004168553945025799e-01 3.869626277852933338e-01
6.247141409361588460e-01 6.562544395503381311e-01 5.932999956084699100e-01
3.984557743494029358e-01 4.430513196566288614e-01 3.536903038900788276e-01
6.508320783264943676e-01 6.244457826789511223e-01 6.590781012360921176e-01
6.172525091527248930e-01 6.188489831584789158e-01 6.366819662079499231e-01
6.864763607414304802e-01 6.022300062656615882e-01 6.395233761789407279e-01
5.927731409927728956e-01 6.769918713807698829e-01 5.984253191957126239e-01
7.563863400781444257e-01 7.166175107396324240e-01 7.178457504161619429e-01
5.441578657964361021e-01 6.218111209115466664e-01 6.322876131479922002e-01
7.895309438584948714e-01 8.218946316379248662e-01 7.262563986174298547e-01
5.571510862781278162e-01 5.695488885294809345e-01 5.531638415064693559e-01
7.050142360331653757e-01 7.116748314684708809e-01 6.780274731437940794e-01
5.648162260100558774e-01 5.804402028027316751e-01 5.575165613738530812e-01
7.258833039283768551e-01 7.118303220933929198e-01 7.625652018411611666e-01
5.657359210080719070e-01 5.226767501808248229e-01 5.172210636109753068e-01
4.795376474459296379e-01 5.528482993006152979e-01 5.270464569739367056e-01
5.009826110426237600e-01 5.363179495937051566e-01 4.842401171091238465e-01
6.282608876797112218e-01 6.098380022005420731e-01 5.985378082477009754e-01
4.512596253373182820e-01 4.599395867069980826e-01 4.140005792109513472e-01
6.448774814496436303e-01 6.778590387451377541e-01 6.454427611901070172e-01
6.358030598063884042e-01 6.046038386763225025e-01 6.072961419947139339e-01
6.131965343478097408e-01 6.546375422729797666e-01 5.888422127648734739e-01
4.725462666641689347e-01 5.037306635515530484e-01 5.109742678408123462e-01
5.589698238193150370e-01 5.585219855834194780e-01 5.021138573772848668e-01
4.613364433716662938e-01 5.530120139647889399e-01 5.739799774643065122e-01
5.309352028733228535e-01 4.883961475515584127e-01 4.381818107251829186e-01
4.921559723303535194e-01 5.988274648878441075e-01 6.280618961317959714e-01
6.290669649765358029e-01 6.749269969085943677e-01 6.617592697356038389e-01
6.384646341056807728e-01 6.490793737346806092e-01 6.132186283461664722e-01
6.311005112595284849e-01 6.609522878797511325e-01 6.456590936184043450e-01
5.850548131739562452e-01 5.991209498044055559e-01 5.799719422814513248e-01
6.957433241679115143e-01 7.317633481895590153e-01 7.244945389415470283e-01
7.068562224373433622e-01 7.067817705753509649e-01 7.471706730929273954e-01
4.364213981619958771e-01 3.718239380260179305e-01 4.877782018303138400e-01
5.747669234415240247e-01 4.902826940425525359e-01 5.724669354200616622e-01
5.619938217572096884e-01 5.402543980757252839e-01 5.782429864953998466e-01
6.382117189225630094e-01 5.974288390504627344e-01 5.835021493450037733e-01
7.460991623793981065e-01 7.240679855641879437e-01 6.832455419766276794e-01
7.486060032709216383e-01 6.440551090633749309e-01 6.385614797561834921e-01
5.793660271088479918e-01 5.513257095922804440e-01 5.675038365440906452e-01
6.528724618131692692e-01 6.192623444783230680e-01 5.916323181209756088e-01
5.204040216913544681e-01 5.463706482382232332e-01 5.504251300857871954e-01
7.467282008621489720e-01 6.783190025558436531e-01 7.036903207057870757e-01
6.592270802086306336e-01 6.696289487255319139e-01 6.215458356953895702e-01
4.506115701986987965e-01 4.084414805040964547e-01 4.419783318549078133e-01
5.129563454492132024e-01 5.244262730409752216e-01 5.137719548236562295e-01
3.876964823651236070e-01 3.800689294342340929e-01 4.477245499052621147e-01
6.393722812214380768e-01 5.933042203031431150e-01 5.899268449722627761e-01
3.941671339078083869e-01 3.549553879715867111e-01 3.642579872930587492e-01
6.170676622924945454e-01 6.346067132162817037e-01 6.174039701567364258e-01
6.949307042914576460e-01 7.380327201475133103e-01 7.693716004324399060e-01
6.590849759710971645e-01 5.919573599094616334e-01 6.564530980548500816e-01
7.216018760840712254e-01 7.115932113637272183e-01 7.533095723953000533e-01
6.764501426442776078e-01 6.462370249826288049e-01 6.077887384559921280e-01
7.374740889443670566e-01 7.960800471023978808e-01 7.296368415922659389e-01
6.001066986801915082e-01 5.239134304586816615e-01 5.356806176193054103e-01
7.198177730512402839e-01 6.215049170530787537e-01 6.396053422144832856e-01
6.502064052921797677e-01 5.517224662002304658e-01 6.374374266496588559e-01
7.430809973888707898e-01 7.797674547603345996e-01 8.113128334357303517e-01
8.684575679630253120e-01 8.479488567564271717e-01 8.256496931104398973e-01
3.843934415027094875e-01 3.180625032704998967e-01 4.262530032681002834e-01
3.993480538674770153e-01 4.195133636379412279e-01 4.043008850485741434e-01
6.921029398378463204e-01 6.977143258075821919e-01 6.836212494580583554e-01
7.342688753490389519e-01 7.740847810417207375e-01 7.732464269443182214e-01
6.207217081809621728e-01 6.252018395928756744e-01 6.650905623559484336e-01
7.032061906143401986e-01 6.952786403134129101e-01 6.947110615824054758e-01
7.952579085814618365e-01 6.777322393758057339e-01 8.327559707056310101e-01
5.496087262364022230e-01 5.375411357254952227e-01 5.574820701078125884e-01
6.309229838920620281e-01 5.931905876877194839e-01 6.589906506716363133e-01
4.491740085886761769e-01 4.514550603227767134e-01 4.460584675575808844e-01
5.328012234221178867e-01 5.546134219812629551e-01 5.583596797050707217e-01
5.866226257903919272e-01 5.403364099875200832e-01 5.674988195215787679e-01
5.936817086855445957e-01 6.319792772435631756e-01 6.978201055049934043e-01
6.022515121264531146e-01 6.087108928039544065e-01 6.485049741673003521e-01
5.419956658933141602e-01 4.415632940741942569e-01 4.438926349608677269e-01
4.885895743324323304e-01 4.642063038735569358e-01 4.710550425388000395e-01
7.929481962251334615e-01 7.793010233705963685e-01 8.170110427919912155e-01
6.532929205925143146e-01 5.730695510327358244e-01 6.096963289582579826e-01
6.830593169164979050e-01 6.318563641524460595e-01 6.574745428297086303e-01
7.029602373398187165e-01 7.469337510718143669e-01 7.264026906510285819e-01
5.349271847422221171e-01 5.362312279810496074e-01 4.659738631950709475e-01
6.938733845101503483e-01 6.643212767382453698e-01 6.765997638833425309e-01
7.369322927914833121e-01 6.841005914779810793e-01 8.102125169218913348e-01
7.552794770243885791e-01 7.100342919975263234e-01 7.255191380354503172e-01
7.188737075885115457e-01 5.616838131350740948e-01 6.131067896828512609e-01
6.499655495766336610e-01 6.595039279176038161e-01 6.173841727777489297e-01
6.580909625548795328e-01 6.171561093333948200e-01 6.276325765518298017e-01
5.458758337085367618e-01 5.256810247995119534e-01 4.643671705371442693e-01
6.605757415391158016e-01 6.693666891925076357e-01 6.521796720979521345e-01
5.703768302976517379e-01 6.077997176269809287e-01 5.531515585697437398e-01
6.136382780758506961e-01 6.559368426230085536e-01 5.794290053408951424e-01
3.581124780909963334e-01 3.724373944198832165e-01 2.907874636763588816e-01
6.688807051718739238e-01 6.293309884966659107e-01 6.253103597388609547e-01
5.738914752899958449e-01 5.296579575429207765e-01 5.041350673625736301e-01
7.711964884760670325e-01 7.513616072257449652e-01 7.738865084296205898e-01
8.562705662197749312e-01 8.127972626197536021e-01 8.465003252968120728e-01
7.908401920715187883e-01 7.162634709824624579e-01 7.410947722623173473e-01
6.910477904943640448e-01 8.388847387255075061e-01 6.588497432194271308e-01
6.067706028501815840e-01 6.435261795071035573e-01 6.263591175143061740e-01
6.219794999811280034e-01 5.741400873959255913e-01 5.716698353056970383e-01
7.168000031267306449e-01 6.767577009600118654e-01 7.345704490159240541e-01
5.355146238834229688e-01 5.733244176071915499e-01 5.629975498494493857e-01
7.787403046948254692e-01 8.295449424671708094e-01 7.778147233001657668e-01
5.509047258960222404e-01 5.624711162013427135e-01 5.427347231095452917e-01
7.559279356930458382e-01 6.882367098423071150e-01 7.443170467957461733e-01
4.829951611015434465e-01 5.096323132100846198e-01 5.562123867334861638e-01
6.037806340710675235e-01 5.918027740560664052e-01 6.523459892805192339e-01
6.742705525835278602e-01 6.393735794766762792e-01 6.407372970077601648e-01
5.842232385914103432e-01 5.976993417117117957e-01 6.340750105641165257e-01
4.325660826453042729e-01 5.070003287781619239e-01 4.426061964484490074e-01
7.033413191105261086e-01 7.127889000012314069e-01 6.989317285341569708e-01
7.147716961137696723e-01 6.272726199141075432e-01 6.620224262931417858e-01
8.323461240655729565e-01 8.678124560822144673e-01 9.001906076989689698e-01
4.692243633163743488e-01 5.315587747572970700e-01 5.269456005222606931e-01
5.710570054363632853e-01 5.308425693496048314e-01 5.650814199114837511e-01
8.232708864542667149e-01 6.674684978719677142e-01 7.100236812759620486e-01
5.049484351410054028e-01 5.425506923323065722e-01 5.409171362939360073e-01
6.032333629299291289e-01 5.935547274832172482e-01 5.960075229063793723e-01
5.015983345031949092e-01 4.793453218449556519e-01 4.327123777638951507e-01
5.447768475617773554e-01 5.286333328329747561e-01 4.519677517795904764e-01
8.080770721953203228e-01 7.487008197739819515e-01 8.161713460758571737e-01
6.177966712927857040e-01 6.665173009283597017e-01 6.332266470053010687e-01
7.034104610806169999e-01 6.956708765351836687e-01 6.902968847542002573e-01
4.967665956301530183e-01 4.356732936415918522e-01 4.359688642923451041e-01
6.590900643964889838e-01 6.943700300689608085e-01 5.918160623706938406e-01
6.197601126550950079e-01 7.055765580697607176e-01 6.084898501493498646e-01
4.758375765493947362e-01 5.081757868945400158e-01 5.336595371872014937e-01
8.779391458896274036e-01 8.429552085937096484e-01 8.432561609272323233e-01
6.293659575588930188e-01 6.087200360431570534e-01 5.665954299039791531e-01
6.647647391014055440e-01 5.923107766058024470e-01 6.461511075926111847e-01
5.845369461297239555e-01 5.973222125806558758e-01 5.918166690378867667e-01
6.519265739127754200e-01 5.892368645454164611e-01 6.622587496007095176e-01
7.689866165639046569e-01 7.797704059856603864e-01 8.394518496385457995e-01
5.331265206946208535e-01 6.464092122663179785e-01 6.184169200416201884e-01
6.819254700099356414e-01 6.846000191730760021e-01 6.074926494915084962e-01
5.441639729452505403e-01 5.284085719411550919e-01 5.223508362584887710e-01
3.095613749132847259e-01 3.326038676461794963e-01 3.567928760868793181e-01
6.403138537824294430e-01 6.163556141268555777e-01 6.273124545259499696e-01
6.918056585872744968e-01 6.155885856214118323e-01 6.506848796137477686e-01
4.654150694768132146e-01 4.897815388770269118e-01 4.584283047277407652e-01
5.421241777988062838e-01 6.049526056630911697e-01 6.161602868232611829e-01
6.210724282754125358e-01 6.579803404495597752e-01 6.666594244478979414e-01
6.168333809113486499e-01 5.505734734161130683e-01 6.008017218346289878e-01
5.667360259047687920e-01 5.881582249862346012e-01 6.213081370384295754e-01
5.475431658910796529e-01 5.175940044031960285e-01 5.168263504487142779e-01
5.351375387661895244e-01 4.614155144584742851e-01 5.379295881707129023e-01
5.156962424011595214e-01 4.462480756940402915e-01 5.073562026742812758e-01
4.938302667169054416e-01 5.062849421797437355e-01 4.886616031351400102e-01
8.185233671661633625e-01 8.586488267349915438e-01 8.293291812264386165e-01
5.570578301323669823e-01 5.011454719192089957e-01 5.144322724849731410e-01
3.510636234433389125e-01 4.191972250398505739e-01 3.393795167982444072e-01
5.560691365538262820e-01 5.473101525256229838e-01 5.346226089643059121e-01
5.124169300403378369e-01 5.376464251080854684e-01 5.340815819849138446e-01
7.862840221755904579e-01 7.607417095575103039e-01 7.800471696916800868e-01
6.898468929534840033e-01 6.346513260597205219e-01 6.136948240806058275e-01
6.852692747965895004e-01 6.849768727267605550e-01 6.909643942109455761e-01
7.987013090734059739e-01 7.906632640294871672e-01 7.552645194147040719e-01
7.383700242012296577e-01 7.295801467153247843e-01 7.065073611931976805e-01
6.908229112587477294e-01 6.386499845874181736e-01 7.150211251409384072e-01
5.591312599259343763e-01 5.875473270237639989e-01 5.706734692812190923e-01
3.366011012283480763e-01 3.392033721056737505e-01 3.773770795299964953e-01
5.655767680517457263e-01 4.789422228954359761e-01 5.682804960093698066e-01
6.604514098748617279e-01 5.808378834779774902e-01 6.714556610126487524e-01
7.629171165902726148e-01 7.225967607636307743e-01 7.180854438322135103e-01
5.913675138600456016e-01 6.232568828696046781e-01 5.388932266183383835e-01
5.963329740758801512e-01 5.276570444318157138e-01 5.409592488910536234e-01
6.791916011242391527e-01 6.507583521534447968e-01 6.745214616064432178e-01
6.566892688423467961e-01 6.389247777584332599e-01 6.642344692384981597e-01
9.383935073774152258e-01 9.922007449739619345e-01 9.855068840635523575e-01
5.173180615527699366e-01 5.780566654866629017e-01 5.799451924678238335e-01
7.336524171338355549e-01 7.711108085976666748e-01 8.188812274107741818e-01
6.687953664840790013e-01 6.779406338211766414e-01 7.442550347104099906e-01
6.816507636509681056e-01 6.422181047511751339e-01 7.049316489416915799e-01
7.785707632638843023e-01 8.290114841029027071e-01 7.977185630728503840e-01
5.481128597632720645e-01 5.389035365854490944e-01 4.958031005238289768e-01
6.193699629236192328e-01 6.417961963904723621e-01 5.872002417432194976e-01
6.290752221558089108e-01 5.401331005708208677e-01 6.091485851358129366e-01
6.366472878531762580e-01 6.633954324361464039e-01 7.501920294601265304e-01
6.409752325304327591e-01 7.502570794217310324e-01 6.536552891735450954e-01
4.674956388202534674e-01 4.190950655156793214e-01 4.317379567355228431e-01
3.429698726044132506e-01 3.753226097442086684e-01 3.278536032852142901e-01
8.525891056155631142e-01 7.913992350880804105e-01 8.606621983810762710e-01
7.362347336581098745e-01 7.714812892492400875e-01 7.426492748946782463e-01
5.084567819859114879e-01 4.744789583252901899e-01 4.906030601049977680e-01
4.929486276558839863e-01 5.244897826548216013e-01 5.077982646107839226e-01
5.721634657197005591e-01 5.467876277803168650e-01 5.830248215574336257e-01
5.956605768329166217e-01 6.202139972974959337e-01 6.136850806128151259e-01
4.770580572142587017e-01 4.389536557386647941e-01 4.173075641082815146e-01
6.738127348660358784e-01 7.030122007543641027e-01 7.021101751037959193e-01
5.708454032494069130e-01 5.181390531588698778e-01 6.140745587540981099e-01
6.659104533628588118e-01 6.182695188263522823e-01 6.546563699042872164e-01
5.829899324707955577e-01 5.434577767059239894e-01 5.693571471789108385e-01
6.554726905276193616e-01 6.790223509852347794e-01 6.821737395959455164e-01
6.543236097962346065e-01 5.985075683503519040e-01 6.689134060545408600e-01
7.204529876162587554e-01 7.276026421509923514e-01 7.416915551123832717e-01
4.812497059365110630e-01 4.412740167329622376e-01 4.779527418276124373e-01
4.076883671038686319e-01 3.398922128284742605e-01 3.921178317571687999e-01
7.815563951399877585e-01 7.857668345984745173e-01 7.568558265235357796e-01
6.508538283757151488e-01 5.833959512681098358e-01 5.767288157232096646e-01
6.264051119393830858e-01 6.107320635418265198e-01 6.002352049683110646e-01
6.009939781633688582e-01 5.950926580115809550e-01 5.837972564292427391e-01
7.048388308733937180e-01 6.773895756309320504e-01 6.435010268359436791e-01
7.048173722099174698e-01 7.208467327830840876e-01 7.174963665033430305e-01
4.724058974941374722e-01 4.326543862976701682e-01 4.229148615568615321e-01
4.921269225862210939e-01 4.390168640329276117e-01 4.991346822198263755e-01
5.907457211422110221e-01 5.332148918936666648e-01 5.776793818964375271e-01
7.443061024184822738e-01 7.936356584495091182e-01 7.357101709548399260e-01
6.393281893214951550e-01 6.091462390130281124e-01 6.605355980488413215e-01
5.993600516964898706e-01 4.729857127113163973e-01 6.333920114586013561e-01
6.579770776716457048e-01 6.558013863465596005e-01 7.195789175438755958e-01
3.922082520270349648e-01 5.041307475178292696e-01 4.654845019168483700e-01
7.337045731908972135e-01 6.604096123503315763e-01 6.853969857356446704e-01
5.324000437324535318e-01 5.691656259396070672e-01 5.370159908279675820e-01
6.254707437444974039e-01 6.022216468237288067e-01 5.700520609897981039e-01
3.446036107942527793e-01 3.040290718722641894e-01 3.576462658097352421e-01
6.348761669711527889e-01 6.393693353816912728e-01 7.394313774046605836e-01
6.334231726800493290e-01 7.344696190587713946e-01 7.230906082873507223e-01
5.346921150613404006e-01 5.693279422322599093e-01 5.664617309649294663e-01
4.933348025129900560e-01 6.336409276661987278e-01 5.708473955124347965e-01
6.120945193879845370e-01 5.731109596307752962e-01 5.735368626176833295e-01
4.802176694520504663e-01 4.277661189519571527e-01 4.176917125607400583e-01
4.818999787319084294e-01 4.592067982870385312e-01 4.431130126860502449e-01
3.953763535459904888e-01 4.080277110010228081e-01 4.262306303018383313e-01
6.633616429323457853e-01 6.470101103405612175e-01 6.312428605840378903e-01
5.364211599754601378e-01 5.826408273538032923e-01 5.703541627257009416e-01
6.058235755852361404e-01 6.147971845068210817e-01 5.485022611557118788e-01
4.661044685329704396e-01 3.902277814961832014e-01 4.062032465391281488e-01
6.074975116905610983e-01 6.198088265251474605e-01 5.569211722919574781e-01
7.502063847744463443e-01 7.746119780092303175e-01 7.242716523094869796e-01
7.508790384461998535e-01 7.264904926123338935e-01 7.344803770228329753e-01
5.485254587433650020e-01 5.759797857826848277e-01 5.215288948999259322e-01
6.541045428679919116e-01 6.151194595958517919e-01 6.518070351395458539e-01
4.595163308821522130e-01 5.055935450965562961e-01 4.799989823295386371e-01
6.202662580801956427e-01 6.074153804833419823e-01 6.632338538102217074e-01
4.602142162312795048e-01 5.375144619234724086e-01 5.067730689357594631e-01
6.709522449100723263e-01 7.048385810888498915e-01 6.522042197597731628e-01
6.555174198223220339e-01 7.146065017737028846e-01 6.854402093643036098e-01
5.655739240306909554e-01 5.020595627335048272e-01 5.748715164829436564e-01
6.303478302928816612e-01 6.794281005751612312e-01 6.035851719237299573e-01
6.079505207816603418e-01 6.681442705205271615e-01 6.500537032270272686e-01
7.416709339826377256e-01 7.549214570301887584e-01 6.785088512113048864e-01
5.478297760794214044e-01 5.985794072524669440e-01 5.430073512687533244e-01
6.806562365162629469e-01 6.806186340475084418e-01 6.078003671011241726e-01
4.700849779950033724e-01 4.690887538939396695e-01 5.174557130218253587e-01
7.389889690838803427e-01 7.416669844261104538e-01 8.080919046633691094e-01
5.950510636703369993e-01 6.432424261315109471e-01 6.324042954633510849e-01
7.348353332346349021e-01 7.730023586417689163e-01 7.195214770514304359e-01
9.539461012472405521e-01 9.296988364196119292e-01 9.065381846204348948e-01
6.278062405489188702e-01 6.369006536105079608e-01 6.026143223310954644e-01
6.495893137151285135e-01 5.912172827199124736e-01 5.592665994946539598e-01
6.178931706961887649e-01 6.572170484621526754e-01 5.803898845188039113e-01
7.183442963657522551e-01 5.464905176721839286e-01 6.402286215068639930e-01
5.384142435683584305e-01 5.442261167595446869e-01 4.782676295221514051e-01
5.398665923998550165e-01 4.794125963807189805e-01 5.646915497549455099e-01
5.702982783216378193e-01 5.516554869144346673e-01 6.057691206625656077e-01
6.502635216969306908e-01 7.088505392241523095e-01 7.402282235593938831e-01
5.599745970612139967e-01 5.106706376475496079e-01 5.536209667087729214e-01
5.855996289981055813e-01 6.182572928792353650e-01 6.147247382605912636e-01
6.125874281230637708e-01 6.182324918989504647e-01 6.661356425168925011e-01
7.217438779056846165e-01 7.578849390287989429e-01 7.514521086967329566e-01
6.480745277195119058e-01 6.374393980110983904e-01 7.437341969187947210e-01
5.208961750494294218e-01 5.866336526720634659e-01 5.878961027261989658e-01
6.363787511703904443e-01 6.477593546695121773e-01 5.464893766922954699e-01
4.801702715731335780e-01 5.173410842016306077e-01 4.835832478980272575e-01
5.364524461805264544e-01 5.533583332782041619e-01 5.360737405434073954e-01
