5.123535673492271014e-01 4.775256771353270091e-01
6.616086836957985051e-01 6.733241422259524933e-01
6.100132885444001785e-01 5.327479046153377196e-01
6.876654394300323325e-01 6.539426212205983191e-01
4.646708432071032235e-01 3.149867352032186818e-01
7.217265417788951698e-01 6.578886459431987355e-01
6.629180671195158414e-01 7.299451294333945128e-01
7.350826242125002574e-01 6.919645259377674718e-01
8.436539633840608454e-01 7.938415784810911591e-01
5.430013008831101606e-01 5.174775642479992888e-01
3.837924342310387038e-01 4.025703291645948978e-01
5.289702509832145960e-01 5.274361910808116338e-01
7.216288383097427817e-01 7.252407813034101869e-01
7.478714547254566858e-01 8.262043541754199305e-01
7.796342509907345786e-01 7.296811199045003526e-01
6.277233866246810789e-01 6.636457620391481571e-01
6.565167675839059802e-01 5.473470367194043229e-01
7.695020600992448223e-01 6.662055278919973844e-01
5.346947346899111331e-01 5.259251453968067924e-01
5.394585051505931261e-01 5.481785600311641637e-01
7.160630208112818140e-01 6.714312048450979953e-01
4.722502363936266767e-01 4.765634478364467186e-01
4.501064020574360725e-01 5.978140679727719231e-01
6.281064327339270781e-01 6.598650266652931196e-01
7.152961481791118015e-01 7.736375033795079847e-01
7.122968144962037451e-01 8.131005589086391927e-01
3.800347272926409836e-01 3.144164590387991121e-01
7.100818282787468849e-01 6.514103306848642028e-01
5.651613656563058141e-01 6.855766734429907805e-01
3.841805990919042180e-01 4.706661696063182965e-01
6.754443805760188546e-01 6.353682183955433604e-01
7.721022658871798949e-01 7.733670738997451277e-01
5.718956612658301353e-01 5.337471547422030227e-01
2.970445693295446499e-01 2.945232833072620182e-01
4.034480797926111584e-01 3.818813448565841484e-01
7.209635516030419300e-01 7.158963509897353639e-01
7.158605222257155010e-01 7.537091440651091379e-01
7.399294558696284385e-01 7.352093208360684917e-01
7.549775381431856891e-01 7.146207470795261640e-01
5.154903827196417598e-01 5.266823809894982666e-01
4.712093419024419028e-01 4.863248983803573067e-01
7.280013457600656990e-01 6.392923882373636735e-01
5.319572656103151997e-01 4.873493062607375248e-01
6.487122253516676151e-01 6.409635239709116084e-01
6.364595665908110433e-01 6.933051051651406560e-01
4.665627689041761395e-01 4.921477452210871739e-01
3.766667552046684686e-01 4.038298849467393814e-01
5.477700051608767051e-01 4.994720550894427014e-01
7.423037154198800502e-01 7.899795380665840527e-01
5.840062952447472311e-01 5.769920042893087464e-01
5.416567484301496593e-01 6.020092844071761595e-01
6.067729532917552904e-01 6.230025289466999405e-01
6.913510291467036550e-01 7.018576392642440487e-01
5.674250808242969901e-01 5.792607737870124618e-01
4.896896845705341894e-01 5.654155988848076353e-01
8.339329398236636770e-01 6.968289581068107807e-01
5.503927238913928210e-01 5.485017787348100970e-01
6.801399127100723474e-01 6.935870407088365885e-01
5.680942192916581535e-01 6.434434272897845419e-01
7.809550435726989592e-01 7.382401154019772038e-01
6.333389036261086735e-01 6.305451883205389629e-01
6.503934086513776247e-01 6.560935310146074340e-01
6.153459437486719086e-01 6.220971708316433979e-01
3.270424212819051935e-01 2.857313261225608025e-01
6.979715638133356936e-01 7.148362627853606099e-01
6.388769375702897380e-01 5.605496670348851795e-01
6.644616167497300330e-01 6.969318593017074237e-01
6.411989352198607106e-01 5.768082123948613527e-01
5.516772216434355780e-01 5.909984502534324502e-01
5.500882622587931481e-01 4.842214346811588022e-01
4.053959563783263720e-01 3.091974285537567591e-01
7.509703005402291742e-01 6.876127952790443976e-01
5.553072686390412294e-01 4.894770028895847336e-01
6.386212701929049329e-01 6.666466509632303916e-01
6.293219377039430684e-01 6.374712424005776201e-01
5.868961466768943813e-01 5.485498025832437063e-01
6.392365606106034104e-01 6.363676885223168433e-01
4.317667292029812032e-01 3.500158975960041552e-01
7.234912559759290041e-01 6.360868068481337900e-01
6.617830039576542145e-01 6.912304992309699081e-01
5.566611623419229771e-01 5.702009532423822913e-01
5.933168055466305768e-01 6.135292102116568502e-01
6.526524697015532173e-01 6.757575702003844054e-01
8.593896869536233885e-01 8.402795847623255598e-01
1.032315341748374138e+00 9.820676863040769256e-01
3.586353831984682161e-01 3.542178622156979539e-01
7.731984567580713064e-01 7.655839251815127477e-01
4.695307271052509002e-01 4.953860873691858790e-01
6.384731559599904349e-01 6.402612349458772778e-01
8.350846186994516085e-01 7.379975435853503019e-01
6.795533223079763818e-01 7.375608075266593122e-01
5.545437373617768673e-01 5.219080053915426953e-01
3.054995973151436450e-01 3.679130474027993980e-01
5.080949801063695537e-01 4.904982426454557176e-01
4.592199526196438231e-01 4.489684868541598539e-01
7.821564061915502464e-01 8.266550188880721350e-01
4.274773609933159579e-01 4.808572360989134542e-01
7.936900016121224422e-01 7.757301710541335549e-01
2.521483888950828423e-01 2.893357968741887554e-01
3.099000691962774390e-01 4.070502363742989349e-01
4.855109046885757174e-01 5.176391975586520644e-01
6.772193652230212857e-01 6.943803260986872727e-01
5.884703595663149933e-01 6.544394211440549558e-01
4.132617207561679606e-01 4.528303387269613234e-01
4.455525994268681456e-01 4.823388687457157986e-01
5.911345302861482631e-01 6.049579764941060978e-01
6.957761960972936865e-01 6.410503505273965619e-01
5.971447362053218244e-01 6.643787502108245979e-01
5.349550726893710362e-01 5.097029072848071607e-01
6.583157732255880967e-01 6.410899032081721627e-01
5.843694695294412433e-01 5.869863698278061648e-01
6.600528421840826665e-01 6.582632540399872001e-01
7.097790348698618246e-01 6.785080037385247120e-01
6.693174129605025113e-01 6.768398484083483213e-01
2.954497582202447181e-01 2.631281228591274002e-01
7.730870602538276737e-01 7.507804656363487039e-01
6.156906054878921175e-01 5.920940252111197566e-01
8.953154414861751453e-01 8.420564617868787627e-01
4.596883431048329194e-01 3.448835325755065795e-01
4.682808031286214145e-01 4.433475410116862747e-01
5.923952332880492166e-01 5.669266303333221346e-01
5.194655382102050245e-01 5.570223202339564805e-01
8.619936061179196418e-01 8.815426589675900981e-01
8.609855813787085088e-01 8.875575201841975348e-01
5.561385397285337762e-01 5.855210837592920159e-01
7.661580719862601807e-01 7.712813913128464538e-01
3.963016961585458797e-01 3.813466601903237607e-01
6.230199301946718338e-01 6.037045307479661505e-01
5.314605119829270974e-01 5.849204973041924882e-01
4.214515407609160103e-01 3.890062667729707324e-01
5.830605199841640829e-01 5.987220532865491496e-01
4.998725411876717706e-01 5.025962748962650162e-01
5.969711626890819023e-01 5.917799585607448343e-01
7.993429437955057448e-01 7.626203414843344408e-01
2.977614457577946183e-01 3.434779029992033328e-01
6.248114504421007354e-01 5.198405390558755723e-01
8.003001225957592224e-01 8.311757736641151029e-01
3.522112519534340014e-01 3.586553222595204038e-01
4.765847935616116526e-01 5.271527762968797326e-01
7.052684254834865607e-01 7.453442330979979102e-01
1.039427778774454580e+00 1.073258829404784453e+00
7.208503636714262974e-01 7.587804515399789729e-01
6.178895041374260488e-01 5.690985423274560473e-01
4.931976060646757754e-01 4.874833815730326148e-01
2.499692738602572184e-01 3.200778238986411450e-01
7.191547463756271519e-01 7.146147421594220006e-01
6.902096457857354039e-01 6.848275830069834313e-01
4.221792655188659760e-01 4.324950901795557856e-01
6.413168603466832263e-01 5.886779275210223261e-01
7.701547031654987219e-01 7.605008276034270764e-01
5.535078349225796002e-01 6.273889450597521789e-01
4.144282140384719093e-01 4.285041870652812057e-01
5.967170528186167555e-01 5.770941841305352593e-01
6.616178423064741354e-01 5.849696394994728932e-01
6.174607608641464740e-01 6.546937797606899867e-01
5.652885019327478222e-01 5.989182121160108174e-01
7.289040559907652428e-01 7.719147528077828779e-01
5.167790498736072324e-01 5.208426477401529864e-01
4.034794121348264095e-01 4.382376336486425439e-01
5.112548550952633608e-01 6.079106753482730330e-01
5.970822870082431733e-01 5.729538053763402194e-01
9.233313633733497561e-01 8.931877994326795633e-01
6.919651368564199156e-01 6.744398846162682482e-01
8.593899401621983847e-01 9.140287263485197267e-01
7.585446298343712090e-01 7.348371327730303104e-01
8.081965483465164413e-01 7.615338990123906582e-01
5.371803223679577632e-01 5.340188478835962149e-01
4.868755619375145782e-01 5.185749531941324930e-01
5.620044056863388038e-01 5.236673206347625120e-01
6.505973843925426658e-01 5.725650840068637892e-01
5.043501397739607039e-01 6.498247341761527185e-01
7.979231836132057998e-01 8.492052636403987220e-01
4.773311069165387943e-01 6.548916189713097635e-01
5.238691078649452271e-01 6.803894276142529174e-01
4.687293009908202190e-01 4.424019950393411893e-01
6.813009473223576862e-01 7.694260162883446164e-01
3.416724564063647329e-01 2.292244250334244671e-01
5.403537345300786221e-01 5.816108520736245069e-01
4.161641060834461725e-01 3.015090819676614076e-01
4.272938267096854648e-01 5.194725581329500130e-01
4.498536659666612092e-01 4.633436808977633437e-01
6.271520488593029796e-01 5.951887647273754745e-01
6.751450587189484764e-01 6.471903391029452113e-01
7.588515433230685892e-01 6.877542135691313563e-01
3.544835494493190353e-01 3.406405925084301511e-01
6.853026854521291344e-01 6.256791689715444083e-01
6.177991166423293379e-01 6.871136771134458421e-01
6.900497796129417827e-01 7.767436314055921054e-01
6.844615619548537477e-01 7.379975421767095423e-01
4.707802860577301463e-01 4.381743001260275383e-01
2.705295929304147862e-01 2.673939617966968330e-01
5.124381798661180598e-01 4.120175748504116831e-01
7.309238759506455629e-01 6.958397990803746325e-01
4.692706695588481081e-01 5.603935996368422101e-01
4.890970894459245044e-01 5.040052917443900160e-01
7.434723342530880075e-01 7.019100936669988577e-01
5.690830551137268101e-01 6.387304883425070079e-01
4.340136317398996524e-01 3.666180094446814253e-01
5.966186823921635352e-01 5.068490328436954240e-01
5.278866482760012913e-01 5.578551091161020326e-01
4.804894463443304398e-01 4.595400019784325885e-01
6.296926911931578497e-01 6.763682041807194123e-01
7.146335002038299855e-01 7.366617375563295766e-01
3.845287934817656628e-01 3.635651177517789656e-01
8.943304263159900236e-01 9.871857333799273215e-01
3.567583360302455930e-01 3.758802257952758574e-01
7.133880735856705790e-01 7.792212547329573358e-01
4.484201587519193732e-01 3.458856874274272575e-01
5.564623671776546265e-01 5.796346880899542198e-01
6.451776187962928732e-01 6.945015453635258185e-01
5.221878888803299645e-01 5.539373651433683321e-01
9.762999335929537503e-01 1.028010899766997444e+00
6.323424815301613711e-01 6.034252319191785174e-01
6.514198900923705571e-01 7.053424735579626459e-01
7.660449887006763880e-01 7.304788207294574676e-01
4.049912151331405696e-01 3.957905704862103025e-01
4.009400825861069717e-01 4.911791478929262156e-01
4.189174776564782987e-01 4.157950077831598645e-01
5.482287238928075235e-01 5.051983065690558439e-01
5.875599866997922582e-01 6.444548935144740476e-01
6.138877745450476153e-01 6.638197716749857369e-01
5.893558297871941409e-01 6.417039175496359604e-01
4.946305087077662588e-01 4.758342549193068649e-01
6.205517001421696488e-01 7.409446170899851580e-01
5.118249922229459736e-01 5.073135089540988796e-01
5.159603429804557884e-01 5.644845766982582447e-01
5.267081380307130356e-01 4.955639905684448565e-01
6.540645472527197857e-01 6.505279465754705281e-01
4.518698575505464277e-01 4.087216141437105543e-01
6.236093295696338856e-01 5.939986434016135686e-01
5.016617489627148707e-01 5.502893187184463297e-01
4.891961501764040543e-01 6.677294851933234243e-01
4.807946998514747716e-01 4.539647976891321712e-01
6.764959190583930138e-01 6.660859080154994949e-01
4.441841026341905585e-01 4.438634286578082011e-01
4.966639851873693168e-01 5.483822392168606896e-01
5.952838682542141990e-01 5.701679673628857747e-01
1.536387179574698891e-01 2.247543746712958590e-01
6.562526500399977758e-01 7.878969169814494800e-01
5.217579558201655976e-01 4.878954495835316485e-01
5.632402103798483939e-01 5.745091111083917568e-01
6.810564686853283201e-01 7.461740159071205136e-01
5.551264095266298382e-01 5.250853303263210980e-01
3.929963091595994884e-01 4.344458985428076847e-01
6.979431929617251340e-01 6.661721587836534342e-01
6.278483048697978131e-01 5.719569940170721178e-01
6.361633322362038045e-01 7.907057952520007982e-01
3.816413840766599286e-01 4.318602719769324416e-01
5.846142238434711702e-01 6.271860071657867630e-01
5.934118470506544174e-01 5.799974073929257123e-01
6.204069930072664274e-01 5.597571171969581982e-01
5.729353519220967694e-01 6.501446194722879657e-01
3.557104057664725039e-01 2.686091361462028537e-01
5.743086559086117981e-01 5.147884455909638168e-01
5.795344430463732488e-01 5.464866648763150314e-01
4.535752456651642728e-01 4.848518409643884919e-01
5.107660094491253133e-01 5.448910055791151841e-01
3.923572579950221906e-01 4.563067794088283557e-01
3.350211289265882519e-01 3.970626315641704873e-01
6.983128458709529918e-01 6.198877981486076161e-01
4.068403842387224856e-01 4.869088214074611676e-01
7.563066788982290012e-01 7.886611089774383521e-01
5.348762571843830305e-01 5.829560772897335319e-01
6.346795353546825780e-01 6.102639834402718844e-01
6.529965726590587494e-01 7.154647329137711065e-01
7.086130375216070920e-01 7.384449165119508773e-01
6.675171303079676655e-01 6.922503977810414710e-01
6.233086024836342887e-01 6.290996694340618145e-01
6.121076648012437893e-01 6.300612630273167980e-01
7.689161679832327012e-01 8.006831719086807686e-01
7.986286452400011004e-01 7.741604830784740710e-01
4.835278851797494837e-01 4.982445779553365539e-01
4.741565993123844081e-01 2.974445951623236883e-01
6.138500142388855219e-01 5.643465815943510266e-01
9.052454714178086448e-01 8.838437950009159216e-01
7.690863797456942708e-01 8.535397033941855005e-01
6.223601025292567757e-01 6.426405292377538325e-01
8.513792948323046783e-01 8.060862124146239704e-01
7.090575690956973931e-01 7.584513751379423629e-01
3.993003424823393654e-01 3.017978406166066385e-01
7.524694188924596627e-01 9.170895632294320254e-01
7.507943198821399600e-01 7.316933806152746689e-01
7.094032745436713583e-01 7.201678107566482634e-01
4.802607216552606251e-01 5.319377923862189661e-01
8.887166176960774600e-01 7.294878825959629776e-01
5.367952726451702405e-01 5.513353562108357364e-01
4.211837246924679534e-01 4.662973102396718583e-01
3.992925874509278827e-01 4.544753861597309319e-01
5.563046560486704095e-01 5.287088867801688075e-01
3.851824644456088853e-01 4.350958545471657057e-01
6.810167594294028737e-01 6.092497536215465415e-01
6.204856390909271324e-01 5.831847141506835142e-01
8.357397231767753620e-01 8.003556871171075837e-01
5.775187864134130322e-01 5.674174255492061558e-01
3.356356922850984303e-01 3.982225027699249353e-01
6.933669952847846263e-01 7.596114884453647464e-01
6.862556412125032645e-01 8.563624504456067710e-01
4.169161043281371382e-01 3.116054967363395822e-01
7.479626065047462191e-01 6.505257317238415382e-01
6.244522552723277276e-01 5.745827644579299953e-01
4.931934815995505650e-01 5.769222520860320946e-01
7.618849067482279525e-01 8.357915286592657589e-01
6.039365390844639858e-01 6.222755726660933462e-01
7.059958518648884462e-01 6.899805255365144552e-01
4.404486070418106025e-01 4.668314461554139982e-01
2.857207436984756099e-01 3.382394149034407271e-01
7.385730021164381709e-01 7.825895790087155079e-01
5.692376329108039812e-01 5.218095447727295610e-01
8.484224953173106210e-01 7.684219995388595903e-01
6.633463909729989672e-01 6.698783265967421796e-01
3.565321245960544339e-01 3.336908973704388881e-01
5.424370976419314871e-01 6.134665215124792681e-01
7.658727380485812475e-01 8.354831562296534120e-01
5.511092076402441808e-01 4.549004903841608605e-01
5.087989074144093626e-01 4.345281783134081754e-01
5.813725497035664436e-01 5.295783428852602892e-01
6.588035190586498668e-01 5.555213367778966127e-01
4.538530891201874029e-01 3.169037664526999087e-01
7.193621803147230986e-01 6.963918213113399203e-01
5.884058902832215443e-01 6.156492729032675415e-01
8.098478056518984003e-01 8.131736661657992249e-01
6.626491022003652143e-01 5.937125274087661220e-01
6.349346385733322107e-01 6.465164333202632063e-01
5.746452809159531272e-01 4.757963002283110976e-01
6.807158874660255155e-01 7.488920811102570685e-01
6.192929881927355940e-01 7.086494509584857493e-01
4.341932669060183936e-01 4.629326680317635279e-01
6.759295063779774404e-01 5.770112437313347220e-01
5.319483762586796338e-01 5.687562421466565432e-01
7.515477121156761697e-01 8.036681901679507689e-01
7.986813820557481236e-01 7.922173013848619050e-01
7.690489437100948011e-01 7.714597546508396020e-01
8.403260304891219112e-01 8.398260977654116166e-01
3.640720955658825475e-01 3.845715284830065195e-01
5.022938629252259313e-01 5.935966301889402663e-01
7.082522555865575775e-01 6.935649182106591315e-01
6.121193708621278651e-01 5.229498923290331058e-01
5.957290640414840688e-01 5.550303814083397125e-01
8.707075675320111730e-01 9.057328112973238587e-01
6.718985199843078293e-01 6.884104878172488950e-01
9.271941146705279246e-01 8.596064047209427406e-01
6.023574901522654734e-01 5.851178782955377411e-01
7.600942912800199291e-01 6.640932898764282388e-01
7.980006749749296580e-01 6.519700116458301276e-01
4.158185423348851328e-01 4.864055821433173055e-01
6.665254405359115619e-01 6.882090682490462630e-01
5.659449548772731431e-01 5.166693747410820992e-01
4.811166765243259924e-01 5.382578998090090661e-01
6.555563454253542366e-01 5.838679187793699432e-01
6.815821877505755522e-01 6.453858259038421918e-01
5.422398206238284724e-01 4.420613929207086179e-01
8.457423596281345990e-01 9.042538889623810139e-01
6.600064767549184142e-01 6.642714118505829157e-01
5.051159026100306981e-01 4.894095675302479465e-01
4.065322170275538216e-01 4.678559355310850654e-01
5.255313707083464347e-01 5.333836300421681553e-01
6.216135506758425633e-01 6.192261318978465878e-01
9.440912895587570963e-01 9.391578574586628703e-01
8.147350840911736780e-01 7.740122478948076035e-01
6.543853121802538642e-01 5.756655430178059252e-01
5.039051418970299512e-01 4.534438928848863459e-01
4.497359958605752772e-01 4.632856744438882957e-01
8.124457042932391460e-01 7.644902914399669402e-01
6.280249983548659154e-01 5.515712202755022053e-01
7.362226959399718051e-01 6.285229372323302144e-01
5.134576427305442836e-01 4.161336776052030340e-01
7.474534554500046335e-01 7.715046751015500748e-01
7.775613168143572507e-01 7.946368215575642102e-01
4.681516953147326632e-01 5.086895321677374904e-01
6.139950032078194120e-01 7.433763159554203082e-01
4.919017383651704822e-01 5.437940503653764246e-01
5.147994459860608663e-01 5.388367609605538844e-01
5.219507337978037675e-01 5.315505544423551054e-01
6.335547103977049455e-01 6.858704273039492039e-01
8.020966759848697780e-01 7.296259832888185581e-01
3.600999635739338678e-01 3.317030605881383098e-01
4.962469242698676064e-01 5.039880300540012792e-01
6.012657815996623745e-01 5.752912330899885296e-01
3.948744209960360352e-01 3.598761652197557948e-01
5.226555064888552815e-01 6.510421274942607139e-01
8.259328610861280673e-01 7.763404042688974993e-01
3.892760530768578087e-01 3.789758685217789469e-01
5.949819625547742019e-01 6.253677297460292772e-01
3.066986207908694029e-01 3.303328657023985038e-01
8.817987173263527323e-01 8.910287190371047883e-01
5.990158026040083294e-01 6.394662738265942670e-01
4.882892195468332974e-01 4.530490447875664128e-01
6.006719404475328039e-01 5.895644938116818556e-01
4.337850782015029161e-01 5.438214521699061832e-01
6.589691266376793699e-01 7.706423535448492235e-01
6.941350917756292649e-01 7.654369633583504307e-01
6.391105258001973377e-01 6.018933088001700016e-01
8.384992047055200848e-01 9.638127163505419981e-01
5.871344060675915966e-01 7.115709828144782811e-01
8.140011316340876046e-01 7.979932415185457817e-01
9.411654303822084566e-01 8.865644120531962491e-01
5.329725974162253799e-01 4.469222821787992017e-01
7.700309095992865505e-01 6.478629895131757799e-01
6.150538398237791471e-01 4.649980874971434419e-01
4.107509258778284655e-01 4.188672056553739420e-01
7.153438452374211165e-01 7.374177303073737866e-01
7.273552575401208697e-01 7.541497020395878659e-01
4.877792750383406761e-01 5.733995693736929633e-01
5.268876738513093017e-01 4.830025283993073515e-01
4.611276309764162362e-01 4.301558332075955948e-01
8.178902429839465249e-01 7.639268041328979297e-01
6.017810448649416610e-01 5.797878706164794060e-01
4.798726103386791175e-01 4.951881384546912290e-01
4.455646409329959146e-01 4.723683176317369781e-01
4.925581378706246904e-01 5.188833469723737046e-01
2.575596617516742737e-01 2.725917133068034848e-01
4.346968356962844227e-01 4.418647879592462746e-01
4.755780002727280631e-01 4.942174928237927367e-01
4.771101378195051201e-01 5.139565304885781449e-01
4.812346989546994469e-01 5.529295733362381560e-01
4.026285727992464647e-01 3.106143402750738414e-01
6.014059121517191242e-01 6.623491533553486077e-01
5.873167413072395426e-01 4.948945198019288338e-01
8.615463072552622670e-01 8.826455771115118143e-01
7.724285935971751949e-01 7.535419390982246446e-01
5.348796335038084049e-01 6.079880784960911555e-01
6.654170080168284596e-01 7.133152087844019107e-01
1.363491751642990357e-01 1.405697302656281622e-01
6.440731947368995014e-01 6.413135849942238620e-01
4.839392631697929659e-01 5.279885515445070787e-01
4.636884961506907432e-01 4.939984070978011843e-01
4.127051528280298864e-01 3.260067927481996586e-01
6.093262735659147333e-01 6.152450832868939790e-01
5.433069036249155159e-01 4.352204015368146273e-01
7.866084947057747634e-01 7.928577112146202310e-01
4.200473620512586992e-01 4.402247118344005949e-01
4.911979424090032187e-01 4.906584982420958974e-01
5.370157465715287293e-01 4.478189491249014442e-01
4.053446027278047592e-01 3.802927972631224285e-01
5.780587016420613011e-01 6.241291522149061688e-01
6.034342996334424170e-01 5.569343917745771533e-01
6.572332487449947802e-01 7.440251620610394134e-01
6.084604460526247260e-01 5.645751205915680027e-01
7.400702567622202688e-01 7.060497095650838384e-01
4.745665478330519105e-01 4.837254659971716442e-01
6.216893083815844268e-01 6.196287731523804077e-01
4.279958891129954646e-01 4.503467518316143225e-01
5.559786343670923836e-01 5.101484812173474603e-01
7.720513609840310432e-01 7.425839690543135641e-01
5.037687426730915741e-01 5.110727915556870782e-01
4.485586369968098119e-01 4.462792520499902493e-01
4.960247150263334404e-01 5.103510582002122042e-01
9.551571720453709835e-01 9.951455060659492036e-01
7.282768315817426119e-01 7.479473139544888793e-01
7.484336408822012121e-01 6.559491572727451647e-01
4.638729363121627536e-01 5.057818662812092469e-01
4.957170808953209051e-01 5.247884424183651975e-01
7.664931957000225005e-01 8.119271238451521988e-01
4.985090334230711240e-01 4.524040304328552087e-01
4.383419474322463594e-01 5.166358572114533310e-01
5.121345133831670671e-01 5.241507365502678928e-01
5.627287532292123418e-01 4.920278082818677068e-01
7.504461362738591435e-01 7.262561035025548728e-01
5.046979634112686020e-01 5.127628193950785063e-01
7.966088276510281396e-01 7.850929347387562984e-01
6.326843596146773940e-01 6.430734111819575993e-01
6.350581883325128185e-01 6.705157279446045671e-01
8.230168080718850421e-01 8.388289262790319389e-01
4.360311041520640307e-01 5.313630860354752183e-01
4.238405492346419279e-01 4.985828275650891483e-01
6.032575240201377698e-01 4.865296557609074535e-01
5.532146396351150797e-01 5.959853973216674428e-01
5.111835618832001327e-01 5.219250459459474634e-01
5.288630896221989675e-01 5.301159859372631677e-01
7.302090461673613753e-01 6.636678832428173358e-01
6.191322028381424092e-01 6.389209057133270475e-01
6.202930068387438878e-01 6.342456914279513969e-01
7.281221959952249856e-01 6.730174110872112481e-01
7.348006840273612061e-01 7.080505285772303870e-01
8.009338097070065610e-01 7.987521204239925732e-01
4.211193374049196914e-01 4.083093657770593410e-01
6.050418694134058750e-01 5.637738956204378926e-01
6.433789384036054937e-01 7.385573134683705021e-01
8.233001413638626476e-01 7.837951471322269770e-01
8.515317036118454919e-01 7.813079736614565451e-01
7.869783284686130420e-01 7.325858872919107645e-01
5.490849956124783660e-01 5.886945992259557947e-01
5.980132884696220952e-01 6.376246131721960975e-01
6.921945233516485496e-01 7.554978124420165253e-01
5.921314288580528107e-01 5.755872314301109238e-01
5.916088832053838509e-01 6.361480588302523831e-01
7.915076077434557433e-01 7.787358853243460111e-01
4.172712480342294361e-01 4.946212085448208340e-01
5.674459235930959800e-01 4.708230991612465388e-01
4.336765473397648507e-01 3.653802592794487825e-01
7.255789067633215961e-01 6.377718474982598806e-01
4.614115168029252478e-01 4.761840594063493359e-01
4.481949970311785436e-01 3.784603759433942671e-01
6.172542632103809046e-01 5.909052752885172177e-01
3.049840256677317507e-01 3.216834711542022607e-01
3.628667167497166002e-01 3.687384214344243683e-01
7.347009127145782692e-01 6.973490865854150567e-01
6.173042132884669630e-01 5.929816113463459715e-01
6.591563969976027559e-01 5.550712861236967166e-01
5.881986091511377523e-01 6.238302276982576888e-01
9.232375332405815538e-01 9.038937803576068131e-01
6.323052597499163596e-01 6.799809929557305566e-01
6.630139035245529167e-01 5.025723666089442210e-01
5.834837363607874305e-01 5.493482518339221077e-01
6.293760720826048205e-01 6.088045566535905673e-01
5.781412440191037172e-01 5.496311558404501918e-01
5.840063660084633401e-01 6.579830578097896066e-01
4.020402356342340222e-01 4.815631779100196241e-01
3.919290825450307825e-01 3.742068279604162662e-01
7.015832533050169184e-01 6.788351076317543642e-01
5.704406989180068610e-01 6.231735172768781972e-01
6.972797638124818009e-01 7.189461194973497671e-01
4.636911419377798826e-01 5.164608614858335889e-01
5.546377345210175003e-01 5.081526489804756297e-01
4.884276388753013287e-01 4.477569734339079122e-01
6.890930704808700957e-01 7.472887071838095752e-01
9.961790561978326464e-01 9.875192117177226114e-01
6.624212100849825591e-01 6.989929520440462118e-01
5.969054804997709907e-01 5.939072336516993955e-01
4.739408892419749719e-01 5.962357199123959894e-01
3.345831964363609190e-01 3.588665400624744262e-01
3.130161273342748629e-01 3.398278976682609365e-01
5.511743318809265713e-01 5.681386817245979159e-01
5.669538827099400713e-01 5.858826328589494814e-01
5.799495581729635640e-01 5.493392666231607935e-01
4.535956711649952178e-01 4.819069327749603282e-01
6.282541068496449999e-01 6.308312030690812477e-01
3.267105242126266407e-01 3.268630888881075003e-01
7.715447828990179557e-01 7.501350190734620282e-01
6.725600193895192591e-01 6.820619470982486332e-01
8.092160296357130411e-01 8.815017605522680322e-01
8.192190015764868605e-01 7.678657038674279178e-01
5.936308152944184124e-01 6.479184504854297311e-01
6.077716907122373557e-01 6.503622216286774060e-01
7.006264289037031912e-01 6.305318170894143037e-01
4.990414451260852813e-01 4.319870007513270105e-01
3.733059834037480984e-01 3.454200523594740391e-01
6.545630482273571138e-01 5.524171899871422875e-01
5.701334463529414975e-01 6.231773450823638871e-01
4.965466284143227882e-01 5.258273501887970047e-01
6.098278220422507223e-01 6.351157371494949855e-01
5.758997779692665020e-01 5.236498825575484073e-01
4.183188007707983602e-01 4.704422578021233980e-01
8.718136848136071038e-01 8.492672457067684810e-01
6.363532219438995385e-01 6.906308109048756583e-01
5.227642714428624160e-01 5.947491102146722497e-01
4.319946702603223443e-01 4.746232701162278467e-01
6.646225835829411288e-01 6.074593017827825125e-01
6.351148216458819551e-01 6.219081690344709923e-01
4.777834323731914301e-01 5.192983147492170604e-01
4.682048701895970555e-01 4.274448506175905771e-01
1.062649470468804314e+00 9.476941369930754755e-01
3.810443050569692347e-01 3.162006892847870065e-01
5.053236725929245443e-01 4.986714887917190198e-01
6.601664365210638818e-01 6.456066134671113455e-01
6.673622732445975148e-01 7.101407060322660891e-01
3.617353541929018701e-01 2.539206081413660221e-01
8.722492720985258741e-01 7.813695751783117371e-01
3.843590533933901043e-01 2.740608643397152711e-01
7.767767425692497785e-01 8.736347818309724289e-01
6.064300690666908356e-01 7.193845339475843925e-01
6.791034744682160618e-01 6.747777405672896744e-01
5.469650619266108738e-01 5.039365765820367216e-01
3.735519215357610556e-01 3.695625399251323828e-01
4.930887946605664318e-01 6.266668428253012735e-01
5.160493979478236737e-01 5.554798861974351576e-01
5.053959366190583502e-01 4.532812022085512260e-01
4.455011705726489857e-01 4.667921625730863666e-01
5.815495695965742229e-01 5.219321661045424054e-01
1.542553389859961932e-01 1.947789384560335568e-01
7.419050727263829526e-01 8.225364591897905697e-01
4.510018778297890663e-01 4.776921406280741911e-01
4.791860373311692123e-01 5.135589935660564986e-01
6.115883101304346869e-01 6.170343927067274414e-01
5.595325480648541960e-01 5.347512796799253065e-01
7.061545158488461427e-01 6.660954746345718602e-01
6.262999416171790568e-01 6.009833975892442393e-01
6.128220867252833770e-01 6.318257888374878561e-01
5.145700978009083437e-01 5.896784611084465721e-01
7.163507869387949478e-01 7.942830143807629861e-01
4.771994316145199422e-01 4.644146178583260509e-01
4.162369701379047826e-01 4.317833423153688011e-01
2.749256286836374574e-01 2.892013196075717829e-01
5.832536513879769124e-01 4.732684280093306661e-01
6.503204224585543702e-01 5.859292176294457200e-01
5.132032086543826255e-01 5.464348656229934820e-01
3.877427368607251346e-01 3.665112002126109658e-01
6.150094443712300629e-01 6.100529264885540259e-01
6.154226074842635841e-01 5.993520978734298010e-01
7.627511713716877972e-01 7.196733886937706215e-01
2.257754923336138808e-01 2.716819988675238107e-01
6.577506196087257173e-01 6.011496631180575090e-01
4.905396475646613408e-01 4.412621217720686384e-01
6.948823414921473374e-01 6.417115096655882089e-01
8.794515134641486265e-01 8.037594252669925110e-01
6.043349548878900190e-01 5.670457156784627362e-01
7.615875200657411526e-01 8.232485926101817952e-01
6.319998284535307542e-01 5.304543063060244146e-01
4.538806557505616346e-01 4.026343847908398499e-01
8.132680241378815733e-01 7.882602827599329842e-01
5.734473269585608213e-01 5.860173719025961736e-01
7.191048734533539433e-01 6.988448372142849196e-01
1.250695541960177293e-01 1.837202088868814531e-01
6.937676335779925374e-01 6.166007947302654113e-01
4.686175023629859382e-01 5.410046054426758122e-01
5.301605649773940554e-01 4.882597811873040650e-01
7.809536307308679870e-01 9.087157149879809825e-01
6.061050737083795159e-01 4.351796404512555672e-01
5.084624332601317409e-01 5.236137565581451270e-01
5.019457767426634964e-01 5.023931037068173344e-01
7.020540095662566316e-01 6.468802986783175335e-01
5.319507703233937734e-01 5.276877654206660884e-01
4.859826329027832625e-01 4.659839500263038281e-01
5.060198733363172607e-01 6.153325079930389574e-01
6.677790549551619881e-01 6.970309699845010920e-01
5.788269177154797829e-01 5.624583274247999531e-01
6.720419260300555253e-01 5.434527000424625998e-01
6.455440927634225057e-01 5.848100141043385269e-01
4.584539829227171071e-01 4.733811485407456443e-01
3.254275795915588243e-01 4.128338801458421581e-01
5.185015372432453251e-01 5.485213328816194167e-01
7.540037080015095095e-01 8.478874263893415586e-01
7.748876099077270929e-01 7.885536123194201163e-01
7.737167127856355853e-01 7.189266497754279728e-01
6.160313130188338482e-01 6.230208246915250880e-01
5.607069426300222981e-01 5.675537236926858631e-01
5.959198279873652027e-01 6.280775918665273405e-01
4.682741252168942658e-01 5.332939552532407479e-01
6.064515077622202321e-01 6.749614701230602920e-01
6.297568470695105169e-01 6.300040043833212700e-01
5.803679108028251266e-01 6.490371825439872344e-01
6.747443544175530938e-01 7.109210508534282713e-01
5.179844475317559871e-01 4.876449166377483935e-01
4.786071894968274010e-01 5.149443838266066775e-01
3.677272996140174555e-01 3.946708301441800848e-01
5.636124150862186211e-01 5.106131194859965250e-01
5.913135566954988986e-01 5.413616805323718806e-01
6.693626226196491835e-01 6.281481969307680657e-01
6.187791367312865942e-01 6.697692886811011936e-01
6.177637239082798271e-01 6.433099485858382316e-01
6.537634352480717892e-01 6.141861706956471822e-01
4.376503139262446496e-01 4.803376433905340859e-01
6.898852353555234851e-01 5.687903217783559784e-01
6.960227064541647524e-01 7.171806260334899763e-01
5.931002770201047047e-01 5.767337931550765573e-01
4.223585807426163963e-01 4.914145437415634032e-01
5.442607218032494698e-01 5.678831727013075037e-01
4.113028704837863869e-01 4.047799940597806567e-01
9.310622060409869949e-01 9.169922349977677190e-01
6.037998974940348429e-01 4.857105162608403859e-01
7.826162780215684123e-01 7.965242009835784565e-01
3.603028725765643481e-01 3.958603398135334128e-01
4.885358274662274791e-01 5.301338817377745372e-01
9.171719649595748702e-01 9.641892551180484272e-01
5.772075224438975027e-01 5.819581894411203216e-01
7.448376501747222544e-01 8.525392993680447340e-01
7.257269164738096023e-01 6.262049266907827594e-01
6.297909502835715712e-01 5.876493917275612544e-01
6.654699442058206182e-01 7.571395374311774562e-01
6.528231605791045000e-01 5.633907972446429158e-01
4.262972935505455752e-01 3.371730203120015812e-01
6.149145630767808290e-01 6.355686379624264637e-01
5.335505271273772721e-01 6.736260718885025423e-01
7.990751139551636184e-01 8.070777841375343931e-01
5.209981731101618330e-01 6.328954732466995914e-01
4.860164077552763806e-01 4.414877640571422401e-01
9.479934427531548913e-01 8.147398054062668926e-01
6.125536888059026630e-01 6.186250189109414599e-01
8.013058793878647945e-01 7.641482576112522684e-01
7.089918415356986081e-01 7.017287903871580745e-01
7.473345249700962256e-01 7.557196179685146120e-01
5.205260288994845164e-01 4.930142912777820685e-01
5.067074222523697546e-01 4.914613591350634469e-01
6.042517910428718553e-01 5.056902669426658337e-01
3.169810653178749549e-01 2.973583785285601744e-01
6.257099652195089456e-01 6.418872495479422957e-01
6.159925200263670630e-01 5.474917104996591677e-01
5.461531006437098101e-01 4.808027303062905600e-01
6.236668533087473820e-01 6.537736519838696081e-01
5.885137975313903258e-01 5.607964542666894481e-01
7.099102602755367197e-01 6.848931750619069447e-01
6.707363706530736769e-01 6.941253557158298948e-01
4.967223597525927126e-01 4.520654118449045633e-01
5.366671954500102926e-01 6.001491621804223575e-01
6.476238745938626140e-01 6.325120206677811163e-01
4.648228093911888070e-01 4.595827327486063929e-01
4.151957602137082981e-01 4.503117283606073995e-01
5.074368053261000266e-01 5.143572508761398154e-01
4.501783443878133451e-01 4.727860632438930510e-01
4.789001517416972553e-01 4.966905963465496066e-01
7.187577993545162247e-01 6.574160326823215161e-01
6.140377344404294169e-01 6.033237281881583813e-01
5.826318522290949709e-01 5.896654979184319245e-01
7.235145551286337184e-01 6.760259153899885742e-01
6.778949431039816842e-01 7.301421232759700564e-01
7.554211425250513257e-01 6.982887800960987379e-01
3.609737539260052253e-01 3.867807042689653252e-01
4.426350537521092643e-01 4.130840734934366210e-01
4.932256590588361411e-01 4.981473440132037633e-01
6.517624187884569764e-01 6.389547151431322902e-01
4.231667806439839419e-01 4.321700325126283104e-01
4.260369906092422165e-01 4.997230582399449506e-01
7.091058465903601338e-01 7.178899632760651350e-01
3.845835027212532453e-01 4.759407910273825704e-01
7.756611897220919705e-01 8.065612369877963594e-01
8.879238274270395692e-01 9.046276203891026046e-01
5.619373988883257232e-01 4.063978294449381856e-01
6.809858807338564635e-01 6.552408628003156821e-01
6.962407129547815154e-01 6.945956588680283206e-01
7.461583468665160535e-01 8.012193183304925359e-01
5.939329010066404235e-01 6.380508600331745717e-01
7.222176572239638048e-01 7.873288258698047937e-01
4.217351389319851651e-01 4.315827620640937945e-01
8.267538656064724600e-01 8.542929744233448419e-01
6.993512889760694629e-01 6.356220734686063301e-01
5.385546429768136578e-01 5.562089894053695582e-01
4.236068267387842479e-01 4.991013984680695570e-01
5.542958475470353141e-01 6.328245234308683687e-01
7.697723933557225617e-01 8.207959409056218014e-01
7.318036649009301842e-01 7.128555798293617629e-01
5.847651844368187968e-01 5.658861250120031938e-01
3.932346909461556517e-01 4.399512091069885389e-01
4.252517564047068044e-01 3.125473964330194310e-01
7.579549100446527632e-01 7.506772830475676450e-01
8.575733574416632976e-01 8.129201128247984798e-01
5.970020358449639186e-01 6.371028236771689723e-01
7.973066676073213843e-01 7.426881814387328307e-01
6.918586437039022652e-01 7.712167440496531245e-01
3.895402824528837460e-01 4.219531340778203132e-01
3.698023375114075084e-01 3.410120910857437626e-01
4.664865266797414978e-01 4.963832209582788590e-01
3.936187114915198348e-01 5.063430353877268475e-01
5.152098063770907954e-01 4.777670815963583340e-01
6.938138567815701485e-01 7.283232860215149707e-01
8.051597430244791243e-01 8.763483190787680899e-01
4.841077597146294931e-01 5.508774252813379846e-01
8.149100831717264182e-01 7.851074331789194005e-01
4.897336661869790553e-01 4.349843064152820182e-01
7.548796724862428809e-01 7.219155854582309795e-01
8.106980051428254175e-01 7.180432897682751392e-01
5.778547303800121160e-01 5.357503420238227676e-01
7.044289659072354715e-01 6.952341303222847602e-01
9.406378821367300525e-01 1.012269598745745069e+00
6.557708268197240953e-01 6.945508449041125631e-01
6.630816223463774639e-01 6.966710120100646497e-01
6.332486159594501451e-01 6.511192405124264226e-01
6.361539513843725846e-01 7.021266726192978425e-01
5.502707447730752488e-01 5.164781880807367553e-01
3.645453287513102936e-01 3.844599965028884236e-01
5.364133643547934760e-01 4.335682604740344059e-01
5.659825424878234257e-01 6.011429375921774065e-01
5.069275955854988247e-01 6.255328651456697475e-01
4.708570337623600444e-01 3.581951146759256299e-01
7.992814456442850490e-01 7.596746035368441285e-01
7.338986323768711406e-01 7.654361047007166574e-01
6.939291184667315537e-01 7.949745722102998791e-01
5.481955120214816457e-01 6.706713658827492264e-01
7.977703313258311946e-01 8.099138899704604322e-01
5.513490309085427032e-01 5.858477989414010434e-01
5.240691226775435752e-01 4.671390956554796747e-01
3.275517424341870543e-01 3.637711350598943350e-01
4.716932708390381701e-01 5.312691940381338851e-01
5.617363937335118074e-01 4.802208674628324903e-01
5.318020934303763214e-01 5.409805958542738269e-01
6.519443257879427023e-01 6.667514713975370988e-01
6.902534617271653961e-01 5.816266590733576436e-01
4.565606599880407401e-01 4.458851449677071477e-01
7.561373105710349485e-01 7.615080286598150394e-01
4.013248295854022762e-01 3.831066856387407293e-01
5.846177878652758508e-01 6.548728549011322286e-01
8.247467592257847757e-01 8.869249228272174657e-01
6.313831091888578717e-01 6.412174004037133335e-01
3.914527544755886934e-01 5.057228185062943027e-01
5.342230109341280508e-01 6.024527166374552545e-01
6.927771277998066024e-01 6.659905500510970855e-01
5.032281861915044452e-01 5.290297796853753454e-01
6.567768652158693099e-01 7.147670102153275140e-01
4.727749618865437764e-01 4.644212009197786761e-01
6.035626133813993821e-01 7.040971316620032727e-01
4.771619880723528273e-01 5.234821134344688209e-01
5.805221595901743914e-01 4.613028948502661541e-01
1.009274351393275371e+00 1.013372649962963834e+00
7.040035497122381081e-01 6.435575626642149327e-01
8.408561220424026761e-01 6.874188252205668537e-01
5.754828635402733372e-01 6.176295140551677498e-01
7.083570996812822429e-01 7.338350861992319896e-01
4.674813514028467454e-01 4.387249031824155265e-01
7.973682684606615556e-01 6.929326643191595636e-01
6.007915163062080843e-01 6.955372454982948760e-01
6.109842040538439045e-01 6.632909380229051743e-01
2.805872908622386586e-01 3.257013489838792575e-01
9.133270018739693130e-01 9.127736054808178734e-01
7.736759269662516481e-01 7.086663613337100820e-01
3.205260854010831273e-01 4.342539329829337436e-01
7.791161138630166016e-01 7.212110263710130864e-01
3.501383106758604313e-01 3.098089722311310190e-01
6.436972376534410012e-01 6.028027498071456547e-01
5.751680075573879503e-01 5.857755718248827126e-01
5.425686788555297291e-01 4.882285449078515582e-01
5.589281384669556596e-01 6.098285226177030394e-01
6.185856757498154890e-01 6.612716192335000853e-01
4.397941310913207613e-01 5.048222894748091161e-01
6.548314200063977131e-01 6.415201603212127290e-01
3.205489629238492122e-01 3.917967805932183745e-01
5.926338156059822726e-01 7.110635818925004070e-01
3.361198374309496417e-01 4.503521937635803774e-01
6.661357659447567636e-01 6.681571297108656049e-01
4.813461023809166850e-01 4.581613868641153386e-01
7.023811543642229926e-01 6.870290565800235560e-01
6.772079547924023668e-01 7.078322141188588823e-01
5.443846638534769466e-01 5.383191509397647900e-01
5.738977920132937172e-01 5.959885884319700011e-01
5.658720107973943536e-01 5.364536818594746181e-01
6.567230284026228659e-01 6.574128739772748808e-01
6.439229539865001239e-01 6.036762953824836853e-01
7.121355224598191480e-01 7.535832352860489802e-01
7.322744658131935536e-01 6.522026807460786779e-01
5.855978697522880028e-01 5.913494721080038152e-01
2.832335439037418912e-01 2.315206424236432026e-01
7.029128829056013883e-01 7.276321182230939266e-01
4.256716992425441104e-01 3.200231639791637495e-01
5.588616002430089047e-01 5.433479588029004326e-01
5.610158221562083769e-01 5.494921411525771626e-01
6.809953596228711659e-01 6.284635620427229119e-01
8.662292285424535443e-01 7.828094376443026636e-01
7.300077205418924464e-01 6.546164318329412701e-01
5.805619956645864388e-01 5.890287557767546200e-01
7.464641541385139689e-01 6.046207847482925057e-01
6.235771105211098675e-01 5.804291589624244185e-01
6.721018837395674739e-01 6.889862188185559289e-01
7.359518668995458368e-01 7.916099010482539056e-01
5.996253488310485658e-01 7.233682528487850316e-01
3.633960637489570544e-01 4.352877843535731817e-01
5.916090165151224323e-01 4.540959715371784000e-01
5.619944554863184338e-01 4.815876019151122955e-01
4.412467525001884106e-01 4.580095380113463621e-01
5.080277318280428389e-01 6.717916628253934874e-01
4.644882800366662012e-01 4.197211900712617405e-01
6.681815798457020339e-01 6.043959640185794235e-01
5.709047740049140174e-01 5.355685718948395291e-01
4.346912459890101554e-01 4.520103160261504383e-01
4.805262478782198476e-01 4.567028347888216766e-01
5.504872781995850950e-01 5.969039669722198127e-01
7.269197221374389395e-01 7.627649511714683639e-01
5.898907376146630410e-01 5.771556301035519754e-01
9.161977351369761102e-01 8.522296847672461428e-01
5.232985358857190628e-01 6.001754537929487876e-01
6.844916427263989522e-01 6.831960419721774258e-01
6.218987446883028625e-01 5.791187085088100872e-01
6.460481836004026146e-01 6.765138037963978057e-01
8.036450519056335118e-01 7.457677041458010692e-01
7.349695653666306061e-01 7.291771769557251481e-01
3.985147951682002643e-01 3.821778992653132589e-01
8.276571400091693453e-01 8.476455172030873397e-01
3.690524632522133586e-01 3.025938305218573432e-01
5.936465882997866705e-01 7.261336039781233209e-01
7.115521592835705178e-01 6.831382488767372418e-01
7.607551189170338457e-01 7.539473895071018283e-01
5.205796983594906946e-01 4.461299887998075864e-01
7.704517787415067209e-01 7.097862476221074024e-01
4.665323603319312395e-01 4.826823495412480014e-01
5.339740279962318370e-01 5.404667824496053319e-01
7.022088426552109963e-01 7.155416309605003855e-01
5.876413046109637550e-01 6.341217929819825683e-01
5.643842126342668575e-01 4.673909326788827090e-01
8.132417699059735217e-01 8.809100151912867549e-01
4.681053056010665570e-01 5.455852377479216697e-01
4.515857941576917334e-01 5.148545999247908789e-01
6.640949469036059316e-01 7.190190321795126849e-01
6.945201867749976055e-01 7.058285774757760977e-01
6.407625337540183708e-01 5.623284411783402437e-01
1.066841802128845718e+00 1.088180661542517136e+00
8.581566429075719871e-01 7.703076646376090242e-01
7.410314750361460812e-01 6.839684332426422264e-01
5.197539972260279972e-01 5.648918450608676478e-01
6.060236466201810446e-01 6.112862478386874576e-01
4.781125099651148957e-01 5.322942476120866573e-01
7.009411266103562355e-01 7.087668667322235549e-01
5.051780455848228213e-01 3.964739487737022339e-01
7.367554078316478350e-01 8.557890434708079752e-01
6.385443376417507810e-01 5.711667752125346720e-01
7.235432550454875544e-01 7.187825954190650846e-01
7.695404862980896876e-01 7.005238091174230686e-01
5.761566273829429319e-01 5.753981138485165792e-01
7.949927973047197227e-01 7.407295795225106172e-01
5.871834589923314862e-01 5.742806271902847204e-01
7.541139910281540182e-01 7.726791346263301996e-01
5.634832662539318582e-01 5.388343131554630405e-01
6.752698940612398282e-01 6.824253612988318007e-01
6.667748186725347415e-01 7.180223324989866152e-01
7.631304885780895164e-01 6.902042971939966742e-01
5.428469006569225375e-01 5.236446516786996686e-01
5.302203826554764410e-01 5.542292578584527840e-01
5.966385838166941014e-01 6.111724020015358860e-01
5.116236355979403294e-01 4.870442655174044289e-01
6.375003269595190813e-01 5.089273262746768500e-01
7.738822812844493582e-01 7.729105962359902326e-01
7.404659685821859405e-01 7.084210283243019823e-01
5.813228990026849674e-01 5.871387281268646285e-01
7.149387316337085796e-01 6.833667032251655726e-01
6.542842490230713626e-01 6.827069146205744232e-01
5.227830979335910122e-01 5.964813331017773113e-01
5.646885228298050841e-01 4.808239292250993668e-01
9.872737489516451026e-01 8.117710260209908268e-01
5.965722365541781258e-01 5.308786485559320312e-01
5.912932276450675317e-01 5.960823664942478395e-01
7.121927968976474732e-01 6.929078889566328003e-01
6.845364077697483340e-01 7.327413813562914102e-01
6.011703790038115391e-01 5.101211754764071182e-01
8.124866226191301832e-01 8.085940698930459414e-01
5.986693827694786751e-01 6.048772308101388884e-01
5.354343233261853463e-01 7.013530535764072038e-01
4.434440522891964220e-01 3.958493297701642377e-01
7.467181365635632284e-01 8.520253308770354694e-01
4.572405691780083714e-01 4.949641660346494332e-01
5.189091920761722543e-01 5.291132826534344913e-01
3.976910308643765712e-01 4.500216728087955143e-01
7.951477031390448147e-01 8.026546227006787770e-01
4.632707252869782133e-01 4.955792904845109925e-01
4.995080813414030652e-01 6.015297648277990739e-01
4.772626718139150181e-01 4.739757677765388255e-01
5.038152187868836229e-01 5.229779602776871705e-01
7.581268528021758435e-01 7.001421331559403161e-01
6.241531485292072245e-01 7.003263256250583657e-01
6.164745533631462715e-01 6.497604167083929072e-01
1.745405257368982943e-01 1.501397280651806387e-01
3.893464229734567295e-01 4.377077388354878029e-01
4.516589199321244807e-01 4.322934799442316178e-01
6.530232060274928640e-01 6.176671147055056155e-01
6.377153071035330800e-01 6.432176102821867136e-01
7.690842980073510082e-01 8.235200738512974405e-01
6.781935955479343470e-01 7.068980533550304202e-01
5.486561939001730615e-01 6.282540763376665005e-01
5.196180891703130467e-01 5.126975892399152634e-01
4.880634509275054711e-01 4.085244641160257206e-01
5.905022700620294884e-01 6.030947390942633657e-01
4.374207382091421792e-01 4.776211092095057342e-01
5.400019121664996202e-01 6.424998325244715147e-01
4.096336171099860812e-01 4.821471070698177264e-01
7.867992517313641132e-01 7.811860993152249799e-01
4.262028363298591693e-01 4.593552566593453457e-01
5.726944981461655759e-01 5.443438765619076358e-01
5.055236074258274703e-01 5.468227092521250610e-01
2.049351952164506496e-01 5.600378167009417707e-02
5.344146311012493156e-01 5.471257493750744105e-01
5.853152527325780063e-01 5.700219340582173277e-01
6.248316067655360628e-01 7.054719876473932727e-01
6.650390140538420258e-01 6.753536451523343143e-01
7.012724709613926688e-01 7.219185652214827886e-01
5.363743930909767865e-01 6.081975283727920623e-01
4.377662595391763056e-01 3.275312829632364697e-01
5.745569307736010378e-01 4.954293339923877548e-01
8.720157792902244465e-01 8.329880371444414733e-01
4.382122270893046290e-01 3.816730211790758664e-01
7.417524377429646210e-01 7.264839959404750802e-01
5.543352103402637843e-01 6.172541451063756623e-01
5.364936772577000301e-01 4.497313854442802072e-01
7.504602544539842324e-01 6.560762295355806462e-01
5.130920321456066135e-01 4.547879745705351029e-01
6.455893271479025142e-01 5.971273733307820297e-01
6.289354554355741644e-01 6.089399928730148126e-01
7.782680400325945325e-01 7.178383820851281794e-01
7.644469676067725539e-01 7.632597054480280141e-01
7.063381698209640902e-01 7.540704019919683976e-01
6.508763750842745388e-01 6.013589151143272638e-01
4.029533103128033478e-01 4.288488815758416672e-01
6.440171281491411381e-01 7.129568645689461359e-01
5.137040269548511784e-01 5.750563505866046476e-01
6.436085024638362739e-01 6.426734088645980059e-01
6.108089731816404022e-01 6.461424402603255235e-01
7.797368824505473972e-01 6.615617382987545314e-01
5.596393026278037031e-01 5.876063164220559631e-01
7.611068405483948363e-01 7.039695045104056303e-01
6.350992986604440116e-01 6.759925334687908460e-01
4.850810140891366751e-01 5.560654270071154759e-01
6.711610149575764073e-01 7.691102371826086248e-01
5.436260543783024701e-01 4.387110674890141171e-01
8.977940739239527179e-01 8.702452577365784592e-01
5.158502006478216106e-01 4.406136224295293391e-01
5.592027213852077683e-01 5.480425129746457902e-01
6.055003606946793848e-01 5.648855715073717310e-01
5.003510910197936923e-01 4.814323563137371531e-01
6.788346236654635435e-01 6.288275034532578855e-01
5.574500469125954760e-01 5.581628027110338008e-01
5.182452434528920238e-01 5.413360285288096874e-01
5.422850317276382004e-01 5.476675475687398098e-01
6.438124039587531655e-01 6.367900821017600244e-01
8.991643272601419490e-01 8.584191370885703165e-01
3.346367206216960266e-01 3.503842771436324055e-01
1.034862843292090551e+00 8.708841021706728025e-01
6.458548540567413676e-01 7.790857640119263072e-01
6.155373453076000700e-01 6.434675968717298300e-01
7.321170380597734617e-01 5.992531221531720576e-01
7.941512083346421447e-01 8.405913750391443839e-01
7.041014594186836284e-01 7.411161587278680685e-01
8.842949994537506742e-01 8.490035363006115388e-01
5.629835780280881830e-01 5.497869795523168124e-01
5.417446723665004793e-01 6.502898900552089856e-01
8.377825914956590347e-01 7.502583296866668361e-01
8.023673243364287666e-01 7.820136870933341866e-01
