7.076765857488420686e-01 6.784121579275739222e-01 6.970000169909409404e-01
6.728032092086093652e-01 5.832586654277075455e-01 6.700659698753255178e-01
6.741937675813551856e-01 6.976818426067029622e-01 7.110257824864842924e-01
3.825201627478484467e-01 4.110357701169512490e-01 3.925964837707635602e-01
5.526667373452488485e-01 5.278819392327666060e-01 6.068617779785996369e-01
6.067514559982715161e-01 5.861443223087609011e-01 5.731418095392765144e-01
6.319167478373157731e-01 5.873345567076473372e-01 6.173031347789923462e-01
5.150367984898486240e-01 4.802012305402323933e-01 5.339384699849299976e-01
6.423181860213368344e-01 6.627732304707717459e-01 6.042480800220616510e-01
4.664198998513450212e-01 5.461775344546693223e-01 4.772365354829758988e-01
5.361338802561960160e-01 6.013188165282936648e-01 5.752168577166476560e-01
5.061306907626663687e-01 4.196925273488582575e-01 4.315009034825634249e-01
3.969760399422930797e-01 4.324634193786914826e-01 4.538394843808244983e-01
5.420484722841745207e-01 6.164297638618295716e-01 6.061050299933927743e-01
5.177592308676161048e-01 5.659292140256415582e-01 5.013299734175699074e-01
5.937389811204747403e-01 6.069315922083918791e-01 6.131645922256034886e-01
6.830092683072783721e-01 6.575883047155008931e-01 6.922296907350689033e-01
8.603637925888900639e-01 8.229059546115135015e-01 8.473381882864735593e-01
5.198066694843596069e-01 4.403671093371580025e-01 5.147884632245967040e-01
6.509585075190901238e-01 6.770282651356841486e-01 6.367530146033313354e-01
5.790232429481776411e-01 5.413443765328395108e-01 5.561651950088641883e-01
5.715454541464101146e-01 6.023169918934925260e-01 5.570242711368961208e-01
7.295245820010353155e-01 6.967361352751544334e-01 6.768900200392545807e-01
5.588284180190680184e-01 5.765756397793396770e-01 5.504605006510382426e-01
4.573429840657957102e-01 5.091673932922109458e-01 4.299251692947047010e-01
7.564457940087413457e-01 6.980032731953583758e-01 7.506123399204454039e-01
6.202588813513443267e-01 6.471405154873852705e-01 6.516358622151673385e-01
6.248066584582041560e-01 6.729765850176024911e-01 6.014198314961086700e-01
5.261020379094505373e-01 5.449854771065879566e-01 5.363228959683141728e-01
6.367832590710310603e-01 5.996455635136302975e-01 6.505929039888477261e-01
5.855136702072056831e-01 5.658339532940861449e-01 5.947055918454893231e-01
8.343258818698163770e-01 7.549174560311306958e-01 7.930392062899924710e-01
5.103648847819134415e-01 4.123461511490689735e-01 4.646962607136825851e-01
6.945786517878337341e-01 7.197792478264890548e-01 6.803300069372719694e-01
6.068347347541780401e-01 5.265284199782479524e-01 5.581654224789179830e-01
4.954667314057304983e-01 4.674742647366823545e-01 4.945346732135548207e-01
5.204233654212798710e-01 5.876696927498249456e-01 5.649579412955506585e-01
6.516417500365230264e-01 6.969456296635436754e-01 6.346632700997236753e-01
6.976146739331700042e-01 7.502725234362596085e-01 6.989498847633368595e-01
7.034614413378998954e-01 6.431058095946328157e-01 6.713201073583255907e-01
5.939760504767426230e-01 5.881397398558856349e-01 5.616102491949962472e-01
6.947532023892570852e-01 7.125941379543668797e-01 7.165882376401172538e-01
6.766127437226625574e-01 7.004696233058602672e-01 6.528295878541766628e-01
5.006483284982544690e-01 5.011254421826594196e-01 4.435695337766205060e-01
6.208453054778870772e-01 6.359084473694883721e-01 6.669876680888260356e-01
6.897020782610462364e-01 7.159322300585506671e-01 6.841797749254887595e-01
4.104945583047395763e-01 4.322160726411515830e-01 3.831369726401901987e-01
7.580149624880038184e-01 7.355883992125586968e-01 7.311751995965435347e-01
3.906503589166859247e-01 4.121225048374282385e-01 4.196754824984094134e-01
8.855368606331226466e-01 9.033417189496544264e-01 8.616635480529180047e-01
6.884852550842862628e-01 7.009103441864796835e-01 7.102592345864425782e-01
4.424796976054813369e-01 4.062848590777685676e-01 4.496834123937458738e-01
6.141282106813105157e-01 6.393203624131945650e-01 6.198126495370345213e-01
5.316342741131280247e-01 5.250662403180369475e-01 5.056343862090020291e-01
5.857834198534616066e-01 5.648481495519916962e-01 5.940584862762384732e-01
5.179925801924732953e-01 5.621385189109469049e-01 5.498398398531828546e-01
6.753439507630697447e-01 7.090644027013763839e-01 6.323051209168252251e-01
7.778378186771600644e-01 7.965954998045029489e-01 7.669679220443519352e-01
5.875639290768335243e-01 6.024902857025713487e-01 5.737823852719792228e-01
6.570968783959045822e-01 6.415132278796900067e-01 6.570671688799910592e-01
5.619550988550542359e-01 5.362896864720777534e-01 5.479014615274225841e-01
4.488246910738910578e-01 4.323717001204981369e-01 4.472105853914591367e-01
5.601911384023467999e-01 5.510890656359337392e-01 5.340038969713785111e-01
8.481528089940129078e-01 8.049343446730437002e-01 8.760630954585448826e-01
4.620607452884211708e-01 5.263865834463301585e-01 4.674741472927902985e-01
6.871813154819834679e-01 6.649608841722438601e-01 6.933940288942102015e-01
5.127428408549387084e-01 4.849237821065253695e-01 5.600891527397823255e-01
2.903752368879843337e-01 3.510490044657759712e-01 3.187126514802598454e-01
3.886053974222223317e-01 3.754531657100632636e-01 3.945970689503002227e-01
7.654768170094177204e-01 7.548541916678718211e-01 7.465078891205816358e-01
6.934533577429676798e-01 6.518808570651865031e-01 6.469943458733959929e-01
6.519900405769151197e-01 6.433705373047244880e-01 6.856339101155330962e-01
6.559096794088203897e-01 6.693296387414393589e-01 6.365715809201765163e-01
6.382224946663778153e-01 6.626351414252072969e-01 6.782932847871975257e-01
4.474546169866439049e-01 4.560552985723211883e-01 4.249798846960027299e-01
6.312776302543920970e-01 6.115035441030788332e-01 6.853056059976727621e-01
6.831558230311776114e-01 6.091016804565501097e-01 6.724250629881163288e-01
5.821373598621820689e-01 6.023471387123714438e-01 6.616975344755720023e-01
4.667604268073972662e-01 4.498777935129359418e-01 4.895849791303656384e-01
3.098729831166026627e-01 3.616463294905997161e-01 3.347006881637208942e-01
5.746359015379928215e-01 5.634908596970299444e-01 5.353009428457821128e-01
6.010235082410085861e-01 5.200657984306310544e-01 5.714687363953209198e-01
5.039883230856653240e-01 5.291181407883271959e-01 4.853863248357719873e-01
6.171803224675490585e-01 6.031093800863408516e-01 5.911699471430110764e-01
5.704092498859826277e-01 5.532665120820202675e-01 5.838962113935222131e-01
7.290952797880850822e-01 7.145986945721448658e-01 7.009188295002281022e-01
4.923978485726382970e-01 4.839644033757243280e-01 4.454906180638875668e-01
6.473807484960851788e-01 6.999585675965703802e-01 6.713426656389855918e-01
6.147740358605449096e-01 6.635492295245162264e-01 6.949116463668288945e-01
7.047304234896386577e-01 6.937591190669846197e-01 6.358461525872804998e-01
5.670873383586551020e-01 5.883102589732920329e-01 6.730716512782214389e-01
6.367696956359257809e-01 6.436597098655648663e-01 5.550664748823405104e-01
7.579335487511434932e-01 8.003759348141368246e-01 7.302921848036394437e-01
6.671168077557038112e-01 6.886910797211469593e-01 7.342426431287869537e-01
5.326386612284159661e-01 4.956779254266288071e-01 5.043496707719195005e-01
5.375675899972389704e-01 5.095040817818099477e-01 4.865126385234896933e-01
5.818067002745610505e-01 5.396437511086210614e-01 6.126633281434467060e-01
4.222823749718712105e-01 4.066946942615129457e-01 4.704881557156198602e-01
5.312204428900406672e-01 5.526891453596357584e-01 5.177361104224151855e-01
6.082691000146678295e-01 6.164443583306664642e-01 6.208184257275591866e-01
6.860494305928743763e-01 6.542032711702413517e-01 7.413810741984756536e-01
5.575757252714161893e-01 5.510151491075371277e-01 5.931706427914207325e-01
7.274493305848939162e-01 7.740377387107072460e-01 7.815404351017412043e-01
5.524621161937225411e-01 5.709807764127292629e-01 5.681348963364766247e-01
6.815473970038197216e-01 6.225185070913541452e-01 6.536262939392837312e-01
7.042802958766778421e-01 6.953107872930966993e-01 6.829171669969059666e-01
4.676212273076051917e-01 4.174285617233834955e-01 5.105719430284253457e-01
6.696448253324212008e-01 7.119197949511222312e-01 6.802073583018343195e-01
3.600329138554533293e-01 3.599918729687510144e-01 3.687118502009617549e-01
4.199612602635455771e-01 3.816061587490162110e-01 4.056530051368368861e-01
7.344051883030564554e-01 6.657338996932111730e-01 7.229236537174832389e-01
7.044569191512489725e-01 7.975734218342951376e-01 8.058743869325778464e-01
5.433263512730577283e-01 5.035641484312136651e-01 4.830952179211261410e-01
4.823369162258454024e-01 5.139660820663545238e-01 4.452322526866085983e-01
4.658874596202627338e-01 5.203523624045854890e-01 4.996922474474774223e-01
4.895844930525853900e-01 4.681367322402670839e-01 4.644615688701729250e-01
5.090800415545582158e-01 5.479551649047629258e-01 5.595208115622640754e-01
7.176269633447921459e-01 7.049176108932661000e-01 6.651002541115093036e-01
4.912319942147957419e-01 4.914413263629014983e-01 5.000412142931850434e-01
4.558782971041878684e-01 4.344622841697258209e-01 4.720025637535810170e-01
6.570317109140373368e-01 6.868837361932345065e-01 6.873900896107234537e-01
5.434349389657534557e-01 5.157653355262057371e-01 5.542418299071873999e-01
6.550324641018551164e-01 7.207775952187513990e-01 6.886834423881383893e-01
6.530380819829411099e-01 6.223866987479481638e-01 6.176138208161318088e-01
5.770577867401360805e-01 5.818358007511377217e-01 6.059484275939761577e-01
5.282689285037976967e-01 4.994023544723111829e-01 4.876417340048722626e-01
4.642050571910301682e-01 5.286708565224690348e-01 4.548293287820129871e-01
7.613063239476630661e-01 7.401399657631142492e-01 8.057925173735235314e-01
7.733187771407047384e-01 7.861526722903228181e-01 7.496958544687911674e-01
7.608681723195452884e-01 7.571301089140560769e-01 7.302954070568745681e-01
7.382342278450039208e-01 6.758581433997709054e-01 7.679046040723036537e-01
4.021497263316206050e-01 3.664304870136579906e-01 4.043629968769281158e-01
6.075080325962072259e-01 5.657207571607439922e-01 6.129279946509675892e-01
7.345057985797162070e-01 7.070124270114291898e-01 6.868545756162748317e-01
5.660059629994178554e-01 5.446631686012014528e-01 5.897130381780270048e-01
7.054185381852071668e-01 7.323140271147496883e-01 6.771259081624102505e-01
4.851170022700491691e-01 5.239417957069422149e-01 4.595484998376431762e-01
4.894300058979956236e-01 4.923609475006870406e-01 4.939323093706632917e-01
6.047029995721754370e-01 5.969570544563268522e-01 5.927119280591707229e-01
5.082770376603900075e-01 4.815010353020999223e-01 5.246457217820658103e-01
5.522593059511636815e-01 5.486035991485922469e-01 5.425717642093716986e-01
4.307934901279191209e-01 4.344326294272194966e-01 4.477506081416249284e-01
4.990475911162736145e-01 5.132178404304279518e-01 5.303104212591545075e-01
4.390564473663894351e-01 4.187748035290619342e-01 4.475933848075860366e-01
6.053218109940661229e-01 5.502235287580296008e-01 5.995596652480733590e-01
6.068023370859187970e-01 6.368243281354303287e-01 6.546785978882160295e-01
5.039280349523669322e-01 4.968736661428526658e-01 6.067079053209890604e-01
6.141818342748266435e-01 5.678037456342025502e-01 6.043059408387420062e-01
5.064301661505907770e-01 5.257836386227306980e-01 5.253889126635891138e-01
8.138596222852845230e-01 7.866952993476452605e-01 7.796592318233503960e-01
7.986074225763106771e-01 8.490512512302488268e-01 8.467379443396929606e-01
7.223692309511362541e-01 7.291471014126068573e-01 6.773636800341126252e-01
5.309637265890438940e-01 4.372887864179190176e-01 4.781756179023092801e-01
5.638814027052001521e-01 5.268537612762410616e-01 5.239648687992218834e-01
6.493123539245516662e-01 6.638085359357857040e-01 6.099206525389058164e-01
7.109034180526996316e-01 6.706987004350491999e-01 7.253867889793883528e-01
7.517406446753871485e-01 7.553702141471277942e-01 7.515587055231938152e-01
7.181653996968443421e-01 6.398772568531070348e-01 6.217546173064395498e-01
6.242925289330210070e-01 6.338653279700897647e-01 6.273343373611560692e-01
6.420466474418659031e-01 6.291536516234174092e-01 6.641449675268816799e-01
6.480513698551838564e-01 6.196991164207569236e-01 6.104478331534358704e-01
5.684660884631144162e-01 5.772758030885443148e-01 5.502124296944427284e-01
5.324694458468368641e-01 4.780690504847489586e-01 5.014005085114532356e-01
6.214966633054245237e-01 5.615202820981625154e-01 6.412130960732926876e-01
8.235034775398631934e-01 8.569940638643779307e-01 8.266933232721284108e-01
5.057742713721657957e-01 5.292757409616249964e-01 5.235096563458002672e-01
6.618586827282421092e-01 6.867642042340516007e-01 6.318971611572161695e-01
4.269013235611188173e-01 3.809469734138969388e-01 3.818432099285724579e-01
6.819954447510049311e-01 7.313054863153112262e-01 6.495548517162578195e-01
6.440583722270937228e-01 5.792221723120049015e-01 6.072745356286785023e-01
6.601437914863111933e-01 6.882363432518527890e-01 7.282645247296239965e-01
6.492238326511320379e-01 5.645716709400865341e-01 6.861092115182546580e-01
4.875595576599818792e-01 5.420451696926170682e-01 5.771433575748949885e-01
3.913270515052599818e-01 3.063640978272048621e-01 3.477089476898579945e-01
5.734376299653340947e-01 6.479028756795216504e-01 5.989279465103284350e-01
6.475390880109508362e-01 6.884720226051392888e-01 6.870356030106944401e-01
6.251936905288125734e-01 6.304130606961332317e-01 6.500066794742620502e-01
4.813667808342653176e-01 5.399032111268105005e-01 4.984388576301293505e-01
7.035280247879920346e-01 7.796799166740150389e-01 7.639078443749754976e-01
6.971277654764405085e-01 6.822875688791268933e-01 6.366953643707325972e-01
7.394369913274491113e-01 6.955450277652825974e-01 7.407601912122715460e-01
7.073424323126040747e-01 7.072732354242982078e-01 7.145010516599467065e-01
6.107806016207129041e-01 5.963824639228462177e-01 6.343015917532620618e-01
4.941377628671415612e-01 5.448892014309900667e-01 4.586485266959944851e-01
5.702311235312438331e-01 5.869927248275643716e-01 5.635699402989904350e-01
4.736380007748726140e-01 4.570146481049020548e-01 4.352883653636385741e-01
5.455007674533884909e-01 5.825402953835195907e-01 5.718079356278279457e-01
5.278802004260215730e-01 5.602644739393310980e-01 5.817333180579711271e-01
6.497839236866308488e-01 6.100364851218985640e-01 5.941422664834958844e-01
4.183373626289929592e-01 4.309778484626529127e-01 4.091403219882032150e-01
5.932511010523183748e-01 5.825320165946702433e-01 6.456771511882755110e-01
4.784451526484962969e-01 5.107740741243838034e-01 5.095825247647300937e-01
5.714468908015650772e-01 5.892179042095196939e-01 6.074872831719894117e-01
6.162406080773075168e-01 6.143583362690410166e-01 6.057331820205855699e-01
3.514798690662134240e-01 3.788246469167307895e-01 3.757903191985003666e-01
7.037509388763184548e-01 7.062058471021814832e-01 7.297687621400251734e-01
5.939014508614813836e-01 5.967376290215423706e-01 6.101209819566285608e-01
6.427292998171019178e-01 7.058093234477537115e-01 6.678304688225359387e-01
5.024739151718697894e-01 4.921621841691954380e-01 4.250843403196958303e-01
7.077666935434320239e-01 6.828105597507885260e-01 7.086444418387145561e-01
4.477663227375747734e-01 4.854159812873015678e-01 4.921041701527072987e-01
4.919876279167949007e-01 4.932065082205838724e-01 4.623514318819446078e-01
6.858152788670347499e-01 6.060955306349843363e-01 6.417421770883829923e-01
8.147434940006479387e-01 7.657622022438368425e-01 8.137508131022790359e-01
5.931669672807250437e-01 5.418740074567709453e-01 5.357877874536428608e-01
6.662785083192549473e-01 6.480419080100792151e-01 6.843104231190881848e-01
6.790420472323372980e-01 7.371250235483015611e-01 7.447627028973586860e-01
8.312322687121526110e-01 8.268567678235723140e-01 8.534171548923599193e-01
5.309702797962856380e-01 5.270695678883580149e-01 5.524828979661876582e-01
7.292981831200786580e-01 6.859020193424699707e-01 6.361030404738311494e-01
7.172687306246748884e-01 7.470382192994206028e-01 7.268472759789381676e-01
5.201726512624504917e-01 4.710628742559537785e-01 4.928898766176195156e-01
7.439361937134435498e-01 6.580567239294532467e-01 6.533857533930139683e-01
7.161472928128749249e-01 7.009178519372594174e-01 6.964907923284683333e-01
5.890061336638511280e-01 5.491930439507571871e-01 5.821163485772054003e-01
5.490650447874871887e-01 5.311677593222245974e-01 6.436800958133707118e-01
5.937711941059898857e-01 5.999452925310635454e-01 6.296191600728089366e-01
7.149848468886570441e-01 7.093487590732165948e-01 7.042883690792334228e-01
6.071724531987099382e-01 6.315086875115043519e-01 6.306122167778599463e-01
6.655869023970074627e-01 6.628035519171004974e-01 7.092772578440434961e-01
6.568775342220645186e-01 6.293269125052882718e-01 6.094930252508986568e-01
6.932604549830735374e-01 7.154525163803309162e-01 7.413117590706076454e-01
6.907108396086510949e-01 6.767408059452202362e-01 7.431170728853636609e-01
8.091116436112097965e-01 8.071684719372728134e-01 8.021138720422037460e-01
7.574178453344012629e-01 6.831401842916294820e-01 7.175901403896177699e-01
7.081171343148235930e-01 7.039782661456486235e-01 6.749085924284425886e-01
6.702181521555158339e-01 6.909107571747866716e-01 7.073280768584149225e-01
4.554187088612193790e-01 4.589767779001178716e-01 5.486492516969637689e-01
5.928223698746538650e-01 6.349379307149405349e-01 6.072935183158869599e-01
4.742497801615621622e-01 5.146895465940362069e-01 5.032186682494727004e-01
4.882964016869198454e-01 5.749514706413617615e-01 5.099706257166565226e-01
5.688776688915503366e-01 5.552156796941936090e-01 6.161727970217890649e-01
6.313345017022582439e-01 6.519578483366385013e-01 6.161451800248790578e-01
6.369676962689841959e-01 6.274040387193657864e-01 6.220682049835516425e-01
6.417645280913417682e-01 6.570350424932523969e-01 6.486266531262244728e-01
5.809145408720642889e-01 5.976837581408439570e-01 5.778334848775531496e-01
4.838226509339915715e-01 5.074931174628193320e-01 4.600416741129865761e-01
6.690793914490441585e-01 6.851393167704089571e-01 7.031889316242754262e-01
5.761627911901370247e-01 6.093044866349623945e-01 5.793539978256685430e-01
5.171679821538160970e-01 5.901318924556924195e-01 5.226443712778912065e-01
4.762492462833000095e-01 4.477710157837217486e-01 4.336199510127207168e-01
5.973668535731487816e-01 6.291932050074798832e-01 5.557321085800850380e-01
5.120638632702902981e-01 5.023112533672117186e-01 4.706619631921422076e-01
6.579180040984888844e-01 6.706710886881842582e-01 6.682734184905072539e-01
4.040055228830884970e-01 3.836809267794883960e-01 4.752833131684640056e-01
6.981678772760374629e-01 6.441698092886369853e-01 6.316693732232405711e-01
6.454752725232782984e-01 6.273894847294044785e-01 6.431316368423248830e-01
5.773198995563216807e-01 5.935609009307423189e-01 5.045273574317175047e-01
4.541786190829440462e-01 4.710910084730170477e-01 4.869068390531313684e-01
7.914818503695560947e-01 8.140712993340963877e-01 7.958497597503042531e-01
7.196231141806711529e-01 7.614369340426185850e-01 7.743564739172806854e-01
4.509176274688419528e-01 4.124792096144828113e-01 4.535899782803221592e-01
4.985371457398589112e-01 4.523691910657865467e-01 4.847511829979871401e-01
5.163900487204000633e-01 5.203167890865435519e-01 5.446546035726441692e-01
7.153084385673615930e-01 7.890274356868941519e-01 7.492689098540568082e-01
6.270908540854445157e-01 6.519695828143834415e-01 6.639542022868828441e-01
6.517461425581635437e-01 6.974493387237307163e-01 6.990629321841161925e-01
5.161004136128719555e-01 4.949324797266694276e-01 5.089780375686834279e-01
5.165506290256767219e-01 5.269573892113756930e-01 5.074350077447453700e-01
4.960041229413577613e-01 4.491724325471911361e-01 4.926195842156471660e-01
7.011755440722206023e-01 6.718166738080785239e-01 6.628623056534970193e-01
6.384669270965368515e-01 6.024539977685301473e-01 6.688830898639489542e-01
5.909164014541006260e-01 5.742383354993877420e-01 6.037932573140805115e-01
5.849956574740587945e-01 5.778066278195520544e-01 6.084420584467643556e-01
7.030909916641726598e-01 7.525191771562106391e-01 7.152032772185553666e-01
7.369029419496118116e-01 7.144621276198547255e-01 7.129306133516482014e-01
7.642435370100801872e-01 7.338861615818429440e-01 7.195571275337799833e-01
5.112400878781729885e-01 4.593094722365559934e-01 5.128956977046028598e-01
5.378885471500721716e-01 5.440445451098790963e-01 5.482324434074480335e-01
7.339057734429642599e-01 6.659549084758505932e-01 7.519227455812599326e-01
4.919405036496148909e-01 4.800185886118480960e-01 4.642759241832634665e-01
4.017037049303719964e-01 4.243793237182109102e-01 4.155879328061953260e-01
6.041980900823846756e-01 5.629385609423485093e-01 5.701179882589626491e-01
6.085877223733874297e-01 6.004794013788642415e-01 5.900866066019035960e-01
6.959701781800718967e-01 7.163390289114730525e-01 6.402561508967892223e-01
5.772107670821327030e-01 5.653212884805624006e-01 6.120031262918932402e-01
6.987151009903802557e-01 7.625035373497413005e-01 7.069792860484962471e-01
5.568571364291039494e-01 5.599734550102842823e-01 5.704785231947586688e-01
6.879157145684005048e-01 6.736619801443796129e-01 6.880665579811736654e-01
6.471527451809637732e-01 6.037754807796422707e-01 6.070396513869503741e-01
7.568734842972852928e-01 7.609214300344095960e-01 7.528208022631869278e-01
6.963767520967096836e-01 6.714027658396759524e-01 6.822133960621471482e-01
5.928634993578403289e-01 5.980564874099630890e-01 6.273166462337196325e-01
5.993495856180257597e-01 6.153929388509565834e-01 6.700796372074430129e-01
6.256162793195610972e-01 6.174626423445117585e-01 6.383875606939523051e-01
6.464814132938716540e-01 6.427391777426402220e-01 6.534252096729514792e-01
6.250325743691926839e-01 5.834183551087617214e-01 5.908110942267785770e-01
5.802034449814525985e-01 6.610063365833724891e-01 6.723785896538976292e-01
5.918000187181593486e-01 6.001942028598538093e-01 5.175177608908037019e-01
5.892508817730107706e-01 5.987145251309010652e-01 5.935618668901014860e-01
6.015737190207738339e-01 6.485212358003810129e-01 5.926563715587183090e-01
5.846550211000449693e-01 5.963487260242686938e-01 6.167946145333993435e-01
5.925420496781912405e-01 5.473400543897003478e-01 5.909215416957830369e-01
4.974749469220636211e-01 5.530970461016608830e-01 5.428458338840441710e-01
4.921841157438859859e-01 5.001196445821446401e-01 5.078499400399169028e-01
6.241992177375168538e-01 6.051855183906741376e-01 6.816066342483215745e-01
7.398274115702092590e-01 7.422275296360956176e-01 7.278665986101846563e-01
4.350242631416637029e-01 4.491190209236792241e-01 4.805929199492812165e-01
6.846035609482485906e-01 6.614448158948659229e-01 7.252448732753493665e-01
6.791448011022379605e-01 6.631919948680738974e-01 6.728756029835146757e-01
7.185576995450242421e-01 7.590644088502295217e-01 7.532230068392895550e-01
4.429229260604217178e-01 4.535870558823553167e-01 4.446112948170698465e-01
5.217098757455095326e-01 5.628547172887160555e-01 5.841297176038684480e-01
8.919515701149264286e-01 9.036720169433134497e-01 8.483600447969432690e-01
5.725701217052640013e-01 5.393332143454776517e-01 5.959465045043935705e-01
5.623997612404887381e-01 5.551638678389428927e-01 5.425212683113462830e-01
5.931622656322133036e-01 6.166900907436217993e-01 5.941384303854445603e-01
5.205206892808947883e-01 4.864462018244180563e-01 5.567739270364215898e-01
7.050308440934622833e-01 7.013186879010029351e-01 7.546430363746103875e-01
5.141747265457710103e-01 4.637489938661411570e-01 4.621534423174120110e-01
6.742257076272255567e-01 6.653046015597785523e-01 6.352029994308469041e-01
6.088169095661680741e-01 6.748310880438984638e-01 6.169327743187824620e-01
5.956937016041536914e-01 6.291794964038944782e-01 5.718957830667854569e-01
7.302253882525631123e-01 7.534374184922453255e-01 6.921056095542308384e-01
7.407608733160139236e-01 7.147029199437313629e-01 7.783410517236005743e-01
7.763698495513206010e-01 7.137807094271246822e-01 6.621958993776783098e-01
5.395377294760330678e-01 6.233447752826165589e-01 6.037921522809605035e-01
6.527037371294445167e-01 6.270964648278443132e-01 6.138496327243957440e-01
7.212375863885246430e-01 7.475982285354864088e-01 7.120230296629821432e-01
5.155073863492163344e-01 4.903332044701532721e-01 5.324387813794908553e-01
6.043044590566211127e-01 5.932946293007285155e-01 5.283813987475989293e-01
5.192280707496624848e-01 5.299985305769679966e-01 5.035634489335958364e-01
5.732410570831469876e-01 4.439964737632424718e-01 5.108948629775040828e-01
5.520254627983786078e-01 5.329486509490198864e-01 5.878101391299613843e-01
5.339742608331430329e-01 5.185510675626261445e-01 5.238786463068413335e-01
6.749129376264821900e-01 6.083504206014175297e-01 6.343590176494527944e-01
4.282111303154760296e-01 3.947672541468079666e-01 4.229583889325029267e-01
4.573475360392699751e-01 4.653409113079780002e-01 4.445711830366359529e-01
6.269918990973845085e-01 7.059113918188338888e-01 6.452412740029697114e-01
5.693735299800148919e-01 5.776806772360204567e-01 5.810416625065122354e-01
8.129957579104135634e-01 7.881427735808606005e-01 8.649102421426849707e-01
4.611930403198461481e-01 4.838877291975369754e-01 4.525796132457147181e-01
8.108805740730048450e-01 8.128138896734177221e-01 7.794123462282921411e-01
6.337991942640756049e-01 6.192450702081553349e-01 6.284331800211016006e-01
6.199826857579912032e-01 6.457371696281734019e-01 6.338466157729940598e-01
8.009768930398601938e-01 7.966616381518436540e-01 8.250675270906415726e-01
7.604058142820914190e-01 7.354668982170378122e-01 7.702191290176888527e-01
7.761732746544837136e-01 7.322359216655978109e-01 8.222021492221003314e-01
6.444514267944120300e-01 6.750699347809321349e-01 6.368029300465908316e-01
5.525958349117821022e-01 5.164918982755325461e-01 4.954768539514170511e-01
5.441509615578565828e-01 5.915440726412974914e-01 6.257555214759725759e-01
7.511352176822011506e-01 7.444200120470934046e-01 7.496763290034680338e-01
7.504880845080967866e-01 7.393801653749737524e-01 7.477150935857863612e-01
5.986644920325172592e-01 6.201181560966955164e-01 5.900702355490324846e-01
5.973699012629989369e-01 5.713183837098250173e-01 5.572325393063676247e-01
4.937630718027181675e-01 3.905764252806631642e-01 4.034990747713863013e-01
6.546168197307840053e-01 6.577763556478212204e-01 6.355146224179143433e-01
7.334815165612246224e-01 7.701407956509058739e-01 7.655318029750345366e-01
7.989803311674431585e-01 8.252061806747721384e-01 7.914797943127335200e-01
7.122451383864969454e-01 7.315851341507992878e-01 7.332955365428914796e-01
7.694818431880520171e-01 8.127843051812418951e-01 7.422144611784469159e-01
6.322737775198077337e-01 6.441424208268355933e-01 5.871445275523090590e-01
4.673729101389559326e-01 4.867867825730984310e-01 4.399085093136744229e-01
5.827704203573971231e-01 6.283747117932501070e-01 6.330339966446892896e-01
6.127837508416354995e-01 5.474628040088418413e-01 5.434259526426347131e-01
3.658933516975945155e-01 3.671277479484109096e-01 3.878517215645563287e-01
5.988347995893320563e-01 5.877210082356613130e-01 5.932026330350268495e-01
6.460719122528051361e-01 6.412652721647330578e-01 6.450417752563811780e-01
6.950823286011873492e-01 7.092923379731143063e-01 7.507710270969988331e-01
6.465642335724506307e-01 6.213430248803254452e-01 6.434917326669640225e-01
5.498014350889470769e-01 4.967062907704078989e-01 5.328481765129368108e-01
5.552141080178635280e-01 5.557003418548647211e-01 6.122900130846969935e-01
5.420030908958926030e-01 5.800604875612525024e-01 5.121247021750269246e-01
5.073050902919437055e-01 5.681869940127466378e-01 5.250786454140816684e-01
4.617858240366360389e-01 4.270458282929958105e-01 4.217074625514711794e-01
5.643355487445202989e-01 5.780895903248253198e-01 5.028610140704122822e-01
5.933714060462991213e-01 5.742516765352480013e-01 5.007948800035471049e-01
6.978839460979772147e-01 6.132335773481025765e-01 6.494631260799837991e-01
7.722222389770941886e-01 7.907633836366390057e-01 8.000007996120422904e-01
6.095713230046786446e-01 6.203769598843100752e-01 5.975624935204736365e-01
6.099319432556534748e-01 6.944792573004932024e-01 6.887769940257580936e-01
5.142551121046972096e-01 5.665178919181710349e-01 5.424463539263264522e-01
5.542291291579635182e-01 5.264249227796776731e-01 5.385792107150212393e-01
6.679465806090266744e-01 7.028054639847209906e-01 6.184324979378490461e-01
4.298882933277867191e-01 4.142401071904217580e-01 4.238148525891572427e-01
7.435506112305102500e-01 6.920797210148020850e-01 7.049891030144180837e-01
8.021955853620899024e-01 7.781249198849100601e-01 7.776460867927367238e-01
6.153868269930836687e-01 6.174521975897477866e-01 5.868145389707168924e-01
4.843970988921020848e-01 5.098841754904650525e-01 4.125166888216449390e-01
5.551290673268300946e-01 6.011479070601785102e-01 5.543523882873120368e-01
4.404614615323533822e-01 4.679441612343283596e-01 4.500652989721991015e-01
5.668970228083013430e-01 6.067430380864321515e-01 6.173943205223780817e-01
4.312371199823014090e-01 5.142194663123225151e-01 4.178856360087481181e-01
6.241416301670851263e-01 6.084426014135532190e-01 6.651617343565489060e-01
6.045775484613055140e-01 6.527591349675528898e-01 6.880057271742171521e-01
7.052681565236387229e-01 6.641382760140811525e-01 6.837396377920622603e-01
6.379787986496220364e-01 5.927956994825408499e-01 6.688785543125537192e-01
6.996559189306413851e-01 7.011114892264251885e-01 6.390378063061546987e-01
5.329968755409831838e-01 5.171399434669704531e-01 5.551960418659190877e-01
4.974748867057041668e-01 4.782483499246095171e-01 4.815145590086153393e-01
7.352040205986659638e-01 6.756229071863206759e-01 6.494378778298641741e-01
6.729250060552348645e-01 6.136237703846110225e-01 6.335762558884096007e-01
3.986223208987362265e-01 4.577276181290080292e-01 4.833110215219855177e-01
8.130773811397693507e-01 7.505812029175864541e-01 7.442667503917111960e-01
4.315652803804828630e-01 4.457720034750803917e-01 4.668369954888507700e-01
4.047306868351814302e-01 3.919676205698903182e-01 3.803766056474945922e-01
3.262690347903235977e-01 3.877531290497474581e-01 3.172168592625726480e-01
6.940171944620309175e-01 6.678452962029804985e-01 6.904113599724813755e-01
5.223970142282849949e-01 4.511931453356036181e-01 4.604751663431330688e-01
6.622208062335744883e-01 6.889663813267599135e-01 6.525893606115701351e-01
7.435899548016396965e-01 7.615759946564703009e-01 7.778751888189463504e-01
6.754405497039338568e-01 6.506339981265761852e-01 6.124826962043795620e-01
6.696081050562558978e-01 6.522947653500360543e-01 7.058708958327732930e-01
8.243204230254532749e-01 8.151348583365334299e-01 8.046003465244224717e-01
4.782277563912405993e-01 4.277476376087693266e-01 5.029345740267520126e-01
3.941264302468026615e-01 4.426489511206674887e-01 4.545076420313932108e-01
6.926030989160489870e-01 6.900037788671744554e-01 6.536362318809908478e-01
3.634765256526009680e-01 3.620707777284236650e-01 3.139179738682186249e-01
6.494364056547115016e-01 6.731335775507145680e-01 6.690787407342061455e-01
6.527589309149997021e-01 6.888527950940979139e-01 6.607732090766278432e-01
5.479047654577406945e-01 6.367698114144668686e-01 5.335899406389157384e-01
8.744685334857580372e-01 9.356352063488407866e-01 8.735565417690767109e-01
4.136164991606906538e-01 4.135877847586196809e-01 4.304106810153982554e-01
6.089481677019964456e-01 5.817928017173921162e-01 5.724033284561970136e-01
4.726563152356720310e-01 5.057141949089274391e-01 4.702999755391490955e-01
6.702976503346426140e-01 6.235298458573793612e-01 6.634267128240550759e-01
5.628065811209533864e-01 5.325022426342489457e-01 5.380389983882409854e-01
4.429389147375701330e-01 5.495479338205759845e-01 4.777436250233439430e-01
6.548863182151374307e-01 6.270911401270947705e-01 6.219369497022375626e-01
5.811201629865804241e-01 6.132460916883485380e-01 5.585284138279803523e-01
5.098796828078643317e-01 5.148689340090035760e-01 4.811513911081284345e-01
7.845070394569315653e-01 7.354405700807652435e-01 7.142035379210512902e-01
4.887478120804448212e-01 5.058113690788630379e-01 5.189420931910809776e-01
5.518527069209122615e-01 5.724956036594632813e-01 5.124001849641135475e-01
4.470265993135858484e-01 5.279822808441937410e-01 4.850520186455537508e-01
6.334581042493235836e-01 6.623998555543829658e-01 6.217228835069699144e-01
5.799577632249959258e-01 5.664912402813504499e-01 5.763705863548265196e-01
4.963880315609233707e-01 4.561804065704427869e-01 4.466402175248873618e-01
3.643096819558194754e-01 4.196613713961798164e-01 3.834690490366119975e-01
7.680901243944853185e-01 7.276612686204492197e-01 7.163187365580069299e-01
4.113075193536556706e-01 4.344691468603634754e-01 4.396267384392966160e-01
5.600668123009447941e-01 4.901263555498639457e-01 4.848277951715966316e-01
5.542565666188248308e-01 5.335954356129989362e-01 5.327714852944469559e-01
7.490656803970704436e-01 7.638815585809830555e-01 8.054214536956016968e-01
6.756945461611805204e-01 6.810598501828386553e-01 6.187750762909131064e-01
5.662701527496153409e-01 5.786597956570318502e-01 5.412386486932413421e-01
7.103236405496672345e-01 6.907154036911888895e-01 7.517650995994019647e-01
7.066690643451400966e-01 7.056116913056372786e-01 7.031345515620963660e-01
8.342233260664053685e-01 8.303203748037509824e-01 8.345721138167667696e-01
7.335135888817255756e-01 7.040384618033802555e-01 6.240352838440293981e-01
3.460380887111932924e-01 3.951418465995735763e-01 3.667302506213944158e-01
5.418700976938479741e-01 5.178581562612526445e-01 4.922464105722092476e-01
6.057444910179999864e-01 6.014901379615420485e-01 6.044380510008529050e-01
5.689422754947274230e-01 5.531403365108485959e-01 5.390960737992422924e-01
5.619516575721931195e-01 5.560182934799398069e-01 5.195965551000798488e-01
4.688367690459756543e-01 4.793886001652618023e-01 4.860066398390505693e-01
4.580412296932798166e-01 4.040038026137233174e-01 4.390372465555588133e-01
7.720577115504402288e-01 8.071472581755572140e-01 7.945535104711052288e-01
7.036410009792852804e-01 6.609099748713292977e-01 6.968248308914856137e-01
5.955775868088833969e-01 6.439569471802937262e-01 6.370834260095188384e-01
5.045423186320397990e-01 5.620778321080618367e-01 5.216701532938787800e-01
3.600761997339950171e-01 4.007033917170612636e-01 3.865061239979388774e-01
5.827199245809872030e-01 5.967143742347462698e-01 5.736621207946313028e-01
5.053829539941047111e-01 5.432677973756476764e-01 5.253629850627754561e-01
7.018479107302968423e-01 7.058401850752177298e-01 7.030138471221041296e-01
5.163394140315126224e-01 5.686167231630343544e-01 5.270854677488984175e-01
7.825337609353134605e-01 8.288952544761253316e-01 8.408197276456756963e-01
6.003277865596526874e-01 5.834747949814353962e-01 5.985455129537987640e-01
6.315271322857053393e-01 6.597697703718086171e-01 6.189005399125019347e-01
3.608623093407808402e-01 4.141874253087383106e-01 4.054860236801481332e-01
6.887625996335782208e-01 6.663500792633828551e-01 6.806715990360868718e-01
6.089293120929919478e-01 6.392131536336942421e-01 6.472423438798554640e-01
4.942102650805252906e-01 5.197146920718551666e-01 5.528328436076832553e-01
5.531610639123976103e-01 5.577100119974934822e-01 4.932700764041823560e-01
7.940770806590282671e-01 7.534973589664756277e-01 8.001708791952385491e-01
6.032653844778216312e-01 6.136414061159483069e-01 6.102907193443147804e-01
6.023107941833282242e-01 5.552024533789263749e-01 5.629597832007784408e-01
9.023090857744314741e-01 8.489183412010319341e-01 8.542669107792432159e-01
5.722860147575543621e-01 5.561500275952641070e-01 5.042950198919569083e-01
5.336960802331988107e-01 4.866285518483585704e-01 4.638731708636052442e-01
3.660781567315936069e-01 3.757623888928551259e-01 4.063903780109213160e-01
7.448981127946757708e-01 7.250536391144790649e-01 7.024648312363315217e-01
5.231976972896676958e-01 4.886582398042635389e-01 4.443581983934005164e-01
5.333000816429781521e-01 5.121253998567406596e-01 5.590452570125056253e-01
7.134597316313935345e-01 6.975157695821172510e-01 6.939688686037275289e-01
3.903463723042298605e-01 4.166739710308813294e-01 4.031199993727447861e-01
6.653698942087759027e-01 6.967756364353480114e-01 6.799130040324168345e-01
5.201036065969623090e-01 5.337738863264450684e-01 5.661496662540913549e-01
5.816361231085618311e-01 5.940537000064327611e-01 6.117805192234335721e-01
4.379295092706618209e-01 3.983865692083212173e-01 3.846317659431383595e-01
5.676773947110554941e-01 5.707005992738902744e-01 6.025241247948250889e-01
7.476417267895989482e-01 7.627749046573961689e-01 8.013355101228156752e-01
6.577609743724580627e-01 6.441357850363172988e-01 6.833725892670102775e-01
5.557903492427110903e-01 5.757216038308065054e-01 5.491564620229115734e-01
6.097847176690874837e-01 6.065273615604772628e-01 5.492234321435278677e-01
8.134606562175200617e-01 7.929839817453261386e-01 8.056948216528971862e-01
5.311770642916864293e-01 5.556654111854748557e-01 4.613411897058686817e-01
5.314643666051822590e-01 5.003349236775601616e-01 5.397341018766939058e-01
7.353215507650466831e-01 7.662458522201294198e-01 7.631851757615500942e-01
5.621204146466292073e-01 5.396980814933169945e-01 5.191538615314280625e-01
4.911885051784598000e-01 4.859971777105267510e-01 4.563199849833920463e-01
7.353396849347583197e-01 7.713739578762137672e-01 7.571088744164055084e-01
5.472157316010038963e-01 5.993378967289808568e-01 5.779402523739219921e-01
5.167898200464099423e-01 4.678011286365668098e-01 4.971897469137150360e-01
5.948682607662849620e-01 6.340225480960109961e-01 5.807400492925273161e-01
6.856377055267903753e-01 6.487254428541447959e-01 5.929403662333694314e-01
5.829152932396742814e-01 5.642843999108676512e-01 5.989438742688779627e-01
5.831130396432948615e-01 5.520269258919244804e-01 5.719164961778437917e-01
5.203738337366679012e-01 5.217403873156770677e-01 5.565629881950941993e-01
6.220832234913439285e-01 6.468666825053168701e-01 6.692611719872378906e-01
5.788219604430490106e-01 5.499675356493128886e-01 5.985288996181533649e-01
5.648864845740406704e-01 5.258298884417493824e-01 4.792054461038705582e-01
6.450024870877244521e-01 6.009547609948323599e-01 6.253974764356097227e-01
6.896382912126887144e-01 7.582576135716673216e-01 6.462659298949122721e-01
6.404397867326653282e-01 7.039106975804655386e-01 6.769007906462616297e-01
4.255072956421616093e-01 4.183172551954117968e-01 4.411044670429640213e-01
4.828934570616635336e-01 4.278875752031323088e-01 4.360324016146521209e-01
5.500619827014915364e-01 5.352242248835837879e-01 5.749431819492870632e-01
6.292074320280982569e-01 6.638291198559413964e-01 6.353049036232618629e-01
5.798666585652858529e-01 5.753462204651103029e-01 5.646185199352067308e-01
5.634009553781900159e-01 5.029296704581223132e-01 5.661148018963015893e-01
7.595138588858401096e-01 7.523983992790028719e-01 7.811318198367014354e-01
5.599591208239321771e-01 5.232193758851878540e-01 6.286385026099005069e-01
4.684462383636881500e-01 5.068397019485132438e-01 4.599439678478686733e-01
7.118122961367564505e-01 7.286044877848244505e-01 7.366458900386296804e-01
7.236530394156652779e-01 7.004919042074722046e-01 6.962835892467570398e-01
4.295510002896506530e-01 4.784582547019770593e-01 4.719920826251950974e-01
5.667546307656792237e-01 5.640963983119875458e-01 5.788881254872216831e-01
7.782456676710309829e-01 8.243772086627836337e-01 7.509009501424308564e-01
7.622272123646105513e-01 7.391189789038794533e-01 7.853934036668709373e-01
6.595730718080735633e-01 6.360398268537124089e-01 7.254062023992822184e-01
6.909582367871005548e-01 6.950803387208096540e-01 7.001825827411353176e-01
5.265850638044536902e-01 5.651951694152257399e-01 5.227529932333082607e-01
5.665018186182737558e-01 5.621073510072787105e-01 6.415014696113993109e-01
6.465117020161509354e-01 6.882694039685157694e-01 6.887452515517312746e-01
5.621057998120636556e-01 4.624151128649121589e-01 5.331612175560083156e-01
7.198226627227612973e-01 7.595263184229308351e-01 6.756474686716865685e-01
8.344074374461752930e-01 8.347316562373425786e-01 8.138078554162935241e-01
6.781512112755858634e-01 6.415459029843885164e-01 7.012780547297038369e-01
5.422217644842259876e-01 5.688661591654190497e-01 5.636126186055124831e-01
5.464072066896599189e-01 6.050717378509288258e-01 5.794988322399370340e-01
7.030793899348717346e-01 7.330039573277427056e-01 7.638661196102819462e-01
4.366296207932489626e-01 4.807995320030114539e-01 4.318419884143743781e-01
6.061596038223123761e-01 5.987258272179963869e-01 6.188867267845208353e-01
6.284538322591717296e-01 6.372152907636035035e-01 6.600961650217952448e-01
5.226895127399640018e-01 4.702129836076603397e-01 5.196857831169687802e-01
5.698230003555120327e-01 5.512451322048499414e-01 5.903280399650495669e-01
5.229454237143978945e-01 5.005653235283881175e-01 5.462602887084065939e-01
6.188010135119120791e-01 6.361585069030536443e-01 5.688630250587769499e-01
4.579799674739845061e-01 4.215539964701602305e-01 4.735747602243231547e-01
6.722661938712979346e-01 6.620165868537116749e-01 6.846873379977543861e-01
6.530428500969568395e-01 6.509147205836854910e-01 6.298458895273273406e-01
7.026515426851704937e-01 6.785179483138942258e-01 7.007833447659068682e-01
6.442235678538799082e-01 6.199025512851555897e-01 6.261607308329579791e-01
5.941404628160740220e-01 6.480617081213506658e-01 6.237474726449445672e-01
4.523206675502214891e-01 4.289374305386376429e-01 3.813113593576362703e-01
5.043379548339788077e-01 5.572394719713269495e-01 5.737856526868335694e-01
4.866436870430019823e-01 4.783317502301645541e-01 4.732989367791644586e-01
3.672087501491990702e-01 3.635569628255597707e-01 3.535063053709023850e-01
2.868488749030808638e-01 2.548576660970970909e-01 2.723675006501506957e-01
5.343301750824134277e-01 5.424009306114070395e-01 5.816515235429859931e-01
6.276940330713769445e-01 5.788401666756505248e-01 6.415483304520622765e-01
4.253014874454161820e-01 3.831594846518391329e-01 3.854715387464718312e-01
4.718681071281487505e-01 4.879269564203553844e-01 4.263222230383173494e-01
5.239486043052515862e-01 5.201589061657921897e-01 5.287658269854910165e-01
8.333879707341903531e-01 8.292730958665543994e-01 8.647366347563915090e-01
5.473983183708474032e-01 4.841217871703321074e-01 5.635239841749070111e-01
7.708127128762236602e-01 7.968984939022164538e-01 7.659793087657856825e-01
4.284962290877745716e-01 5.253702339749571903e-01 4.858754539948448858e-01
7.402785094371199248e-01 7.206692838840926818e-01 7.461130073734945078e-01
4.675890271914794893e-01 4.275291404486072921e-01 4.844045736170696226e-01
5.301112701489449908e-01 5.547944247547418328e-01 5.043291636051896454e-01
5.938522701245717572e-01 5.709849448044733711e-01 5.148568363557318728e-01
5.026482710089139605e-01 4.977103529058080622e-01 5.098023582466679748e-01
7.487431353185203253e-01 6.676570492983689986e-01 7.440911835751686798e-01
6.275331582152617882e-01 6.074348530453651529e-01 5.991282569879473607e-01
7.035711330298649591e-01 6.936390543392499941e-01 6.764090526043798901e-01
7.530099621374555241e-01 7.683719686973635721e-01 7.089147146848546743e-01
6.709433549881743675e-01 7.103859214705054992e-01 6.923768325985725225e-01
5.642856565535968594e-01 5.516042129598981436e-01 5.698415280615087841e-01
5.210095530668032993e-01 5.066846493048525746e-01 5.650758705466230047e-01
7.214370159760620238e-01 6.460773368875902811e-01 6.982482740456258385e-01
5.682912238913195857e-01 5.338406175343297644e-01 6.100905778794274426e-01
5.727396615384809930e-01 5.982909968367761122e-01 5.437686539661804597e-01
4.841573949332839688e-01 5.330673407571872024e-01 5.661645041172095327e-01
5.766808035939521293e-01 5.648935383645251607e-01 6.112627144619801056e-01
7.303954871410608396e-01 7.345838086570781744e-01 7.624592636238505250e-01
5.153194005003035594e-01 5.401430855212576709e-01 5.401527735662984275e-01
7.501061976266729658e-01 7.751529945783501852e-01 7.003659360681567803e-01
7.515570702832646832e-01 7.897941751600451310e-01 7.483454017182527007e-01
3.848850819673036439e-01 4.070671238202789866e-01 3.920226996953340981e-01
6.616298376368167089e-01 6.863540319428863556e-01 7.103186906989459315e-01
6.803322370147840692e-01 6.481034499004193483e-01 6.958383249251585134e-01
6.175834315250657847e-01 6.098447765766352724e-01 5.977841028480520569e-01
3.453377265295202725e-01 2.957755362726414705e-01 3.572212406981590260e-01
5.541356984136203145e-01 5.895238468472807636e-01 4.948079333487633846e-01
3.385410209561316441e-01 3.264006102553266286e-01 3.616895425509334960e-01
4.444333349818025969e-01 3.770396183654927125e-01 4.231831193997525609e-01
6.446592652764341347e-01 6.327035476069903241e-01 6.458137806963714089e-01
5.818294698977406476e-01 5.364035617225658692e-01 5.724276368206110410e-01
5.771408429376546634e-01 5.999935239442911739e-01 5.921387125305587196e-01
6.096994371701659476e-01 5.725253262838233548e-01 6.340879380345684213e-01
6.965277185671451265e-01 6.635653725305491468e-01 6.315323801870016407e-01
5.338312302395143982e-01 5.570824992191834024e-01 5.105443880782324362e-01
3.702176947732278567e-01 3.214739919419481451e-01 3.353910719472931734e-01
6.199982629509015464e-01 6.127369653762131385e-01 6.097444153931259603e-01
5.363641506001326498e-01 5.899970855272977932e-01 5.614509243043176445e-01
5.872957920383700126e-01 5.974845405424262790e-01 5.762015570778382667e-01
6.978470582549403112e-01 6.450377094724879523e-01 6.226949996307206137e-01
5.327752252313844306e-01 5.016666489955334818e-01 5.481347177738172816e-01
5.146917230726463233e-01 4.656426794198667563e-01 5.341678652825477824e-01
6.158394820656323265e-01 5.916775273247087963e-01 6.355847012335561486e-01
5.939090740626360443e-01 5.690570852603921148e-01 6.010022333292697194e-01
7.913379961610147451e-01 8.132852150608821384e-01 7.949847660767684898e-01
6.245835032484271521e-01 5.845817554351927514e-01 5.734819638990623636e-01
5.224364896665865121e-01 5.207588315604601004e-01 5.404225024612206996e-01
4.423403116872942076e-01 4.186698566646864239e-01 4.558489469813463146e-01
5.991170582492636454e-01 5.461652341129891175e-01 5.989992490938883529e-01
7.208573921221417269e-01 7.090793322564441503e-01 6.891401837181325707e-01
2.068035488153397716e-01 2.335832456182940220e-01 2.528959523829168443e-01
5.052411313239928425e-01 4.944763933980933501e-01 4.785869683544389241e-01
6.750413170311838629e-01 6.493356105721127536e-01 6.751113284182941321e-01
7.817766982838112444e-01 6.661439399695124886e-01 7.188798211280527095e-01
4.676037045983086338e-01 4.500461706573852805e-01 4.630110580755231187e-01
5.129134953971106192e-01 4.934679517012249828e-01 4.956533493596609330e-01
5.267574833079547991e-01 4.848271748707905227e-01 5.140679220303000507e-01
6.269936244883039800e-01 6.788198860552654423e-01 7.084233589231697659e-01
5.936060863149135169e-01 5.455776450712475079e-01 5.870620591802917509e-01
5.583231941311227464e-01 5.225137694667956190e-01 5.454483459004488832e-01
5.474292162898265479e-01 4.623856429124063583e-01 5.509097329265197907e-01
4.597016688657744043e-01 5.083722417072240596e-01 4.835386297996512872e-01
5.786154623818303699e-01 5.614419839133699686e-01 5.515637445791170546e-01
4.891490368804193301e-01 5.261834667112127439e-01 5.268997999250792930e-01
6.799966535919904631e-01 6.247608122162768840e-01 7.051167789306627132e-01
4.580397866741168778e-01 4.749753227209966844e-01 4.401469571929758628e-01
7.079563644180755233e-01 7.323919422936308044e-01 7.285763979520943900e-01
5.519532882248062711e-01 5.312011768974618242e-01 5.242431906684619225e-01
4.030849237514551042e-01 4.528909408581524021e-01 4.380460980881430988e-01
5.693327874265239341e-01 5.277232899810829769e-01 5.825752326495069466e-01
6.976302490284812530e-01 7.234947627693166794e-01 6.726413216046410737e-01
7.176554652161545311e-01 7.035265061190956182e-01 6.719384065958151631e-01
6.385302198433902010e-01 5.496622269351832957e-01 6.598739528286272638e-01
5.204624396485538762e-01 4.833280858929430157e-01 4.765594747432678746e-01
4.456753058300601533e-01 4.417944083949790213e-01 4.871542517654491311e-01
4.574939244941859662e-01 5.290903670232318667e-01 4.603152618501608062e-01
4.332014142776968169e-01 4.487824935124523074e-01 4.323220707850157773e-01
7.452580993170355717e-01 7.377266947711341727e-01 7.025504226424695853e-01
5.662094093994635147e-01 5.475245620041880867e-01 6.121970617604775011e-01
6.311766576408606166e-01 6.775064104173035284e-01 6.848441185652335284e-01
4.624294990204284028e-01 4.310834577072830132e-01 4.197171158130404423e-01
5.862540908973582487e-01 5.685859269352924183e-01 5.853738660322446163e-01
7.041077636215302693e-01 6.993341753306980824e-01 7.155559516837222134e-01
7.249479472333276719e-01 7.146399292796136171e-01 6.967579779566361875e-01
4.867198801455225876e-01 4.572213236651470059e-01 4.333875049074979446e-01
5.540320328625963908e-01 5.011054898340038255e-01 5.024561994405244425e-01
5.286534900501215217e-01 5.274307417649418683e-01 5.228926257325243743e-01
5.892301628431736438e-01 6.050643765481421577e-01 5.448342729027527698e-01
5.820486127423575295e-01 6.268912802411316099e-01 5.979459113754634902e-01
5.731299288338249642e-01 6.191114927124903300e-01 5.761519886729127293e-01
6.244026468992548429e-01 6.048525156656918700e-01 7.043610747334847488e-01
6.823310795212607083e-01 6.095849089078516636e-01 6.240752983440381874e-01
5.799788934340930346e-01 6.456267647551658939e-01 6.120613856815566578e-01
7.941022283821915773e-01 7.866896323277857705e-01 7.180720577239056990e-01
6.065899231896000332e-01 5.917855862678987888e-01 5.890519464593189092e-01
6.084790350271083170e-01 5.979055428393916793e-01 5.982457635383967576e-01
5.521405520612039375e-01 4.820891507858377500e-01 5.669284989501776062e-01
7.470893846155998164e-01 7.475084312176486501e-01 7.557624313092300428e-01
6.703138356020024169e-01 6.489896388638460856e-01 6.545480579479647787e-01
4.017787300894579139e-01 4.017451537541353312e-01 4.721902551676872561e-01
7.334840554562014336e-01 7.064262926445922242e-01 7.578711522825036795e-01
7.177540845649628132e-01 7.453996476085440470e-01 7.487131276848142392e-01
4.329276532941037647e-01 4.525671919135776933e-01 4.370683178088881071e-01
5.557558611145599903e-01 5.250809635917694784e-01 5.012381939639428685e-01
3.956356993878277217e-01 3.705301113562737836e-01 4.182038725503624543e-01
6.251268730949246510e-01 5.622228084966238715e-01 5.765614567977217497e-01
6.257141052018599936e-01 6.587255590972188601e-01 5.783710467973534053e-01
7.376070446223197408e-01 7.854466498651366813e-01 7.067208183537968536e-01
5.791877197335083549e-01 5.194238756412218327e-01 5.772672430241809760e-01
7.134680179487603580e-01 7.736464665357396520e-01 7.055793480882706081e-01
6.144366899432600615e-01 5.145948012352042911e-01 4.777418202598460728e-01
4.994614572778997008e-01 4.744332511775996575e-01 5.387831332129282558e-01
6.392382775063081279e-01 6.326792753519507873e-01 6.817898053527179369e-01
4.183092428716154165e-01 4.243981621780550384e-01 4.835812747695382718e-01
6.523267001857931957e-01 6.444356678067615363e-01 6.976043799964002368e-01
4.577457655194215325e-01 4.720149749729589117e-01 5.100524148259854007e-01
6.248771281915351805e-01 5.771576754756129191e-01 6.005254040400386240e-01
6.008441595783323708e-01 6.594808309812977276e-01 6.523532896696545569e-01
5.113040748114682232e-01 5.107201087757042846e-01 5.548737236090265368e-01
8.150582003372253137e-01 7.696532624767659092e-01 7.957328664846133881e-01
6.136323734252716600e-01 5.644030163414647250e-01 5.796118622581299951e-01
6.815445192263026586e-01 6.501874842104504726e-01 6.971985058277274661e-01
5.459494186136509830e-01 5.825001018316198209e-01 6.318126618218066204e-01
4.016807016760879923e-01 4.335931414762966840e-01 4.433761287183370370e-01
3.785196721937520992e-01 3.848437841539756321e-01 3.249352795615070844e-01
5.113402721097860537e-01 5.188459082399414779e-01 4.716396374583716189e-01
6.098488889072449792e-01 5.372405067348799967e-01 6.202119329923704294e-01
5.597347056608747984e-01 5.718229360834139463e-01 5.526023738062435520e-01
6.835659406621431566e-01 6.547703918932130662e-01 7.264156084715703843e-01
7.428234245253572121e-01 7.882689363064018240e-01 7.893680118545103319e-01
5.055595650790475348e-01 4.978647445906504432e-01 5.792966915915307435e-01
7.916199747106619222e-01 7.191434259828816122e-01 6.938901318268047014e-01
7.574699329968157535e-01 7.248349187471673227e-01 7.942581064739107077e-01
4.364582864664424688e-01 4.310497691336901416e-01 4.390892988047132017e-01
5.808999368343062963e-01 5.811012678102895901e-01 5.565272009139828890e-01
6.243778172109646363e-01 5.665325023149320183e-01 5.556248828305021537e-01
5.949710967697292574e-01 5.805785044507312254e-01 5.796891499432644812e-01
4.526427001114206594e-01 4.339124645136304137e-01 4.606057198810518116e-01
7.290367639116621667e-01 7.021496128114907975e-01 6.857881369556650952e-01
8.171166940166965098e-01 8.351062253607217656e-01 8.042569901553853207e-01
6.240953146704729670e-01 6.317856836380588703e-01 6.382852328781579709e-01
5.364113918503499168e-01 4.660315922567120350e-01 5.391175468577350527e-01
5.705016938303522078e-01 5.144128922902013734e-01 5.041256081441033432e-01
6.629671511359591651e-01 6.198411159916472624e-01 6.444626791044245628e-01
6.158652570430710460e-01 6.054459910368028552e-01 5.900992924537045159e-01
6.410530452223356379e-01 6.609311370199977276e-01 5.362531384816586755e-01
7.264796830785460457e-01 7.528295124326297438e-01 7.405496102513287049e-01
8.360204122517285175e-01 8.445011386536920295e-01 8.030053193046854387e-01
5.389834261900909862e-01 5.586011191695886557e-01 5.404748087683525215e-01
7.113515586301142335e-01 7.841019624682719069e-01 7.631554778991329613e-01
6.214190985312508797e-01 5.925555140999650972e-01 6.053241107717680647e-01
7.500322751288237555e-01 7.308745499416818836e-01 7.247267311785967614e-01
5.897957237242000827e-01 5.347390604127069125e-01 5.442346848011494487e-01
5.576822803712199184e-01 6.572880861153547194e-01 5.941227095566470329e-01
6.641032767376089385e-01 6.697040700100894695e-01 7.328082613957450642e-01
5.500438707012463846e-01 5.606258884017221167e-01 5.593743972597317038e-01
5.154164929300036890e-01 5.628851891516429840e-01 5.524031496838158750e-01
7.323871134051342935e-01 7.112423716804936458e-01 6.720291589424702838e-01
3.413319138596465629e-01 3.711242187740462217e-01 3.514257678763320070e-01
6.646058777189191025e-01 7.210036304485530900e-01 6.506400632043567445e-01
5.823803021074898112e-01 6.163981328851740882e-01 6.191200927600802872e-01
5.045438154480664794e-01 5.440939760224844379e-01 5.121215396311874501e-01
6.204051544888735670e-01 5.650384622473227925e-01 5.818852396413064509e-01
7.090707413081156485e-01 6.490027863321803370e-01 6.646785425273470382e-01
6.335143441946844423e-01 5.942608885426836629e-01 6.693933512658495344e-01
3.417746292719630596e-01 3.743633049289640247e-01 3.231601284852771983e-01
6.965067997595085769e-01 7.389978260993244064e-01 7.185795374546796177e-01
5.324310035688780696e-01 5.703733803875021824e-01 6.106810598884830910e-01
7.106146810590081575e-01 7.215285143248036936e-01 6.720652451761589541e-01
5.242679622152766061e-01 5.008273014655119093e-01 5.222302909423836015e-01
4.160135934584531237e-01 4.720875292568332271e-01 4.496207467867332497e-01
7.985100276790849660e-01 7.851290100577860143e-01 7.934743661301691953e-01
7.784182137344154429e-01 7.664389611632468347e-01 7.324185978733976921e-01
6.855807427187319281e-01 6.734162872072905204e-01 6.886214198313075352e-01
4.659273322989576638e-01 5.279290586833575993e-01 4.719272749010768875e-01
7.592658746721685503e-01 7.278510997826330708e-01 7.376829146962591288e-01
5.493590942970782987e-01 5.574743263830397311e-01 5.953112540185240276e-01
6.096430322312849093e-01 5.135801261366222947e-01 5.582545865597922097e-01
4.327386356017181024e-01 3.595028876736703349e-01 4.309279647796749879e-01
5.890241692377238270e-01 6.022672219030215102e-01 5.908915053600705125e-01
4.761512733129083519e-01 4.548526285359984489e-01 4.588809270574034649e-01
4.415605787164295637e-01 4.595718463754915328e-01 4.086582808246086995e-01
6.623921773908169053e-01 6.612071734038800219e-01 6.517530319579771803e-01
5.872362709057552532e-01 5.571188065056855709e-01 5.384777545139052268e-01
6.666854019834357326e-01 6.277611620569952811e-01 6.259906197148269458e-01
6.387044451477946749e-01 6.263478830894533278e-01 6.042319304897482146e-01
6.190456343139432160e-01 6.275074706738529295e-01 6.068448810512485636e-01
6.728833968522242026e-01 7.174554315002505955e-01 6.371274015540296931e-01
4.691668048201420582e-01 4.588086371848837941e-01 4.296716014173455056e-01
7.979941560085024310e-01 7.573366171409304792e-01 7.639824443343147253e-01
6.862408606917063114e-01 6.552587266845348868e-01 6.905814989534676540e-01
5.652585087507085992e-01 5.614085476499478533e-01 5.856100332359918115e-01
7.810883042885726768e-01 7.289971059895853367e-01 7.566885443261248678e-01
5.463038658887282573e-01 5.979853224686496604e-01 5.575847780487563909e-01
7.071547656308830865e-01 7.436647735672545778e-01 7.783708981703394425e-01
6.499744284807659200e-01 6.516982045161936465e-01 6.512650820075753799e-01
5.614699566034870859e-01 6.007278629513270740e-01 5.905189529935009896e-01
5.722135336042828424e-01 6.654246895456432664e-01 6.581734125329515850e-01
6.254873037370903832e-01 6.528234195422846220e-01 6.062354618226291070e-01
4.889685159114517399e-01 4.279636019637033106e-01 3.767782614117538564e-01
6.404814059981708274e-01 6.977254705136112234e-01 7.204554886541479908e-01
6.826689102143924659e-01 6.476110080771267929e-01 6.748759370019160597e-01
6.819871371110414193e-01 7.137310277782487056e-01 7.044669194810702084e-01
5.110320839844361140e-01 5.385215974853777565e-01 5.454822764828877180e-01
7.179412914426320791e-01 6.875939079676516297e-01 7.265637888495170005e-01
6.852863366979665694e-01 7.106861790011262947e-01 6.803240149403192438e-01
6.029279899205325366e-01 5.954624265713877040e-01 5.749870333841206049e-01
4.484157980728728510e-01 4.308961180923234213e-01 4.807238407226737675e-01
4.358994189447613077e-01 4.288361885842786325e-01 3.946634289498665571e-01
5.278563084573607567e-01 4.937179439914842760e-01 4.763447491581266902e-01
5.420475685953736189e-01 5.802394660695238127e-01 5.588370351645566281e-01
6.416636206185031277e-01 6.402041325230669599e-01 6.536648623581526873e-01
6.343872054163238738e-01 6.032050866725523486e-01 6.464252048312379983e-01
6.223299162197585277e-01 5.769130623713250028e-01 5.845234148515701111e-01
6.259077342810912548e-01 6.325694902869259950e-01 6.630822076435324286e-01
4.261464120446021853e-01 4.445372042391890766e-01 4.177005081415675058e-01
9.591366318518194101e-01 9.334689642979853152e-01 9.496172129557168828e-01
7.194486591059724434e-01 7.337401137361134751e-01 7.134272603250286782e-01
5.382681880501274385e-01 5.914653663013410556e-01 5.995741816891930753e-01
6.124787794620719650e-01 6.143173935603765123e-01 5.813085010903172867e-01
6.578695350339698322e-01 6.262178312804286273e-01 6.174846412793050243e-01
4.256097693736316523e-01 5.019732303974081544e-01 4.011190077440626167e-01
7.151081628015620861e-01 6.979732061198015147e-01 7.221644136845407624e-01
7.563092564994509104e-01 6.475787470036433735e-01 6.706132668593521862e-01
5.443439789638754300e-01 4.856818891523091430e-01 5.050814864630139844e-01
4.582003910563244298e-01 4.224458574871794436e-01 4.272184461878333894e-01
5.811415254271029562e-01 6.665210363296877327e-01 6.647307970073890182e-01
5.145980285245265184e-01 4.937638022963149464e-01 5.429193285552845749e-01
7.890401276883876047e-01 7.635857262683964919e-01 8.066643480629556162e-01
6.948420447796256338e-01 7.283041820277246226e-01 7.301326346791670030e-01
5.023842667391542616e-01 5.327040487807971347e-01 5.384773330963067428e-01
6.148803083854297302e-01 5.897100882467942728e-01 5.627226182384901243e-01
4.542629212468557998e-01 3.656346762465057521e-01 3.971320056867744808e-01
6.280765394100819021e-01 7.017891989898029648e-01 6.711778551867050302e-01
6.907332433839844521e-01 6.560924704220587600e-01 6.667348114774979129e-01
6.960580666676708939e-01 6.557475511015099512e-01 7.219141652348864957e-01
5.049323456869647675e-01 5.137425295283455373e-01 4.873385171211149225e-01
5.390115919156435176e-01 5.445289255442371523e-01 5.815729325076155476e-01
7.963491337348941324e-01 7.799904335592580118e-01 8.073441702814587728e-01
7.239153923008848635e-01 7.170872498010820717e-01 6.659948528655008637e-01
4.724173837793367303e-01 4.158586420847484866e-01 3.660206552104260935e-01
3.838440455767865855e-01 3.977403938942360440e-01 3.407234562932080491e-01
7.564097736035799713e-01 6.470997534019975461e-01 7.051636570300934270e-01
4.975620277475353292e-01 5.038360146391791528e-01 5.405886010003134734e-01
5.937452471059759818e-01 6.120927458205684957e-01 6.301249007476151798e-01
7.650318351399487682e-01 7.830767700273481013e-01 7.813750864581064937e-01
5.353945469067759033e-01 5.457189294016190351e-01 4.993154506388562397e-01
5.848651472783912286e-01 6.067062496489057377e-01 5.816491194728453662e-01
7.293240593889748213e-01 7.794781297898246697e-01 6.765376587189640967e-01
7.650900482841183070e-01 7.113024059589356796e-01 6.986658076172186371e-01
5.789412478523261463e-01 6.020100693908762013e-01 6.381922078055747294e-01
4.515055411987068390e-01 4.629671224827171527e-01 4.970368716037027457e-01
5.917054018138028226e-01 6.330704962254475321e-01 6.021003840054431899e-01
7.333619674791710397e-01 7.404667307628112205e-01 7.668048110925906879e-01
4.965356856600878777e-01 4.547462610210422640e-01 4.723114540193315003e-01
7.551596668256586042e-01 6.854184656930653041e-01 7.178379826357816906e-01
5.472504625256457977e-01 5.944796100889284673e-01 5.398053194820217060e-01
5.291963027205116576e-01 5.057416576526493346e-01 5.080872854194163901e-01
7.475300611460394817e-01 7.526337862526354394e-01 7.463170003197897584e-01
6.273009667476918683e-01 5.668728197783775569e-01 6.339490806720390337e-01
4.848662891800636920e-01 4.655077824832445366e-01 3.739992301229238536e-01
8.524914034276488417e-01 8.324647385499934771e-01 8.289226458995269109e-01
6.393601253604810353e-01 6.358818639211508694e-01 6.164195775949061762e-01
7.164537256289210676e-01 6.666707686348484208e-01 6.855956738658612881e-01
6.512693847303473449e-01 6.956485923668386251e-01 6.639608731828088306e-01
6.398689860122090955e-01 6.655503351940265100e-01 6.833555625732090633e-01
7.766791774638472923e-01 7.408127702768250167e-01 7.344105877198983112e-01
4.959115762830169083e-01 5.088284320333453792e-01 4.967695318683418293e-01
6.375345602347322060e-01 6.743657975095090906e-01 6.181955613948582062e-01
4.514533287151595853e-01 4.706354698562992822e-01 4.550641621123754366e-01
6.740344764216145146e-01 6.496678634351932269e-01 6.868046460667845965e-01
7.255539501190335638e-01 7.161676572515052186e-01 7.328324796526629603e-01
5.981847966998182775e-01 6.179553860728906889e-01 5.977963152513247058e-01
5.082908990203108823e-01 5.459904520703876551e-01 5.034578934066822331e-01
6.388524826651649224e-01 5.781560386082096326e-01 6.311339627215938330e-01
8.632709230827938507e-01 8.885205622619668508e-01 9.086615800307811242e-01
5.720054232563762664e-01 5.347124445054601827e-01 5.754559798596330378e-01
6.181732437572381444e-01 5.358561812337221397e-01 6.524148177758158917e-01
5.734666277529316680e-01 5.311072650953339025e-01 5.504391026061230541e-01
4.243402109976014969e-01 4.100134807157271299e-01 4.466872921667247587e-01
5.288201473186324719e-01 5.762695567002665831e-01 5.577174083360402213e-01
6.341865173861163107e-01 5.521440368353899286e-01 6.096151826946333285e-01
5.276037628467662444e-01 4.571585408309411513e-01 5.321740030526892484e-01
8.327020143545222908e-01 7.854692457412194573e-01 7.904790860389329099e-01
4.408478016592795590e-01 5.058665503655656037e-01 5.050102817937384136e-01
6.434865140637969771e-01 5.559915782955729968e-01 5.678690055550308369e-01
5.769394466096727792e-01 6.083853479165015621e-01 5.912970507124090114e-01
6.376506891504150065e-01 6.415662346222488210e-01 6.735347391734892719e-01
4.739873899938597535e-01 4.372069832549702606e-01 4.786321836622407511e-01
5.649201473213579794e-01 5.866697857727346532e-01 5.915914005015037169e-01
5.348282054122582840e-01 5.598417958003421013e-01 4.461855343340154212e-01
7.058268776549935231e-01 7.094556259720887770e-01 6.675741671733467220e-01
3.538938329181343656e-01 3.399315915970712587e-01 3.233725163131991320e-01
5.945486880392444329e-01 5.750746153536887562e-01 5.719101583029425617e-01
6.373430994743002342e-01 6.757018380270365387e-01 5.713544168750882557e-01
6.514620516776201686e-01 6.497381065742334760e-01 6.361388803026235550e-01
5.486938387006066176e-01 5.636404241252432890e-01 6.017536178252442802e-01
6.765725404055943359e-01 6.252758229933468304e-01 6.139352602679574167e-01
7.329139324788229715e-01 7.434666617190609506e-01 7.665625207946948905e-01
5.520135218219398565e-01 5.965843241783163053e-01 6.347409271133287456e-01
4.859086228894369253e-01 4.840448080361545169e-01 4.249932898318036778e-01
7.832451988678685861e-01 7.213032644509962399e-01 6.986082970414709825e-01
4.348455310138040208e-01 4.935083382402872809e-01 4.686169576081484767e-01
6.387665651457812288e-01 6.519082770903174007e-01 5.844440561243813281e-01
9.043285514134088432e-01 8.793082873280069212e-01 9.059241135809410483e-01
6.230466569401484911e-01 5.899487942846552979e-01 5.676442008248636650e-01
6.724678320233371531e-01 6.865165388537214364e-01 6.635814746144618193e-01
6.954141302870018304e-01 7.301742264224454493e-01 6.949652515671964625e-01
6.600519984465788026e-01 6.283088276296365793e-01 6.360542593938744993e-01
5.892173869038858092e-01 5.842295230438701026e-01 5.638398438280318725e-01
5.804829704658689415e-01 5.564178554032265245e-01 5.508906076351218761e-01
4.910577622199516212e-01 4.534019556847264099e-01 4.878385512563496174e-01
4.288821330396264120e-01 4.212262688136156896e-01 4.893914218448053854e-01
3.193660455173025770e-01 3.215914910367154156e-01 3.673207373873830783e-01
5.328763823915472209e-01 4.804853348741993102e-01 5.341562790592153664e-01
6.386772047016412435e-01 5.293524796950694888e-01 6.500679759879594011e-01
5.164955707858819300e-01 5.714841563077964759e-01 5.565466796115574599e-01
6.291852350762497936e-01 6.472194435175495641e-01 6.294278529432814073e-01
4.671632898587342875e-01 4.916964554505827145e-01 5.298663020763264564e-01
7.293262482898964505e-01 6.844062539733571926e-01 7.436546719322006949e-01
5.724470627199140793e-01 5.659854833951326603e-01 5.768207738432181708e-01
7.924902499966037794e-01 8.011275243723847694e-01 7.552126923860469354e-01
5.965708212040365943e-01 5.839152411733828929e-01 6.291860846237377070e-01
5.475307193410343665e-01 5.846918735771182707e-01 5.798347489911171992e-01
6.424155016049882816e-01 6.383899962116301730e-01 6.228643514678442461e-01
6.415477297052086803e-01 6.603654547958212051e-01 6.497325346384299483e-01
5.556911689655834596e-01 6.084902464567190083e-01 5.671740832384499775e-01
5.679874837341715166e-01 5.374068772885355338e-01 5.112734558472037394e-01
5.470686807189129031e-01 5.460256484819082656e-01 5.789469693320200561e-01
6.678595015336047380e-01 6.117343422814185416e-01 6.418211642623246060e-01
8.407183366792498891e-01 8.208307433991907098e-01 8.245760024539375843e-01
6.403277394406070577e-01 5.518960268467927310e-01 6.129786010361581994e-01
5.413237763941617375e-01 5.807946772039236372e-01 5.798957281227249405e-01
8.924767546143814734e-01 8.619460480954213022e-01 8.614377774654154996e-01
7.026466415433868518e-01 7.285701868603444709e-01 7.469576512257625200e-01
5.182307514917791069e-01 4.458476438956207599e-01 4.802164562985717366e-01
5.188358778527696336e-01 5.286889355811296154e-01 4.720561353429304496e-01
4.941904337003852898e-01 5.240837940193919797e-01 5.297567521458518280e-01
7.246294842192266827e-01 6.881760205353247839e-01 6.829539459359574849e-01
4.199617322454207158e-01 4.116095350893107518e-01 4.178797734857040425e-01
5.618754990856300591e-01 5.567321822383506369e-01 5.869312139264863948e-01
4.724425959388856011e-01 5.051316416812176024e-01 4.771196443727642178e-01
3.043810549014170919e-01 3.148650649938636858e-01 2.357723561747265828e-01
5.729684177421774383e-01 6.132067713723666769e-01 5.917462433861255811e-01
5.954392715268945757e-01 5.742716692995396555e-01 5.635555151453011113e-01
5.307688235283662959e-01 5.270414213668691561e-01 4.988370207182638016e-01
6.260001072648365694e-01 6.224529402605897266e-01 6.127197629660535716e-01
5.203289783321515261e-01 4.942320189835848754e-01 5.632596861725891468e-01
5.302475013053028485e-01 5.800612251004414466e-01 5.607794858636864221e-01
6.253640205356362225e-01 6.035132880721058024e-01 5.706303186581064280e-01
7.107085397723883480e-01 6.604031138665031886e-01 6.582190842613292459e-01
4.623961924159028514e-01 3.883535324928183985e-01 4.348483914120079841e-01
5.169873571936266510e-01 4.793574319036837950e-01 4.970560676695769398e-01
5.254624401444104587e-01 4.652866449401019677e-01 5.171357093102693092e-01
5.946680825095025380e-01 6.309727513575817959e-01 6.725210292157114411e-01
6.597414724193889635e-01 5.962175983387771883e-01 5.891939871807888585e-01
6.238904927148826163e-01 6.563206070619520549e-01 6.114519925941971357e-01
8.441595942686137555e-01 8.683203321707788636e-01 8.705449385134468310e-01
5.343221289311790301e-01 5.048133797558788105e-01 5.051364113558601820e-01
5.657120012342744531e-01 5.980514582396538881e-01 6.475387905488955154e-01
6.912157263748762714e-01 6.284225450457235906e-01 6.414663455357547672e-01
8.020569076589598723e-01 7.709143429553870774e-01 7.198103908343450597e-01
6.209650125199724924e-01 6.377852232629260820e-01 6.524592163215449103e-01
8.213915691849364986e-01 7.935421018265738091e-01 7.596571140075445427e-01
5.237652967773051005e-01 5.607674345492341672e-01 5.684921887572688126e-01
6.827102541126424118e-01 6.495478153512761477e-01 6.623885049252765667e-01
6.731308200042550594e-01 6.481609421664251691e-01 6.234671701453615711e-01
4.421632853674257735e-01 3.954343486277779318e-01 3.855942219745234767e-01
4.036324350095791269e-01 3.983592676663012533e-01 3.888611562944260247e-01
6.495721639481777387e-01 6.521435191081743632e-01 6.161788354417250257e-01
3.761808961625471293e-01 3.811188142771855802e-01 4.201105561165186519e-01
6.357207918843951200e-01 6.572143684787810081e-01 7.089505834231341064e-01
7.489568226019237551e-01 7.683926809800065705e-01 8.022008250223355841e-01
5.924970233737251180e-01 5.735305049036493186e-01 5.775093566348483698e-01
6.404053493461652202e-01 6.113644758716154648e-01 6.264575187928312916e-01
5.975224305316446660e-01 6.064204100535494080e-01 6.343035075269345402e-01
6.129571686435343336e-01 5.972462060186520816e-01 5.765495476838794486e-01
4.827077301404772425e-01 5.214285461127067256e-01 4.936862638370147494e-01
6.564106699576028880e-01 6.255794897263187160e-01 6.121210564882905159e-01
5.466432446043045790e-01 4.920350145494923333e-01 5.417838184379708544e-01
6.840255047284016232e-01 7.061258999890590582e-01 7.151289372687783530e-01
6.633230586843374965e-01 6.455767491465209673e-01 6.872845275873427084e-01
4.130895802574399145e-01 4.750116596400117408e-01 4.813872038925055552e-01
5.266945436732823893e-01 4.803101075538781517e-01 5.247262768757657847e-01
5.093542325280612237e-01 5.032179357891523042e-01 5.102091031066154914e-01
6.963904587222373710e-01 6.753936120705642532e-01 7.109236371216984818e-01
7.031875227556229069e-01 7.164446792685857934e-01 6.619447602154996391e-01
7.102075831103621395e-01 7.050401089386664211e-01 7.979460874208650356e-01
4.542103463221905391e-01 4.927909992466497080e-01 4.930330073141385716e-01
6.288824195018222207e-01 5.959177513350715216e-01 6.269120768459406356e-01
6.303120091004578152e-01 6.595214177130995781e-01 5.873710417616303525e-01
6.989551118109136318e-01 7.245139553082901029e-01 6.552910254070714036e-01
4.280777764248080985e-01 4.501369555334293060e-01 4.336509974141958823e-01
7.328950268237993670e-01 7.279120396264850967e-01 7.473952942037455083e-01
6.754800827882891934e-01 6.075085758843022932e-01 6.656399879456094126e-01
5.799221887948354803e-01 6.133603680739194708e-01 5.712505519700059597e-01
6.757126410117100246e-01 6.871764881361376309e-01 6.606234683500952221e-01
6.008301742460023798e-01 6.128683767423990236e-01 5.855340312031114269e-01
6.439567625479120094e-01 6.725238639993974532e-01 7.140800981736123987e-01
6.442522763426900001e-01 6.494205178292495884e-01 6.701436848309605399e-01
6.471067382023427683e-01 6.138992416113527861e-01 6.028778965510086518e-01
7.579699108456178225e-01 7.004731582523823219e-01 7.532206261438162409e-01
6.882264099031724092e-01 6.788746664497581351e-01 6.564840586041452708e-01
4.498511540910521411e-01 4.669653942590851203e-01 5.171535243491989231e-01
4.815752523605696389e-01 4.588430595275354573e-01 4.420308462028348373e-01
6.054952899227066254e-01 6.457001127646445626e-01 6.521477641795471181e-01
6.078945465459085762e-01 5.628545609508586178e-01 5.835420737930550050e-01
5.739241654138489412e-01 5.926924757976156366e-01 5.623858657875798750e-01
4.252844748512935036e-01 4.585007761558957950e-01 4.306190136208442598e-01
5.048114805318750786e-01 5.700859199483393480e-01 5.460744549318882202e-01
5.958180018132774869e-01 5.674269462817105314e-01 5.842825006255183418e-01
4.470354304348340690e-01 4.234995583894191062e-01 4.209168672155088609e-01
7.105668919764941416e-01 6.751622898732776434e-01 7.203123937069044747e-01
5.322886153261676689e-01 5.190613917559468993e-01 5.779038576085199219e-01
5.505626189854828656e-01 6.068800352965512124e-01 6.046698465047867233e-01
5.979693222394805163e-01 6.156947211927122909e-01 5.809880779846685606e-01
6.423656069827815562e-01 6.574415849126991063e-01 6.354816743825835168e-01
5.324889389708773457e-01 5.771447087057969272e-01 5.916244652882758359e-01
5.995500480005677701e-01 6.305740455293893376e-01 6.483637297276252376e-01
5.691918910199619264e-01 6.052435182910997913e-01 6.254164955280473448e-01
6.149030781883911834e-01 6.687909789599655319e-01 6.901410046621885286e-01
7.191358287248090786e-01 6.437208305297754674e-01 6.781755297443062824e-01
6.725429950760731801e-01 6.696595619102514441e-01 6.514167828370996949e-01
7.339614932519697987e-01 7.371190747110548669e-01 7.750781033543172605e-01
7.235898451803485232e-01 7.246071227887090904e-01 6.792724388487478837e-01
6.272819363878262555e-01 6.037210925279022922e-01 6.169677912366532402e-01
6.288203125513290859e-01 6.868113192598322980e-01 6.363753232508617685e-01
6.247233891597875344e-01 6.130514038722506553e-01 6.393876138945867593e-01
5.894049345518000971e-01 5.265324340735589859e-01 5.591321777233977386e-01
5.111598192075130775e-01 5.483540360163345895e-01 4.517867439280984221e-01
5.972638073609056741e-01 6.361682636961574211e-01 6.265211921343831758e-01
5.681705281281156372e-01 6.229222362059398943e-01 6.082354754366932070e-01
4.804602148356820202e-01 4.976872266630327779e-01 4.675024755982058466e-01
7.500740904453983005e-01 7.660234135081791518e-01 7.357045744622174865e-01
7.859759279823032019e-01 7.569194755026410482e-01 7.450916053283905827e-01
6.892820024290734482e-01 7.374591207233691659e-01 7.193042947426085965e-01
3.384950134441309655e-01 3.968951732158289558e-01 3.978380507328538873e-01
7.898072649028849979e-01 7.455404594642488503e-01 7.885139276143747766e-01
7.074342304285740068e-01 7.209061819692855755e-01 7.302476010983743882e-01
5.736165132001677103e-01 6.022318926652266979e-01 5.799472329146023730e-01
5.704548846343214796e-01 6.101623489984355775e-01 5.727129792652921880e-01
