6.100580764555797453e-01 6.421735753389737900e-01 6.019125968872262034e-01
5.107906396132597671e-01 4.789959901140663501e-01 5.212263467421319740e-01
4.005262115185150296e-01 4.205137681080347023e-01 3.484620023680454204e-01
5.605694231218063539e-01 5.404164973648519776e-01 5.843610780297829876e-01
5.715485417949293101e-01 5.402901288415024039e-01 5.549417140548165150e-01
6.662070941744304697e-01 6.694496804364552522e-01 6.200676357562664442e-01
5.812226457967630822e-01 5.449475412409562347e-01 5.772222523236212322e-01
3.887572390301117786e-01 4.289485474300196444e-01 4.010301002206319576e-01
5.835649293822163797e-01 5.588718588115358932e-01 5.912921060859440692e-01
4.313429814866983625e-01 4.471407228079011253e-01 4.253429186833432851e-01
6.875981135730088178e-01 6.437421125529323440e-01 7.068599216777444738e-01
4.702960916835648986e-01 4.959527403246826727e-01 4.493078892731972585e-01
5.534326257107806679e-01 5.083801329927842838e-01 5.339549572907337227e-01
5.605268390894808661e-01 5.586320780899775018e-01 5.614477619256392771e-01
4.814713985664126894e-01 5.309745693443034265e-01 4.720743407321989493e-01
5.859831957083958542e-01 5.959035621868719046e-01 5.817378716012501227e-01
5.535176781563598825e-01 5.862768775248069497e-01 6.138515262138040107e-01
7.672803876035152459e-01 7.217535735977584910e-01 7.152409556285616032e-01
5.227847765623668819e-01 4.692895083007824764e-01 4.768765964797712087e-01
4.489288294175778349e-01 4.845292142805908142e-01 4.360211585455130989e-01
7.483332094791226297e-01 8.042540682526453377e-01 7.696372157640224421e-01
6.420539377396690117e-01 6.469207323132826204e-01 6.472409779540522212e-01
4.035996561510433178e-01 3.855382843203687404e-01 3.308479973503972160e-01
6.294517108556109131e-01 6.405278680520407608e-01 6.195323074545826536e-01
6.476308365016661961e-01 6.739015507157695151e-01 6.297696273441159009e-01
4.379367452239428249e-01 4.036371403477447273e-01 4.229294789913401464e-01
5.775807142811891781e-01 5.563729056705933873e-01 5.928526804292193475e-01
5.135819611596481593e-01 5.407998647759165722e-01 5.328604111045860403e-01
6.145146428149160789e-01 5.914622010256823659e-01 6.123406389478203149e-01
6.183784039635635832e-01 6.651025969405338634e-01 6.232852329023225169e-01
5.099204210553250904e-01 5.077429251016262191e-01 4.767424333586558483e-01
3.233227423360717223e-01 2.643952017663036003e-01 2.691645727304750602e-01
6.786904159732071173e-01 6.041731088544639583e-01 6.356435261437189954e-01
3.382102841565495788e-01 3.658804532206149651e-01 3.782381951721001667e-01
6.622212254156716327e-01 6.713139388292561627e-01 6.346071749542467888e-01
5.494488660871357233e-01 5.051707034703840637e-01 5.491831509398061861e-01
6.353244750999704760e-01 5.796507811697053647e-01 6.171157077200231100e-01
6.029146183194373787e-01 6.117466448424191405e-01 5.716142429801066571e-01
8.421205031583103295e-01 8.196646401117956282e-01 8.047378184695828107e-01
6.650510737713611897e-01 5.959089008196641890e-01 6.273612190686285173e-01
5.416477228726922499e-01 6.012675910549063474e-01 5.820671477569044905e-01
6.470984014585090538e-01 6.579125987897593841e-01 6.976590889185759758e-01
4.069880436138498814e-01 4.037954117129243237e-01 4.386295286455880738e-01
5.180289853577918491e-01 5.580090535954402853e-01 5.172898903420281025e-01
6.288710754829958116e-01 6.930155911862267981e-01 6.534920493666942498e-01
5.708111447394350613e-01 5.299141640209330539e-01 4.941737502552202010e-01
5.477363020618197798e-01 5.772433978045539149e-01 5.940404271657477864e-01
5.560931990152193638e-01 5.595870339103232727e-01 5.919198784393536750e-01
4.324634207989215273e-01 4.227821570332543910e-01 3.856262452660199624e-01
6.597850753152894043e-01 6.613379134911181456e-01 6.888870630411971785e-01
7.405447817705439473e-01 7.612317728898957414e-01 7.945510803153861268e-01
6.128161900013500141e-01 5.417667673927702987e-01 6.060565691937160882e-01
4.723779279390534214e-01 5.040776853008379632e-01 4.789277165373736489e-01
6.757010549644154596e-01 6.493619913693792212e-01 6.639694195907434038e-01
5.364812631625671679e-01 5.350713625251541927e-01 4.941970713478700539e-01
7.327273799179255809e-01 7.880629509055738779e-01 7.357888568651353989e-01
4.531111050192677125e-01 4.771046592232069949e-01 4.537557422473110780e-01
6.823851032167358444e-01 6.869243121397142771e-01 7.428037471849152640e-01
5.598630917099134408e-01 5.466124686037382441e-01 5.250424843383756368e-01
7.429438885399713977e-01 7.334418206405811658e-01 7.886721206501807746e-01
4.342605070001689938e-01 4.022212858691625592e-01 3.939216671674702352e-01
6.419018869836949914e-01 6.556119497534602658e-01 6.326922754735778698e-01
6.431957921669744227e-01 6.770723043256191565e-01 6.745918333360582109e-01
5.329573848726977259e-01 4.650104067025469523e-01 5.363026978503766529e-01
5.902665812884158036e-01 5.992148728149819803e-01 6.329818098644981461e-01
8.057151783598096584e-01 8.051652452973442342e-01 7.745386055367290412e-01
3.936046246779663638e-01 3.533025295411710842e-01 3.776846479468440876e-01
6.490279689079309078e-01 6.210820060179839119e-01 6.344362907094392989e-01
5.932668771353376558e-01 6.082380010162714568e-01 5.694133881916445539e-01
5.845839344345418187e-01 5.816717119002350334e-01 5.402792120791957142e-01
5.655085195374366380e-01 5.799582861195357042e-01 5.429044527474683468e-01
6.926160560671441591e-01 7.047150455556936421e-01 7.154679726290470443e-01
6.473701717584144921e-01 6.376207745266040394e-01 6.374892776962830521e-01
8.071963158830399721e-01 7.686174207145651804e-01 7.375760159526419946e-01
5.736652718841981358e-01 5.840448308767951513e-01 5.803323722482578439e-01
5.899575780050335672e-01 5.962079216696114514e-01 5.794008868791012956e-01
5.236276902647173381e-01 6.192857645517731990e-01 5.870815894183343264e-01
4.687504774959606046e-01 4.650537577595123540e-01 4.513123724341591703e-01
4.547567699933234842e-01 4.369931305885101369e-01 4.094113503923902386e-01
6.915412768128170740e-01 6.702012904371971169e-01 7.544474808141301558e-01
4.841154282870948067e-01 4.781406876943701256e-01 4.546703956153669846e-01
5.757831573359538657e-01 6.017779446798183773e-01 5.699374579642884076e-01
5.159528274921042490e-01 4.591711849639784071e-01 5.165869890738523651e-01
4.482198935432125664e-01 4.473267079557367021e-01 4.416356012298693345e-01
4.474188106289028743e-01 4.539579471230680285e-01 5.063811545763824418e-01
5.178483685638882728e-01 5.765278632816056570e-01 5.658435561442912709e-01
8.085952721924609676e-01 8.326518154028690333e-01 8.249705900659012325e-01
5.968161783770313811e-01 5.955164792942623242e-01 5.538844877290640678e-01
6.371220962042456470e-01 6.375081469144449065e-01 6.258313367166166152e-01
5.697395826593192325e-01 5.935601034256203778e-01 5.947261871343810791e-01
6.630905827009253573e-01 6.809898680127937087e-01 7.093914045564112536e-01
6.308958172079468518e-01 5.867825370817469910e-01 6.035070005196219167e-01
7.981952739272349939e-01 7.818497857209102397e-01 7.869563699891747310e-01
7.541985590526838479e-01 7.349772822744435885e-01 8.118130113179037322e-01
7.255698296043865403e-01 7.034630105966096503e-01 6.674811290172463218e-01
4.895363228984188630e-01 4.397724456149318395e-01 4.662380430508863416e-01
5.239268564370441750e-01 5.091515234146447577e-01 5.319229102456414227e-01
5.352222138493177850e-01 5.063013070583698427e-01 5.507999785008992344e-01
5.270723736969240569e-01 5.273605055556852550e-01 5.052070117716267461e-01
6.552214660751619624e-01 5.986183256523062157e-01 6.156753705723108094e-01
7.417399516345063448e-01 7.353820558627592874e-01 7.346091737306724712e-01
4.951638482147726061e-01 4.782656568746770920e-01 4.544418878703427311e-01
3.849449959570089286e-01 3.928161923699416413e-01 3.816567539132320608e-01
7.105733489446651729e-01 7.822875862554314885e-01 7.144573812633048249e-01
4.930003183427587032e-01 4.823073552607483605e-01 4.811249813280794596e-01
5.774701166206052116e-01 5.487185788123567498e-01 5.837769751894981152e-01
5.770818579544757521e-01 5.295912801398849901e-01 5.785196723561072396e-01
7.473261567570220754e-01 7.236246133342046916e-01 7.110257306805165545e-01
7.093446996970943497e-01 7.120801093332355114e-01 6.585190752891073585e-01
6.339853603563251339e-01 6.248370572039537718e-01 6.051251408157436451e-01
6.792433543310961719e-01 6.853144149530688845e-01 6.404883235082530213e-01
7.453065734565126332e-01 7.190161612616885467e-01 7.188418527545067382e-01
5.866473621629604285e-01 6.228184263541218790e-01 6.038439679205496180e-01
6.674398826418749264e-01 6.367686777397161269e-01 6.321429394738662388e-01
5.115125212422687584e-01 4.991027698656127498e-01 5.342335640808522079e-01
7.369929596478275169e-01 6.893235203194340022e-01 6.905911872019979691e-01
6.997506181278719817e-01 7.194537901451749651e-01 6.858286154529213974e-01
5.217846742655122272e-01 4.958675174842194222e-01 4.838332065514989178e-01
5.697887551658044059e-01 6.255044765523128936e-01 5.882566470889809551e-01
6.390107631509263086e-01 6.842276279664315508e-01 6.736980218580805868e-01
6.565672209357775735e-01 6.289886147851250220e-01 6.208016260626539884e-01
6.240916119090377245e-01 5.505730923871826610e-01 6.108633795693910740e-01
5.586939840180313865e-01 5.220606078593731381e-01 5.103346823309298230e-01
5.566069548343306472e-01 5.513845296219672676e-01 5.604847593916437720e-01
7.229545449459396922e-01 7.219970234898300809e-01 7.093521813111516305e-01
5.927089979780189033e-01 6.106679580523288742e-01 5.735191571050527459e-01
4.446591440393426464e-01 4.388061850272146347e-01 4.242451720127820569e-01
4.522234799565533203e-01 4.407366853037850141e-01 4.701749598791789553e-01
5.479054159939756863e-01 5.342333002466517211e-01 5.644937332142501152e-01
4.991880092456574269e-01 4.764880134844065029e-01 5.085879841450534622e-01
7.032936230677589995e-01 6.979196496802947403e-01 6.924109950208194864e-01
6.257834392117989086e-01 6.237961380256354937e-01 6.380403738796820434e-01
4.373165127485738046e-01 4.608498941489911349e-01 4.244339976909224932e-01
4.673487957911691137e-01 4.995822093089002380e-01 4.574739633006092987e-01
5.782816054689796648e-01 5.726052930191143364e-01 5.904825770560172549e-01
6.196292170854901249e-01 6.508901043501200689e-01 6.691842504945075820e-01
5.574899532090907828e-01 5.712561032730392174e-01 5.213610840993029294e-01
7.658466492184775598e-01 7.347631539967094394e-01 7.671466732355366469e-01
7.491229967628009190e-01 7.094668025981016868e-01 7.129800890752565623e-01
5.196961719306502081e-01 5.240380594310566353e-01 5.806128404204804472e-01
5.003513195174184025e-01 4.577341022824741312e-01 4.944062917953591096e-01
7.139856757321640934e-01 6.652870471300097455e-01 6.608281118551209143e-01
6.212770056517423756e-01 6.079095523568865955e-01 6.377625311245884721e-01
5.593688576250592792e-01 5.701580252374960356e-01 5.474159298525392847e-01
4.642889433168350677e-01 4.872546562285543503e-01 4.361183527920459158e-01
6.819418996335541161e-01 6.827148573082428840e-01 6.317949181046047524e-01
7.273172410515152952e-01 7.198537851336767046e-01 7.244142090994536431e-01
5.297264518911799502e-01 4.604127396040750275e-01 5.220903683762527780e-01
4.796297278645342832e-01 4.720738752546904116e-01 4.806907455418450437e-01
7.565339126885675114e-01 7.296703845660380550e-01 7.518217014655076413e-01
7.412133054108428487e-01 6.993515744690476099e-01 7.497431949705043452e-01
5.139118841800304205e-01 4.695346021621888966e-01 4.661235107569610681e-01
6.952958363653313212e-01 6.785927240997938759e-01 6.949204802620054799e-01
7.181290760934089246e-01 7.333176730060105841e-01 7.479125312239014445e-01
4.552568869119836825e-01 5.168457695031888344e-01 4.749652951938274636e-01
6.453332901794274212e-01 6.778816571311491179e-01 5.945159562683747234e-01
6.257800742957634332e-01 7.078387509159752566e-01 6.783595589498966349e-01
4.770209298617288929e-01 5.311118312841899280e-01 4.689096443011255833e-01
7.181754898279856247e-01 7.092995979551898200e-01 7.038108972683005948e-01
4.831803402784443646e-01 4.885289344270217771e-01 4.911114948852152162e-01
8.601098860611278152e-01 8.192651544023179522e-01 7.988919735855587456e-01
2.561412374014789828e-01 2.778025142983823192e-01 3.052819099734397357e-01
5.644463612741758007e-01 6.023143582454517642e-01 5.964262273244228529e-01
5.388998299589055074e-01 5.354400064223041600e-01 5.473671194108535865e-01
8.060030659498883532e-01 8.494713263303221851e-01 7.850998050012235607e-01
5.636756122369752653e-01 6.159717481921179738e-01 5.603756888437769756e-01
5.856278710082802874e-01 4.775726916229976471e-01 4.977149958833784194e-01
5.824606355012603709e-01 5.696991866484886202e-01 5.663460657276943033e-01
6.230897992406905228e-01 6.787838329324347164e-01 7.020551010756601595e-01
7.116843261371872398e-01 7.538470166036974618e-01 7.893282696170411672e-01
5.166109857265327454e-01 5.444862068651186160e-01 5.333792568035310433e-01
5.671650883193126713e-01 5.603581220880808900e-01 5.569726195885380537e-01
5.016244175844528641e-01 5.094508216468872641e-01 5.056874257867002287e-01
7.223824412132250350e-01 7.439515276820887202e-01 7.436774350684445256e-01
6.312572418795149298e-01 6.741090959703534002e-01 5.875431105252036934e-01
6.179204307600080215e-01 6.431716843466641631e-01 6.828381237079366173e-01
6.220175837487841308e-01 5.735492837509185149e-01 6.153109541408177119e-01
7.326449591294676988e-01 7.638070790723111569e-01 7.426301799199519493e-01
7.489586169630122470e-01 7.342219486513070770e-01 7.098761817544366748e-01
5.013463597566797381e-01 5.153815322368857643e-01 4.982329901789406823e-01
6.458058301417234359e-01 6.412667992688697582e-01 6.507176437148068926e-01
4.756053153192511540e-01 5.157298356304981235e-01 5.262404360174430806e-01
6.804096297974372431e-01 7.374514237981790732e-01 7.670362735482298966e-01
6.469720577585944543e-01 6.276108605975383448e-01 6.802968852960260548e-01
6.945525019611045181e-01 6.552901346981003794e-01 6.919442655031002865e-01
5.516617501606428942e-01 5.063848686226812834e-01 5.566868163625278143e-01
4.227984464812992171e-01 4.812390629021532917e-01 4.362057297207477813e-01
7.022413174172097428e-01 6.715139950735898866e-01 7.301360329842676578e-01
6.540093189040829813e-01 7.375322078698542949e-01 6.507352082650748049e-01
5.168156189830855896e-01 5.296248976782156337e-01 5.019584301298625206e-01
6.514393292481713837e-01 6.769634786820281080e-01 6.097552382045280384e-01
7.694888373869688269e-01 7.578363750374067509e-01 7.773291975111631391e-01
3.235898517616959125e-01 2.864106586513474606e-01 3.646384344813393685e-01
5.451514789109214165e-01 5.477212816400706119e-01 5.113548540360070005e-01
6.162346733184673742e-01 6.233436304700392672e-01 5.921711019071136395e-01
6.545244705837822696e-01 6.800227691239641992e-01 6.513857947818695315e-01
7.734503792314822990e-01 7.343841523560412643e-01 7.904083434368397443e-01
5.459135808833883718e-01 5.088806412738766660e-01 5.252446843422928779e-01
6.746249258006652427e-01 6.961984197624829784e-01 6.613388813532806720e-01
5.374327912260797868e-01 4.866851551832614975e-01 5.256474773002522971e-01
6.072450451435622565e-01 5.756086684819251564e-01 5.970940539126745605e-01
5.704523805347582188e-01 6.196256454305014705e-01 5.084870109075990685e-01
6.905634644891863738e-01 7.119309591944753546e-01 6.555430187399589048e-01
5.952156501986097803e-01 6.616907016829702837e-01 6.380903090104872444e-01
7.058427534678363147e-01 7.075240949440219085e-01 7.241523053344800509e-01
5.766412297358051164e-01 6.243049701143893460e-01 6.307995833773433203e-01
3.925501409008503306e-01 4.736757113080719561e-01 4.596606975277559570e-01
7.732021203886251248e-01 8.042312694847230103e-01 7.508942839306688155e-01
3.485400171035885619e-01 3.743212139681978967e-01 3.885919658321654868e-01
8.015765855461881584e-01 7.820651290375082443e-01 7.728226774227775486e-01
6.154747241869750196e-01 5.910083419804188498e-01 6.264283921087665519e-01
6.008292956962071329e-01 5.791470223885821778e-01 6.164269836263498448e-01
6.439086500392119383e-01 6.251379838084992757e-01 5.889483192495759134e-01
5.048095128477878557e-01 5.447232073400867236e-01 5.347656894346451972e-01
4.267617820946018603e-01 4.934370388344238578e-01 4.480514813767489390e-01
5.882276643116717274e-01 5.604968774887428840e-01 6.090915509697795160e-01
3.917423156416003360e-01 3.771034827758373842e-01 3.912947858324231643e-01
7.913642129449045548e-01 7.527521150744611589e-01 7.974978645883288308e-01
5.185337933756837270e-01 5.067675377316236407e-01 5.196300935086279882e-01
6.085851485407557382e-01 6.352599184043545844e-01 6.525616343889716342e-01
6.120181679171932121e-01 6.245548148910371467e-01 5.925776568447489456e-01
5.755027444299459782e-01 6.383364728744334027e-01 5.610829582512313340e-01
6.954003678190735505e-01 6.624477211653763131e-01 6.871340448246167076e-01
5.295113847683968755e-01 5.404762820059888506e-01 5.706085427251378350e-01
6.000703964616955766e-01 5.748674950149718077e-01 5.660171387493854178e-01
7.196397987206966107e-01 7.286262898371901331e-01 7.139041811437679685e-01
3.959575846908271468e-01 4.388008901971628961e-01 4.227280114038269865e-01
8.018007730583727177e-01 7.880045887937725535e-01 7.641315861109987395e-01
4.061385256139039557e-01 3.787749361417394045e-01 3.969340967730543568e-01
4.661360754902659775e-01 5.160830144317964940e-01 5.071136885346749779e-01
4.894128691280054677e-01 4.730494605641410444e-01 5.046898782599081867e-01
5.951067603406399176e-01 6.556793949497734530e-01 6.312810152735455205e-01
6.579260774672230916e-01 6.521690608748047513e-01 6.671289027941740279e-01
5.088907574455839855e-01 5.156002960205825492e-01 5.117879313489042126e-01
7.210133030410755817e-01 6.963892226834462740e-01 6.395463806508085991e-01
6.670122335085465481e-01 6.353404567940876824e-01 6.506809001642283041e-01
4.294518587308018831e-01 4.339716249239350954e-01 4.424782220411744293e-01
7.018376180995422597e-01 6.849147453474466740e-01 7.322454649454039899e-01
6.675416171484249706e-01 6.224416354808975926e-01 6.944190745772484963e-01
6.101272620409547986e-01 6.268449383147564058e-01 5.610617051283016687e-01
5.857900609565818151e-01 6.127942073008746382e-01 5.512767848484376731e-01
7.090090715994756820e-01 7.140131086993288800e-01 7.472546226854392959e-01
6.115437947720033796e-01 6.228833056992191253e-01 6.086779003775915076e-01
6.950975307794874380e-01 7.181229288351563822e-01 6.998896179638923742e-01
3.842904805752452857e-01 3.906167430220258141e-01 3.554289946133632472e-01
6.100863954503789044e-01 5.998577957936626071e-01 6.947788476251234302e-01
8.095699353227420181e-01 7.598488961790281770e-01 8.234879927755474061e-01
6.152449267027643165e-01 6.214340353882985557e-01 6.540442355383399020e-01
5.573746812642209614e-01 5.273646267056385506e-01 5.461088749544000809e-01
6.416319968722865585e-01 5.925080641488033040e-01 5.900085334404490123e-01
5.406180364788722992e-01 5.502700478550864860e-01 5.284926988530133096e-01
6.467546720076985389e-01 6.533247439917159172e-01 6.253751258231935450e-01
5.805384019590521527e-01 5.743452632254728574e-01 6.230798907330786784e-01
5.536244656542768094e-01 5.668436668185093952e-01 5.741652329213884354e-01
6.357399289790450769e-01 6.607170297066440323e-01 6.469317494580142380e-01
7.681254180639092155e-01 7.533255941939357436e-01 7.551005653816131868e-01
6.392736755062392584e-01 6.515789649359940983e-01 6.274231834627231885e-01
6.709666404207745849e-01 6.802967761524125745e-01 6.512864569329024356e-01
5.086484457812667781e-01 4.890424369457810894e-01 4.197731529887729907e-01
6.382648113710139848e-01 5.997569340576163199e-01 6.399420449825885537e-01
4.979436029282036102e-01 4.769822636363882373e-01 4.901225050732901933e-01
5.811147390440775107e-01 5.452389728803039848e-01 5.762559386895309554e-01
5.405825422810319747e-01 5.487849998582075006e-01 5.199125857995912092e-01
5.653969623175119086e-01 4.895821296863123728e-01 4.729101164010225400e-01
5.159935469262804109e-01 4.819698705573556841e-01 4.952057628654079058e-01
6.409036631586770838e-01 6.635290585419425513e-01 6.436789533472279112e-01
6.246034851301814905e-01 6.535548161512275689e-01 6.508339062747500181e-01
6.688897635298224342e-01 6.960458322228384453e-01 6.416697275370119025e-01
5.256243809458279737e-01 5.640138270552301769e-01 5.439082201070197797e-01
5.547105788052127950e-01 5.462820156705902042e-01 4.961536024765159647e-01
7.011513053886001545e-01 6.769492336092851614e-01 8.024026247737308104e-01
4.024730653401957237e-01 4.135454066674868479e-01 4.436064610364860439e-01
7.057232515321770761e-01 7.074800452659447680e-01 7.495310418075913361e-01
3.665905140766809733e-01 3.540780157235295378e-01 3.481405749124275584e-01
7.450815729498712070e-01 7.393226301800892575e-01 7.309516660881683059e-01
5.852153464859153331e-01 6.048402922012432459e-01 5.995064148945619120e-01
7.949958356847853791e-01 7.544039184801496489e-01 7.671865762884442219e-01
7.212514329354912102e-01 6.785471418331463500e-01 6.960327485596263797e-01
6.334278638909810466e-01 6.327244991955640607e-01 6.819106259063582032e-01
6.895292427913043420e-01 7.415334045524257789e-01 7.362509931234169080e-01
9.265091734305136439e-01 8.823172689792277978e-01 8.863524962116809958e-01
6.433841345997690642e-01 6.737101292371195926e-01 6.928710296538426183e-01
6.528691359412918116e-01 6.291822884151628825e-01 6.422222611309718054e-01
4.454306587200928536e-01 4.171035956158484215e-01 4.266347682130696151e-01
6.983899361185872401e-01 7.141855904726946980e-01 7.184707787681725577e-01
7.497963001838749975e-01 7.943011162888815591e-01 7.626086055706587929e-01
5.392632281150300244e-01 5.240092878146614952e-01 5.451177876502980579e-01
5.025075053367409339e-01 5.141289824277058829e-01 5.437740707982450239e-01
4.933153851535631018e-01 5.114904898774669251e-01 5.104042502844260421e-01
7.713907942096085435e-01 8.074058991827128828e-01 7.935674404645245428e-01
4.886039561172126899e-01 5.380247742140918943e-01 5.141691128720939918e-01
4.054981834092290516e-01 4.016785513315671574e-01 4.352453593188157499e-01
6.234970319958975660e-01 5.375603939955595489e-01 5.281376168641910285e-01
6.996873339990173912e-01 7.137298224616025477e-01 7.771515014471063187e-01
6.012380214890097330e-01 6.482926353801590214e-01 6.468240325099997579e-01
5.278347767611185626e-01 5.352740226679921776e-01 5.629772032001687521e-01
3.670194067182989683e-01 4.445808893108035842e-01 3.792873242110250676e-01
5.262851097221160623e-01 5.373534686876052513e-01 5.421206867567804899e-01
5.781803053231494571e-01 5.714754011606320017e-01 5.166408521665426523e-01
6.099072597545668328e-01 6.040114008906267706e-01 6.206935322649200781e-01
5.367768443562207503e-01 5.458806429307738739e-01 5.403273331005280511e-01
7.463143792782381825e-01 7.932282437553744847e-01 7.208000225293023089e-01
5.748150238829926595e-01 5.659859124640430617e-01 6.162241677054427491e-01
5.757266029425039955e-01 5.330120321785294379e-01 5.511186804835890296e-01
5.399384532449815755e-01 5.775981000274464927e-01 5.423656416941680103e-01
8.043884098370825964e-01 8.091873839825906023e-01 7.820372914887990801e-01
5.090497303928492867e-01 4.617581772005907026e-01 4.776798704123195183e-01
2.881379620475056358e-01 2.671856765801441935e-01 2.315888059982197933e-01
5.205044574735449014e-01 5.162984666815164658e-01 5.317922776338480650e-01
7.199628121409006321e-01 6.816931048942096449e-01 7.227091311693397691e-01
6.976685477994629681e-01 6.938916542722690650e-01 7.012006443596929817e-01
4.983929995657290779e-01 4.923525587681711335e-01 4.627879097971495659e-01
6.852603673229183956e-01 7.069558613091819765e-01 6.583338574131848420e-01
7.250321769643696124e-01 7.545520547275077483e-01 7.131341631948833193e-01
4.620461664088283404e-01 4.753821511111028797e-01 4.126874476916536638e-01
6.452718013505054362e-01 6.692378279990853773e-01 6.495017864987002731e-01
4.293331191702822180e-01 4.493777603656482489e-01 3.941724338233183467e-01
5.873569019380932010e-01 6.315787338504939008e-01 5.961500429318737915e-01
6.832759804132642056e-01 7.302651501171839588e-01 6.875306316337499446e-01
4.768990905924200829e-01 4.460826030012823851e-01 4.757998816763538419e-01
4.937075293849965130e-01 4.481450942771064705e-01 4.457865981777986986e-01
4.200750017411164494e-01 5.029359677801269468e-01 4.720103081258064659e-01
5.665811003272744895e-01 5.821223053480569787e-01 5.833509871098323529e-01
5.045503166874732992e-01 5.242046382913945202e-01 5.108933755087933237e-01
6.213946836436862187e-01 5.721810248016020450e-01 6.186662779713458793e-01
7.731619187791760606e-01 7.390453592030780117e-01 7.850175880049300448e-01
4.675152636283295693e-01 4.417488126161793760e-01 4.275781924009141033e-01
6.145142335120662436e-01 6.254626029423981937e-01 6.001389802179543098e-01
7.300847075968237565e-01 7.559489871038946873e-01 7.415956390546836197e-01
4.367450520164440353e-01 4.374069966894531536e-01 3.472099931787799854e-01
6.427794915387876618e-01 6.395588937755039005e-01 6.551669697446556029e-01
6.443896499095843611e-01 6.356405788775663090e-01 6.646665084058480666e-01
5.979001670944930069e-01 5.884452719615922422e-01 6.307559617309124178e-01
4.525114153957022212e-01 5.369040042099231247e-01 5.089312505334945280e-01
7.552381312829519189e-01 6.859577669230291219e-01 7.490342563321072955e-01
7.007046614117743433e-01 7.146790232591182512e-01 6.803308680768370698e-01
6.243585718131821061e-01 6.264828316777908412e-01 6.561586810339422593e-01
5.128745587022549568e-01 5.387465721059765400e-01 4.408073324167994245e-01
3.475989892193765418e-01 3.039917847867772971e-01 3.599827933499174515e-01
6.518072768450687837e-01 6.503571859554956314e-01 6.387292880241598469e-01
5.250639178301247378e-01 5.250517220400598983e-01 5.250330252634319850e-01
6.652682627575652319e-01 6.210869494442348149e-01 6.850861853297476323e-01
6.412473307085168051e-01 6.670605158161934112e-01 6.956470326958443806e-01
5.818697224842906968e-01 5.846234653607395026e-01 5.705983515187112998e-01
5.405734423928704180e-01 5.978697965130616021e-01 5.749539054486906275e-01
4.557634153320376247e-01 4.496113800548451889e-01 4.307173706640165523e-01
4.875960158033537661e-01 5.505239904495561332e-01 5.334483861603047661e-01
5.244936242205516796e-01 5.540331515376225591e-01 5.438193789433981573e-01
6.146849756186436586e-01 5.207919902429459791e-01 5.287187713363403763e-01
6.707115764876114827e-01 6.000022838876433173e-01 6.679305917488752575e-01
5.395453184981974237e-01 5.413035998760904466e-01 5.433853208666491463e-01
3.774005892598397138e-01 4.249235079739922538e-01 4.316070885216056752e-01
4.581031032133393577e-01 4.587029734015760640e-01 4.153095029657711268e-01
6.571384470678480749e-01 6.695256008022508754e-01 6.139551604510904426e-01
5.724442397504290181e-01 5.796571148068809798e-01 5.973353680311060954e-01
3.611700341961904259e-01 3.347278209895070966e-01 3.398180037513888752e-01
5.395472387078271703e-01 5.370992464646507925e-01 5.196495388757523815e-01
6.564608521591152046e-01 6.469178296541766571e-01 6.684475392400643923e-01
6.104594210163033496e-01 6.238362813965480091e-01 6.429987635280826064e-01
5.904987696185994839e-01 5.168367089624522626e-01 5.390018043371249679e-01
6.133558721877626629e-01 6.711209241288050853e-01 5.748367728473918747e-01
7.218036078167995306e-01 6.907629534560290052e-01 6.684746997743699071e-01
5.915784888528954344e-01 5.356214102791612142e-01 5.537416178279287449e-01
5.921988604213700436e-01 5.962846986179849429e-01 5.915883471176132113e-01
6.074066934733943768e-01 7.023397402013684676e-01 7.177940746698037167e-01
5.419120190595496656e-01 5.430834173710588075e-01 5.688377791943187711e-01
6.885518990513622706e-01 6.714813685288695266e-01 6.371225255429638912e-01
4.761956277946933769e-01 4.780372563477098269e-01 4.156561073200554790e-01
5.669911426296143642e-01 6.239755612096459236e-01 5.894200534070926922e-01
9.187382876191605430e-01 9.191900109510471317e-01 9.404208423388072946e-01
5.784415098324847682e-01 5.156492869886808439e-01 5.179225822964973469e-01
4.260382201654789314e-01 4.475105440677221158e-01 4.881827464165573449e-01
4.939719436887884951e-01 4.943319564700403568e-01 5.430617086814641947e-01
7.751197487163820066e-01 7.301323401293519089e-01 7.268557852875868752e-01
5.138986225813042541e-01 5.079250691283780927e-01 4.611581828115364767e-01
7.616687762081177926e-01 7.002829729182459273e-01 6.818421579436542146e-01
5.023338194425444048e-01 5.517619337089960663e-01 5.218215964583188260e-01
4.983522120758536733e-01 4.802266203848585269e-01 5.292936847672855549e-01
4.715179485510395674e-01 4.749061485814928263e-01 5.121344148397558582e-01
4.400807449536798255e-01 4.183602898246197577e-01 4.564882424268599248e-01
3.580815484360648782e-01 3.760196135158830333e-01 3.764854940143914086e-01
5.171886990963385777e-01 4.855627818974813659e-01 4.986758238685276012e-01
6.160241346914859806e-01 6.460841748663902484e-01 6.316986235993470311e-01
4.207622408922105928e-01 4.610277712452123255e-01 4.577585943741770413e-01
6.151126630925684013e-01 5.913014047568790899e-01 5.680027395565453441e-01
5.970952354826786213e-01 5.690704314080339277e-01 5.859367230403873528e-01
5.540783206857640142e-01 5.761778021846437614e-01 5.780022286295987133e-01
6.999162617907619399e-01 6.708430075584687069e-01 7.270967938471587511e-01
4.129481815555580693e-01 3.894882005579807793e-01 3.360168556919322369e-01
5.663245988597911396e-01 5.328199964879319905e-01 5.496098540579197333e-01
5.086344329980174717e-01 4.805106452926826144e-01 5.029566839856163263e-01
8.130568806794629122e-01 7.683574653593624459e-01 7.718777357045335519e-01
6.507222817499637157e-01 6.620845286720500322e-01 6.440328070873501121e-01
6.273351257296578831e-01 6.230423077020749156e-01 6.110873403036811702e-01
5.381840795501270369e-01 5.184739111008678236e-01 5.254161570643977042e-01
4.301606322544134220e-01 4.590909497799248729e-01 4.487818730509032794e-01
6.789969059849136901e-01 6.380091796300860763e-01 6.411763243415434799e-01
5.361925893788705988e-01 5.952904777220803245e-01 5.166585313549603153e-01
7.971451818134508427e-01 7.623391089065115755e-01 7.328419602699913771e-01
6.123234178128529326e-01 6.260738761145008269e-01 5.955453910614859625e-01
6.964871443898107417e-01 6.647980011868532824e-01 6.563898794356721744e-01
3.814366823041995258e-01 3.665392842833811171e-01 3.301141625382217892e-01
6.742673565252907952e-01 6.766319461098020405e-01 7.093447414192534106e-01
6.260304231089549587e-01 6.228992528697985254e-01 6.611544788625500768e-01
8.034567940108843231e-01 7.987658213024437792e-01 7.820240763199475253e-01
5.592820161777002363e-01 5.268180330007949941e-01 5.190682556400182390e-01
6.591679069938291002e-01 6.546027686312602123e-01 6.190694982770599264e-01
7.191239666538982167e-01 6.821699330185081456e-01 7.127186863764255476e-01
4.911346853401047374e-01 5.136169488665959237e-01 4.920223632958569127e-01
7.508711367258850133e-01 7.318100261802993334e-01 7.872382708155906128e-01
4.169648101077114144e-01 4.607508613562220079e-01 5.003579976123958550e-01
6.896345653039887003e-01 7.218528990667446577e-01 6.631995379229345122e-01
5.794857633907082306e-01 6.227128112198071497e-01 6.036384290964524890e-01
5.816770448674847271e-01 5.791122293928153697e-01 5.554543144812712496e-01
4.485052263536231099e-01 4.524935298370200143e-01 4.342019334004949549e-01
6.621927211010728564e-01 6.676454688611056509e-01 6.665547588283445846e-01
7.024289588954503172e-01 7.239063640598457638e-01 6.303718901744663761e-01
7.352734055707141891e-01 7.314929856561972477e-01 7.787318635958994095e-01
6.515680855991002884e-01 7.045793943662034264e-01 6.409558728779931602e-01
6.910819795867378934e-01 6.802940184520250844e-01 6.928869646559769890e-01
6.171919819893788572e-01 5.795673531653956490e-01 6.602840201437895074e-01
5.747136335783311623e-01 5.547083055472309399e-01 5.131090716130409790e-01
6.163837950157905476e-01 6.315482658474512734e-01 6.741619210290260567e-01
4.476058255250803808e-01 5.272010615415850809e-01 4.213970233163834012e-01
3.536616780807250171e-01 3.761227928906500928e-01 3.717492578536734649e-01
4.988725505258075898e-01 5.127000117299796988e-01 5.250000603305552405e-01
7.358947424630410961e-01 7.229261369825973338e-01 7.725869279122421496e-01
6.591822234964034299e-01 6.825408053415815690e-01 6.614066491519879909e-01
4.365853887328798311e-01 4.110339107158065275e-01 4.102240007080930062e-01
5.421414546612903784e-01 4.840680185980308914e-01 5.258192619728166983e-01
6.463072346676320690e-01 5.978197699431487822e-01 6.862694510180752383e-01
6.432253121932172135e-01 6.610826442175758988e-01 6.689778928571344929e-01
5.365866590093177901e-01 5.787883965514297735e-01 5.834927542832749614e-01
5.919432564686826215e-01 5.745621111153617067e-01 6.303311813988575762e-01
6.622508862975082788e-01 6.621050805614971946e-01 6.849681607940947270e-01
6.759633474052622049e-01 7.121385840418112956e-01 6.790791785454191043e-01
5.187694838460763513e-01 5.645815929093408458e-01 5.401515591531641514e-01
6.664473286882899306e-01 6.752933296528682572e-01 6.510967585723066442e-01
6.655677106707550417e-01 5.950004556844354919e-01 5.993311300306596312e-01
7.323933215637596916e-01 7.482532178005930623e-01 6.849454448479274093e-01
5.170441835147217002e-01 5.227520521615416360e-01 5.074466262821079043e-01
6.288415318396546327e-01 6.392786440693134509e-01 6.327919029097969217e-01
4.480924724700474648e-01 4.359970126240744204e-01 4.497205087338409513e-01
4.687705806407146958e-01 4.907792365124951650e-01 4.679486840514760493e-01
5.219250131273706073e-01 5.459731200285574682e-01 4.868081313144306810e-01
5.286253957537255799e-01 5.057574451946124094e-01 5.157363556811384031e-01
6.252443040148605302e-01 6.262123860730006708e-01 6.130608846431819803e-01
6.139403315263045613e-01 6.361376772591502693e-01 5.747949270128865917e-01
4.614299822057311706e-01 4.514974184200964968e-01 4.318052445188333421e-01
6.005737613378553386e-01 5.664660439525709412e-01 5.685383026646899651e-01
6.733989944582613463e-01 6.771057223841344674e-01 6.851027986220656896e-01
7.026969966830628467e-01 7.041527373500421350e-01 7.400609469769826587e-01
6.731743447340616804e-01 6.758679300719296901e-01 6.799818579173069200e-01
6.256330570976930128e-01 6.477825591458553633e-01 6.694610478612283977e-01
6.327223623505525696e-01 6.094807488126237072e-01 5.819869673302681123e-01
3.464546850250205257e-01 3.357475702534558626e-01 3.128471360911695420e-01
3.645977212302876080e-01 3.878012579179406782e-01 3.942699312609003193e-01
6.861603912036062791e-01 6.951879831692510114e-01 7.389454421411610907e-01
5.813189921707966334e-01 6.147550147930396225e-01 5.590584056128886647e-01
4.844065973314665152e-01 5.023458337532440421e-01 5.307663806991606004e-01
5.807777476757320922e-01 5.566288167990217639e-01 6.495598974245188062e-01
3.171788364342966737e-01 3.477738665279027641e-01 3.272546269275038999e-01
5.790478992749843457e-01 6.065740544903764908e-01 5.880374155573420136e-01
5.248534723526347978e-01 5.522249218563685114e-01 5.836861005825498827e-01
5.288368512318898373e-01 5.124792503600965610e-01 5.052565337050700656e-01
6.939596050587488740e-01 6.760781221563276766e-01 6.851926477988495856e-01
6.066267298971491639e-01 6.372584767072216883e-01 5.931256996462513920e-01
6.623573484490723473e-01 6.818466406562337934e-01 6.877616295590475159e-01
5.873469613278202717e-01 5.685534435198790204e-01 5.553202600066511341e-01
4.017612436264492715e-01 4.185477625159196302e-01 4.658707619072954831e-01
4.694666848822803829e-01 5.063955671034663375e-01 4.680168582920732345e-01
5.975410259008719915e-01 6.623393371497445781e-01 6.353833081584757680e-01
7.738817429812424598e-01 7.329685820551111730e-01 7.396427675996847251e-01
6.372599582592501921e-01 6.450774864145003562e-01 6.457958018745972861e-01
5.014921535029064348e-01 4.893333204598348529e-01 5.030503369620780152e-01
4.530812607229974254e-01 4.586600007705112225e-01 4.649760416485298475e-01
6.401985951349390414e-01 6.630469415065561867e-01 6.148756068935803398e-01
5.320005382846108022e-01 4.736367915611458534e-01 5.435463895421753788e-01
5.629428647946143061e-01 5.177753169489078822e-01 5.884351917818554378e-01
4.280463318067355694e-01 4.143879416701707341e-01 3.629577700468639145e-01
4.182031468254328033e-01 4.318039934258519619e-01 4.902492542778886797e-01
7.228550926397312448e-01 7.403882152292897700e-01 7.035516468190695649e-01
6.498663104118910239e-01 6.587359204582107219e-01 6.998931043000685692e-01
8.188985174850702542e-01 8.200855520755609973e-01 8.479168731871197240e-01
5.674312634338651851e-01 5.713259597573751014e-01 5.594217219616830494e-01
4.706942309441954353e-01 5.170674447729114442e-01 4.958833397259484466e-01
4.873537025689921864e-01 5.088899116117678867e-01 5.075585300035225789e-01
5.953202250284540531e-01 5.853769106495193553e-01 5.474956687415474255e-01
7.235949126184333391e-01 6.914755004707842101e-01 7.331602499186965494e-01
7.351621096992788651e-01 7.181589451044962935e-01 7.340774603570455747e-01
5.850301941081541557e-01 5.788602323003146921e-01 6.080047377356582183e-01
5.852660183552821360e-01 6.024573682730868240e-01 5.930710940011166832e-01
5.767031258361944301e-01 5.668463431478094616e-01 5.905453660400397098e-01
6.737106543365086742e-01 6.485746057770758188e-01 7.080076253362891370e-01
5.734338654137306479e-01 5.971187817623999639e-01 5.479522592065816378e-01
7.505058159142947716e-01 6.918142180656942086e-01 7.601675188466529010e-01
8.168845036212812882e-01 8.560488202733630425e-01 8.250395585282054300e-01
5.099189195107827199e-01 5.595239563110696590e-01 5.230454212152256810e-01
5.793537898932399344e-01 6.080886712667551430e-01 6.128025396227217980e-01
5.639421413567526908e-01 5.382317137279661878e-01 5.388395189832584364e-01
5.902911262652478230e-01 6.001149583784175512e-01 6.414729630640544356e-01
6.160567194859436491e-01 5.893844386961227810e-01 5.773770487918203909e-01
5.236323506437752240e-01 5.621372398775931201e-01 5.160757406339286923e-01
5.361616729624772981e-01 6.298472767549723184e-01 6.341976814622248826e-01
5.601569519143213549e-01 5.833443615945965721e-01 5.941315177395402047e-01
7.875206156478496977e-01 7.860298386053715669e-01 7.646607625716086432e-01
5.226208149088511501e-01 5.353411950896364013e-01 5.520882770837465259e-01
5.391358920249382791e-01 5.756468533308778390e-01 5.778522067423109698e-01
5.573169103747953601e-01 5.267953319101683629e-01 5.410835671351708065e-01
6.700852068555027685e-01 6.365023781305014783e-01 7.089554724888763593e-01
5.194600218568731220e-01 5.140084842073817661e-01 5.450182918519709263e-01
5.957467958113764617e-01 5.545162183079144214e-01 5.817021824161963117e-01
5.003357920827523619e-01 5.193570518973484873e-01 5.387348548714688823e-01
4.561688490785518191e-01 4.261534545180054034e-01 4.648122085473759824e-01
6.306727504617243296e-01 5.556721143870148039e-01 5.684816986731645594e-01
5.861734160798051096e-01 6.665438201866387136e-01 6.072773428042012034e-01
4.771443773754078244e-01 4.805395291337206110e-01 4.249010066289538035e-01
6.587341235066903611e-01 6.594986979374625191e-01 6.620922421014778791e-01
4.663292621547711625e-01 4.918912147021330949e-01 4.599047989882117382e-01
7.479291348385249671e-01 7.636250307510951130e-01 7.159240989747160944e-01
5.148176131726146521e-01 4.931108508828715986e-01 5.112004943862383799e-01
5.793738990935196620e-01 5.718026062116449149e-01 5.694932011664167737e-01
5.403156022487274335e-01 5.150467011946828766e-01 6.086438046183314521e-01
5.918829858147762746e-01 6.256409545850254439e-01 6.320921225046122194e-01
6.539889935114260311e-01 6.816133062109180907e-01 7.000042695643292623e-01
6.308969856003768806e-01 5.973717056891023613e-01 6.088468220130659470e-01
4.869359171424030297e-01 4.777079211798959668e-01 5.200292272999063048e-01
7.436859665906148109e-01 7.173298339856936101e-01 7.560480500204926901e-01
7.237368244051607391e-01 7.603299976186109754e-01 7.658533957815354398e-01
6.353238176320475938e-01 6.355700206959861154e-01 7.063223686432875681e-01
8.033919246885743437e-01 8.214644080726150044e-01 8.252065102924492912e-01
6.466690613726705505e-01 6.679555316909829843e-01 6.466984050011868046e-01
6.030388136643426433e-01 6.764060142130248199e-01 6.401819526487900758e-01
6.262894332348872828e-01 5.797608224708856728e-01 5.637345382287980433e-01
6.474037489730133377e-01 6.199500766600143375e-01 6.146996341125636754e-01
5.891119977352468062e-01 5.280994181653052566e-01 5.608801141645800570e-01
6.881288371381669711e-01 6.189749401844391041e-01 7.026809716042370368e-01
5.450221263922159221e-01 5.606008477771161624e-01 5.151872707861870904e-01
5.343170127115594026e-01 5.802077210188466561e-01 5.672327447449052595e-01
5.991918921763080830e-01 5.667766536714767822e-01 6.145784209399335341e-01
7.958726786416677745e-01 7.884391046524368285e-01 7.596268445402186709e-01
7.989123033449814226e-01 8.191277196891025847e-01 8.094654553890823223e-01
5.206766365422397236e-01 5.630292745825744571e-01 5.543185048865509890e-01
5.867663194068861721e-01 6.563102669877829420e-01 6.245331272039467141e-01
6.761637636906596693e-01 6.880161689600882147e-01 6.449159873693466327e-01
6.648067434575949397e-01 6.836348858654471838e-01 6.905001482797932244e-01
6.490383359532123642e-01 6.947200233740961073e-01 6.617926496933868030e-01
4.356365390366758739e-01 4.180298258005353262e-01 4.047398342613525157e-01
6.760424324034639554e-01 6.606389253281328422e-01 6.420743925177342382e-01
5.653864912826452871e-01 5.519185643106153671e-01 6.561885316457160000e-01
5.259587883729756053e-01 5.874205696619901884e-01 5.731420308824624055e-01
4.208327473983881073e-01 4.518884476002911765e-01 4.716092894142658865e-01
3.604414538176434757e-01 3.716890544848526767e-01 3.565120231478688950e-01
5.808199102992294138e-01 5.412966886704005942e-01 6.074701217514010265e-01
6.758816277155372809e-01 7.495036566453241456e-01 6.652581802124802879e-01
4.420283556725041474e-01 4.521322059994510312e-01 4.580861765742203495e-01
7.454401996486952342e-01 7.570922480612508609e-01 6.953804049677191346e-01
7.582094689233851437e-01 7.871528178012496824e-01 8.033926573761878132e-01
6.756484942086958823e-01 7.127658581044274966e-01 6.710676484858747459e-01
6.043779388706199684e-01 6.083366684134916547e-01 5.406647929898562577e-01
5.882590117168510213e-01 6.127960184122990261e-01 5.941725922851360808e-01
4.604819772548481294e-01 4.585881641675189080e-01 4.090348872305882844e-01
5.741568630977705867e-01 5.676895912134254374e-01 5.570404974838648604e-01
6.171117388567167739e-01 6.574141202819696606e-01 6.478340540789703228e-01
4.451364057474700986e-01 4.257775102624926644e-01 3.838489008622640863e-01
6.481448370309912388e-01 6.479877452627836876e-01 6.663511383477618288e-01
5.385112956430221365e-01 4.954466449502046288e-01 5.361215376152221879e-01
4.049057785912623664e-01 4.045983918813021996e-01 3.862323471171129619e-01
5.323888846254953844e-01 5.394573360551758734e-01 5.449894381675144395e-01
5.178717339576069945e-01 5.201836408289612912e-01 5.430419040789820073e-01
4.608278582133382706e-01 4.548357384339893894e-01 4.874288849080229413e-01
6.574148345639999613e-01 6.328009998411535664e-01 6.273798968372814588e-01
5.811696805605857108e-01 6.001353067833709032e-01 6.005476431608449683e-01
6.840613385126067536e-01 7.247494434107560890e-01 7.449612006638444139e-01
4.484125163767079258e-01 4.498466861942722050e-01 4.488648391571199991e-01
3.703159652162842930e-01 3.934988290195914895e-01 3.415696757503496328e-01
5.858767408605537463e-01 5.881938692932546786e-01 6.108224105929751513e-01
8.064932926198682406e-01 7.704197908567864683e-01 7.913261843796802752e-01
4.526595089729895105e-01 4.256720160958363808e-01 4.618139778097668513e-01
7.511935355030069372e-01 7.220987389224897690e-01 7.842395221780058545e-01
4.651322010899768822e-01 4.593501204640690894e-01 4.385627839004752060e-01
7.687421134531023936e-01 7.828465919244126381e-01 7.805159308496768533e-01
4.816414663001120089e-01 5.302862771851547530e-01 5.719898853936673522e-01
5.220389129481701751e-01 5.490022782707894011e-01 5.544627168680330564e-01
6.931356481542056969e-01 6.902885448799773727e-01 7.147879354858642786e-01
5.046526831848267003e-01 5.257283849502892847e-01 5.182984687500958865e-01
4.771381935176006173e-01 4.699762160894441765e-01 4.965024250361583791e-01
5.476440463403560166e-01 5.188784500081452533e-01 5.362097398897507361e-01
5.424418312167091916e-01 5.119626172551089427e-01 5.539290353398726996e-01
5.432361459775858492e-01 5.817689874272221617e-01 6.104667258990204015e-01
5.425067022380793968e-01 4.857754368675161749e-01 5.604651525987067728e-01
6.375674801351574050e-01 6.908113635051812418e-01 6.632795032446153760e-01
4.985082678666655776e-01 5.279357533094670707e-01 5.290981353984985924e-01
5.654252935127126456e-01 6.256963188871258463e-01 5.901957303741687255e-01
8.986820792343616082e-01 8.746064103491179020e-01 8.759311316494167166e-01
6.000228367402341556e-01 6.397270835739715666e-01 6.206359523589980443e-01
7.056626627426987319e-01 6.098485107278750483e-01 6.082474892570821634e-01
5.003173033714841678e-01 5.075484053320354905e-01 5.040795461430729318e-01
4.141468523129458457e-01 4.670458871305985249e-01 4.055392065262558576e-01
7.915767892279198525e-01 8.401063952630436482e-01 8.620089123549954380e-01
4.484866112233913960e-01 4.736143146860596342e-01 4.547317377795005999e-01
5.345449655930910593e-01 4.915679596287730879e-01 5.029103748393436435e-01
4.979069923090001515e-01 4.969688660629902333e-01 5.326204910637049039e-01
5.922690702447679367e-01 5.528495218443379988e-01 6.159889453993174779e-01
6.817493469032571696e-01 6.535072607110447018e-01 6.622501874246119469e-01
5.519745762127653554e-01 5.889977390269869328e-01 5.999144703663493727e-01
6.764175641830407759e-01 5.998542557296514532e-01 6.830663721660513721e-01
6.115354458423906125e-01 5.881345728161193609e-01 5.857593245525181125e-01
6.048105135629238127e-01 6.295086745574646203e-01 6.044854648507883566e-01
5.479661843979896085e-01 4.868557884159132043e-01 4.780391229998682823e-01
5.442579255892748824e-01 5.647914276376527765e-01 5.064713905603469568e-01
4.491609847674812861e-01 4.525028337554340974e-01 4.830606255078533362e-01
6.583087785658693347e-01 5.897185817781237516e-01 6.266025848978630242e-01
6.064856204982195242e-01 5.649859198935642812e-01 6.060054077907937042e-01
8.084210107253546607e-01 8.103585785064302272e-01 8.283523892843810410e-01
5.267533720036461364e-01 5.610631753851712533e-01 5.415264619910549193e-01
3.876611379464927620e-01 4.198669697651787880e-01 4.246866601000019448e-01
6.615281157441946780e-01 6.446286903266629231e-01 6.453328244133700320e-01
4.627313774298387750e-01 4.748836267698071656e-01 5.036293602190439200e-01
6.346676539250410976e-01 6.404310038338065780e-01 6.508392882613125430e-01
5.691100486139422099e-01 6.014440816082041730e-01 5.985545124832143404e-01
5.156072546955606795e-01 4.909861582596062313e-01 4.584404903947889021e-01
5.031790429088989214e-01 5.143458039662540671e-01 5.599937819452017740e-01
7.408436419424193620e-01 7.619548596805182372e-01 6.831254002257175495e-01
4.902305336148393700e-01 4.865709825335193806e-01 4.721181110206931208e-01
6.317793594327217876e-01 6.068174721265729987e-01 6.208935129610572146e-01
8.167739149049486613e-01 8.261453530527295142e-01 8.068363551553250357e-01
5.688722089053741549e-01 4.868428029450327377e-01 5.473395230430545544e-01
6.135747751811732043e-01 6.222110779577187945e-01 6.400126941245897205e-01
6.469804753124941410e-01 5.899584267679109928e-01 6.523501213016933420e-01
5.222347313797696122e-01 5.245210928288134289e-01 5.378881452104238292e-01
7.593269926226283717e-01 7.531565421247745640e-01 7.235312443384680492e-01
5.343866259817093844e-01 5.053095295557679112e-01 4.994330661099040114e-01
5.488144964001381299e-01 5.359944081548640993e-01 5.571167187026465628e-01
7.396226507276244533e-01 7.338773497102470955e-01 6.924955855154367734e-01
7.562657240446101214e-01 7.213381821351745327e-01 7.138201829098569373e-01
5.097529178300034269e-01 4.958186065838027234e-01 5.306225852400486831e-01
8.548972302558659475e-01 8.654820780763825550e-01 8.176144542305375795e-01
5.115877831029647105e-01 5.364009808202587770e-01 5.470992361608932875e-01
6.497441335633002968e-01 6.379742058261977933e-01 6.973234072626197655e-01
6.801296686452190654e-01 6.397279934929098744e-01 6.896757607893689856e-01
5.830232013080046682e-01 5.649649393112295970e-01 5.017509108387473438e-01
5.413712928423750625e-01 5.570930737338651850e-01 6.123371489996037864e-01
5.508525241770458880e-01 5.896610409809424080e-01 5.651821921675374005e-01
5.683806195371695624e-01 5.484773159464875203e-01 5.809942251030858484e-01
5.799605067235301670e-01 5.801337425916472945e-01 6.283601139889537501e-01
7.214548278939975079e-01 7.428053514033567950e-01 7.450655140592999937e-01
6.940186673631826286e-01 7.111648422441189110e-01 7.039264739604635945e-01
4.920520441856356952e-01 4.326469734360517405e-01 4.693627282946965518e-01
5.603387897801604955e-01 4.995961937817497978e-01 5.312806576012666371e-01
8.192196284181704202e-01 8.197170378127799362e-01 8.341673203213562093e-01
4.163306700871913235e-01 4.164157232344913306e-01 4.398872789760844282e-01
5.934986505679415991e-01 5.806233643511383713e-01 5.420095547289924820e-01
6.859588243462506618e-01 6.971890891700002202e-01 6.504861014833948074e-01
6.114871521598991277e-01 6.188006023257086596e-01 6.261487433119788948e-01
7.857866550873041644e-01 8.018371950898106615e-01 8.375611412076175988e-01
5.978074961649022523e-01 6.455481252386031654e-01 6.405310067064695634e-01
7.277033667282869489e-01 7.188336283178863306e-01 7.432368902274669731e-01
4.594974331521551880e-01 4.742693717527242669e-01 4.909614800972051385e-01
7.057703028536729262e-01 6.580763348178896299e-01 6.666984036267659119e-01
5.365060606709963764e-01 5.501732209280346675e-01 5.269876841185209271e-01
4.862339144257533108e-01 4.960120412357302833e-01 4.628494676774463912e-01
5.209056592644975003e-01 5.138734088832358493e-01 4.682917336448187418e-01
5.957558387984723813e-01 6.182360654014835699e-01 5.740606003015430447e-01
4.844829009059444247e-01 4.940677389784502993e-01 4.381581904712760767e-01
5.167095952294364913e-01 5.577545987697533070e-01 5.001716984937591981e-01
7.128911970840811074e-01 7.530459291741696815e-01 7.126716408994081542e-01
4.146755702918110131e-01 3.573912062601156125e-01 4.133678980231104694e-01
3.055040092128454288e-01 3.477469193301744310e-01 3.023377727647287849e-01
6.235546121933218666e-01 5.923689284164852520e-01 6.123190392437050100e-01
3.890310249858224823e-01 3.736051865989520882e-01 3.719812580100758104e-01
6.029275645423372021e-01 6.214837709410420130e-01 6.045326458105260148e-01
4.712885515719433260e-01 4.417686946635165923e-01 4.658922377218807642e-01
6.385380336994390671e-01 6.231721993709499197e-01 6.463792219867013911e-01
3.166097221352703883e-01 3.170651676113214190e-01 3.290291354463886764e-01
4.700358812775851658e-01 4.903801749105648478e-01 4.837560398356038904e-01
7.014291296863253145e-01 6.609102502058296080e-01 6.859437445517062582e-01
4.447354749879273705e-01 4.751798279996973240e-01 4.719785544407222866e-01
6.796970965112629770e-01 7.107575684872609045e-01 7.039310778782260636e-01
7.821964127060777594e-01 7.729424530832437190e-01 7.730402828633027301e-01
6.555999760034912915e-01 7.068764483423495282e-01 7.196380426302112499e-01
4.143820044323229257e-01 3.678663033361034285e-01 4.233105703005863862e-01
5.194736121899201642e-01 5.210578419172496867e-01 4.946810878802531120e-01
4.333371751888568935e-01 4.492475286055379047e-01 4.392987693693217177e-01
7.017752039614147952e-01 6.927780189166150571e-01 6.975951274708142025e-01
4.770715739267207822e-01 5.598790506821984536e-01 5.067017470296149018e-01
7.640426113868370450e-01 7.142539865146751987e-01 6.734145054426452504e-01
5.713699935221618897e-01 5.917097623050233679e-01 5.558488617340379134e-01
6.422013536608761619e-01 6.376987400199659595e-01 6.167553874085199839e-01
6.601105579362344100e-01 6.317616157930884269e-01 6.494737313306395698e-01
6.552185811772590629e-01 6.419132777936267242e-01 5.719399416906434386e-01
5.195362494030836276e-01 5.796271600510467525e-01 5.220184842479748122e-01
5.228710459862661031e-01 6.040060828141461391e-01 5.508027290533966669e-01
6.749692962695310605e-01 6.669968684920530855e-01 6.534226950882364715e-01
5.503336234397395721e-01 5.275221160907750395e-01 5.393775849580588755e-01
6.090191649005330943e-01 5.972591417367928424e-01 6.298936359892688408e-01
6.970791398717570697e-01 6.989729652862630704e-01 6.880239072151818069e-01
6.442987092281248218e-01 6.985610728833618888e-01 6.598224515572832516e-01
7.020954847075118188e-01 7.415398615716133346e-01 7.194026392608520171e-01
7.624994598912783195e-01 7.284938538828910071e-01 7.007549581770380343e-01
4.174700804176504909e-01 4.449994081909759980e-01 4.073347940393808320e-01
6.646493984409798106e-01 6.845926665358335050e-01 6.359996501289862936e-01
6.739939630255558090e-01 6.305437505605734350e-01 6.056159046471130125e-01
5.686918391267256068e-01 5.134191244557665401e-01 5.322605772049980866e-01
7.168449230193102428e-01 6.950574888359576375e-01 6.868351789651472306e-01
5.238472274635729287e-01 5.192066817491843844e-01 5.666088016184206433e-01
5.891203908341882123e-01 5.771220923391103819e-01 5.973396641175716670e-01
6.488539456570523445e-01 6.661232099374645443e-01 6.584116500035187558e-01
6.974942403685551184e-01 7.342280273645666044e-01 7.127600886962603965e-01
5.091453570394868233e-01 5.419744499920262637e-01 5.734366044989348543e-01
5.653179165456244659e-01 6.167172511948008085e-01 5.451424380611454845e-01
6.095677284616615177e-01 5.725475129768908822e-01 6.440708668879828735e-01
3.787775432187395208e-01 3.499097410774897887e-01 3.520992134859937672e-01
6.100841035848220129e-01 6.066493396806517113e-01 5.929477631415710492e-01
5.938463786375053344e-01 5.827918538183670671e-01 5.688652029701557478e-01
6.579714852366592703e-01 6.358367048662006971e-01 5.629859536625562155e-01
6.462737442840313928e-01 6.822248754008551908e-01 6.415315845501432523e-01
5.057098514114000132e-01 4.819474880251373161e-01 4.766997440850951895e-01
6.906692266345156872e-01 6.953983669168688486e-01 7.481961706142581381e-01
6.447328730179051615e-01 6.680197225144499651e-01 6.045843898885272516e-01
4.482013093660072167e-01 4.150927426590353964e-01 4.305999314497557240e-01
4.869057025711955866e-01 5.289893338706499470e-01 5.145053296908832507e-01
8.437667730872906446e-01 8.047814552597369886e-01 7.652294063149724934e-01
6.374451239145081383e-01 6.089187336991378485e-01 5.976105489434606621e-01
7.513635866895929105e-01 7.161240021569016401e-01 6.635573103368515024e-01
7.307701436367035619e-01 7.335946218495558169e-01 7.092034242952263146e-01
4.947901903166811999e-01 5.109840934310992955e-01 5.220309340719196944e-01
6.259289322583299064e-01 5.922883579231371654e-01 6.112248947561862433e-01
5.401558799748138462e-01 5.658035792429004784e-01 5.417175703591194935e-01
6.598150783648641937e-01 6.687391701552034551e-01 6.739258868192969931e-01
6.017901910237677399e-01 5.995417765582875536e-01 6.424547178112808288e-01
6.206989508262961142e-01 6.516289520993014950e-01 6.508140438669949290e-01
5.859116618931007325e-01 6.632833001520602734e-01 6.296770668089497480e-01
5.788061280702888611e-01 5.668620573050147105e-01 5.744208182110734917e-01
4.288712312219622458e-01 4.687155391356863099e-01 4.509553202694101537e-01
5.452540542174182381e-01 5.903839475018839433e-01 5.531211437788116081e-01
7.338135873623475858e-01 6.660925811780904482e-01 7.401362452395213731e-01
4.742510631297807699e-01 4.904772187666509575e-01 4.878465149250355570e-01
4.322234127328464792e-01 4.202031644197561366e-01 4.249379682594149887e-01
6.160318038945258312e-01 6.278924438850698175e-01 5.635388148610145365e-01
8.303594317264920699e-01 8.460382672850468300e-01 8.244550774173751151e-01
6.501004818977073052e-01 5.978402075730820942e-01 6.187191985658807569e-01
7.382157503339265014e-01 7.143483943591303342e-01 7.392517365965977083e-01
5.536852247297856522e-01 5.430372637437382854e-01 5.597210672028344325e-01
6.922862651667016642e-01 6.588325131476949759e-01 7.111877695765900231e-01
5.346580802891739426e-01 5.143208070637447227e-01 5.300207098996688737e-01
5.484741029740705098e-01 5.064990048470721096e-01 5.447859872859867059e-01
3.664636490820921688e-01 3.491531418076863624e-01 3.676909990975261722e-01
6.564212632322160568e-01 6.117670237145617085e-01 6.545281276828458505e-01
4.581920580727359971e-01 4.479708000319518324e-01 4.689305494146268627e-01
6.210365906102430777e-01 6.657617047317282433e-01 6.602104784462929921e-01
6.724157956468337360e-01 6.785356093011826184e-01 7.075811328077820095e-01
5.363796157739321169e-01 5.689704388368777010e-01 5.894010360577927043e-01
6.284337396897761163e-01 6.833395352630911024e-01 6.569134587555873761e-01
6.804701755417520426e-01 6.502455834988831729e-01 7.004326029649809993e-01
6.321030521300633476e-01 6.551714065037387291e-01 6.298490348982317411e-01
6.934372058736004707e-01 6.731326171563358773e-01 6.491755970331712922e-01
5.867903018717122166e-01 5.852427941874185358e-01 6.210466936458420850e-01
6.830242221854286866e-01 6.421966881282357154e-01 6.881612112672798043e-01
4.198702996461757819e-01 3.936119645943171874e-01 4.035513187104275978e-01
4.443057724131040387e-01 4.499552721527813048e-01 4.406748281596667427e-01
4.809264354287793863e-01 4.687791141127691241e-01 4.502500851943887494e-01
5.370184252766850852e-01 5.712043496422853917e-01 5.487885882456420283e-01
4.439306306987083617e-01 4.731784685826405656e-01 4.070602125440770935e-01
7.197641082539348867e-01 7.034066745448638303e-01 7.430198792598072810e-01
6.359448917787370315e-01 7.025494690286767652e-01 6.327804241611258984e-01
6.119954545521258948e-01 6.268626512223864911e-01 6.230928861269308117e-01
7.191162119282449305e-01 7.884000343962148660e-01 7.898401328304357483e-01
7.243037260168276870e-01 7.545800661802253284e-01 7.547804803066827661e-01
5.969988961981637088e-01 6.119091802575408190e-01 6.336805156473901413e-01
6.309139466192813517e-01 5.889871679209698341e-01 6.357846167571027385e-01
6.350673243465452256e-01 7.037799690240048589e-01 6.736044464132583398e-01
6.320214776898300801e-01 6.173496192312440956e-01 6.325983340193443993e-01
4.832980768070472832e-01 4.650181535077574368e-01 5.070788445503117137e-01
5.272426406498337270e-01 5.232453749140841825e-01 4.628232300912196728e-01
6.104187611791705992e-01 5.936445848417603033e-01 5.586757218727059771e-01
4.233201508263545465e-01 4.586333720812211245e-01 4.520462953990925237e-01
5.517306167809520323e-01 5.794005743482464332e-01 5.820640722804989453e-01
5.862869058441442238e-01 6.461546263163301385e-01 5.621995205804014573e-01
6.953311330478445518e-01 7.052287135126528161e-01 6.967152521961795797e-01
5.037195750556462404e-01 4.730169415622973439e-01 4.866014609345919451e-01
6.147089093811028970e-01 6.035710648759962105e-01 6.410144250046005965e-01
7.318870996463220369e-01 7.301107282627299355e-01 7.720392765088849307e-01
6.475698511961116566e-01 6.846053207315828670e-01 6.676981286761527468e-01
5.681369886878533393e-01 5.276869093776141995e-01 5.409571791445855204e-01
6.356949432377375642e-01 6.525843290342714376e-01 6.146911960823164822e-01
5.964093697085479651e-01 6.135193650184590508e-01 5.822686826490117706e-01
7.075190433658038458e-01 6.890886681750567622e-01 6.970263074703773043e-01
5.422301952537557090e-01 5.974172095097710633e-01 5.704125606052196096e-01
1.661908031851413725e-01 1.829987752471818607e-01 1.303159296293888714e-01
7.396061486211390479e-01 7.389664732743292941e-01 7.614414100532503893e-01
3.907845651861131531e-01 4.050453209447875125e-01 4.751415065803095139e-01
5.989668874068645454e-01 6.462657219772279804e-01 6.291943673152973204e-01
6.210706264342229499e-01 6.305770329500224314e-01 6.467494234403560194e-01
5.747992250153296512e-01 5.877915553266532811e-01 5.819100690315933688e-01
6.207748632236120834e-01 6.476795002221653608e-01 5.865002410819263323e-01
6.509491490409032854e-01 6.114360202895111618e-01 6.882385103184729402e-01
7.144264250601548571e-01 7.544546424553428832e-01 7.325042712856504323e-01
6.327471432267546270e-01 5.965362154584207266e-01 6.132625768457297122e-01
7.517358143562526962e-01 7.787069377562126915e-01 7.897307063221773449e-01
5.430781090638625574e-01 5.143244327156691886e-01 5.015298263430705283e-01
7.554305773891106801e-01 7.357881316989922649e-01 6.995857567013457068e-01
6.141334954999494444e-01 5.825055266498952999e-01 5.598106121356926090e-01
5.716989083825363416e-01 5.159355683676161153e-01 4.729112872339945040e-01
6.106323432323116362e-01 6.073079783010232324e-01 6.427160985571138685e-01
6.209678471001928157e-01 5.663041049631375445e-01 6.096843036429409057e-01
5.584880185910253703e-01 5.596613602736338899e-01 5.957738850642462225e-01
6.490165140552203171e-01 5.765821962016041136e-01 6.823966001490482380e-01
7.212898551089714783e-01 7.068913098010293217e-01 6.849674075387068850e-01
4.330706421449137533e-01 3.782416435811586375e-01 4.296730491592399837e-01
8.265050471594778125e-01 8.536533354050568345e-01 8.655740155701043825e-01
6.562392261125165049e-01 6.464320471212458008e-01 6.785998240306355678e-01
6.302317961153957038e-01 6.108929889848173644e-01 6.234900980043380780e-01
6.297910411252867213e-01 6.481316109613725063e-01 7.141795247178990280e-01
4.527140547019095629e-01 5.022655184735714817e-01 4.076925469612403541e-01
6.463623273604343078e-01 6.817030888849566761e-01 6.507606992145772429e-01
4.932975325646711817e-01 5.265202144124100370e-01 5.828246726294977753e-01
5.649343152703497628e-01 5.693904914341478829e-01 5.656015073878004618e-01
4.560583232659686792e-01 4.651085413752983344e-01 4.347111447048114252e-01
5.810193020003534548e-01 5.720501371169303129e-01 6.107971355135575209e-01
6.834344472159145090e-01 6.911665487717073564e-01 6.694350731456606418e-01
6.306115622480396032e-01 6.375560157126641814e-01 6.123438115083731370e-01
8.150773661258522429e-01 8.684357507922744190e-01 8.368257192712548198e-01
3.554165676250649053e-01 4.353865302352979416e-01 3.561740024200963917e-01
6.170513204122219930e-01 5.523947825330335348e-01 5.657446644264580993e-01
5.923338538590463553e-01 6.012376772608524211e-01 5.296018855350871357e-01
6.179875590726519041e-01 5.807249828908728206e-01 5.819666920184581871e-01
4.480414346103770429e-01 4.203359123027498589e-01 4.390950828500017056e-01
4.811533877911843282e-01 4.946292442464410022e-01 4.867897188186603441e-01
4.376555690802045318e-01 3.941306149411232251e-01 4.226610734808532999e-01
5.889690568027053930e-01 5.910570739552117869e-01 5.390864998310482825e-01
5.754359273436273625e-01 5.843556066366916157e-01 5.757452664667732645e-01
7.686350821584480020e-01 7.561012270419110726e-01 7.195341977363088892e-01
7.503334448679638280e-01 7.397517315878702204e-01 7.412791428497915724e-01
8.041564657503541547e-01 8.097301863448334025e-01 8.103620168610211616e-01
5.919839142760393580e-01 6.219272774049015018e-01 6.101907576185739979e-01
6.368834389191874168e-01 6.517382692789416287e-01 6.527667290488629037e-01
5.534926454112798488e-01 5.319268447526385168e-01 5.555956436209616989e-01
4.014337878646719870e-01 3.940241312978446375e-01 4.542431005794790866e-01
7.903775007419506782e-01 7.582936824226254036e-01 7.625124520456931787e-01
6.910090625070219872e-01 6.423021134771461638e-01 6.392668066544988648e-01
6.752659962982409114e-01 7.240443779958076753e-01 6.847254934661748393e-01
7.173366626008158553e-01 7.050149617548807646e-01 6.739103384496297755e-01
5.113680589598097459e-01 5.089751075148759574e-01 4.458667073877765064e-01
7.670120754737901336e-01 7.734846368542566131e-01 7.669864022771960554e-01
5.975912712419353401e-01 6.134181446144710836e-01 6.381037566424205831e-01
4.795161205177793096e-01 5.021678626192179751e-01 5.504372145382722126e-01
6.936651857121455267e-01 6.499420542296201475e-01 6.531643788768762837e-01
6.084505471006683708e-01 5.831137541816873160e-01 5.962912240881226289e-01
6.133035069021151031e-01 6.255561192376573043e-01 6.187807050255821339e-01
7.410256061229313351e-01 6.763402559394735558e-01 6.936628016132180274e-01
5.184843455711345417e-01 5.329942321733541766e-01 5.584596373766604893e-01
4.977793176787776996e-01 5.188266696266490285e-01 5.186913928719883993e-01
5.607351426470921218e-01 5.791889307582670510e-01 5.724914997855111709e-01
5.220835243050044872e-01 5.670436555023757874e-01 5.333847803135718380e-01
7.816035902294125037e-01 8.051173219092764288e-01 8.124383649527822104e-01
7.284000460332914484e-01 7.064562901181240528e-01 6.767778655242679964e-01
6.506412672836072719e-01 6.791463146489604696e-01 6.205396316111853050e-01
6.307365673615928925e-01 6.568623768459072032e-01 6.526999049713616552e-01
7.247795980304124752e-01 7.243155702040385835e-01 7.389035218841621955e-01
5.410029933372837441e-01 5.894398707151596861e-01 5.859514224965410856e-01
5.991024817554837512e-01 6.133809158816916351e-01 6.159868560160597362e-01
5.183159586260758234e-01 5.172185320766112815e-01 5.243695029395438745e-01
6.161316123389242172e-01 6.343544077043181684e-01 6.220578581813832608e-01
6.887749341013317261e-01 7.448771002501858307e-01 7.636924681856760433e-01
7.028226126283497743e-01 6.950839866222868757e-01 7.240055464513581729e-01
6.928092226796753739e-01 6.531488317134114263e-01 6.938569404882538594e-01
8.005115577012228423e-01 7.699154745140028844e-01 8.104568140517497410e-01
5.798601957367872650e-01 6.383763607267189943e-01 6.509262527317963842e-01
6.275261998431316268e-01 6.330424827482089567e-01 6.617553767439376955e-01
5.579229228745872238e-01 5.340246486941435666e-01 5.526832358912714405e-01
6.704203410291462717e-01 6.584874966151998965e-01 7.044514269219191993e-01
4.885857922118085894e-01 4.682611771707620441e-01 5.586998662259323734e-01
6.123363441700210297e-01 5.778905709070020214e-01 6.069980570075811377e-01
5.576592228908335835e-01 5.173578135108154452e-01 5.033957278321701256e-01
5.868674868572466563e-01 6.538703698519235941e-01 5.919360232201488214e-01
5.123804232202239239e-01 4.971635947585552051e-01 5.459900944898978814e-01
4.142529710126908182e-01 3.373226908657379619e-01 4.118390110032550955e-01
4.251534641788935476e-01 4.310504689479175977e-01 4.763939666483743562e-01
8.221686348538275180e-01 8.849744867638980050e-01 8.286610429834292413e-01
5.077485019782599363e-01 5.132194034949912886e-01 5.404148119354781343e-01
5.225271660105018645e-01 5.220941102611429407e-01 5.242102881455849017e-01
6.503556821140873412e-01 6.333606001850379252e-01 6.342851172973746898e-01
6.463073530851418669e-01 6.764335112578511167e-01 7.050636355514580123e-01
4.166924723026784738e-01 3.824005762681119691e-01 3.997064183182810759e-01
5.952393897098745557e-01 5.494436565023113062e-01 5.353081459689655874e-01
4.585510538330100361e-01 4.772095310853138872e-01 4.596034297502414878e-01
3.311368584050070063e-01 3.465235879516218587e-01 3.164446460242881232e-01
7.542402262537601931e-01 6.955280208843970247e-01 7.147718704869103767e-01
4.697659547457646578e-01 4.658647759711613823e-01 4.815806740088197091e-01
5.182008695967276202e-01 5.381440807491585376e-01 5.670552828045422045e-01
4.397429685643707842e-01 4.312112063400305173e-01 4.280139748354809259e-01
8.014725827817048565e-01 8.241451311187033557e-01 8.441162663320849191e-01
5.969495094976465799e-01 6.279441082086409942e-01 6.125448583733866803e-01
6.806479959732170126e-01 6.297453027059723984e-01 6.848883171763844313e-01
7.680349804785280288e-01 7.283261255454968053e-01 7.945643643127457967e-01
5.891293721570279862e-01 5.593804936062224398e-01 5.554678879182667339e-01
6.506705526243455884e-01 5.891427597263125815e-01 6.172233531417224972e-01
7.449061693083758318e-01 6.971447406465550722e-01 7.186117407174756888e-01
6.809779982866228654e-01 7.405604463006717486e-01 6.764302916675200006e-01
7.095310045902121221e-01 7.210421318370934252e-01 6.972699887558020393e-01
5.400211072086769093e-01 5.202473524160849960e-01 5.076395004687223045e-01
4.970404568484745322e-01 4.843276514708720892e-01 4.719669992112390244e-01
7.988514075689363558e-01 7.710978709455919011e-01 7.646472591950095321e-01
3.476000654531665179e-01 3.562448565216888574e-01 3.929326214358367375e-01
4.580338568065715488e-01 5.223258851549658077e-01 5.053587833426015363e-01
5.739474153906293230e-01 6.230987880382673483e-01 6.088407668735928979e-01
6.418182294057130921e-01 5.894863126694956934e-01 6.304196430845081522e-01
7.011927834683698846e-01 7.222352866281890327e-01 7.066592639919508922e-01
6.099813758067702540e-01 6.117580343422142075e-01 6.139237664744674472e-01
6.662081353044138066e-01 6.959642248858315394e-01 6.361385310190736941e-01
6.654370784917500448e-01 6.917984121486470128e-01 6.566111618063722455e-01
6.461655802266743631e-01 6.517732226214904001e-01 5.960127692596391968e-01
5.950552754437408165e-01 5.884024973812319592e-01 6.384773808240120641e-01
7.209489810055399461e-01 7.357730898384056140e-01 6.496928655939350206e-01
6.298642876595968998e-01 6.830963958549037818e-01 7.075813948974618572e-01
7.834679757564750879e-01 7.483797556505260573e-01 8.082172527747326640e-01
5.514470048821741299e-01 5.201554489119436520e-01 5.460427036737758311e-01
5.109713767301247156e-01 5.155816202826402073e-01 5.548740582312147174e-01
7.300103629513954306e-01 7.397917003942753311e-01 7.145475615693245297e-01
4.543551519367830527e-01 4.196140232009162307e-01 4.289616960063229456e-01
4.984737756493598515e-01 5.342567211607780475e-01 5.651249412683690965e-01
5.137384732515692942e-01 5.454343533863459381e-01 5.281732548051000231e-01
7.154765618090236368e-01 6.776951225352414454e-01 6.823085276495792773e-01
9.429854357785404373e-01 9.137033258491054077e-01 9.438441681822585805e-01
8.050683078965781281e-01 8.104727560886838544e-01 7.666591588919107192e-01
5.071071495640149251e-01 5.506412343621418515e-01 5.357833767096846778e-01
5.798335489819893551e-01 5.799731451018377282e-01 5.539532925571344357e-01
5.157266512689107074e-01 4.638356442909297161e-01 4.746208795752825393e-01
6.769212727280460307e-01 6.399433048841283167e-01 6.628515757551587395e-01
5.419916109674014493e-01 5.238554679585750717e-01 4.854696422662847510e-01
6.387656506404578716e-01 6.278293450805346732e-01 6.382243817223419713e-01
7.371840168726949694e-01 7.333442797514337919e-01 7.165841008395484879e-01
6.844493027262056328e-01 6.707083321887186145e-01 6.674587111613403678e-01
6.738514482949784501e-01 6.578904905961864280e-01 7.102245671466099752e-01
6.408266442634436011e-01 6.177774859957388953e-01 6.073406482924094130e-01
6.967594216528322226e-01 6.922024988625672393e-01 6.793900127127223687e-01
7.264391602819221250e-01 6.690686985129928877e-01 6.853712833530890558e-01
5.592881414830269682e-01 6.354158663769355897e-01 6.366624017500270849e-01
5.617892295353114074e-01 5.546462163050469574e-01 5.487914879112976152e-01
7.632843662600307111e-01 7.260450853933567705e-01 7.141283030237215446e-01
6.688979689892909919e-01 6.795084623238438759e-01 6.610478755567809062e-01
6.327600511864744925e-01 5.668807740693616593e-01 6.031949450133246016e-01
5.862835967047256291e-01 5.375301650467009251e-01 5.300950885999016204e-01
6.506254228659075212e-01 5.859024687381104712e-01 6.086071594649111738e-01
7.889582664647567523e-01 8.474834220147359209e-01 8.482083162758898842e-01
6.879353571200960138e-01 7.213583699946356509e-01 7.439852493517815635e-01
7.671944587104885249e-01 8.039641459370856502e-01 8.057630329184377604e-01
4.131344612643153558e-01 3.992378588220675817e-01 4.242872518343613342e-01
4.556998709256468438e-01 4.296645051784422908e-01 4.836770679807077533e-01
4.066052919316008873e-01 4.111652485244789434e-01 4.412971149104059632e-01
7.307332084964834884e-01 6.854198343742433641e-01 7.105906822438124992e-01
4.768412008771367727e-01 5.146813390070071881e-01 5.320169701810868457e-01
5.718443758848059666e-01 6.204141951673642907e-01 6.100480844586407825e-01
6.610874501938820424e-01 6.813058420957471828e-01 6.533677443230313520e-01
5.194123724231035633e-01 4.985767680736322149e-01 5.582737293953934365e-01
4.810171795040171783e-01 4.517161900068511482e-01 4.652763213611044724e-01
6.197753181181421267e-01 6.632722450785949464e-01 6.105974129062959888e-01
6.265161060744215415e-01 7.096582654141814217e-01 6.615755674262625563e-01
7.645034441518162582e-01 7.803791929224520585e-01 8.776102755040673387e-01
5.450932803459722642e-01 5.129940108443727942e-01 5.664270770432698887e-01
6.464051890741393525e-01 6.709209507735199862e-01 7.444884444715647032e-01
6.065818558923019577e-01 6.406010827661591245e-01 6.168929194678917094e-01
6.371112698374117311e-01 6.794699254459481974e-01 6.698520801595501117e-01
7.350422641464868789e-01 7.424902587781192498e-01 7.890379077794459350e-01
6.444049632556485552e-01 6.512459745566292479e-01 7.180481578369855011e-01
6.110156235896944121e-01 6.936074291122110713e-01 6.708167470081396466e-01
5.112869348432249605e-01 4.969796734533347693e-01 5.001072538016388958e-01
5.781199810056444344e-01 5.452220670077710940e-01 5.241384321603543839e-01
5.898991311343874111e-01 6.021599307519380773e-01 5.994701247985200210e-01
6.503785980908296516e-01 6.687135933188137482e-01 6.659222938377370449e-01
5.038000362623615835e-01 5.319949565812619463e-01 5.558532088944819760e-01
6.092405014949754394e-01 6.461586112592865305e-01 6.816180898563970469e-01
7.303941946926361117e-01 7.828634400790243086e-01 7.714965326401272971e-01
5.949540326666411527e-01 5.933756401954086712e-01 6.264784779651634272e-01
5.335564637668890331e-01 5.527325844631100216e-01 5.265495134144403400e-01
8.336438674503674484e-01 7.816876682498160589e-01 8.325571749757227913e-01
8.054249229681529343e-01 8.110699410481549965e-01 8.152509141046963004e-01
4.832285023315814332e-01 4.888096289684815132e-01 5.507186812255004948e-01
7.737997100634239622e-01 7.094912772130479439e-01 7.240672682269346794e-01
7.274747548659010743e-01 7.470819574268798835e-01 7.295094879074168759e-01
5.202226406036097872e-01 4.940193923069508553e-01 4.981682112206582969e-01
5.988389097573318942e-01 5.675391110118238602e-01 5.969757992892461562e-01
6.038151917289970028e-01 5.901900211714034006e-01 5.715342085555643603e-01
6.517416937772563257e-01 6.395346193722895034e-01 6.362143271509392850e-01
6.350282497654531344e-01 6.118635266462638667e-01 6.446310610092723659e-01
4.739930880565507709e-01 4.836033407589724331e-01 4.706456906738203383e-01
5.361209773849037186e-01 5.048912507968981167e-01 5.214929245503497901e-01
7.857249670426114108e-01 7.227866718086903841e-01 6.770749712340761173e-01
5.147999225386750144e-01 4.824765906318768671e-01 5.310360023398260632e-01
6.888071216129056928e-01 6.729612098691133415e-01 6.418212911703361501e-01
4.750088365883148867e-01 4.919477260906490179e-01 4.823711055162650529e-01
5.198933798172811205e-01 5.126971981215704410e-01 4.947161332440664916e-01
5.388547686587318308e-01 5.667184647896513772e-01 5.565388880814213790e-01
5.096151609786556680e-01 5.035725298220543600e-01 5.120754445664922327e-01
4.197312726726840082e-01 4.012375853391445535e-01 4.529926264644940082e-01
5.321300527524558399e-01 5.445727118980110415e-01 4.798509956592939552e-01
4.509425501283694238e-01 4.298760885124477960e-01 4.413376546220391106e-01
5.024946161235216424e-01 5.148711265537314619e-01 5.416956294711511299e-01
7.174056217983635353e-01 6.655986339026923604e-01 7.102761172331737427e-01
