2.394516804804160681e-01 2.667944191821893796e-01
6.649250734602162316e-01 5.848157542309758705e-01
8.220601644446099421e-01 7.488182758848627163e-01
6.168978053640605808e-01 5.813229121089391604e-01
8.636764489313845106e-01 9.011786419900552625e-01
7.297206578475654570e-01 7.139222480362910073e-01
7.732754267370171020e-01 7.535232683906895046e-01
5.414575839912851851e-01 6.323635069440121104e-01
6.675640986322548542e-01 7.518968565118544500e-01
5.378200201224536681e-01 5.615357535153342461e-01
7.484864336001896268e-01 7.292588961667602065e-01
3.375820229342518797e-01 3.655878960470746453e-01
5.383991497226554568e-01 6.049512653500210835e-01
6.006307285094557580e-01 5.421218946760936186e-01
6.692922401663583543e-01 5.856149798743874868e-01
7.227026100672443443e-01 7.219788983639429114e-01
7.280588763436629529e-01 8.471643574348354244e-01
3.301990200434391509e-01 3.698249134262345805e-01
5.985687838540731942e-01 5.420530394782898664e-01
7.291779381770461255e-01 6.770789361012247154e-01
7.907146298349875257e-01 7.368608249038707259e-01
7.726928115941631425e-01 8.165018286068714826e-01
5.470368875244913109e-01 5.492706368487740853e-01
5.721303273077715801e-01 6.340203912667681241e-01
6.836077613991246027e-01 7.565787565874130260e-01
8.162961891298460282e-01 7.097177894801808273e-01
5.193347048088147178e-01 4.663605714962834048e-01
6.323737088394981720e-01 7.264343962120413112e-01
7.957049847194083148e-01 6.809563462491793340e-01
7.304660165160697938e-01 7.771988288754995144e-01
4.160072436512999294e-01 4.531545333580793145e-01
5.330420110480936779e-01 4.611454840468024452e-01
4.015554665905652909e-01 4.441325907338323775e-01
6.562832213830694927e-01 6.473747388084135634e-01
7.337722515423522607e-01 6.752183475128122891e-01
9.414498096534675842e-01 8.297619491004013526e-01
5.634762823834604806e-01 5.066091131856698127e-01
6.648593402851439293e-01 6.517900211447931191e-01
3.858271913558136146e-01 4.069134862941404251e-01
6.735342434423413627e-01 6.351306707012372987e-01
7.450608059692719332e-01 6.837173958070955626e-01
6.468892451323092763e-01 6.616383034435736610e-01
4.624294550352049393e-01 5.146296646442399814e-01
5.635221429155519157e-01 5.765143418961427013e-01
7.007341129861125451e-01 6.606037056604993074e-01
8.028165403115713472e-01 7.971940306929564679e-01
7.935043052220549509e-01 7.458525493257335270e-01
6.283313515168876817e-01 6.317840755789622120e-01
7.577713888892378957e-01 8.010431814197866984e-01
7.184761896048138530e-01 6.885486367379879402e-01
7.607458828291918662e-01 8.546319431467684913e-01
6.027145106532003638e-01 6.423424345996640028e-01
3.135514250523655511e-01 2.642122756282901941e-01
5.863873044370505605e-01 6.345136592713961354e-01
5.942227944629024927e-01 5.400352519139032248e-01
5.980738151738387298e-01 5.976779907964497873e-01
6.613010243510082375e-01 5.591840658639022354e-01
7.000984238712413266e-01 8.028734557695289542e-01
3.868013627735626958e-01 4.947168892579504318e-01
7.010331671779326257e-01 6.139552788693245500e-01
7.138021022907499180e-01 7.314202141979326832e-01
5.976297479092657072e-01 7.024427136284635553e-01
7.562867689806436200e-01 7.551221063334274675e-01
4.090961803343419745e-01 3.853414119480549904e-01
6.540589791413672360e-01 7.583582416546771343e-01
5.538617943867721882e-01 6.812875544924293925e-01
5.800908665208975856e-01 7.847002255900904499e-01
6.985566638623855740e-01 7.961522494291989327e-01
5.868006809834389603e-01 5.327461420846162365e-01
3.154402701657859631e-01 4.294123403400817440e-01
5.108028421907341299e-01 4.735942973802747535e-01
6.312998857805208752e-01 5.683476686585425819e-01
5.881488919882317257e-01 6.183341577592066374e-01
6.923047582178512016e-01 5.500967158564245008e-01
5.824233771579242491e-01 5.679865634976307698e-01
5.356924553133618483e-01 6.608013217765990044e-01
7.435800946543829060e-01 6.676830696924029862e-01
6.112053157648975610e-01 6.896004244131779259e-01
7.121828048601216432e-01 7.612651587518778351e-01
5.192313001753181556e-01 4.701667106335452595e-01
7.852042059816716213e-01 8.013410117853273507e-01
6.933349461967550642e-01 7.140722289989220872e-01
6.062712828247592833e-01 5.698040441808626122e-01
6.578775056127461607e-01 6.776827790742003810e-01
4.348595270917825495e-01 3.708691830530880251e-01
4.290049417152841382e-01 4.932321442071475603e-01
5.264645508526474282e-01 4.690730126962424640e-01
6.795104395284138343e-01 6.607929550159531429e-01
5.966462668511666179e-01 6.756011471497737064e-01
6.067714137158034537e-01 5.080070116708800265e-01
4.643577904445421733e-01 5.599756472558266029e-01
5.725501329146752694e-01 5.674668682248183993e-01
9.918602484359564375e-01 9.105946810130125524e-01
7.770161933644251784e-01 8.281806483576131805e-01
4.942833912828648035e-01 5.582503513832430819e-01
7.952341763452566159e-01 8.346790756491406782e-01
6.898688568102467888e-01 6.718757740519410993e-01
6.905470936470884391e-01 6.336246735780916017e-01
7.885903490663586091e-01 7.551509935258087225e-01
6.459444581369990779e-01 6.905594364655418538e-01
6.372758777508035211e-01 7.026632841565575438e-01
8.248389847211553549e-01 7.281668460903966134e-01
7.102748776208881454e-01 7.145871213922904142e-01
4.779066997007764273e-01 3.898109591411746400e-01
3.561698681173962044e-01 3.549484629494797372e-01
6.380556427633400363e-01 5.446352005904325777e-01
7.128072761105004318e-01 6.964576341027814976e-01
7.624769658859510413e-01 7.198233562734995816e-01
8.384140618567226255e-01 8.600870772555775368e-01
6.247779654491310009e-01 6.589603021816561323e-01
6.668568550195113076e-01 5.931810947018352209e-01
5.658813425526243446e-01 5.454973681437254029e-01
6.823371477432571552e-01 7.183645405924405924e-01
5.957146796766733532e-01 5.577647251893437241e-01
6.039439999167451889e-01 5.925690775077457895e-01
6.254506405734716612e-01 6.205594151799755931e-01
6.088054346514224502e-01 6.772534980778357472e-01
8.520920287380303604e-01 8.359635275200513194e-01
6.794537536545153245e-01 5.851649958121334372e-01
5.791833341449834638e-01 5.211764912705301178e-01
4.906735446392922473e-01 4.905191506463314477e-01
8.813782100003015874e-01 8.611778228150275272e-01
7.499452764291113516e-01 8.490553876208065676e-01
4.627887258722731545e-01 3.975667316619079239e-01
5.737721360457473940e-01 5.577761562421402752e-01
5.762634197768757849e-01 4.785594338008430926e-01
9.031440404311055214e-01 8.371962469910410043e-01
5.177550558311347917e-01 5.087124868819909995e-01
3.847162857521845281e-01 4.177336009058726374e-01
5.257725849868658541e-01 4.523892796875397249e-01
5.765124579789756565e-01 5.267323204710320228e-01
7.182359028582746552e-01 8.158695624528945478e-01
5.576136808766397612e-01 5.402842255347993783e-01
7.273710283585745895e-01 7.008822805557339830e-01
6.537801618776430956e-01 6.379036918651155297e-01
6.840611927541013770e-01 6.164238955618603910e-01
3.318081190191644048e-01 3.170652547157365442e-01
5.812068411496876807e-01 5.989974590731540482e-01
6.980816039037327503e-01 6.963873065069607904e-01
5.643063681751542271e-01 5.908111282383926577e-01
8.196637615588535652e-01 7.373054427741188022e-01
4.608644606789095155e-01 5.684741657261106473e-01
8.237359841753852940e-01 7.294877272625845954e-01
5.966841396281362675e-01 6.711371459020355479e-01
5.758533822523840273e-01 5.854935356419584958e-01
4.199475805869521405e-01 4.937186086017293363e-01
5.099095850030848087e-01 4.291456101702068038e-01
5.241033008911750724e-01 4.993622610249817684e-01
5.067330401957600428e-01 5.238848562278352050e-01
2.606378986687427068e-01 2.796857491168526777e-01
5.411769636897870717e-01 6.207913757925512810e-01
4.905136858569124625e-01 4.979639654890906098e-01
7.964015390080725343e-01 7.900543929675727384e-01
6.328474906170726832e-01 6.923441796000626702e-01
5.255388537943083138e-01 4.252089066818635077e-01
7.803089119506614324e-01 7.290761553072233614e-01
6.103232241654457102e-01 5.452622230874113463e-01
6.753046309353980536e-01 5.701632872104507310e-01
6.091148954481547806e-01 6.943066245409773574e-01
6.335479526747714862e-01 6.808152201262630543e-01
6.164541686520530472e-01 6.283616463674557284e-01
5.977945407887780283e-01 6.062684812815172242e-01
5.761684000588741528e-01 5.123886820539321763e-01
6.426111536130609814e-01 6.658556715571437579e-01
7.140898074383225103e-01 6.267245795561288135e-01
6.674698986133120737e-01 6.712507667781282272e-01
6.639510081749244730e-01 5.709622959536748699e-01
7.879666948467530796e-01 7.984494024067193552e-01
6.720539199648855044e-01 5.723155409160042284e-01
4.375011665817230000e-01 4.439435679856438277e-01
9.266698695660600116e-01 7.833674852740857286e-01
3.951194453718918642e-01 4.494943968421962199e-01
6.927749044336622974e-01 6.398162798765824055e-01
4.049899189530209442e-01 2.818183372750250326e-01
3.655423217508580458e-01 3.756458809827904477e-01
3.824939715884446145e-01 4.202529879226408194e-01
7.033402185100293691e-01 7.093374935249928681e-01
2.747746539257204801e-01 2.881168079657971393e-01
7.376267111913317187e-01 8.352085052928521769e-01
2.902391588032582903e-01 2.985368749642519082e-01
4.920409797066850888e-01 4.349665434588246282e-01
7.893193948801302540e-01 6.911403245533822570e-01
5.090665980048078021e-01 4.972269888976859620e-01
6.426263357322656855e-01 6.537495232487637864e-01
6.085623920615572668e-01 6.983477267144142520e-01
5.781538094885286805e-01 6.206799350372173008e-01
7.695067060199382025e-01 7.279850171681051529e-01
5.467664565976617652e-01 5.005545961532908983e-01
6.207230969002270893e-01 5.405757420035761651e-01
2.755123578144961782e-01 3.669834328620057984e-01
5.672656692736243178e-01 6.523277236475962804e-01
3.221903028707494010e-01 3.556267717620963942e-01
7.541556736336941791e-01 7.534910802381301620e-01
4.335291254196597666e-01 4.531903188965749618e-01
4.102733545629348444e-01 4.900050802840086317e-01
4.768696267765438201e-01 3.792893411820635330e-01
3.800429982112557559e-01 4.789162309121939298e-01
7.665065658522326464e-01 7.115139072341597481e-01
5.262335098381375476e-01 6.105162625005463584e-01
2.720244121379879476e-01 3.587744803043763642e-01
6.616373840796416772e-01 6.232389148303056903e-01
5.672495419907405134e-01 5.405090314607893243e-01
5.473018152879166598e-01 5.067555153160775427e-01
5.626593971993598675e-01 6.251413823720843865e-01
8.581181383680407393e-01 8.984195089146420621e-01
8.105853406578111819e-01 8.170184307125303302e-01
6.813321261266594986e-01 7.272177513875258681e-01
4.828176772097249603e-01 5.012320149433662220e-01
6.389141606149689734e-01 6.200399200819403100e-01
3.540364528961993384e-01 4.251892051837118380e-01
7.008887456701153873e-01 8.032572380540299317e-01
4.767713477976299741e-01 4.262692326486651195e-01
6.138704445680697175e-01 5.860976329865038581e-01
5.835535900230467421e-01 5.964971851184558416e-01
9.427852408966416187e-01 7.949277050561315283e-01
6.113864496884486854e-01 5.653906113444790993e-01
5.929301478651166635e-01 6.438798058200595475e-01
7.352300737667365471e-01 6.939706512578978082e-01
8.011414797606489779e-01 7.912689702013940840e-01
1.015961558651262919e+00 1.045533633424780007e+00
8.323848527976925871e-01 8.435789579950289108e-01
5.157313593947070451e-01 5.178104395041265295e-01
6.501776769028898562e-01 5.155239409297437403e-01
6.138373738053116702e-01 5.951281944456289219e-01
6.135184518559110289e-01 6.146149961587753507e-01
6.489273365447743025e-01 7.573057784558989702e-01
6.423492739276769337e-01 6.452745213006082503e-01
6.180361826030041916e-01 6.110710646510874033e-01
6.287272428373625877e-01 5.863149705022098201e-01
5.510519837979468427e-01 5.406778406239920454e-01
3.939971393498218344e-01 4.229981453989065665e-01
3.989967976613665313e-01 4.413417827346620692e-01
6.988504234333676735e-01 7.640406648691109304e-01
7.512984853196174040e-01 6.932705026204040166e-01
6.228982548835494404e-01 6.072301973761718985e-01
6.972571484210077220e-01 7.031919828472217304e-01
3.736917888815547428e-01 4.264047526947258859e-01
4.493628326555755836e-01 5.565323017260616068e-01
5.213434256955612467e-01 5.276701395940207595e-01
4.374580744849288494e-01 3.726669002732019842e-01
7.024871068464980661e-01 6.888654614285386613e-01
3.847761433652255869e-01 3.355265831192485448e-01
6.866717009303112684e-01 6.319428257992317777e-01
6.075528240021759174e-01 6.306757282218706795e-01
4.949715588409402955e-01 4.425917314853711759e-01
5.368888430678679935e-01 4.492022956861974614e-01
4.720496731575762883e-01 4.004731391996535494e-01
7.287492506585567797e-01 7.650181354676602874e-01
6.055042362799328837e-01 5.580562654258715005e-01
8.181903876551190891e-01 7.790914157784656346e-01
6.422866817173678022e-01 6.009961780550783228e-01
5.855861758806413242e-01 6.082947651384693621e-01
5.322807884947085011e-01 4.665335005221083464e-01
3.282513255484194592e-01 4.308879170500999334e-01
4.455181726631667893e-01 5.334371136082709519e-01
8.462363189909609673e-01 8.368539812610982231e-01
5.854821434602202057e-01 6.396429102012470835e-01
6.208637181708009933e-01 6.088097960758862559e-01
7.699647849925108645e-01 7.679402597606199699e-01
5.762377332730450608e-01 4.966525357343422598e-01
4.675689714418672649e-01 4.626817154263695997e-01
5.144503703132634609e-01 4.986006128526960790e-01
7.456387591898636646e-01 7.480107205731507669e-01
5.495914436579001361e-01 6.059792706936655282e-01
5.642356890071066333e-01 6.250055906783181792e-01
5.493979704419879040e-01 5.056590096883303298e-01
8.256782572743377457e-01 8.523596633809809031e-01
8.746393784798238702e-01 7.920659086661330228e-01
4.443018891697775308e-01 4.058192567416087915e-01
4.635513523143658388e-01 4.329073842806496764e-01
7.193404951357318389e-01 7.354222038810178663e-01
4.937799356288491426e-01 4.128515623851067851e-01
3.799532608683164892e-01 3.606724359361753729e-01
5.756948521766220850e-01 6.272334703824786750e-01
4.407811285309816141e-01 4.908561322211975053e-01
4.886222878317283413e-01 4.477913569774732983e-01
3.290966415728116545e-01 2.191188961025696824e-01
4.559931973339002020e-01 5.312548799490417473e-01
6.624967405128825426e-01 6.483397202024649975e-01
1.702792853411405904e-01 2.346949203146624086e-01
5.830806227497519201e-01 4.915598196381423812e-01
5.768402659196628646e-01 5.298052840095887062e-01
7.268919788023043838e-01 7.354748030084373722e-01
5.939668786716190141e-01 6.060189874058452553e-01
6.703912409144643370e-01 6.203024289856147178e-01
6.474820331674565610e-01 6.071602066061038139e-01
5.379316522661624633e-01 5.548504692674137706e-01
4.911814069675528027e-01 4.554154651963113198e-01
7.608812230761851092e-01 6.743210246968568411e-01
7.008879801516787467e-01 7.200700888117561593e-01
4.585712040722535465e-01 4.659315524153899157e-01
8.634469291424192727e-01 8.045562740085631104e-01
5.602944274724719342e-01 5.481598756820629248e-01
4.423725252554030485e-01 4.422697866102591746e-01
7.345686610303920894e-01 6.571607012321460939e-01
5.311262357938379974e-01 6.101109901768573263e-01
9.687995273218609205e-01 9.519526671494814574e-01
3.135854899992371880e-01 3.286659111658707388e-01
6.387908204700570858e-01 6.942835811900899268e-01
7.777865332612613480e-01 7.739256070071022231e-01
6.318837762764374366e-01 7.380849219466177891e-01
8.598980750578616439e-01 8.323136272518359968e-01
6.954668794254790232e-01 7.107207895800193853e-01
6.107331108245024343e-01 5.947952735163830607e-01
5.333638195551329009e-01 6.346550417049638959e-01
8.199673975780789048e-01 8.394157705230466116e-01
5.730565863170684615e-01 5.182851273407897974e-01
5.773518534841683980e-01 5.423507096821389428e-01
6.476163273190317371e-01 6.455132719259061291e-01
7.682808089354402625e-01 7.697324624335331045e-01
5.638002859863060490e-01 5.643494896040193165e-01
7.400440354830840617e-01 7.623598092822233552e-01
5.276165715656754296e-01 5.266590705458643606e-01
5.355569831383604207e-01 5.509109727689012193e-01
4.830190882319480572e-01 4.321108329403348103e-01
6.664309263220153934e-01 7.265534364690755531e-01
6.929861153209361246e-01 7.284919264529411409e-01
5.815644353682036805e-01 5.618893043003132526e-01
5.273628873384830218e-01 5.785852302482006326e-01
5.110213375309008432e-01 4.707525489968567012e-01
7.772657791386475834e-01 7.380478284309445192e-01
7.899048744031751390e-01 7.713063785748792700e-01
4.966410371018277758e-01 4.846283422197694146e-01
2.652460109754768980e-01 2.885187767260187219e-01
4.997705734003345390e-01 4.388770166172210607e-01
5.497736523394016750e-01 5.047249060903451490e-01
6.753452628467336849e-01 6.180851946302216016e-01
3.944131505451692887e-01 3.413533826356793255e-01
7.474207806399775222e-01 6.831548068892057124e-01
7.784725436731162462e-01 7.555271262434893886e-01
6.162585608467018305e-01 5.463296124640723006e-01
4.838685076531023532e-01 4.776600382518044197e-01
4.494352155011338557e-01 4.129559579175453576e-01
4.967636244086486852e-01 4.512104986262283624e-01
4.114982435376366987e-01 4.390592994311405817e-01
5.255455950427828649e-01 4.768929518112505206e-01
9.236364891646916542e-01 9.149506441151983305e-01
5.279986875140699754e-01 5.489322362567691238e-01
5.904543418015315570e-01 5.713266512090726668e-01
5.864132792180115628e-01 6.623396215872027204e-01
6.080523788834544252e-01 6.176708572588436308e-01
5.970644941894728275e-01 5.800711268090245065e-01
4.706738292349724184e-01 4.599338426447791561e-01
7.775976769200290128e-01 7.517971632031406060e-01
5.156988519732667031e-01 5.078206798049277326e-01
3.925548951626269822e-01 4.911998417966094710e-01
1.235650325140530192e+00 1.221901419833408386e+00
4.532910715416703096e-01 4.368999830414507790e-01
8.300072023420373979e-01 8.023385247747097937e-01
7.258409763206628007e-01 7.096891151866002723e-01
7.091181482760247068e-01 6.588704516371817199e-01
6.143885070494782275e-01 6.913230720158919373e-01
5.482370134604911405e-01 5.208913817986496886e-01
5.333804690734129661e-01 5.706280614002987583e-01
5.629547765547623372e-01 5.793080454625477715e-01
4.463346565906226582e-01 4.180626398656874798e-01
6.370177126265537115e-01 5.955724306938054990e-01
6.681458696313913315e-01 6.343444225874321774e-01
5.927698738226666597e-01 5.599797717664521945e-01
7.593228611345738122e-01 8.305369110648955777e-01
6.243659251928928011e-01 6.658081792636878493e-01
5.606514490555141172e-01 5.353553595214859406e-01
6.598931102100863422e-01 5.869504025781532297e-01
4.459060461112338558e-01 5.146509733136958031e-01
6.783086009395232763e-01 6.777835222652682790e-01
6.151819683382726556e-01 6.592541638359119549e-01
4.055986153646282677e-01 4.303919514206483443e-01
4.608920117590998844e-01 5.135445055113622148e-01
5.690373185642666476e-01 5.243768807670859955e-01
6.128838674629183414e-01 6.657499372206411303e-01
4.090854899694030267e-01 5.028946277167866130e-01
5.780258820175128154e-01 6.674523631900917131e-01
6.856697826097187809e-01 6.422111644684517229e-01
5.677277465156470582e-01 4.536572683015786533e-01
8.291752360729872651e-01 8.277823206380620080e-01
5.329348228365312634e-01 4.646814835112867970e-01
5.177229155745096678e-01 4.536614590060419339e-01
7.196756865984016427e-01 5.805036627416751971e-01
3.283556598111797564e-01 3.589239916711012279e-01
5.995723994469748241e-01 6.702875942716897129e-01
7.637527420409054857e-01 7.629359717379659012e-01
6.236097036888900158e-01 6.786100181053685843e-01
5.880847136421258892e-01 6.290496859081957659e-01
6.942539988166488429e-01 7.352321674914003014e-01
7.213159343089626807e-01 7.550676375396810913e-01
6.604773014736848857e-01 6.318569635908684035e-01
5.249484792153520374e-01 5.298460264803652731e-01
4.622665936838405987e-01 4.566971981187220031e-01
4.162632241549859557e-01 4.073671887651860724e-01
5.319246127426581205e-01 5.063349592912932406e-01
6.749293540929099944e-01 5.287707710799083305e-01
7.003792238257382508e-01 7.607603159687683636e-01
4.310357813716155784e-01 3.349898452868406151e-01
7.405348247616493351e-01 7.548124878741405697e-01
5.696980396698474447e-01 6.090314049916512040e-01
5.282423794236700276e-01 5.795253907279563910e-01
6.846484313781339148e-01 7.259474480231996596e-01
5.859049237981021063e-01 4.734825912684804128e-01
6.954312806775059252e-01 7.168443779065559740e-01
3.247602335210291735e-01 2.528367624508842115e-01
6.820079115646617840e-01 7.584768627801548035e-01
6.745221389008637658e-01 6.576656952514847720e-01
7.009026665635074149e-01 6.837023419534966617e-01
5.529240765263705448e-01 6.023031304280850318e-01
8.605528328516461878e-01 7.576047874815418082e-01
7.994966917568743225e-01 8.082036849017614211e-01
5.362978876811975715e-01 4.846733177991303654e-01
5.815846046969769256e-01 5.756312358511946892e-01
4.681896255873869150e-01 5.178356113312345688e-01
8.375056817246101515e-01 8.797830809642822603e-01
7.121355370431752263e-01 6.558498997293267241e-01
3.537372960432118574e-01 4.398361325101456942e-01
7.223851111193514418e-01 6.214969562924718138e-01
4.070566073145589492e-01 3.039693973135840777e-01
5.940760877843435095e-01 6.150506277436250668e-01
6.055178433845043173e-01 6.077280537544864636e-01
6.844531979792085608e-01 5.921192447949268356e-01
3.497741768755091574e-01 3.616468992041500519e-01
9.427348832552497893e-01 9.198739113220506525e-01
3.705938990754375495e-01 3.612285712379505465e-01
5.580947441764724237e-01 5.073827539365739492e-01
7.738484826355085389e-01 7.069820646934596997e-01
5.239038729411706896e-01 4.531484101756264593e-01
5.866176954964560375e-01 6.406228804602188687e-01
7.240692715877272700e-01 5.938680800925879577e-01
7.500742581921869823e-01 7.503962854453983811e-01
4.073362933123719776e-01 5.133775477151418798e-01
5.969478807828986211e-01 6.359789758369406298e-01
7.030774695545448649e-01 7.680107627516249424e-01
5.718015067196686729e-01 6.752295311413978318e-01
6.673903885914604928e-01 7.330889874591139943e-01
6.045054662912130450e-01 5.840137995994088005e-01
6.368066470949833580e-01 5.099177075800829240e-01
6.036969237614377981e-01 6.217158342337842925e-01
3.600465433739031829e-01 3.663287730979777335e-01
7.488605929051577181e-01 7.352986306200073319e-01
5.547723968130698902e-01 5.728342000398211065e-01
7.939267580810477343e-01 7.969017800159466924e-01
5.656646302070492682e-01 6.364588630113591217e-01
5.225983943415034583e-01 4.151613374471737616e-01
7.351863162738617730e-01 6.732081980722458558e-01
5.084455710352285829e-01 4.855836626472417317e-01
6.913674630794021114e-01 5.949379394480672767e-01
2.756109940291892602e-01 2.488358176278268885e-01
6.019297351393977369e-01 5.778227518629808213e-01
6.717335110485462835e-01 6.560616025798917672e-01
5.315143857626579704e-01 5.290218282067548072e-01
6.457855087924190274e-01 5.715357502164734038e-01
4.021665660982447488e-01 4.319487789126053023e-01
6.142640573969146978e-01 6.725486297230023336e-01
6.554385874374604182e-01 6.179582278032884624e-01
7.912379061428196358e-01 7.861120373674783668e-01
4.912728775540926018e-01 4.150359695997902221e-01
5.789882838932692843e-01 6.153426132912865887e-01
7.239420052121543492e-01 7.192757753335357052e-01
6.431217969153177894e-01 6.211264872192836517e-01
6.440051266717443657e-01 5.638327334612687203e-01
7.242737866485217113e-01 8.084978810940469662e-01
4.018410897875660526e-01 4.380262148893863117e-01
2.814226481053374584e-01 4.304956796806064245e-01
7.372446039092935832e-01 6.414725158742721201e-01
6.495718966139890638e-01 7.760838169538234466e-01
5.168407827608021421e-01 4.771517234164770471e-01
5.918145689540007526e-01 5.137713754344440664e-01
9.008866745045014390e-01 8.382154525033085335e-01
4.330073498943733945e-01 5.938495998167365730e-01
6.527004386175715434e-01 6.851149647782678320e-01
5.859336142477233889e-01 5.802536537297549035e-01
6.744089293410555630e-01 6.995812136591119668e-01
5.521987763609029765e-01 4.623462130619161448e-01
6.294247160020204346e-01 6.884152807735873791e-01
7.792285769790922023e-01 7.676726715181018124e-01
5.909403662467046514e-01 6.325552385072942263e-01
7.406549500770219785e-01 7.701102776073190936e-01
9.641344764390710198e-01 9.924260038733340172e-01
5.061652506262428464e-01 5.100790562610533208e-01
8.056296225279065970e-01 7.758975503371435822e-01
6.618168619954299947e-01 6.898294801598400250e-01
6.472988431827755296e-01 6.341306194125067019e-01
5.240373963797401169e-01 5.787185121258021647e-01
8.121929248033367132e-01 8.786876639340946982e-01
3.927685742262932433e-01 3.663095452026878251e-01
3.754694643771986917e-01 3.752978353007452861e-01
7.299589212503582170e-01 7.221806826959672465e-01
4.184656967428232455e-01 5.001089008782382272e-01
3.355223348502743286e-01 3.418520138601907621e-01
7.031021997082305131e-01 6.720449554120346836e-01
6.777982584907513708e-01 6.558822641959431987e-01
3.495596935113989279e-01 3.639131320170713169e-01
3.463348814574118140e-01 2.939801538473151843e-01
6.775560692831998910e-01 7.771146875981731483e-01
4.728818143496227866e-01 5.524932904894547248e-01
7.762149930413292376e-01 8.502716855806179419e-01
5.669817728457037243e-01 4.866400922505257909e-01
6.185535337754476393e-01 5.698509116530031671e-01
4.095746195238475496e-01 4.715264013540969579e-01
3.187760922858525192e-01 3.144409085802614690e-01
9.523464248290267609e-01 9.899705870904211835e-01
6.620852595927035900e-01 6.546442445087363726e-01
5.080615437573255955e-01 5.844699147837292275e-01
3.996330509652062379e-01 3.470424254535890429e-01
6.147002861650135985e-01 6.261724786751384775e-01
3.392520651691776079e-01 4.960893672991497638e-01
5.074618989392245538e-01 5.635411195185993094e-01
5.201499612994052724e-01 5.388851206114483317e-01
5.707382232257556254e-01 5.657591953698464238e-01
7.314779307612122583e-01 7.565253894604615503e-01
7.779302140958503919e-01 8.438125445713493544e-01
1.010154978208939180e+00 9.624161142905539590e-01
6.118942594041943961e-01 6.159381960915241150e-01
2.582061019296303939e-01 3.079825036975786801e-01
6.177493413707552117e-01 6.575768113611880628e-01
7.940624652859307187e-01 7.926719355464224570e-01
6.265704403034439984e-01 5.518647247881938167e-01
3.571244254082036051e-01 3.274774260485932564e-01
5.039268849804234840e-01 5.237082030321484893e-01
6.263307228230863277e-01 6.876217726774049854e-01
4.849422577014441127e-01 5.175136695557742694e-01
6.959126754049840269e-01 6.826639056854206800e-01
5.872229650480177421e-01 7.459849194744104794e-01
7.022954804423624520e-01 6.774285698738065076e-01
7.049043739564212485e-01 6.927654899253438137e-01
6.991228117687355859e-01 6.919317105876561236e-01
5.296849572197841471e-01 5.631683095812645146e-01
5.441824879788776936e-01 5.419755146395042189e-01
8.499800554334835390e-01 7.863965509434707180e-01
4.241010708793357398e-01 3.428025515053387262e-01
6.527484109627569309e-01 6.640365744792054992e-01
4.743154922999711642e-01 4.417721763215680664e-01
5.699518690876528293e-01 5.312729707969021664e-01
4.967306996475682190e-01 5.237097677507904780e-01
5.598114153672210103e-01 6.489031841197433481e-01
7.472377010054885860e-01 7.548122395340507440e-01
6.967531589640714174e-01 6.923428710529389019e-01
5.126925935723305461e-01 4.842508419792252439e-01
5.146578538957891080e-01 5.099756996300226497e-01
4.578435056677341297e-01 5.063031135951910899e-01
4.779761820750634271e-01 4.495448903875082225e-01
5.392495304157832736e-01 5.644382768074162060e-01
4.231092414726247974e-01 4.809310376427665124e-01
6.608381573364342509e-01 6.420842485462722182e-01
7.158286178077398754e-01 7.121404468929516396e-01
6.439015649971966404e-01 7.136006479305174732e-01
6.558975662808332885e-01 6.145630835042563689e-01
4.749848357849848490e-01 5.078022297698618903e-01
6.745208517027605488e-01 6.550670184008771102e-01
9.807585594599760315e-01 8.643211756314407301e-01
5.035314908529253675e-01 4.831408360096947630e-01
5.575453602422776322e-01 6.190591518560452089e-01
7.530967116722993016e-01 8.258981308305115565e-01
4.454084189556760109e-01 5.474030123462447772e-01
6.723206397185558236e-01 7.016968821314358840e-01
3.791050075997677848e-01 3.397152049436992782e-01
7.020009431491236462e-01 6.620950046453872861e-01
6.903929192928563996e-01 6.897293383233544795e-01
3.460840399429667147e-01 2.505314195974527869e-01
4.887703680825255526e-01 4.743223761177097209e-01
6.264263095568587403e-01 6.321410668135736266e-01
5.760089619506458813e-01 5.690147864324064386e-01
4.137646925972928713e-01 2.780323988722587236e-01
5.094754773212606391e-01 5.601639098682416051e-01
8.038332000968732016e-01 7.997202612765125229e-01
6.085308943974913065e-01 5.278171921483215678e-01
4.945912180851984030e-01 4.572225722575288809e-01
4.863912141845360693e-01 4.740743154861072894e-01
7.859530463250684607e-01 8.206786344403794731e-01
5.656869248071848544e-01 5.956762734247570412e-01
5.557867087519094973e-01 6.052469650141394375e-01
5.492104748751939214e-01 4.171363167309353193e-01
5.886467786480686915e-01 5.287930489644676602e-01
6.421970998474807457e-01 6.417769166954093718e-01
7.037661714980846250e-01 7.669007794293086766e-01
7.569706378987007822e-01 6.145882551129172588e-01
4.939225073529103782e-01 5.448532880272021206e-01
6.224984377302770211e-01 6.307129696670962238e-01
5.699614933955451379e-01 4.993738911902564914e-01
4.244392944628691544e-01 3.696333117897013243e-01
6.610209026334593618e-01 6.768293991862411874e-01
7.054029587082234487e-01 7.339703135641496567e-01
5.215585385467472745e-01 6.355585381382559129e-01
9.715392044102520996e-01 9.764132216467281689e-01
7.092831747992051072e-01 5.639773569839691136e-01
3.801900653900759930e-01 3.380703826692646463e-01
7.219389263472956175e-01 6.393869760806051294e-01
7.379085230891767599e-01 7.933345674378203816e-01
6.279864810356965421e-01 6.469962777851163693e-01
5.894289233569458553e-01 5.883754733060713171e-01
5.721332927840033777e-01 5.670640148992466267e-01
5.389572401641486987e-01 5.653359019078481040e-01
4.519512928150488662e-01 4.882383719732157346e-01
6.665313382450274160e-01 6.317470927670428837e-01
6.003800108106052136e-01 5.350790527679709641e-01
7.012543554721838435e-01 7.733811632200758845e-01
7.375597181629330867e-01 6.889581917680759338e-01
5.393663478483042839e-01 5.007103242591482983e-01
8.179499183387166639e-01 8.741990047955874310e-01
3.590520997000560266e-01 3.697262950989734787e-01
8.298708297899312081e-01 7.465106332930159239e-01
4.295771830312614115e-01 5.308176727167097653e-01
5.429390027604534819e-01 4.948506024417484994e-01
5.431865281828091030e-01 5.458302792386308111e-01
7.423395232970662061e-01 6.763602838178350840e-01
5.188646394288708441e-01 5.316630357905857140e-01
4.647370345239776879e-01 5.083556594963813957e-01
5.402418942039113325e-01 4.728342633713343290e-01
4.866842121871715610e-01 5.370164871555810349e-01
9.515753625006008187e-01 7.611778467827764461e-01
5.898898626651797317e-01 5.208900654913369843e-01
6.705985837765333635e-01 5.834589920614396963e-01
6.705472514304484655e-01 7.539274585147581753e-01
4.360952628765836780e-01 4.751500071632133726e-01
7.518346504038629918e-01 7.634514763973717644e-01
6.420883314942817943e-01 6.516505155329004317e-01
7.188939914998557779e-01 7.166459364205750582e-01
7.610110616083696211e-01 7.486319610429492677e-01
7.562794106634426194e-01 7.686065109587231214e-01
8.940639606867750722e-01 7.813412888918240817e-01
5.280514546744848881e-01 4.677427317559267883e-01
9.374862685405450646e-01 9.440412789971003305e-01
6.630419325060804558e-01 7.312711498343670291e-01
5.435295697785794689e-01 4.154796301500391364e-01
7.623366778921014664e-01 7.690727361577476273e-01
5.261594796848063638e-01 4.382246156622440769e-01
4.049659386060921462e-01 4.375138429126638751e-01
4.374929473323194151e-01 3.832593809662813711e-01
5.218893821933869859e-01 5.912170013518858180e-01
5.159468869972541061e-01 5.273261897013339361e-01
6.718065261061422211e-01 6.859930707178091280e-01
3.638088683497873732e-01 3.700712347606739949e-01
4.662078970616675422e-01 5.573882191608835468e-01
8.232513942660782957e-01 7.661213729597818878e-01
5.806311912212260840e-01 6.221671419175844875e-01
7.485905674667847620e-01 8.490806964327235473e-01
6.743726987605268564e-01 7.434667792235932771e-01
6.258102607448461363e-01 5.196750522832789265e-01
5.873980290983309427e-01 6.475723008407723302e-01
7.475229070369342477e-01 6.536310527534230364e-01
5.513764088672984398e-01 6.017113061153768205e-01
5.570730359409949983e-01 4.509749462099914563e-01
5.065138279766375762e-01 4.850429158146862818e-01
7.914294955161775835e-01 7.618385391161941467e-01
5.302677322650901637e-01 5.276692081641438659e-01
8.779916599657986431e-01 8.918023862888713182e-01
4.601662462405198828e-01 3.976252661593669413e-01
5.486429473459459860e-01 5.531814464548072685e-01
7.506201515480561692e-01 6.908077471818487858e-01
7.254250962236193923e-01 7.447033147355651694e-01
6.768867891283334437e-01 6.942533638074075419e-01
6.926654386826747167e-01 6.318276809801350868e-01
5.667019362197341925e-01 6.000921931634451978e-01
3.493385979773480088e-01 4.347902611922198624e-01
6.241272668073813978e-01 5.473610783296245508e-01
6.289045984491072883e-01 5.845087336244270126e-01
8.020155384939655629e-01 8.008675425246774005e-01
6.763261371108247877e-01 7.513742568615419115e-01
5.012832378154700175e-01 4.846360241878960307e-01
4.831118180494504144e-01 5.240840580318915087e-01
4.363972683910191108e-01 5.184188536382796642e-01
3.044307212672788809e-01 2.913464664629675793e-01
5.246069257882506331e-01 5.682988807194755410e-01
5.980484218806065844e-01 4.621095279590483051e-01
7.303682042549322073e-01 6.896708746582365102e-01
6.748207989739772872e-01 6.787774395789493154e-01
4.906362515486942244e-01 5.509785755216806136e-01
8.868900935646467643e-01 8.824154383124648282e-01
2.475991873373593333e-01 2.616260708694700399e-01
3.349151681440851736e-01 3.913733168181221522e-01
5.583623027148558737e-01 5.381875788576679920e-01
6.697842588229673266e-01 6.113287883547714463e-01
5.044636357941416627e-01 5.729809360012625419e-01
6.947854454646441580e-01 7.021088238560569961e-01
5.201608718231076622e-01 5.885954246914644195e-01
7.816707315307979131e-01 6.945285713209895517e-01
6.179074823789072468e-01 6.815538266543610391e-01
5.548448232438367711e-01 6.154399323185615334e-01
5.742137897020888060e-01 5.376493849230267186e-01
2.559002585374713923e-01 3.450366885287667329e-01
4.457676244126432263e-01 5.215621243391315165e-01
6.273390577404631685e-01 6.409955035188623640e-01
8.736012897219380680e-01 8.974324213164750486e-01
6.129947653557816789e-01 6.303068839551608793e-01
7.396559405374881768e-01 6.890366558621833226e-01
7.354345808141450336e-01 7.281742661989917265e-01
7.084743491525506975e-01 6.746632416540165877e-01
4.315609702943858927e-01 4.552060414573114722e-01
6.282709313593514144e-01 6.405888462905183767e-01
7.038020203775636752e-01 6.608654311235522272e-01
6.571213424609370080e-01 7.696348610181920069e-01
7.933187516285522545e-01 7.384829070462011202e-01
3.907701222565796439e-01 4.155441581484697333e-01
7.292720277736334245e-01 7.394507009883443116e-01
7.001519298345995068e-01 6.576858915484500301e-01
5.543916595849680551e-01 5.061531120280573504e-01
6.031544810341069596e-01 5.854049176461322279e-01
3.625664419155552598e-01 3.879211942256486911e-01
6.621932605412531592e-01 6.810697804339053141e-01
6.428632616240582687e-01 5.433321764624675643e-01
3.086213753081207822e-01 2.621990659076607888e-01
6.784847992575848696e-01 7.424243228173030840e-01
6.888935489054218708e-01 7.498483192466997016e-01
4.592901229325609957e-01 2.987697927202758175e-01
5.376889698750098034e-01 5.051250255824648594e-01
4.977519979688748153e-01 4.762879918015846537e-01
5.180839072088877506e-01 5.860027899040044508e-01
5.823219752096092661e-01 4.720579500187799260e-01
7.796259625392164549e-01 7.714607514664270083e-01
4.995180713971703046e-01 5.112669817563961772e-01
5.828869617581572404e-01 6.588865038974017763e-01
6.301692628909740801e-01 7.353025910245705177e-01
7.977323806744240908e-01 6.897257758272683503e-01
6.066607449864961366e-01 6.182579431167188888e-01
6.272168673177586085e-01 6.192875659171322988e-01
4.302865863633761889e-01 4.349131491807230465e-01
6.922033467072131740e-01 6.499484050201190799e-01
6.319631055707135570e-01 5.755551346375953337e-01
4.995254731972015860e-01 5.282380681771721154e-01
3.876578736685660220e-01 4.206181445427116805e-01
8.298380543234785689e-01 7.625454595674799885e-01
7.865999955089671980e-01 6.763085479098457364e-01
7.685519921953465339e-01 8.038943126513327098e-01
4.725227224276322135e-01 4.687362879185845155e-01
8.474505247711363598e-01 8.183234477693863695e-01
7.879469005054250408e-01 6.678557719627268296e-01
7.651267854823216030e-01 7.520734810677385251e-01
3.414552446236223116e-01 3.618505868946826354e-01
4.377420515140566515e-01 5.503661178150246469e-01
4.522417167147375072e-01 4.874723720665165572e-01
6.453558016863640834e-01 6.023324605334996473e-01
7.612082098318728729e-01 8.099733073489605584e-01
6.581140251251699214e-01 6.073087055045679472e-01
8.667622510979586803e-01 8.156769395355538688e-01
5.811446858167199636e-01 6.131572611550355489e-01
5.001906966624678486e-01 3.280642367289531292e-01
4.029062554293839638e-01 4.348766216362230930e-01
6.148766046215513592e-01 6.064403174567886134e-01
6.688088394634408296e-01 6.914143000970540687e-01
4.923655921334796903e-01 5.029461630186189414e-01
5.502172855453075773e-01 5.864424102915968273e-01
6.031593884855245280e-01 5.743277318709790746e-01
5.661565687725702567e-01 6.276071140595165243e-01
4.073294830871347361e-01 4.166555478363775378e-01
4.545096033012240300e-01 5.571720576779594092e-01
5.975956318216821828e-01 6.737052300038794961e-01
6.063262627924674852e-01 5.975413386516033043e-01
3.824204436042223931e-01 3.805691395661615073e-01
6.582640719484745828e-01 6.837364212278153053e-01
8.027659979098149545e-01 7.247983723575972537e-01
6.789674961865523883e-01 7.236200345045735727e-01
4.865960040751162174e-01 5.213703504763426144e-01
4.620525200623769035e-01 5.328449853058647712e-01
7.736896466309054476e-01 8.792046131006973075e-01
4.914548043019590362e-01 5.482802977751589646e-01
4.927793007137405423e-01 4.157253566428719127e-01
5.983203358938224969e-01 6.300012701233663748e-01
7.537966792077230860e-01 7.809720170308791509e-01
5.452183921514317522e-01 5.281424184901095664e-01
3.928136774860372382e-01 3.552513324988190169e-01
7.936630369096039361e-01 8.959016794006994244e-01
6.748087037904337837e-01 6.588596889212661178e-01
4.758996331302228766e-01 5.787618419406567183e-01
4.836759727830532984e-01 5.406396551237535597e-01
5.191810594322072703e-01 5.416922483244230868e-01
6.444079764046523051e-01 6.292948224445459315e-01
4.028213109455112684e-01 4.273123322332083585e-01
6.433969492716898886e-01 6.661066412754724775e-01
4.659116145521924879e-01 5.307028511666476156e-01
5.464633668564440327e-01 5.785883308491075461e-01
6.288653642017559831e-01 5.987300914088690140e-01
6.796093127824270885e-01 6.591285696903584901e-01
5.428521585517522841e-01 5.208959749064587808e-01
6.488925496658328740e-01 6.801682257642407414e-01
5.965546820926646010e-01 6.030739962450291092e-01
4.921108076117209351e-01 5.102504049217927440e-01
3.503330212991500048e-01 3.114644502398661308e-01
1.514166486582216586e-01 1.758755232349261954e-01
4.528717446264596269e-01 4.667950135851636206e-01
9.666502774389594821e-01 9.649986395711166454e-01
5.918945065597831512e-01 5.710635858374244478e-01
6.240653578781094613e-01 5.652001253886818066e-01
6.690253210309248244e-01 7.169400778328746116e-01
4.478772468731798684e-01 4.555225629623562700e-01
7.668618435740132133e-01 6.885545050993969740e-01
8.581839924692663546e-01 8.699064585848036435e-01
7.280513350758786029e-01 7.730414939916687711e-01
7.266231162990489656e-01 6.087960074356871809e-01
6.745657541433609516e-01 5.804259627961187995e-01
4.202534332597060440e-01 3.617221092341550981e-01
5.307898457378251722e-01 4.683088504595019907e-01
7.112414413666801050e-01 8.560751251907743331e-01
6.316877742357115411e-01 6.119754565037148764e-01
7.474116596720035144e-01 6.934493249747735177e-01
5.383047688853054291e-01 5.359542545587842044e-01
7.161078028749617852e-01 6.291814561769369929e-01
9.033116808983266965e-01 8.799880370071359037e-01
5.590324767353398450e-01 5.905593159120285929e-01
6.933193336123008033e-01 7.105557599812096781e-01
4.042097973187043780e-01 4.528855859726467759e-01
8.819320450666235933e-01 8.641289089579550220e-01
5.682386283250104864e-01 6.139515579173457915e-01
4.281932497581490416e-01 4.191744402287049254e-01
4.476461290944749316e-01 5.152620963966807466e-01
4.714651005355936508e-01 4.840780665512987024e-01
5.551850446906300141e-01 6.007670161673009934e-01
2.818165937318777292e-01 3.534189530703127913e-01
6.890424628356126568e-01 6.838470305775270486e-01
5.341806187119348959e-01 5.866387606528216114e-01
6.550467056884152761e-01 6.083787213003464256e-01
7.026885153136874784e-01 7.620554808200745711e-01
5.421734678375550454e-01 5.761967585787978186e-01
4.848332504239693530e-01 4.769336625337169955e-01
7.351602651220682239e-01 7.917301121069647563e-01
5.239095345781865642e-01 4.147622834245480172e-01
6.620878313470599519e-01 6.326307217291602392e-01
4.548122382082063209e-01 5.111767149051936743e-01
2.052935145656164806e-01 3.036995102312421979e-01
7.461835516938813972e-01 7.217456850265061563e-01
5.632514250608580131e-01 6.089126128856390263e-01
6.598194926851487230e-01 5.801415936535371243e-01
5.649493606421640557e-01 5.470410057001833248e-01
4.510869097167810038e-01 4.681230495470092290e-01
4.192980160636216036e-01 4.581628562147126438e-01
8.249265185055253413e-01 8.024668583837230029e-01
4.083025938348062156e-01 3.107785924310718095e-01
4.705543497054148205e-01 4.183872802878195185e-01
4.362293383059245855e-01 3.925243774117126438e-01
4.451780549968999967e-01 4.225848324024996661e-01
6.229530146428000625e-01 5.559405751393765582e-01
3.862548198072460193e-01 3.958710670403929321e-01
3.255434606937975817e-01 3.555175368356734422e-01
6.327184318748595437e-01 6.784395343076254914e-01
5.296330369433426277e-01 6.356334816896938023e-01
5.427234002785417122e-01 5.255267737787252535e-01
4.142059303908625090e-01 4.640025385066978147e-01
7.541401362040844880e-01 7.694084975884925015e-01
7.302468704133834310e-01 6.765594700004936568e-01
6.333732961213194290e-01 6.330165960505227396e-01
7.961574997577838264e-01 8.185940817041470474e-01
8.051695859904383079e-01 8.436800642812846140e-01
3.065089078786510379e-01 3.467452714104349853e-01
6.667723535345354557e-01 7.851068597825489048e-01
6.101927529319240984e-01 6.159781184190985526e-01
4.186884324318839168e-01 4.574703740815282416e-01
6.471556140933542034e-01 5.533485624486461640e-01
4.357067233148342322e-01 4.280946473329769186e-01
8.000609755699369385e-01 8.103860661445975166e-01
6.556765528121156761e-01 6.979025449636145906e-01
4.083100612175208366e-01 4.794861318759008895e-01
5.131412640563230987e-01 5.739891073118532638e-01
6.112991662029374496e-01 5.426324508718007866e-01
9.777201647606620361e-01 9.915047600875451783e-01
5.461935745719038726e-01 5.565203854259525018e-01
4.318356426046801588e-01 4.064629046606147988e-01
5.630830733708859226e-01 5.786918570845119847e-01
4.547958335729865298e-01 4.412181220919937918e-01
4.627457626966764992e-01 4.464493237787327540e-01
3.530455577542285228e-01 3.574139045871109754e-01
6.825743579332047561e-01 6.686532862356863172e-01
6.700692329731755548e-01 7.110868940061688681e-01
5.632509412187779452e-01 5.529008273845198440e-01
6.555596139630989194e-01 6.292919664271970914e-01
6.912315364967359654e-01 7.376094439549100157e-01
6.870930258691235748e-01 5.606804118470386511e-01
5.699552916934783608e-01 5.683285130350218539e-01
4.742353362322438426e-01 5.519230677279581831e-01
8.011411242284043333e-01 8.139515051562120629e-01
6.860605433359294736e-01 6.046671472611613307e-01
7.266052627736202529e-01 7.117358836942470068e-01
5.175249782236407414e-01 5.094196326210861381e-01
7.896658534529615858e-01 7.867988010379481922e-01
8.654365614155460351e-01 9.328479284868317345e-01
4.282630166094811841e-01 5.240000052172680833e-01
4.889269077370236860e-01 5.730574000481797325e-01
5.629282718192930579e-01 6.425487654126688097e-01
6.292348163031593611e-01 6.645526298990271918e-01
7.962662880450454006e-01 6.944840100197474664e-01
6.829292663325402524e-01 7.631356969908035248e-01
5.555462903471275471e-01 5.122144567498891909e-01
3.842190296978935660e-01 3.915123998951727247e-01
2.923373552716691526e-01 3.564631484456417532e-01
7.614939696816764858e-01 8.631880771406841291e-01
8.728368592021531480e-01 8.862256032479072232e-01
7.999247360766620352e-01 7.739772714583980084e-01
7.207032474528917154e-01 7.369184773240849973e-01
5.666657117350465400e-01 5.633889333891425322e-01
4.447729169062873411e-01 5.433969484994782828e-01
7.366368798925159167e-01 7.851828199619615978e-01
7.438032849099088795e-01 7.724787327542591564e-01
6.749236868944887835e-01 7.344307252466575342e-01
4.354663504068073676e-01 4.688129360985912042e-01
6.795900432545478598e-01 7.036255959685304706e-01
4.762499631520242249e-01 5.020748976266655728e-01
6.510964491929843723e-01 6.613252400958494759e-01
7.612112890455635661e-01 7.250825282596391474e-01
6.505859762767939314e-01 6.819222419659204393e-01
7.331718217596843168e-01 6.746897053098743768e-01
7.111573275710393327e-01 6.915968706419494128e-01
4.535716406103144083e-01 4.034872765357938595e-01
4.998665755947145906e-01 6.171222712247864672e-01
5.688129194658687604e-01 5.782220416223781134e-01
3.551314189819523293e-01 3.091286067229186418e-01
4.797378916668319504e-01 4.159017978524060521e-01
4.057389031720324835e-01 4.313355436903200668e-01
6.760447096993842386e-01 5.410252536679247548e-01
8.515513737277777828e-01 8.117915302693579083e-01
7.025715721189274010e-01 5.622994334086599544e-01
4.467730424378477672e-01 5.611109366505313556e-01
4.867656520183555324e-01 4.118422626606049741e-01
8.487606428898558653e-01 8.325234930008739154e-01
6.468680754975204561e-01 5.365468803161366207e-01
4.749852276356117953e-01 5.480117947555193103e-01
4.638892517087171985e-01 4.471438751419952728e-01
6.898515555534109334e-01 6.358320489684042842e-01
5.479926665170082867e-01 4.849771998154752684e-01
6.909579732588975176e-01 6.203687741124850330e-01
5.108998604169514568e-01 4.702925790780129178e-01
1.046624957259826516e+00 1.003556851489833868e+00
8.063227339951267725e-01 8.485076877989742306e-01
4.362866379709461340e-01 4.670192401473067800e-01
4.520688872443879847e-01 4.820807310882733177e-01
5.063682262054147731e-01 4.769622987429310013e-01
7.329263673755215258e-01 6.810606902606275437e-01
5.224769455828249809e-01 5.569868238702412322e-01
5.473570139863526141e-01 6.146488497173541177e-01
5.468559828489706343e-01 4.609836030717771593e-01
5.569455503495726045e-01 5.790903623015819512e-01
7.067227140512706285e-01 8.282853706422377282e-01
7.344196408516188157e-01 7.627675927646815346e-01
6.700079607912658997e-01 5.726259159358060291e-01
6.492813196315964097e-01 7.178705655819511700e-01
7.382964660888914343e-01 7.900599938105900000e-01
6.123530036429454260e-01 6.237057970934754003e-01
7.222152266950565558e-01 6.650774641382879437e-01
5.951969611360043988e-01 5.516420362149028200e-01
5.779069356244574962e-01 4.921903516503778886e-01
4.284738895294726291e-01 4.926018286314453043e-01
6.491588098045367738e-01 7.248455663815195349e-01
4.010425618555702454e-01 4.470282173246998281e-01
5.474495041843276955e-01 5.762514231209450166e-01
4.795199179849793936e-01 3.644652795281985158e-01
7.253231990932751394e-01 6.843796606075958078e-01
5.198185022096520891e-01 5.244046949643662581e-01
6.888831254066435372e-01 6.424382788648096421e-01
8.235058654947451373e-01 7.632368410766656730e-01
7.748240975218124715e-01 7.517030057820194289e-01
6.026248737900001817e-01 5.823877512656807642e-01
6.677860466976656140e-01 5.791187535836613831e-01
4.785838176724043214e-01 4.897441133618113396e-01
4.092030323677022796e-01 4.300555631686753255e-01
2.890162782197178704e-01 3.311784371823360829e-01
4.384693503011302673e-01 3.265527241860232688e-01
4.630066113855517695e-01 4.735931832736591796e-01
5.553152446702888101e-01 5.392701581822093582e-01
6.454363186890235138e-01 6.225061615444953400e-01
5.716495498209708259e-01 5.774553690137917972e-01
5.232251704306198903e-01 4.934523441000437938e-01
8.342412029721313349e-01 6.867010687881058839e-01
7.280389647501847028e-01 7.853939582567782685e-01
3.469756554921090697e-01 4.624782041429760238e-01
8.127180550906788481e-01 8.109255701836487473e-01
3.658082600553401731e-01 4.028476565305653123e-01
6.648936173611126321e-01 6.342148076936136025e-01
4.281094444698630985e-01 4.275417986260199310e-01
5.080142005367941360e-01 4.469245318325968386e-01
2.242126942459358452e-01 3.185819129359562796e-01
4.121581596183567231e-01 4.913776159660642739e-01
6.125776248317673645e-01 5.408651910114028460e-01
4.299803285739554615e-01 3.884260697679572938e-01
7.533211436698535879e-01 7.963635858244554333e-01
6.435474544397596919e-01 6.050139441652429007e-01
5.903473922578891253e-01 6.047219226628862687e-01
6.168180038920340058e-01 6.882429509179953664e-01
6.373773503941762009e-01 5.765122004592400096e-01
6.592184372636551437e-01 6.000231228274652828e-01
6.148331746004185305e-01 5.932633326651028938e-01
6.159787011858165462e-01 7.825034810570278276e-01
7.993917588420981213e-01 7.731053561061705937e-01
4.535580103398940133e-01 4.411635651776337208e-01
8.258546297984656892e-01 7.154252541555123912e-01
6.231428650255762536e-01 5.979824597733066627e-01
4.436442036466374805e-01 4.315539362918301425e-01
7.578503244739080991e-01 7.464807582956320964e-01
4.948015898010295621e-01 3.716483392279488762e-01
6.002331352397909381e-01 6.411546557751823805e-01
4.567994290468599394e-01 4.182035855192291485e-01
6.198819692394295089e-01 5.800168763586255327e-01
5.516591033496466290e-01 4.588105683027722259e-01
5.797296696297797869e-01 5.975546492857759517e-01
4.280278151941580012e-01 3.499187879050500438e-01
7.272007828407615060e-01 7.025620020665798160e-01
7.472979950014130290e-01 7.817673353759037047e-01
3.899417171893502787e-01 3.974606270871619551e-01
5.788129021195146384e-01 5.217147084904359966e-01
5.445987107915334358e-01 5.471159329014271266e-01
5.457534873938875153e-01 5.164274928062319026e-01
6.627614126484444590e-01 6.272516244934061014e-01
6.284355852546452681e-01 6.149316523487642350e-01
6.467678932569506101e-01 6.027519955545125319e-01
7.377596865522259018e-01 7.657119586244082177e-01
5.528349094582102330e-01 6.480140966776403166e-01
7.384434426609065572e-01 7.718743004619394998e-01
