5.082050104868677254e-01 5.461651172167983903e-01
4.469275323608684625e-01 4.014666552086203488e-01
8.646909616795697140e-01 8.405021902283262847e-01
4.990501268844133587e-01 5.231898600106164032e-01
6.132891757501324204e-01 5.627689234998152212e-01
4.149005528662204068e-01 4.931071044624273370e-01
5.718333490727967039e-01 4.679632186619520628e-01
5.131169053759232490e-01 4.213078861150663657e-01
6.881039914015637526e-01 6.743692934991739607e-01
4.845483863388058143e-01 4.404352629474551639e-01
5.262999579565759145e-01 5.717054501356013674e-01
6.623842768111345425e-01 6.712652284556364091e-01
5.956940170599986928e-01 5.579695547286911417e-01
6.466861115743413047e-01 4.593329915141862729e-01
6.739864956724025413e-01 6.692932626724056311e-01
3.223240020073428469e-01 3.733288603018303786e-01
4.248304459029939584e-01 3.004819018746419101e-01
5.685050803072035919e-01 5.432753534830545572e-01
5.370905017989477948e-01 5.795905765462396886e-01
7.197724104338866224e-01 7.014620435757555894e-01
6.938460472988297045e-01 7.248545719317109892e-01
7.063494200264474054e-01 7.659336622046905019e-01
7.279507526738252521e-01 7.557817901684581452e-01
4.374261718584903091e-01 4.671747041218642371e-01
4.783952807840108346e-01 5.972693806374422820e-01
5.692040392990203035e-01 5.446253364223236915e-01
6.152004374185086055e-01 6.112960503990662042e-01
5.057985379340479426e-01 5.523429734415807868e-01
6.736171514490053580e-01 6.357563015652184513e-01
5.995281075275132876e-01 6.922643372394211569e-01
5.609925582631090091e-01 5.441024772208407079e-01
5.246747541569896089e-01 5.593739420379837401e-01
7.058172147018978437e-01 6.194828496488006264e-01
8.711427564872603613e-01 9.029697788717822027e-01
3.790015798323765339e-01 4.319068295178170591e-01
7.819643434449085051e-01 7.465802261598898371e-01
3.181969722038849313e-01 2.527070004802472458e-01
7.487047668650725907e-01 7.570567347037508998e-01
8.141426351794053273e-01 8.123625371444634924e-01
3.753442801745330848e-01 4.072347147124937838e-01
6.860880931403738892e-01 6.396800179108610429e-01
3.655510685749147060e-01 2.731423370920414984e-01
7.247734428761105629e-01 6.560618147772792064e-01
9.033852015325511964e-01 9.492250950328939840e-01
3.915905033971155969e-01 3.721264968437499321e-01
6.559449925014307903e-01 7.687909877437483219e-01
5.456552484838205208e-01 5.213515950148729372e-01
5.633465717703113329e-01 5.704056070493680464e-01
4.179019919403693661e-01 5.004979485925572513e-01
7.410970674257327806e-01 7.617785294030195997e-01
4.155350074322640697e-01 3.466844814123304919e-01
8.295036625837289845e-01 8.399196106979486265e-01
4.336215455505980088e-01 4.405009385436919334e-01
4.765228204040078963e-01 4.999325389106203388e-01
6.718604132070051804e-01 5.975424589923390428e-01
7.047884624452139812e-01 6.189452154985405352e-01
6.160425594757028556e-01 7.015266145127871944e-01
6.436252198818005477e-01 6.899909798421154372e-01
3.830414138782103906e-01 5.112205700059115898e-01
6.006799928952463175e-01 5.636989759326253013e-01
7.035571919597666257e-01 7.187608113133389098e-01
3.287108988149750055e-01 3.837665156847907544e-01
5.686610558538487403e-01 5.311226730566225296e-01
5.662620665990901747e-01 5.633413159025549843e-01
5.813322622101382287e-01 6.416772075312446866e-01
5.384222578887087884e-01 4.790673075323617081e-01
5.634271912931511084e-01 5.494747059062444761e-01
8.606607053884298697e-01 8.323394564924480044e-01
6.158218324141297995e-01 7.002503784250393437e-01
4.885255007690543216e-01 4.620861852334917641e-01
5.092131786861712195e-01 5.524961988914659505e-01
5.971409051947148550e-01 5.709134558198892817e-01
6.785269094554075009e-01 6.762546863997281887e-01
6.148705850319861055e-01 5.716264087221240020e-01
6.920384246218794777e-01 6.956505582487001460e-01
6.059310185569998231e-01 6.641636097536586236e-01
5.438958709708381356e-01 5.823293922638075326e-01
3.581776072546231648e-01 4.678571357627221983e-01
4.316314434537350531e-01 4.974545351388289793e-01
8.756219095648587469e-01 9.661464403234900633e-01
7.241928762537382935e-01 6.822698119899427427e-01
4.408696379005213606e-01 4.598440167596701267e-01
4.052461116258886942e-01 4.377075283830211272e-01
5.633192368656425586e-01 5.513793867767899926e-01
6.624526647442242622e-01 7.392707198355029652e-01
4.987001679262737519e-01 5.254848811672293563e-01
4.261870603891818043e-01 4.395036946470947670e-01
4.475667424161233754e-01 4.724100210706707603e-01
6.224098504454017577e-01 5.956898042421433503e-01
5.418745578577561783e-01 5.770789610671847036e-01
5.584051392643498701e-01 5.386724279451384767e-01
5.937584645431421837e-01 6.545614614895141070e-01
3.704140311739670399e-01 4.059597564946028636e-01
8.191804894103843493e-01 8.363232824367859974e-01
5.853439155849682329e-01 5.760529716673532530e-01
6.106586116147609822e-01 6.914564430029690456e-01
5.395079635362916015e-01 6.465016652319863777e-01
6.943522464564163554e-01 6.680276411915376800e-01
5.093409373283935837e-01 4.541788331435759885e-01
6.705822377888064345e-01 6.176113322622782675e-01
5.805544353596885365e-01 5.994806717236860205e-01
5.406688619352626457e-01 5.110267275500637307e-01
7.471185088563556675e-01 7.013516368819345814e-01
3.996848807502026424e-01 4.885887113444802865e-01
4.502473796414350193e-01 5.709944830383060221e-01
9.968996084151443560e-01 9.934674250545963980e-01
6.572743542550500973e-01 6.366023635391921953e-01
4.423595863700742759e-01 4.074318621964681530e-01
6.978970054197521922e-01 7.024924540188663968e-01
4.034017934134662142e-01 4.074483461423699659e-01
7.136610282829815022e-01 7.662707588275220472e-01
7.133874576433286707e-01 7.249177162067667046e-01
6.009734838655118594e-01 6.460170962040197029e-01
4.720732839822628923e-01 6.294291603594733830e-01
3.913971295404856665e-01 4.158286877467011200e-01
6.416699953775255594e-01 7.128098189707534615e-01
3.645550170947698954e-01 4.601205345331966790e-01
6.047500837619691483e-01 7.272523197387924521e-01
7.182145137074015251e-01 7.486656579810392342e-01
5.337279828290899530e-01 4.987056483653335981e-01
5.760067759056805015e-01 6.975271836243613910e-01
6.218685907475965946e-01 6.231540121461961457e-01
7.317600374542737596e-01 7.023401624428405876e-01
4.451062329315807475e-01 4.776906240906668155e-01
7.885980944046644403e-01 8.161398557471071236e-01
9.715392324268931068e-01 8.613987472427641068e-01
7.187332995320053763e-01 7.811580296820269664e-01
5.379298525331009939e-01 4.843852316337814434e-01
4.701352550456835422e-01 4.312184358323207789e-01
6.644554370960101819e-01 7.611075747455563478e-01
4.985649937406343990e-01 5.676532318528973997e-01
6.138067028875271447e-01 6.071645592598284846e-01
1.914779361254817791e-01 2.184152881130302093e-01
6.569485762139878338e-01 6.910514223900970920e-01
9.134884837575810712e-01 8.996233303573603068e-01
5.283660092494435467e-01 5.424562658497740220e-01
6.031851842769831995e-01 5.300086658750643442e-01
5.050137849356461928e-01 4.665376170179105220e-01
6.185742311945314764e-01 6.668520888226656673e-01
6.109444435960815767e-01 4.867270070048900776e-01
6.238784130397952987e-01 6.986791834566897785e-01
5.750307067388307214e-01 5.376619212498299216e-01
5.712710810093949432e-01 5.935091960641502018e-01
6.544861221920544869e-01 6.187469071849472924e-01
5.628955309898129311e-01 6.204932896304304890e-01
4.963650309962160945e-01 5.269570611196291443e-01
5.539855992618329950e-01 5.251965176078412512e-01
6.093741930863644241e-01 6.313703250365919617e-01
5.536374983673910677e-01 6.423305844826681099e-01
8.435442655335239071e-01 7.924186836771258680e-01
6.753185683950055918e-01 7.239434367859940433e-01
5.205664076354418190e-01 5.322405254877652370e-01
6.006177747517170706e-01 6.133510701484495842e-01
4.093035473854296780e-01 3.872930184849515123e-01
8.331041262509650824e-01 7.712607470941694743e-01
4.558128567802968156e-01 3.708592696716631609e-01
6.809798462222401705e-01 6.612214193818909402e-01
8.072761765690444902e-01 8.056815047773889793e-01
6.458919494397608041e-01 6.923231823442210775e-01
3.912467440013078224e-01 3.471638176525581598e-01
5.407671329926003745e-01 4.563505537037565452e-01
4.646530070728847051e-01 3.541196185248458583e-01
4.651271308943413230e-01 5.140509140359917906e-01
6.280346799949890757e-01 6.425397749219222687e-01
5.938178300051952796e-01 5.582663947814821004e-01
3.706300245534094318e-01 3.730886283093495237e-01
5.950642550758226124e-01 6.428048847340340766e-01
8.096695667349939063e-01 8.097034576171905362e-01
2.078672568339443305e-01 3.649254998136076678e-01
8.844004094574223762e-01 7.907186575373018611e-01
4.802981293440194421e-01 5.635045562204741287e-01
5.528097630493654657e-01 4.907010790981930493e-01
9.394603923632460774e-01 8.419137705642754099e-01
6.261339598824283703e-01 7.109439343689073487e-01
3.682657330299077825e-01 3.219654385765153282e-01
6.767663693194656549e-01 5.786275842449437601e-01
4.689360977613449832e-01 5.064778238885634387e-01
6.806599235763486355e-01 6.610141647790288566e-01
7.899238554546033075e-01 8.600045066203645394e-01
6.869054587905623066e-01 6.872404053299046023e-01
5.346228261313057395e-01 5.309291875579922326e-01
6.187462281187746660e-01 6.095341062386544495e-01
7.555009980612967802e-01 6.878906530527799656e-01
5.035092920927176641e-01 4.272575821345018232e-01
5.321727536567862904e-01 6.032677717513305060e-01
4.111259791550993525e-01 4.174056744711272526e-01
7.510291378291894526e-01 7.769735677902424031e-01
5.016214669278485916e-01 4.369933775861626346e-01
5.564540242312644436e-01 5.467463012433139147e-01
5.784819607684982268e-01 5.866660981518981854e-01
7.059983157795941544e-01 7.198794897469877885e-01
6.217869919219750630e-01 6.067908254087727160e-01
4.298463493765393717e-01 3.394316106461801597e-01
6.571820823264888922e-01 7.436697246159928998e-01
4.251919559002102500e-01 4.607939044978833221e-01
7.727540277966433724e-01 6.503689617818455559e-01
7.241520860910756197e-01 7.138579476947276570e-01
3.518575949232469746e-01 3.345659979644721727e-01
4.707739949043768246e-01 4.844242943709095583e-01
5.252965965294943418e-01 5.751426842288279717e-01
5.309297989327038669e-01 5.676620402103184082e-01
6.685738947853101521e-01 6.336972308127906128e-01
8.644205306953234302e-01 9.725940573988918203e-01
7.420378589823015680e-01 7.513958166681675710e-01
4.496961713134768890e-01 4.744913144901034552e-01
4.295946809222755403e-01 5.618295452804209500e-01
7.795680536934002092e-01 6.559305296842918853e-01
5.263096400361344518e-01 5.243120995272687601e-01
9.405798414039094890e-01 9.896365731473817373e-01
6.865711632305071532e-01 6.970343941728240900e-01
8.398590185217794657e-01 9.262883666237732294e-01
4.492647276944135570e-01 4.354951378084970792e-01
4.327924977367106907e-01 4.768380532628514468e-01
6.720763107708369599e-01 7.231595010226965492e-01
5.069629428811962546e-01 4.976410340326324344e-01
7.604544009003797456e-01 7.213956528182943195e-01
6.746006186604690535e-01 7.013868504366161938e-01
5.081288658645890521e-01 5.132264107322783708e-01
5.570891824638414258e-01 4.306569367868033904e-01
6.580805651882013496e-01 6.412478335796145679e-01
6.056825227540236778e-01 5.004679147390451721e-01
5.598183796121222189e-01 6.444621439718497546e-01
5.206335578308591838e-01 5.099633514743733276e-01
6.044524282271601656e-01 6.158649734008947441e-01
6.100891327172752732e-01 5.777222098821896967e-01
5.594636858557457959e-01 5.806630026250858556e-01
3.503725379478690449e-01 4.710703112330302256e-01
6.366190148457365749e-01 6.271756696293043776e-01
6.401717493267996550e-01 5.623468533341778874e-01
6.002474818790702882e-01 6.362123291878621911e-01
3.820756015658370308e-01 3.608312615693526904e-01
7.007801282057359860e-01 7.021353454185341736e-01
4.744068562948008383e-01 4.756223737812400598e-01
2.097470255051438470e-01 3.216657223380124386e-01
4.924260041163032176e-01 4.617582095778973716e-01
6.731951147429594551e-01 7.412983048069402559e-01
4.617191417182663349e-01 3.831577380965811574e-01
7.694573633264485402e-01 7.571606155774026625e-01
6.497413192176617613e-01 6.432000392276755463e-01
6.944651816393806465e-01 6.679076860630638324e-01
6.344161391677263229e-01 6.230559848933872047e-01
4.637873637348021716e-01 4.854861659720223765e-01
7.269175797163123232e-01 7.661331307801544366e-01
6.807157908163542492e-01 6.984821997397340221e-01
4.825478013695230772e-01 4.118429964665576981e-01
5.706149444972131723e-01 6.187468359868318890e-01
5.076291526926586251e-01 6.266475868468206478e-01
5.639761113865067177e-01 5.426806428846615571e-01
3.428909001015955083e-01 4.501649778480970587e-01
5.683402499029974742e-01 6.095879411007081305e-01
5.386260423482920334e-01 5.031145934160281552e-01
8.245797308652104141e-01 8.844035158857507239e-01
7.988438004896764033e-01 8.823743155057351961e-01
8.097183443201143582e-01 8.480028166383060118e-01
7.371217942872017037e-01 7.122150460865528387e-01
6.861797307234986931e-01 8.287760145574034620e-01
5.517889923216016124e-01 5.502833283019220589e-01
6.624053138856572653e-01 6.711648862626119483e-01
6.452596249531789008e-01 6.957315487253526998e-01
7.084454876691381742e-01 8.006594897283185741e-01
5.069263221002178188e-01 5.914723988525112386e-01
6.690751915800899896e-01 6.001235344156158336e-01
4.181730027415862527e-01 4.939839303276622462e-01
5.754351187468738082e-01 5.747493188726251478e-01
7.557057816962993169e-01 7.081880330433596438e-01
5.991380837132251891e-01 4.402091512192782830e-01
7.153135792799832915e-01 6.478274215675282610e-01
8.109419542234860279e-01 7.572021237955389728e-01
7.143740912693263834e-01 7.314193737916636628e-01
6.665060762282435380e-01 5.960906227405198266e-01
6.007597392399572911e-01 6.146787094168668641e-01
6.165020374299896577e-01 6.634023899775225441e-01
7.251731137261879789e-01 6.955371712632311132e-01
8.330698304738567428e-01 8.801540724619859590e-01
7.078326915663273322e-01 6.951027958690938480e-01
4.639438454745558604e-01 3.759572791514857459e-01
6.950538203898622980e-01 7.092433969573413988e-01
4.273645257994878044e-01 5.269395376672109110e-01
5.110465040252054614e-01 4.236556921174272627e-01
5.693826676643543028e-01 6.270384538811948349e-01
7.725249851899159692e-01 7.717526415477448110e-01
3.079258628413959475e-01 4.607268792288363168e-01
8.368207360544875906e-01 7.675462312777902030e-01
5.927297088805816294e-01 5.368725390202253589e-01
7.884177680309285563e-01 7.083027113565747435e-01
4.354517494855618120e-01 4.487511337145063117e-01
5.817055764241040317e-01 5.661305267468229596e-01
6.360469238428680949e-01 6.289705096473767743e-01
6.212202750570131604e-01 6.519654915630376246e-01
4.424181234873301172e-01 4.617667086282869482e-01
3.765718287961081767e-01 3.527232924122883917e-01
7.634190103030836783e-01 7.243456894093790455e-01
6.328549046184831495e-01 6.432311865597754030e-01
5.757953556516812732e-01 5.511197978660578034e-01
7.973228633075025718e-01 7.964282810955277681e-01
5.585214866607907114e-01 5.109452204717269685e-01
5.363430928692990429e-01 5.220669375780185861e-01
4.980507049070141412e-01 4.338712413703283421e-01
4.235134200030749030e-01 4.890854875056338535e-01
4.814196635218605524e-01 5.022932917540650077e-01
5.380297963653478677e-01 5.302509317308267134e-01
4.678015431376446598e-01 4.160775950153183800e-01
6.355060567860109089e-01 6.114059221773098241e-01
5.650860821457368566e-01 5.639463010985958924e-01
7.204039836929421181e-01 6.579248270073971838e-01
6.256572665353983265e-01 6.262548717527831599e-01
7.757609100614326625e-01 7.844721654362447616e-01
6.793649213761876471e-01 7.345019600762319190e-01
5.691017069672198447e-01 5.917486469145413208e-01
4.711860538537594456e-01 4.872005509629793174e-01
4.207736117676120768e-01 4.929503596451925151e-01
3.097353457986008474e-01 2.435500567765740421e-01
6.863712859988738701e-01 6.353401622991178277e-01
5.583248215578301421e-01 4.246032260969523353e-01
9.045741591188112274e-01 8.689770817230351163e-01
7.325202336509846202e-01 6.551127879523652719e-01
7.309577003462508493e-01 6.314044868215287210e-01
6.120180925528146965e-01 5.206573766618682875e-01
6.096114665790605125e-01 5.418712231191497031e-01
8.616125120888120659e-01 9.043287331061711232e-01
4.720911431546641057e-01 4.954918495375904564e-01
4.421158159079772720e-01 4.620898411022535401e-01
3.743626035784294315e-01 4.164899778595444468e-01
5.673013542824123512e-01 4.912185035946743383e-01
6.064557236458679723e-01 5.933442930387750058e-01
5.741173543140449809e-01 5.044051527743946828e-01
6.362659710180256223e-01 6.588796069771716279e-01
5.322379930915441815e-01 5.756592421365869239e-01
8.042450100126486978e-01 7.798411197053348731e-01
6.443502121496041957e-01 6.787692737003226950e-01
5.581271398299949560e-01 5.951915357536821105e-01
1.938587819617194064e-01 2.211701201939504369e-01
6.993032962577571121e-01 7.096599618818139055e-01
7.926593442214450169e-01 7.017980685708612443e-01
3.704806933776017552e-01 3.749935554178924213e-01
4.320542177378084436e-01 5.391265400895625115e-01
5.311497046742728045e-01 6.395324149714187723e-01
7.640489168365858230e-01 7.252259193717320862e-01
5.978151282609377448e-01 5.439771951520869786e-01
5.955999653588711640e-01 5.608758299393364899e-01
7.557312687886633684e-01 7.917732435094643195e-01
5.800284238673546477e-01 4.673154168283643051e-01
7.547535031994181409e-01 7.448324119949150113e-01
6.953253604091640394e-01 7.737616733978427419e-01
5.636458219229737443e-01 5.208481381097472829e-01
7.389053574957381576e-01 6.154694736848046466e-01
8.019462058249345882e-01 8.867346567679871283e-01
9.014374073535522669e-01 8.777306743442054859e-01
5.558721440945402215e-01 5.046893557837703881e-01
4.427105834067517343e-01 4.121587757387662476e-01
7.182406240237466655e-01 6.489876444025697300e-01
6.433484235039751420e-01 6.560036501885603277e-01
5.439679942286128611e-01 5.589260439911858391e-01
4.895370376757734454e-01 5.061958545388780539e-01
8.029328680724912015e-01 8.128724995026783695e-01
6.513249961593723381e-01 6.038798537663774280e-01
8.516250855518189278e-01 8.372624495179260551e-01
6.229761811985143893e-01 5.833354481963113347e-01
2.595048218770130699e-01 3.122319217693897420e-01
7.207523371146992153e-01 7.414809990556622266e-01
6.225862766571406137e-01 5.365482090009821015e-01
8.032506841910032058e-01 7.479073307558443684e-01
5.528003533555233551e-01 6.711254128427194265e-01
4.558345660013040090e-01 4.267543177795235509e-01
5.048752102996676427e-01 6.016578336290636653e-01
5.647045157307754026e-01 5.903801668009681647e-01
4.938318057721250987e-01 4.533063785839687720e-01
3.945953230241149301e-01 4.020300222096667708e-01
6.716599738691163557e-01 7.160830390638673881e-01
7.167770229730426879e-01 6.498211152977958482e-01
6.155207680994944086e-01 5.332037444061524800e-01
4.946587911163374818e-01 4.215843865478319241e-01
2.174467202016834022e-01 3.091944358651323443e-01
5.146087532006721199e-01 5.614822371280491220e-01
6.758509385780188117e-01 6.339261430785109175e-01
4.086775424257272915e-01 4.303782913858068548e-01
4.943436320991739241e-01 4.753202875324901711e-01
6.330150945551666908e-01 6.246121535365987132e-01
8.998967776692375908e-01 6.719057012402592788e-01
7.272053237154703087e-01 6.813144267663031606e-01
8.397200669857382005e-01 8.623426260070515825e-01
4.581502227896461221e-01 4.462725554514744841e-01
5.758318603670345981e-01 5.534082542918584702e-01
5.852162938112488444e-01 6.547560134633942930e-01
8.084738641255752034e-01 6.908703435720543462e-01
5.045708961364888667e-01 4.413411592864902588e-01
3.856396957151145832e-01 3.311259575966293278e-01
7.574748278501530763e-01 7.264360070131106184e-01
7.111345041938247347e-01 7.621855340537438961e-01
2.552873568321016307e-01 2.563012218193040925e-01
5.205473448540985926e-01 6.092041100463646552e-01
4.627211763972284286e-01 5.516028323655898236e-01
7.087116607240362409e-01 6.239418953998372430e-01
6.964380032591970249e-01 7.314053979493526647e-01
6.110737084631644445e-01 5.690145379953611693e-01
5.815246147101346130e-01 5.428094456107445120e-01
3.755083512913445776e-01 4.131349066936206849e-01
4.703103764165159073e-01 5.172278266973038274e-01
8.370202152996614187e-01 8.900332236023816845e-01
5.559324862610786067e-01 5.363284082281116749e-01
5.527285764383917943e-01 5.409149078390635967e-01
4.274658675930472218e-01 5.025183906497456832e-01
6.241861317700279077e-01 6.440396876409659743e-01
9.193968029532101349e-01 8.353228030470153387e-01
5.819596312751332823e-01 5.510538790651026142e-01
5.066594048566070985e-01 4.413841719782667927e-01
5.223253409045421902e-01 5.465876895686753167e-01
5.301320459911743610e-01 4.609175862354705777e-01
6.739079725748653438e-01 6.312797804413035063e-01
5.642641051843185762e-01 6.408308467586117940e-01
6.455432263567466578e-01 6.293154261544409156e-01
5.142494122203319362e-01 5.780300243545027916e-01
5.571018403704581790e-01 6.234913634728533882e-01
5.934501247970572768e-01 4.453234316239743640e-01
5.333540482640309888e-01 4.759563391999440674e-01
5.545962697928891183e-01 6.417317885869505689e-01
6.737948231102195429e-01 5.874981078629009090e-01
4.816529738522074555e-01 4.941682998935826299e-01
5.077770137162022079e-01 6.001655976421763627e-01
5.746071164361797878e-01 5.302570176568802696e-01
4.818654519230766708e-01 4.741573178032076341e-01
6.527297402455706221e-01 6.865588609238651996e-01
7.120189345251979329e-01 6.413650126990377842e-01
5.328006327633320049e-01 5.790974148179620640e-01
4.674712428573739031e-01 4.657307344952844042e-01
5.422005630340551718e-01 5.606248413046648338e-01
7.454446945948353109e-01 7.708997293457321431e-01
6.724441131970988472e-01 6.979360635404898705e-01
4.269824650094277141e-01 4.749225904396149334e-01
8.117366234237635148e-01 8.482498361626455985e-01
1.003836349021409946e+00 9.794384320695136426e-01
6.307123935744274323e-01 5.625175178054813152e-01
4.660064056081535955e-01 5.169731346806513139e-01
8.933015517287217211e-01 1.010553464986293948e+00
5.553744257842867516e-01 5.721717291824726104e-01
2.802841769357283797e-01 3.336510565860347777e-01
4.116460772111861233e-01 4.566642611442610078e-01
6.665846958145351664e-01 7.039391075182648283e-01
6.056677890930441954e-01 6.464270780065386468e-01
7.165316101046361741e-01 7.300190773747625705e-01
6.215445238002699213e-01 5.818912671511247137e-01
6.353365638850227981e-01 6.297881583395359417e-01
5.642906839011230247e-01 6.518286439633431684e-01
6.736186716135394992e-01 6.447695056569351379e-01
4.979539897660755776e-01 5.420688519659663251e-01
8.524768727574094651e-01 9.111573109716433194e-01
5.574115341520506917e-01 5.741613458399461578e-01
5.530376793388707135e-01 4.680594217604051033e-01
7.580916803380799429e-01 6.106185908001404705e-01
4.519228408955507925e-01 3.958817144267847699e-01
5.410316319811617758e-01 5.134440292094676339e-01
4.296443510369102881e-01 4.840088206905923118e-01
5.497529392340463339e-01 6.887522306482949386e-01
8.802153169005093591e-01 7.821776596684677507e-01
7.420829686299573735e-01 6.684748989417509391e-01
4.752226535588957024e-01 5.269935476885572179e-01
6.914519713660582934e-01 6.417467670042884542e-01
6.060872155079782830e-01 7.246255482574540663e-01
4.957187298666265729e-01 5.044814227072900170e-01
4.444393944549848707e-01 4.488011489848877100e-01
6.156517014682616473e-01 6.939334151396543415e-01
5.319727273391119393e-01 5.720518599120087977e-01
7.191216141976993770e-01 6.858149537226273518e-01
2.948201122027043208e-01 3.014356032376596106e-01
6.827299858825517376e-01 7.258430945889720043e-01
7.412126257001873109e-01 7.641536902472275683e-01
6.390231469043508028e-01 6.745070657742997522e-01
6.976377119024159690e-01 6.687706429340798397e-01
5.526007447945205930e-01 5.606511615148762617e-01
6.431192636295048892e-01 5.926056429269557224e-01
5.026978852330240555e-01 5.264667275249835798e-01
4.438836739460738645e-01 4.454826696654636820e-01
3.747637971721488048e-01 3.738796739923007095e-01
4.962541753908867315e-01 4.991541244035230807e-01
4.123156051915752296e-01 3.989017505396496577e-01
5.386716421752114625e-01 5.448894999485059953e-01
3.183497105782235881e-01 3.797571904141665566e-01
4.538298191194204967e-01 4.732593656924473646e-01
5.071852664213086781e-01 4.393741145474913679e-01
7.774349758122611753e-01 7.272650610831798978e-01
8.593764596289594770e-01 8.238451671668309828e-01
7.750328168467087719e-01 7.191862566980290472e-01
6.007178222420168634e-01 6.081242448646533294e-01
6.438601446008711537e-01 6.356013454490161418e-01
6.504775434048172267e-01 5.448156750464446807e-01
7.365118641486100293e-01 6.321957588477816747e-01
4.134784512603373874e-01 4.904250921416049569e-01
7.464550863489047838e-01 8.025363149105979588e-01
3.019691519172080230e-01 2.964294805783422304e-01
4.848040330948335530e-01 5.114552857766166971e-01
4.116573921787884949e-01 4.221695301384315036e-01
6.666582819799231618e-01 6.058105059058065400e-01
5.475632340364608996e-01 6.154067627588672984e-01
5.066817014180832190e-01 4.991132959148901760e-01
6.638280045050228839e-01 6.553154130906244657e-01
6.732088897218386769e-01 7.124327172724045365e-01
6.495476172044272190e-01 7.088351660398544141e-01
4.127324726065193516e-01 5.135955260419128310e-01
7.095034159800521767e-01 6.894687011424678325e-01
5.193674571941131468e-01 5.317740602823841645e-01
6.296104340176023051e-01 7.279826853654693952e-01
7.471904843798558016e-01 8.082077796722888507e-01
5.216509589733507868e-01 5.412887272502097114e-01
6.389265380909433523e-01 6.392435861897906024e-01
6.350170553518621475e-01 6.707595961786350092e-01
4.883679728114035945e-01 4.769546180158856230e-01
6.165688316693798132e-01 5.455894079834535670e-01
5.230634055214374856e-01 4.484836781756556534e-01
4.529156518956176658e-01 5.595258311287731878e-01
7.137745034576379322e-01 6.671405228837872237e-01
6.984399336538864578e-01 6.644616031749805973e-01
5.541464627158244616e-01 6.070345912576614600e-01
6.721467673104180029e-01 6.329394566946335843e-01
5.993167090424692534e-01 5.580440904200080210e-01
7.205246554029084427e-01 6.033608415815555626e-01
4.542598447243031412e-01 4.716907824103983016e-01
4.332120316738631849e-01 4.741256265359544142e-01
5.040167614092581072e-01 4.541038120171635439e-01
4.744723374159188212e-01 3.982946135039408531e-01
7.112980227307763581e-01 6.018201982261137672e-01
5.240414192102463842e-01 4.361235700727811859e-01
9.548837382450494626e-01 8.991950838202109608e-01
6.787359852845537000e-01 7.813317426675384647e-01
8.519885944289458113e-01 9.194518983425807868e-01
5.338047593981293248e-01 5.841336685762003045e-01
4.080295147208196083e-01 4.789551801151353816e-01
5.227652302292564723e-01 5.601436047520531591e-01
3.413738676158261098e-01 4.799936013576179272e-01
4.089311570761662296e-01 4.614928932443250753e-01
8.124765081474991657e-01 6.063022914229503346e-01
4.821201372493997828e-01 4.543629477300464292e-01
8.044642793467829955e-01 8.013119424910658539e-01
5.474483069043847294e-01 5.847564060185119761e-01
4.920861343678865074e-01 4.278762754441471916e-01
5.090002808476873364e-01 3.938324634253820844e-01
7.062195975237278711e-01 5.916188549284845388e-01
6.277190578769794582e-01 5.700615818066404605e-01
7.288823615584847371e-01 6.031535651812540699e-01
5.408547011422738526e-01 5.760155821172879831e-01
8.900049250012779245e-01 8.768604708114912105e-01
5.597734095383449793e-01 5.661092120181659970e-01
7.894965918347909284e-01 7.796172302408934662e-01
4.013888975722419983e-01 3.900189312259241814e-01
5.261247329649476612e-01 4.857481118796821984e-01
4.232202961953843712e-01 4.339939678546991253e-01
7.680740071975495908e-01 7.640797183975873708e-01
6.958725045122098329e-01 6.410488592395544583e-01
5.426499809741852642e-01 5.310706522914702132e-01
5.003544960065771097e-01 4.525854245444383417e-01
4.916593074920150297e-01 5.736940645826444918e-01
6.322537365055008740e-01 5.630041023069313200e-01
7.228899026485200441e-01 6.358235834933767539e-01
6.346413144932063766e-01 6.140510443693552034e-01
4.388145577804735686e-01 3.991110802100267807e-01
5.327599825972315628e-01 5.919549448983942863e-01
4.217068276060511045e-01 4.769599676406748867e-01
7.352469563880610348e-01 7.140588228698048212e-01
6.103826617334396909e-01 5.402559430229677551e-01
5.173955267344492182e-01 5.259285085053251318e-01
4.823358792609116485e-01 5.104045155883238927e-01
6.928652164558880555e-01 7.033837678049440489e-01
5.960772160251274210e-01 6.357076704520344679e-01
3.635590834255775783e-01 4.282963807539176826e-01
5.129872537280488753e-01 5.360388861611873335e-01
4.933545990105879797e-01 4.095544131018294953e-01
5.523575851967912342e-01 6.086864104978524370e-01
5.175000901697033306e-01 6.343927071583876920e-01
3.125515310312791395e-01 2.631087422960007305e-01
6.967144499175910166e-01 6.495390676430432553e-01
5.936080451765046728e-01 5.260258586688160154e-01
4.942145431929964028e-01 4.234036997922586698e-01
5.310925164962565503e-01 4.999711953997225677e-01
7.842637233815520359e-01 7.196167298078938179e-01
5.573830887434749748e-01 5.256913790937103315e-01
4.598349438670539246e-01 6.123480700761279039e-01
6.045830695880902717e-01 6.902577360066974865e-01
4.714986415282119148e-01 4.444347365679207074e-01
6.505739552999423303e-01 5.606686008885675143e-01
6.286199227627041752e-01 6.212165015555107805e-01
5.017837641700328977e-01 5.241834924264527906e-01
5.402956106510317102e-01 5.722911842477536037e-01
7.178613016541449676e-01 7.167361183927652979e-01
6.118250356176458959e-01 5.602936389121900840e-01
4.782045650337133913e-01 4.087504334674286199e-01
8.437732144707151827e-01 7.876570432529969024e-01
8.074603625929537287e-01 7.786522418848693672e-01
5.468049159889123434e-01 5.507565555153597359e-01
6.003777915715451385e-01 6.569460535687505764e-01
6.635581591126959999e-01 7.113330137886442195e-01
4.874400469381130474e-01 6.295126555764976040e-01
3.721872586002653582e-01 3.749799240808184830e-01
4.769799452759596603e-01 4.879236801229765996e-01
5.746600513341982852e-01 5.681239563799093117e-01
7.733088023213641193e-01 8.179477685686340482e-01
8.407798769447176745e-01 7.820831231989437970e-01
7.168240627166231338e-01 7.443911862135770274e-01
4.343297974787089788e-01 5.192198561821328440e-01
5.001269529435445893e-01 5.519916375971043454e-01
5.357915833019268881e-01 5.807615786374733524e-01
7.941701687450537506e-01 8.188600366275400333e-01
6.366615931908415904e-01 5.597612274742217453e-01
5.178110359495861070e-01 5.723934070910020599e-01
8.263895974111957754e-01 8.410096599389599303e-01
5.744627851078382141e-01 6.239344772397897865e-01
6.601338705344041990e-01 7.334049372451574289e-01
5.286845416291525712e-01 5.939164552773230632e-01
7.268146049963566391e-01 7.479550625774764594e-01
6.338935567778273272e-01 5.411242801213683729e-01
5.647111514030292989e-01 5.180063697237299314e-01
5.423843695951020560e-01 6.043230085949067298e-01
7.501538699133135646e-01 6.558257776136052764e-01
7.626913634549978838e-01 8.733681416311340762e-01
4.465007324481471418e-01 4.241920119722434324e-01
5.989748395108920320e-01 6.327118141208236679e-01
4.370886177590792010e-01 3.971388785552356082e-01
6.055546406955275573e-01 6.533427827457894965e-01
5.025884412865389006e-01 4.759232228254676178e-01
6.390444488339538376e-01 6.153599623474735880e-01
6.262362349683689988e-01 5.608777979171599704e-01
6.132847779073400396e-01 5.676773997561341822e-01
4.191436129388325105e-01 2.955082837821935149e-01
5.605932913530603523e-01 4.832440999612542254e-01
5.374382737498063500e-01 5.012504908966844974e-01
7.329913202424235275e-01 6.767820506744440801e-01
8.170988179179926592e-01 8.103582752880670315e-01
4.899879468159188400e-01 4.749214876922049910e-01
7.066239221933643400e-01 6.385089507962897759e-01
7.535164110526584302e-01 6.151723494965519734e-01
5.602960351412399342e-01 6.197118687011663463e-01
4.661636756414324068e-01 4.881791808544015399e-01
7.166404792622845799e-01 7.397569181230304602e-01
7.542288717676971510e-01 7.934846445852185015e-01
6.624005591962967010e-01 6.625167475131603645e-01
7.127126765722865409e-01 6.909892738612591900e-01
5.523310292844463287e-01 5.094071012511198759e-01
6.623348618973597945e-01 5.510981412093199916e-01
6.317100584039567757e-01 5.234789097494771948e-01
5.575253242759725669e-01 5.525986085060596853e-01
3.079483412965133282e-01 2.583882281501667655e-01
5.897527740376875549e-01 5.390646926021478436e-01
7.988187113956924934e-01 8.393724687546885166e-01
4.728020572037409108e-01 5.325047121653271320e-01
5.791807456275368526e-01 5.020641974208881475e-01
5.667267054106559510e-01 5.522122117229513183e-01
5.940608307683822309e-01 5.619015802650434432e-01
5.034353819746030245e-01 5.098243143765274210e-01
6.861962339945181233e-01 6.688403161772290551e-01
3.681401365669646486e-01 3.170404704825984243e-01
7.400973321893652423e-01 6.875795410087542914e-01
7.228270714938398456e-01 7.044361617961001354e-01
5.759253200144460738e-01 6.479461645641027001e-01
7.266779775219033288e-01 6.586226922090295810e-01
5.916172670091601749e-01 6.173080255032790120e-01
7.395353499190553404e-01 7.596169445850255997e-01
7.080560780210086724e-01 6.828588593314010025e-01
5.779510134155316781e-01 6.740600314789602088e-01
5.658925441996777161e-01 6.084852063165299141e-01
6.892238791670231013e-01 7.506294043195838039e-01
8.140866308501245596e-01 8.963460715543422053e-01
4.438098766842806797e-01 4.102600262302766310e-01
6.224389115827384522e-01 6.239149792067255618e-01
3.245242307787742364e-01 3.748390327376397435e-01
8.417871178944957844e-01 7.974861598636111548e-01
4.802128916906209799e-01 4.751140603538459573e-01
5.919737654689046780e-01 6.073130922904345086e-01
2.534112859460868061e-01 2.062755951446475222e-01
4.229639739282168853e-01 3.791677840619391282e-01
6.432064639896675207e-01 5.163556766656083319e-01
6.262354584492306753e-01 6.457919835059384717e-01
6.327878838931505490e-01 6.572531244353908564e-01
4.115640922875869467e-01 4.288406731390278503e-01
4.267587862030328139e-01 3.631336659405726697e-01
5.532692229011559881e-01 5.327726497098772551e-01
5.295820610067298873e-01 5.215566222917569217e-01
4.069406294065180396e-01 4.844698495051003584e-01
5.200403451659585397e-01 5.350205390411399975e-01
7.216048218378334766e-01 7.436779062400111773e-01
6.405673098190980408e-01 5.614993443023872377e-01
6.240899284103641476e-01 6.212592027678786044e-01
4.241431468157876306e-01 4.394338482480714680e-01
4.509895936016872220e-01 5.292513318510957410e-01
5.724681299469721596e-01 6.368532568760224555e-01
5.858725632693713159e-01 5.558129821916555358e-01
4.113798590126137578e-01 4.249971214681177445e-01
5.544942570315374297e-01 4.949931409356336243e-01
3.578183143511501352e-01 3.187669073658528363e-01
6.365645928071972381e-01 6.093757066841587466e-01
7.269632002677471894e-01 7.148904699241330762e-01
5.919365054892341549e-01 6.906415393471369013e-01
7.250391890584105825e-01 7.037272652543394846e-01
5.128652201347161377e-01 4.686205168004754507e-01
4.311685345406083281e-01 4.231409973528832413e-01
5.999397719623120739e-01 7.201285327961501892e-01
5.819815351211830023e-01 5.789710168106556587e-01
6.857532682300488958e-01 6.939653841932349465e-01
6.665180271285895408e-01 6.226827603656321930e-01
6.350864412750933941e-01 5.972331504672547808e-01
6.643758561293593434e-01 5.660002497985059389e-01
4.887780017221903250e-01 5.612712292683168513e-01
6.500300646607493071e-01 7.226664040217740670e-01
6.667908988708634022e-01 7.568941261806222398e-01
6.451094213850286918e-01 6.317753433124336793e-01
5.120741960198356146e-01 5.318307436814975198e-01
7.566203780493805375e-01 6.891654934766469065e-01
4.368028904289748549e-01 4.254492241969116129e-01
5.934078579159743905e-01 5.284663674006958578e-01
5.328858809299795718e-01 5.290149815093933006e-01
7.852712111784235782e-01 7.303674643477154893e-01
5.536181356202665160e-01 5.088422482727639196e-01
6.539549705979300631e-01 6.809187517022233793e-01
6.898702815366682950e-01 6.966852939011644041e-01
6.894772757866972634e-01 6.387204229481667772e-01
7.236845505659518230e-01 8.174641170087834086e-01
4.325903970703184886e-01 4.602876744872786419e-01
5.194896123722907433e-01 5.895117254843236232e-01
4.936710053210576765e-01 5.872253610187193607e-01
5.343962063781193539e-01 4.409119341597095842e-01
7.769062455202800921e-01 8.433566322452364927e-01
6.869695425674897660e-01 5.883031239810532220e-01
6.531401369211372598e-01 5.855391820859904284e-01
8.444861912224213008e-01 7.713798159125000442e-01
6.012911059867775965e-01 5.925605833149518720e-01
6.671610124001826625e-01 7.122836257496577561e-01
5.814333309431465313e-01 6.604083924629366997e-01
4.618210826096807997e-01 5.272910235560216430e-01
5.116172772382134859e-01 3.733700391570226595e-01
7.985861860464438244e-01 7.862577708564109091e-01
4.717240749519294729e-01 5.829169124516581091e-01
7.299515067403730129e-01 7.064637238942561570e-01
6.043709755917953119e-01 5.486989705079728941e-01
4.890117980053758640e-01 4.668131759856445351e-01
7.666007764355127208e-01 6.913711191874714057e-01
7.880396620608742797e-01 7.172908987779109680e-01
6.480334454273433131e-01 6.822070590926068157e-01
5.098320596092000834e-01 4.857806694969827310e-01
5.553153740482318357e-01 5.379707555601281888e-01
7.116877387309544778e-01 7.086465248354866242e-01
7.603665724492865152e-01 6.993457864034573479e-01
6.327774700963759713e-01 5.144539708724109595e-01
7.283236213906636447e-01 8.106162369091773900e-01
7.043990587259022496e-01 8.090312547839927371e-01
6.396568485079862088e-01 5.966660293718696328e-01
7.265539548755050037e-01 7.641473856709618540e-01
5.245746568003357702e-01 6.065162455658534846e-01
5.564710002411314971e-01 5.252383821252064600e-01
3.896138251551309883e-01 3.923317723359321940e-01
6.796226316979491200e-01 7.158518544397410865e-01
6.762237668587167683e-01 6.365421073540722396e-01
6.063223921928364568e-01 6.670892001916142178e-01
7.602719652328925326e-01 7.326907266129970564e-01
4.357763505039690122e-01 4.131510770845342462e-01
3.418335747640639521e-01 3.781153257136147250e-01
5.540262765653244381e-01 5.810731498839994957e-01
3.377706652044697999e-01 4.391909869287862755e-01
6.961247085141329949e-01 5.947456036107284794e-01
4.951133615848007374e-01 6.125638439980655159e-01
5.758324071368120523e-01 6.879529733181771745e-01
8.025453087959857346e-01 7.051278840874866116e-01
7.638506716468317359e-01 7.860212934646114702e-01
4.845933899190547067e-01 5.257984381951688047e-01
4.667111610764718144e-01 4.222195113709741321e-01
6.749122871140247337e-01 6.199041466941457301e-01
3.234790731348043957e-01 3.837304145988125192e-01
2.668175520898352637e-01 3.580232096361107841e-01
4.789542539410916455e-01 4.800915163949063813e-01
7.839311659149796885e-01 7.368913699905970116e-01
5.747121207047725111e-01 5.521812858918964118e-01
5.274691318790469818e-01 5.985782224102216276e-01
4.875219096853836143e-01 5.253077374794697940e-01
2.716533124058367887e-01 3.189573202262294682e-01
5.977119847247267526e-01 5.891292937479928327e-01
4.607334627887410550e-01 5.296025970251280190e-01
5.735031992045309668e-01 5.575576790117058312e-01
6.311747412044398375e-01 5.805409443222840915e-01
7.136862437781916757e-01 6.674328232099369096e-01
7.733940764130811107e-01 7.079495579442949271e-01
9.464066451079918840e-01 9.180739526172984055e-01
5.945114570754186367e-01 5.381478602668168243e-01
6.336580561552439539e-01 6.960878055614884152e-01
8.166125659779382984e-01 7.628626009634081884e-01
6.163093097216971739e-01 6.789733223309444288e-01
5.754721720203072044e-01 5.901534334009649330e-01
6.880427867786852447e-01 7.257669961445584184e-01
6.055489038238460742e-01 5.466136477478741318e-01
5.576197308589951884e-01 6.391553784953436512e-01
6.521695308161767901e-01 5.756972374860636066e-01
2.464375491261803219e-01 2.628871014798604966e-01
7.464600924470428112e-01 6.166879771645703556e-01
5.572770680121356124e-01 4.488429952388258148e-01
6.177242160333896726e-01 5.768801562105244640e-01
6.229687671684409622e-01 6.411598126604558523e-01
6.407519404966834919e-01 6.203487619031700095e-01
5.622506339723966073e-01 4.649389974223923638e-01
7.068805857651907498e-01 6.914725905890504176e-01
7.480855702000829277e-01 7.951282647877960796e-01
5.595210633364612329e-01 6.266703707668291878e-01
6.105945939883039575e-01 6.545029243946514086e-01
7.407136651307267838e-01 7.982150436524978465e-01
8.672196670922169837e-01 8.255837073077201271e-01
5.599238387632575753e-01 7.014568277612401870e-01
6.955304638969964648e-01 6.813363076720303502e-01
7.488237254142900978e-01 8.201458457882170316e-01
6.949218900405890187e-01 7.121720745677536657e-01
8.132266844884221690e-01 8.205028133115752631e-01
5.326295914299338241e-01 4.993569938329912583e-01
5.166829560653036779e-01 6.048849366997866017e-01
7.866618127014958217e-01 7.792610553399276219e-01
4.960490463795662053e-01 4.556059613615227044e-01
5.678629579103962044e-01 6.432457101246695785e-01
5.658969132047642070e-01 5.556680140368526200e-01
5.942750815179844714e-01 5.836903221645326489e-01
5.804154737375976092e-01 6.050305590458749938e-01
5.517535573538626670e-01 5.335870788191111602e-01
3.415363755808850099e-01 3.105433037997940016e-01
5.926562130678998397e-01 6.984777269915978248e-01
3.828151541983778050e-01 4.426928147521270174e-01
5.948776068113593718e-01 5.523213565054606589e-01
5.885702629150579845e-01 6.164582663366378057e-01
4.790120602566765307e-01 3.870991462428463592e-01
7.087060023878113402e-01 7.183499949450942168e-01
5.897338750399039320e-01 5.546092478198445530e-01
5.986171236341901736e-01 5.837754098698113570e-01
5.401283533052468888e-01 5.797122958350228172e-01
8.102198267201057291e-01 7.963143247801405256e-01
6.343393403961055110e-01 7.260061647215700908e-01
8.481402726725125740e-01 8.289212138106781813e-01
8.072092396015861926e-01 8.345457971473102532e-01
7.846997211903982139e-01 8.201935209390803783e-01
6.189721159506080816e-01 6.776488881868862890e-01
7.991296690407284631e-01 7.778676696409402291e-01
7.655976406260565081e-01 7.553495253541520071e-01
7.126367613556279235e-01 6.780076094659477359e-01
4.612915122635323217e-01 5.079856526213125667e-01
6.386347874114701728e-01 5.957522471096690087e-01
7.551852697195463593e-01 8.185684260947935220e-01
7.867253915849221624e-01 7.337213023286202063e-01
3.914696630125044097e-01 3.626337458014823323e-01
5.219532747532578121e-01 5.104493640570439972e-01
4.456991935121807913e-01 4.963169111967199454e-01
7.309867747985504538e-01 6.337084523604455955e-01
7.823653544497203294e-01 8.686378413806715715e-01
5.712312405578195973e-01 5.427685613661140662e-01
4.475876334760847119e-01 3.763478310814403760e-01
5.172719355608544900e-01 5.359603636154487427e-01
4.451294842306049993e-01 4.375906683291417854e-01
6.121996442250138282e-01 5.736214017864423864e-01
8.071014043084493439e-01 8.244000968008419195e-01
4.874183226257122192e-01 4.798575496291611064e-01
7.560311504175998287e-01 6.664491822745641780e-01
5.170203549033984824e-01 4.639322877975339265e-01
7.594167201266053269e-01 7.609492607596055613e-01
6.209703161786218617e-01 7.438397532147812408e-01
7.890413959736687355e-01 7.098567506816945150e-01
6.013012069485751399e-01 6.539483829044309138e-01
4.164836163551796644e-01 3.322036226535471370e-01
5.057501550712710792e-01 5.294831713889935898e-01
5.539009694953787033e-01 4.394942532246750022e-01
8.132359694365415281e-01 8.671416735338822734e-01
7.604515133062175192e-01 8.136613398976375588e-01
7.414840025763265174e-01 7.404752790292561393e-01
3.908187368037078779e-01 5.116130209500754367e-01
4.699391149733493922e-01 4.494835218643790098e-01
7.159636099866103498e-01 7.015159559787461641e-01
5.399034438806726843e-01 5.586485789583048867e-01
2.644820308201893400e-01 3.443916343213130893e-01
4.054484639012022607e-01 3.662365323575524911e-01
5.703535833363360119e-01 4.989670422816811501e-01
4.772504371440267623e-01 5.211053686007383057e-01
6.862121353803544155e-01 7.532415050084376729e-01
6.029273570523167036e-01 5.694368358756470849e-01
5.461925061289638617e-01 6.234036884214764207e-01
5.016463748000683509e-01 5.539898057691063915e-01
7.785947463650084721e-01 8.082224131364326158e-01
3.392043145212790822e-01 4.064339191193721001e-01
5.596149390457467732e-01 6.101836121556445391e-01
5.295009009005086087e-01 4.906370272163138035e-01
6.237389449238930350e-01 5.989369033707294676e-01
5.816543215750854534e-01 4.952579184951047542e-01
8.025453966002091821e-01 7.486613068416019257e-01
3.534094092584179614e-01 3.921950308014293118e-01
8.619459813684108296e-01 8.558186889986229007e-01
7.287583372478423360e-01 6.844639818188937852e-01
5.891248853691856135e-01 5.112657568027899613e-01
6.167987618992691878e-01 5.969860662643620142e-01
5.019487789550961532e-01 5.222326488785830056e-01
6.228230557284405444e-01 5.311843922254521067e-01
8.138280667906651056e-01 7.604010585494821450e-01
5.243759744045436433e-01 4.340075105381425158e-01
4.832048329703189649e-01 4.398236053315884297e-01
4.875962652854042845e-01 5.308890364243761262e-01
7.408355864968967364e-01 8.228848118441915993e-01
6.770101252841619344e-01 6.907112637097335694e-01
8.819769774083537905e-01 8.546650095917266432e-01
8.329893331317788085e-01 7.969235311484996753e-01
6.219642617694619569e-01 6.198324115883556695e-01
6.378265148987615207e-01 6.093688867207432969e-01
6.667546980205224516e-01 5.929425442115742184e-01
8.853038989792163527e-01 8.953268812989627623e-01
7.117143974143378404e-01 6.249460130991550955e-01
6.482566442576407351e-01 7.873893374612994656e-01
8.575448421757888573e-01 7.634108073774076297e-01
4.248555342769071430e-01 4.660109795524282061e-01
6.464237120782173607e-01 6.168110442375177582e-01
5.308561296752462022e-01 5.801762873518158115e-01
6.468350806390048557e-01 6.862069297551349756e-01
5.069943922129546143e-01 3.976738010613676821e-01
5.299461230850721627e-01 4.776570656548113636e-01
8.379037164974945107e-01 8.120935284353283379e-01
8.260961960610917476e-01 8.803542627353955208e-01
5.016027138477572311e-01 5.851056928226110454e-01
6.258353196550423547e-01 6.349434796790824898e-01
6.190230997898381604e-01 5.671761793132653606e-01
4.497201160463671354e-01 4.329621550368922267e-01
6.345111361470022748e-01 6.285603859436054153e-01
4.616998374478417655e-01 3.640129730807246111e-01
7.142171026286037172e-01 7.388105178161981090e-01
5.366687740372639848e-01 6.616937090618968398e-01
6.352836662410471513e-01 5.395925554416768355e-01
6.583950318008412461e-01 6.460190361592280661e-01
5.589287955130060048e-01 6.563989014875111216e-01
4.768611979953858993e-01 4.791771321998168909e-01
6.152904587866837582e-01 5.590274185418276920e-01
5.083720169241572329e-01 5.785366074734559216e-01
6.360633251241926134e-01 6.063942005499530774e-01
3.904159357970667932e-01 4.275930147231696843e-01
7.507355739287218110e-01 6.704111248582003135e-01
4.130499204765407661e-01 5.718706161163467083e-01
7.157597674203370897e-01 7.740399987072172916e-01
4.249157981927953465e-01 5.001752937655923326e-01
4.616026405613834482e-01 4.455235142420158612e-01
1.908945853037828377e-01 2.950953137143174643e-01
5.076259996192941104e-01 6.290922423922792328e-01
8.003563089044664070e-01 8.818184391361797436e-01
6.343616769542429479e-01 6.364491691986170485e-01
6.852688764721888148e-01 6.422434225403508279e-01
6.566379989375478177e-01 7.171082770818052454e-01
3.976545495863119672e-01 4.878715892816484212e-01
4.449292300177424830e-01 4.451774976641610926e-01
3.387548726128522536e-01 2.095972861871398529e-01
3.417009325067567049e-01 4.183551037976315223e-01
6.509514513456997609e-01 6.369829802379274319e-01
2.587062561606995326e-01 2.419349580445309400e-01
5.587904309322054841e-01 5.665903101643884332e-01
6.043733816691895244e-01 5.294841570017491117e-01
6.847012159363451422e-01 6.441711886268454146e-01
6.682012373237449232e-01 6.563876682995095635e-01
4.899498047442267801e-01 5.184412803137785630e-01
6.430306230370322895e-01 5.969397465257836322e-01
8.396360096590047561e-01 7.627744951093471393e-01
6.879703553709143327e-01 6.598605693332079136e-01
5.611097763390454629e-01 5.998261849483762509e-01
3.435781666148673419e-01 3.609746335863819877e-01
6.029409738372707439e-01 7.012700690298131478e-01
7.142285452317310712e-01 6.853449273399224717e-01
5.705693908061525432e-01 4.891546839935982383e-01
4.337584756019687293e-01 5.004403730253862426e-01
5.861502334438970507e-01 5.872135030164054026e-01
7.142143561020973808e-01 6.620150403407819573e-01
6.047192038618502963e-01 6.727738451917408824e-01
4.877396431526158649e-01 4.804396749357371377e-01
3.843300688659566089e-01 3.140203398162165205e-01
4.806876590239022584e-01 5.864781917647091669e-01
6.493018772965255536e-01 6.563813833444254175e-01
4.986758840155982586e-01 4.535585367669214829e-01
5.265531421981852755e-01 6.422384323279701768e-01
6.014888178977987332e-01 5.809575253163224984e-01
4.896182989846562528e-01 5.144548681113545463e-01
6.098949672669427002e-01 6.584273026790559147e-01
6.356262961544706380e-01 6.037098804505315330e-01
6.228329489358845894e-01 7.222439068307255905e-01
5.952919427074063741e-01 7.270930010388754194e-01
3.947006559075849075e-01 3.588338299090604866e-01
5.530739016929419050e-01 5.812457026145742001e-01
5.910732720789401151e-01 6.546782668342968625e-01
4.778363397046171412e-01 4.485248467914674242e-01
7.318077902364589216e-01 6.287982524465133283e-01
4.867692340906515924e-01 6.501509437566701521e-01
3.534182192255926336e-01 3.335552561110975422e-01
5.775303316186791713e-01 5.852063386157076996e-01
5.060174645444576180e-01 5.961081703255063369e-01
8.304586211572795307e-01 8.491311035974362653e-01
3.395700267384027526e-01 3.351728631818952087e-01
5.139756346800273823e-01 5.715363597317627553e-01
3.051466505347546487e-01 4.337237756110041698e-01
7.055732777502055075e-01 6.262923210849489219e-01
9.348424169047703236e-01 8.572807918876027555e-01
8.276966129561125207e-01 8.162513406167699603e-01
6.160411916470153182e-01 6.481425116051290347e-01
6.706801042377416033e-01 7.012273684848985278e-01
4.726363013212165343e-01 4.492070688382616139e-01
4.646118591975809675e-01 3.908405549266238399e-01
7.961606204268414366e-01 8.535758684186927070e-01
2.623743911070538504e-01 1.994996774565064579e-01
6.552319705920895965e-01 5.520045630883082532e-01
7.607646266528431678e-01 7.683709509355007850e-01
5.458086922578337941e-01 5.404194975795093558e-01
6.704255670871371864e-01 7.257189130188957948e-01
4.211179839248970769e-01 3.858229816156866221e-01
5.434722570519389118e-01 4.057066030757641162e-01
7.320453302127198913e-01 6.355320183949253465e-01
