8.315922145605699756e-01 8.102327622481718672e-01
8.100534520442761455e-01 6.666747996907158580e-01
1.421143162325974041e-01 2.033301189397983544e-01
6.518853599195911785e-01 6.857505126722528432e-01
8.614525442985031534e-01 9.455669086918018218e-01
6.617824818527727748e-01 6.153224661462989298e-01
7.095785262874285682e-01 6.568049160151223642e-01
6.585247521546432337e-01 6.329152936854062217e-01
4.042908698419346303e-01 3.595593685304152576e-01
5.278815241213946630e-01 4.230579687956649848e-01
4.818817439398664360e-01 4.797301739868118919e-01
5.518170294948964161e-01 4.321593981675269092e-01
5.215518368651033132e-01 4.623423737320677129e-01
5.830973232864118394e-01 5.501988063170402121e-01
5.210972803291277211e-01 5.087243892791358801e-01
6.594827275722874305e-01 7.061067227445738670e-01
4.729138347990754498e-01 5.089952235649178869e-01
6.610166015374651094e-01 7.280894319917924351e-01
7.355248485170844397e-01 7.607920189213859263e-01
6.077415613487066048e-01 5.650055439951177094e-01
4.660006428086617691e-01 5.228132494033853606e-01
4.364108897117190966e-01 4.630913966506305379e-01
7.908594078497924729e-01 8.111697910472043249e-01
7.692445350493928302e-01 7.267312254307476405e-01
5.399113383158166135e-01 4.198433184002363094e-01
5.294171305473407418e-01 5.244159814453104307e-01
5.066846192560049422e-01 4.317834230005415108e-01
3.280277319735998565e-01 4.129617546643767345e-01
4.891471670557647200e-01 5.424086227928226478e-01
5.361618442764751746e-01 4.583518355299019964e-01
7.451169022550012677e-01 7.467780074673451285e-01
5.742416428456967870e-01 6.191807339327787263e-01
5.089733050111445722e-01 5.066588705243345592e-01
5.113465400474116462e-01 4.716527725301793983e-01
5.734400976386293536e-01 5.010425041815411706e-01
6.360762408597629980e-01 5.415110240376715955e-01
5.408771043791055222e-01 4.838000752418915029e-01
7.987667672563171228e-01 8.242830083141178266e-01
5.136424673895571003e-01 5.063380994329270690e-01
5.475360580142800693e-01 5.741665407966711765e-01
6.909649332263489985e-01 8.415379421483846212e-01
5.508462676054683982e-01 5.786598947283863037e-01
5.923798180368131661e-01 6.750240924588606362e-01
5.919144078269579223e-01 5.846177660520518460e-01
6.784400561557570875e-01 5.590109530687166206e-01
6.682838075717655313e-01 6.517402995723687864e-01
5.135110501521871207e-01 5.444571712972714472e-01
7.268680504617530680e-01 6.931521917708449720e-01
7.031965247380456141e-01 7.374460155649726900e-01
1.048017291893205805e+00 9.206462584453958264e-01
5.550962352411653589e-01 6.170759633797181509e-01
5.354655033144326559e-01 5.362863599830056671e-01
4.260040098983467471e-01 3.598092539940563883e-01
6.146479538373504914e-01 6.231296753953355916e-01
5.423380069291464656e-01 5.270698713580584949e-01
6.705984987809837650e-01 6.766097172474349053e-01
7.141498398381201929e-01 7.096366449855081582e-01
6.393267129385789005e-01 5.792975561882622859e-01
6.194778753778786839e-01 6.140803127989948873e-01
6.272437076053416494e-01 4.827924800106893066e-01
4.206372657048669250e-01 5.299116273363658758e-01
7.056248822671550291e-01 6.149232312743383444e-01
7.219549392367800023e-01 6.111165359866860269e-01
5.256771004974174488e-01 4.573309820817881843e-01
8.209143810995904733e-01 8.657792319675643444e-01
7.150890241482783516e-01 6.130883917532481409e-01
6.195936501294823096e-01 5.551183886767609987e-01
7.473338142046458410e-01 6.892912004703649620e-01
4.188229331017409018e-01 3.917666277291800281e-01
5.688372671302681649e-01 6.668555379507616898e-01
5.075513701389450238e-01 4.645834532237513304e-01
6.055813948807827751e-01 6.322532641656742891e-01
7.235902603565592672e-01 7.740375005485343740e-01
9.335371481159889795e-01 9.127750427549804479e-01
4.423420227070482547e-01 4.201706052419169612e-01
3.730852349253347411e-01 5.195072012303221243e-01
6.915098908647627773e-01 7.434123449006959650e-01
7.139955661246650820e-01 6.745721303547254077e-01
3.498746225428594481e-01 3.318650908944364430e-01
7.690063856342792548e-01 6.781633529312329767e-01
7.150219917942864933e-01 7.064054372444731333e-01
6.704169319850777908e-01 6.156390140575657144e-01
7.288894361814685086e-01 5.513635962962474268e-01
7.126075295601677073e-01 7.211497925939531761e-01
3.774132943037417087e-01 5.078524323343298619e-01
7.807762322076562400e-01 7.668546597660707009e-01
7.022650684950253464e-01 7.946757747418888851e-01
4.771265411289803970e-01 5.153834538599029180e-01
4.011854473311649572e-01 3.773798515461285752e-01
7.339970049134206809e-01 8.196178575491811502e-01
6.869834616640021485e-01 7.791023102045980808e-01
5.552151783339053237e-01 5.951262525916124480e-01
6.122999023092668969e-01 7.310174685921319027e-01
8.230012403945488053e-01 8.631279591501799242e-01
4.602810039887157978e-01 3.788037357264115168e-01
5.597576641985434476e-01 5.708206537634034072e-01
4.919934272888631943e-01 5.810954097569850374e-01
7.935449289054996580e-01 6.901135187271312255e-01
6.233049012812122980e-01 6.411312755483885573e-01
6.922520258213163968e-01 6.098273756854725169e-01
5.971665585603330717e-01 6.367278951085432182e-01
4.850914501904202147e-01 6.419269424110354283e-01
4.714418745114651310e-01 4.182102234997904233e-01
7.032201067319816534e-01 6.357204467489143696e-01
6.077394129669889677e-01 6.035275926100255317e-01
6.257730708994089230e-01 4.788903127745321453e-01
3.190165237778984086e-01 2.050214965274413381e-01
6.897587050779563356e-01 7.064019292304652975e-01
6.054288901069143636e-01 5.954925729673151702e-01
3.967403001866990908e-01 4.746701115667675830e-01
7.613997946820970641e-01 8.156231000659849295e-01
6.623734625520474317e-01 6.750383385186449203e-01
2.488640402027989529e-01 4.203652969704702036e-01
5.220441158504808277e-01 5.441956377925171173e-01
6.194381062776647129e-01 6.613770236771084887e-01
7.456106796576453810e-01 7.388830491803355383e-01
6.965691839708664235e-01 7.607638458284632366e-01
5.116486835470913652e-01 4.306819119951774688e-01
5.652223081650605829e-01 5.438939404656711885e-01
4.955370096108107081e-01 4.897867685357591983e-01
5.919118765024965478e-01 5.833049477622648249e-01
7.157898742769549516e-01 5.333404324802016871e-01
5.994715037995325124e-01 4.492348524821468958e-01
4.361506142058242941e-01 4.792615263389679581e-01
6.458125686418696443e-01 6.570246176204328492e-01
5.659444662863160058e-01 4.801361357344737235e-01
4.535981465225253917e-01 5.637687367334609512e-01
6.935001432039267222e-01 6.404335693946818786e-01
4.437817510332435766e-01 5.261065420921210434e-01
8.683279609547636113e-01 8.121181411730302724e-01
6.009060666608582180e-01 5.623948803609685188e-01
7.509437800225251536e-01 6.366942730008471329e-01
9.015682150741132217e-01 8.370791312452249278e-01
5.476878148492512199e-01 4.673352087613721895e-01
3.686285352354750078e-01 4.521993958431826943e-01
2.157774984582661315e-01 3.183565782115083675e-01
7.651486023912277279e-01 6.661771535957736745e-01
5.587307627307019908e-01 5.516379239168988091e-01
7.076712995788229099e-01 6.741411523300010478e-01
7.308136384874789337e-01 6.491019997165624611e-01
6.574113888196924105e-01 7.546923118549178078e-01
4.420109037115220185e-01 4.514071581677610578e-01
5.536552378919190609e-01 6.136974202727150107e-01
6.127611254818834396e-01 5.303441092345246854e-01
7.929612915065475942e-01 7.193482093318011028e-01
7.400639304002554208e-01 6.119564069959921859e-01
5.961111010895395745e-01 6.387179898769915765e-01
6.643656845328915761e-01 5.972689077971689020e-01
4.283838704583323165e-01 3.988179958256083402e-01
5.089228277928868893e-01 4.281433533805243385e-01
6.439500442299579408e-01 6.401580827287878250e-01
5.523189502377181537e-01 6.096690639961885871e-01
7.390759302137067666e-01 8.160406490720347739e-01
6.223023786861867634e-01 7.269555370109712644e-01
7.046760005037240315e-01 6.913133842599132883e-01
6.634483855665511687e-01 6.507609802726672665e-01
5.760617019013464235e-01 6.596895115553312872e-01
5.901791892357181046e-01 5.454187507130555668e-01
5.545342721730017743e-01 5.909279143618644259e-01
6.236459347832421507e-01 6.458703567725356809e-01
4.398268071912885824e-01 6.184697798832252680e-01
6.592632534629400132e-01 5.976445272668940989e-01
6.951929911419090224e-01 7.360002947506740778e-01
7.232941900071950814e-01 8.850941507250827955e-01
6.472918546308592536e-01 7.304736664469630991e-01
4.587236023887274472e-01 4.960179723588090672e-01
4.212533685539474604e-01 4.230007437015279592e-01
5.018041292086564686e-01 4.940106442334215586e-01
6.061191773586428466e-01 5.322271287408667506e-01
7.535344917759673189e-01 7.719881155167572784e-01
4.846748618853607971e-01 5.754241047047460311e-01
8.087079725619277237e-01 8.501023207752420596e-01
9.146519526232709252e-01 9.397193895599530444e-01
5.692871768258794818e-01 4.730436933380354203e-01
6.262585347336686592e-01 6.368734112489822241e-01
8.034716747518918512e-01 7.636544314117729160e-01
5.655283601092759849e-01 6.052644856974482845e-01
8.133891891813778141e-01 7.675209745298978703e-01
7.241937159528152312e-01 7.402159140265965886e-01
5.503295244369363903e-01 4.882768239591707693e-01
5.975915761780258295e-01 6.616380695779283672e-01
5.252077458579643698e-01 4.425698063864474952e-01
7.186853442666285563e-01 5.911617877181356562e-01
6.565494423424375059e-01 6.111623783770528950e-01
4.865633676399093166e-01 5.566323868475998582e-01
6.152144619159878314e-01 6.181591005558917384e-01
2.968817136470573992e-01 2.324474651864651964e-01
7.103082878013103896e-01 6.973190368933489536e-01
6.958669270266401030e-01 7.188476768048815968e-01
4.563836072824245527e-01 5.050272532718914631e-01
6.124532513785243548e-01 7.029050122812994239e-01
8.445413141086013376e-01 7.950344368459205668e-01
9.402621674962090559e-01 9.989767117618668646e-01
7.942708184950613148e-01 7.542158343002147713e-01
8.751406458281837386e-01 8.088581292902844444e-01
6.353218663496080776e-01 6.566760732799128419e-01
3.680325684414598175e-01 3.194727790038869308e-01
5.647409943684602585e-01 6.857198564624336079e-01
5.568811788859551193e-01 6.799712542592668552e-01
7.447094317375503314e-01 7.357488131667028197e-01
7.527894952413625163e-01 8.626966834089777603e-01
5.381920404323687901e-01 5.292880248217914918e-01
5.252966727808311420e-01 5.325196459279523120e-01
6.435755467334014490e-01 6.894112251090778187e-01
5.284239172669188411e-01 5.405083493051360266e-01
4.100710895703172376e-01 4.530392297465828388e-01
3.972715871314461689e-01 3.473867043886454953e-01
4.154108137906509235e-01 5.817786039635940432e-01
5.005464310666321026e-01 4.584608245396746828e-01
7.926635550800558150e-01 7.834753504306382066e-01
7.192945049414986025e-01 7.323041824285462242e-01
7.903932368698248778e-01 7.962358998489101891e-01
7.399233598143933888e-01 7.391354318491897279e-01
6.160840420846824816e-01 6.675912603722642391e-01
4.382759868214485821e-01 4.227374778255956200e-01
8.795128779749784576e-01 9.067590312751513393e-01
6.243647481819457612e-01 6.149642013025028442e-01
5.058529087347949371e-01 4.348085698804717847e-01
3.583808322951260728e-01 3.699752574631498536e-01
9.370186895179598574e-01 9.300815599426585090e-01
6.207772220978833300e-01 6.602716384072069289e-01
5.871584577715210918e-01 5.956124997819273181e-01
3.667698512140894485e-01 3.720926124935185486e-01
6.028429872368373799e-01 5.464132110042879686e-01
8.158546641699822022e-01 7.400112806377658892e-01
5.433043907794526950e-01 5.198704812103981387e-01
5.023729776001570890e-01 5.173046933125287072e-01
7.308254765679210729e-01 7.903162591398363856e-01
4.163568694170632911e-01 3.190075380896154611e-01
7.796004330664920712e-01 8.056086367738695131e-01
4.904586019237379690e-01 5.332672338146455804e-01
5.788549286654739445e-01 6.156895301528680919e-01
4.067493036655236427e-01 3.446672543786818421e-01
7.812058675771086369e-01 8.000231690096953896e-01
8.223414303499321232e-01 7.070812275970872474e-01
5.981213979165747041e-01 5.439534239616095057e-01
5.842967344788974060e-01 6.323511122895630887e-01
3.495184024821119118e-01 3.465934928973766760e-01
6.034051119219299153e-01 6.066717616897008281e-01
4.995063524908268660e-01 5.527442283101454690e-01
5.429779447300081552e-01 5.432665804364144035e-01
5.683082255995514087e-01 4.819340412973766030e-01
9.497463685667099087e-01 9.694868440042231361e-01
6.836999604115894247e-01 5.879327913329166488e-01
5.093107798955365251e-01 5.425283646869725196e-01
5.800836282649679543e-01 6.054671473694626105e-01
7.916273691246353827e-01 7.701579711930308658e-01
7.299186321663088117e-01 7.238608085573138284e-01
5.771134699982973792e-01 5.160909809564775408e-01
5.525297215224643788e-01 4.822826391852014227e-01
6.366518323321489481e-01 6.875039677022137807e-01
4.939311226002000565e-01 4.963254151621374066e-01
4.674353578156751898e-01 5.044366741165583479e-01
6.105915089707424359e-01 6.109010306715173533e-01
6.826942653925297533e-01 5.493444579879783740e-01
4.364452733294603703e-01 4.685097080182089035e-01
7.839438064426142994e-01 7.820717492264053217e-01
6.310746901305789303e-01 6.115368604338454750e-01
6.806884407606788034e-01 7.844063380757517745e-01
6.803709602430556558e-01 7.145463037504395931e-01
9.931560386262181517e-01 8.755979166293992311e-01
3.519771447782240603e-01 3.193081014070318080e-01
5.428268594861621610e-01 5.116536008478947961e-01
6.272002036012875870e-01 6.912259998503116343e-01
6.915247097854213543e-01 6.878814754081035154e-01
6.680601263680928659e-01 6.666842364613333460e-01
6.541057417967206522e-01 7.507397586162798397e-01
4.322070357750980030e-01 5.299975932755667252e-01
4.645309890654476526e-01 4.531803511845803323e-01
7.017304616137662876e-01 6.450719759998633229e-01
5.007687963714827495e-01 6.024124073926747647e-01
8.594993997638615824e-01 7.092606918500061752e-01
8.834712408102731729e-01 8.925769189976084927e-01
6.746975361917749714e-01 5.466284470970826925e-01
6.590039784277378354e-01 6.600826122863149292e-01
5.135968800475457785e-01 4.781009706319782060e-01
5.795266903270758219e-01 5.940957895691593160e-01
2.786786951949998814e-01 3.421989706359173100e-01
6.307715578882751029e-01 6.334911471290585183e-01
6.248207969903851744e-01 6.618784793837855229e-01
6.230810347340449695e-01 6.010972961236176193e-01
4.533867766256076126e-01 5.163985454357635785e-01
4.118412185920400925e-01 5.121175080428255200e-01
8.611657073123405448e-01 8.418784302226031135e-01
6.473338126315072438e-01 6.509144308279758429e-01
5.732373396144844202e-01 5.568499119485338378e-01
6.165929163513752531e-01 5.664876527486972790e-01
3.385626223399507140e-01 4.124172021302159319e-01
5.843871924742710666e-01 5.258685474957517370e-01
6.644614872611348533e-01 6.712834634866667871e-01
8.264059178138102313e-01 6.995365039132767082e-01
4.924123529981205838e-01 5.478016164115653286e-01
6.164371093308999017e-01 5.862296504103604589e-01
5.728976922646500380e-01 5.059919960241356929e-01
4.410462424056812991e-01 4.300890706147794673e-01
5.905443719123932844e-01 5.817688175968998010e-01
5.143190932650902880e-01 5.695552545732331939e-01
7.811830523738672039e-01 7.340363197940520390e-01
5.138071393674553677e-01 3.955099144824634760e-01
5.134852131906968431e-01 5.762338877204600252e-01
4.431296746341813475e-01 3.391037378209728614e-01
5.491838182867623264e-01 5.773742297208941388e-01
7.598708818550009569e-01 7.218179355479553694e-01
5.928122148391330448e-01 6.038264690504224763e-01
5.450623914342793697e-01 5.001708328457337149e-01
4.665271768626015336e-01 4.715928480590372840e-01
4.967606558409677353e-01 4.729588255786031370e-01
4.385896221692226482e-01 5.252422453685139381e-01
3.829059691020794687e-01 4.072077133003869087e-01
6.311933460158484221e-01 6.676943868124073367e-01
4.203714741511157538e-01 4.851512345740697230e-01
6.878768983845370277e-01 6.655429988723916557e-01
6.945356952959624852e-01 6.565458316741210609e-01
3.988684683209767767e-01 5.388606293046940277e-01
7.414405732021984718e-01 6.796674337383505904e-01
4.678395869945614627e-01 5.601317768602370739e-01
6.539434973036943877e-01 6.110026921134026345e-01
5.099367580953384493e-01 5.264202466611445086e-01
4.957686514336202555e-01 5.772168179564768353e-01
5.768222549737113125e-01 6.783262961991926021e-01
7.434782489036406705e-01 5.738723137537689034e-01
7.685121135008006199e-01 6.807889238867104176e-01
4.955192277460535033e-01 6.305942580007389830e-01
7.363243593496220374e-01 7.592144203086628185e-01
7.179446468674177684e-01 5.439816474878387265e-01
9.176797256072256603e-01 9.246359641592795109e-01
5.305264248090768575e-01 4.901386120657484913e-01
3.802217122843667974e-01 2.796308985868047325e-01
7.483569690443895306e-01 7.856899427548930115e-01
3.878420325029583449e-01 3.910474754734284408e-01
4.617730256712416215e-01 4.547921458987770893e-01
5.037668980863636570e-01 5.718541240635410805e-01
4.796426458009607208e-01 4.852589337679009684e-01
7.899342095274015652e-01 8.916427756842952856e-01
6.954513294043768168e-01 6.490437390571160980e-01
5.749364206913183395e-01 5.148245884412996354e-01
6.409547413973795127e-01 6.313162717515805600e-01
5.405741122643930030e-01 6.166638077571160448e-01
6.739761196967013479e-01 6.602772165519485981e-01
9.680194470385821148e-01 1.060577097658320422e+00
6.079241844189209321e-01 5.256902196076864708e-01
6.244065088668645513e-01 5.572945050829930524e-01
5.674834209378510907e-01 5.514644496719017797e-01
5.237762454135572732e-01 5.873734072024474617e-01
5.211361774503318056e-01 4.294463145679585647e-01
8.145069127490315308e-01 8.657525266522932972e-01
5.271366089610055594e-01 5.743569258667912125e-01
4.351046064511566169e-01 4.802346994050968321e-01
4.941380685137637396e-01 5.233476912120487157e-01
6.206042717158649635e-01 6.082659705080563084e-01
7.596272324741329962e-01 7.294653746972316055e-01
6.188212005034111618e-01 7.592570141425348806e-01
4.930944258608855879e-01 4.431007893997602753e-01
7.813087078436754540e-01 7.730379844145977009e-01
7.684343860182348829e-01 7.511332284049400121e-01
5.699346316742425200e-01 4.541530323332459984e-01
5.226367150093299552e-01 5.212665231873535587e-01
7.882824775943342299e-01 9.312262713479824150e-01
7.131113317183634948e-01 7.558260820838349492e-01
5.358266728274680979e-01 5.024931106259902247e-01
7.678573030375612785e-01 6.589269536154047646e-01
6.928420077768098206e-01 5.485970936020461153e-01
3.792152275741385026e-01 3.281970910709171019e-01
6.842612588843995924e-01 5.149134960708526831e-01
3.600695664840239951e-01 4.370178043841336235e-01
7.161018064103921166e-01 5.347776427888484285e-01
6.926753049094449555e-01 6.131215573080439629e-01
5.972276178499823507e-01 6.097231698909199027e-01
4.231930082562233575e-01 4.549618295741027496e-01
8.628253377880571451e-01 8.567393286467955837e-01
5.417896673911390959e-01 6.247107962932874070e-01
5.648542442029598210e-01 5.932238247598875525e-01
5.320929140290090453e-01 5.370036764431568299e-01
5.749627064911926322e-01 4.885527252645703311e-01
7.704747536462366320e-01 7.389707473484090627e-01
7.050697873131479554e-01 6.933451431374713092e-01
7.100600127556042640e-01 6.544910912813335369e-01
6.919587272043259407e-01 6.316414055042383069e-01
7.536589045895999428e-01 7.068738458742905850e-01
7.524773407701528249e-01 7.397133942745757196e-01
4.208672235356090141e-01 4.109210476883504715e-01
7.047438585393791532e-01 7.797295390559603190e-01
6.431584592679920886e-01 7.891036085016632784e-01
5.366564288560815577e-01 5.763449981792330146e-01
5.743435766791349373e-01 5.782107194411703066e-01
5.010848886558746385e-01 4.726151906771519084e-01
5.201188560513902992e-01 5.854371043062933655e-01
5.018696524111536661e-01 5.290992177679820774e-01
7.640214179453711507e-01 8.946071916967256454e-01
4.531631805141345115e-01 4.701974453425080691e-01
4.489693382961277845e-01 5.447579445414905130e-01
6.493840838167510565e-01 6.387479886164786347e-01
6.341791169047439336e-01 6.761190994207983973e-01
6.123981740822729281e-01 6.767195733001128977e-01
5.386320864314486645e-01 4.653723497865274172e-01
5.932650172981068781e-01 5.249938170744248289e-01
6.872168414600388076e-01 6.308274699793110507e-01
6.770226457335087877e-01 7.061826965940226630e-01
7.248713152294844475e-01 7.287346537775923894e-01
8.040340076566888650e-01 8.393091240762605709e-01
4.814678912248475107e-01 4.874967019296268522e-01
6.716339591701190326e-01 6.610276609276228843e-01
6.512878040708699467e-01 6.074390603154035118e-01
2.808714500088007049e-01 3.407078264394312606e-01
5.282647208185368148e-01 5.365852664605447186e-01
5.192972098133745718e-01 5.095373161929979133e-01
8.126387345534433759e-01 7.662082427097158810e-01
6.220213597566922603e-01 5.950538059808353486e-01
3.906134898306569680e-01 5.020514753447442580e-01
2.458200715314712848e-01 3.151115868962715560e-01
4.450380045120476691e-01 3.351000602777730597e-01
5.601646590036148954e-01 6.423587977888836065e-01
5.468945816275327942e-01 5.708786463820147983e-01
5.850446645862216188e-01 4.933556299099849385e-01
6.410816495367677170e-01 5.476388242487137958e-01
6.217701489301409312e-01 5.409404396061220366e-01
5.288134145955671883e-01 5.125724691378914510e-01
7.039270970641477998e-01 6.856459397358769525e-01
5.898520731282751450e-01 5.852220068204626591e-01
8.208793621725801737e-01 8.279315295763628457e-01
5.700039039613654657e-01 6.112483857234397577e-01
4.851543597780871853e-01 4.115544271603739368e-01
4.764844176059424563e-01 3.575345578329673368e-01
5.664062402435076082e-01 7.123218354060577573e-01
4.908552730465639558e-01 5.293065254020014043e-01
7.378412764405893887e-01 6.968241944140253219e-01
9.823599486941156922e-01 8.994502722041912701e-01
3.648693451796019005e-01 3.413180392960127874e-01
6.276317031278976222e-01 6.075370065633253214e-01
2.293995193984345315e-01 3.384155623560287096e-01
4.991404893725014391e-01 5.267786714726619968e-01
7.709138206159130702e-01 9.428651248378406846e-01
6.342052424345712147e-01 6.232706971131423135e-01
7.719766157203992174e-01 6.871220812904040853e-01
5.612567472731602169e-01 6.906380105852487628e-01
4.525534684441864797e-01 4.607186442844810048e-01
7.988622332021776407e-01 8.205762707600644523e-01
7.271722816221147800e-01 6.860980223872045203e-01
5.522167810014573242e-01 5.071307246623508735e-01
4.501944752868219934e-01 5.559941910999625092e-01
6.145733637197413612e-01 6.017837738016270643e-01
3.744557047825224916e-01 4.073457960579009440e-01
4.872158103012027008e-01 3.748550455317873342e-01
6.061115373659956562e-01 5.023708974871291533e-01
7.783609670597505525e-01 7.311102142676547677e-01
6.100935084405303410e-01 5.119356633034799486e-01
4.771738530779923160e-01 6.200079087420979906e-01
5.426534077065808814e-01 5.361667946809883789e-01
7.721981736171603661e-01 8.039191219798582644e-01
5.618726850185518096e-01 5.616074174398342223e-01
5.434308128488081202e-01 5.724605965877005431e-01
4.469339656821014195e-01 4.356257587629540629e-01
7.971536411071228345e-01 7.713848725230513237e-01
5.253447908279262890e-01 4.756218320816161249e-01
5.453426176876051690e-01 5.008172804463010275e-01
7.190391772686832716e-01 6.879039319151440957e-01
8.168193534493907171e-01 9.075776853957909784e-01
4.784253200681990448e-01 4.634741200249505866e-01
7.710214708481322177e-01 7.810455180817541532e-01
4.957268364335011279e-01 4.292562862666413626e-01
6.485332354152384404e-01 7.501455829705567790e-01
4.114456656644037702e-01 5.199094121656764322e-01
5.125310253754267187e-01 5.233910300393473936e-01
6.213165129392800301e-01 7.347851770961998374e-01
5.197543558624413418e-01 5.244447895199404464e-01
5.790015461828370569e-01 5.037291538036092753e-01
3.834521821627061011e-01 4.608156099217541324e-01
6.169472698073181771e-01 7.136019730564939767e-01
6.061335610670196550e-01 5.498434699602453568e-01
3.882679210603260378e-01 4.777816147038739247e-01
7.170839018231820461e-01 7.706657916957193599e-01
2.809612709781988960e-01 2.467006396960535197e-01
6.038068850211294469e-01 5.704914432000577351e-01
7.255792672563099455e-01 7.713661843721091316e-01
4.776716314218986681e-01 3.741963818132584829e-01
5.671374690764714455e-01 6.510175264848567789e-01
4.375860339616658989e-01 4.659419708453569897e-01
5.466067297782974954e-01 5.353775207886266596e-01
4.652361025450272303e-01 5.045280726538535765e-01
4.680026362299951614e-01 4.213940106514055817e-01
5.282472740341408457e-01 3.440319549322537473e-01
4.078497957128394136e-01 3.552084126325820712e-01
7.224123311567037797e-01 7.076223110728027121e-01
5.430233582249113233e-01 4.787718932091657997e-01
5.656639918630939068e-01 5.750354688967083128e-01
6.521810014278739409e-01 6.670488282191837648e-01
4.930292761688845893e-01 4.207804400143929646e-01
5.851909384270579384e-01 6.300345201621424529e-01
5.496994040882788868e-01 5.723264657445764625e-01
6.633623193671376317e-01 6.311523291156428961e-01
6.557678579029987409e-01 6.517747180129499496e-01
6.203479984926426605e-01 5.280857902452765762e-01
5.215798244121802041e-01 6.018850498811884053e-01
4.698316839031927983e-01 4.542163786314782903e-01
6.763719911646699501e-01 6.240717171106622274e-01
4.803858353316863838e-01 4.103632907770212168e-01
5.578230182299919182e-01 7.653910436062802969e-01
7.980010385203100132e-01 8.477511691130152904e-01
7.476014677492575089e-01 6.911724507379815030e-01
7.215414810137922297e-01 7.579081022082009289e-01
9.785428741224022620e-01 1.084679525527762811e+00
7.358621001461872480e-01 7.430093503958336010e-01
6.962856587176422529e-01 6.563365028752190522e-01
7.224350209569440073e-01 7.393546930244073723e-01
4.740102648513803141e-01 5.946291988123505456e-01
5.788068945432487400e-01 5.917773746375070143e-01
8.656860643027050051e-01 7.856756835657415783e-01
5.397378951574514083e-01 7.036218046221971445e-01
7.856235077110034215e-01 8.289156346942725406e-01
6.151807405374996041e-01 6.462742959920855235e-01
5.136482625248320888e-01 5.881556478302921720e-01
6.348813701202419280e-01 7.922082032627043580e-01
5.628464911082671218e-01 5.298748738293788119e-01
6.923908369561091458e-01 7.504725862776722156e-01
4.203671855305106120e-01 4.439894228054079295e-01
4.160062265604647092e-01 3.494626021425262241e-01
8.854375713917392865e-01 9.040986816473162158e-01
7.130381109235732762e-01 6.893310615154257803e-01
6.650801713339660193e-01 6.218949334725423217e-01
5.991476323308991825e-01 6.019904290876431086e-01
6.012955588857185063e-01 6.585730445871198491e-01
6.759498309031238827e-01 5.671450005371979630e-01
6.032304334708467053e-01 6.524581248847935999e-01
6.487328140586980929e-01 6.219963962827157467e-01
8.304956893962016640e-01 7.778139615389634276e-01
5.423701208231802573e-01 4.322221607369216567e-01
5.035903715906333566e-01 5.974155938777201413e-01
4.587311656643455748e-01 4.470870006998195478e-01
8.579568663447096899e-01 8.678114642261054446e-01
5.981185625200556855e-01 5.241139055557536564e-01
7.121303691448860329e-01 6.767432944925332317e-01
7.745159634566179951e-01 7.656285096085354569e-01
7.157052115370976519e-01 6.776601061532563364e-01
4.293387990931237796e-01 5.750418344826963013e-01
5.645945463097566952e-01 6.255825747944460113e-01
3.931795096279374624e-01 4.734795086093119831e-01
5.587893644219728007e-01 5.574275304042266566e-01
6.805786045561706965e-01 5.567227088050136219e-01
3.589362366971829421e-01 2.705957337087687153e-01
5.050726820025052133e-01 6.008968079358772973e-01
7.567977741974034611e-01 8.062838301284958042e-01
5.341303744693937094e-01 6.149901128048678167e-01
5.851404167003291246e-01 6.445319235437458882e-01
4.520694121585204783e-01 4.585047668564434797e-01
6.891960900013941460e-01 6.514920710481183486e-01
5.328247781590826904e-01 4.815460327006153562e-01
7.056415970931400050e-01 7.060343715996428848e-01
7.989833565157601347e-01 7.773457158709075054e-01
1.020763617599436790e+00 9.270200312327545600e-01
6.746033947020728672e-01 7.852547507234297619e-01
5.126469986123360911e-01 6.107914594955579091e-01
6.280510802296782602e-01 6.536588605084375780e-01
5.972039947714580244e-01 5.443225531702848841e-01
5.483628298541606272e-01 6.461469559322517986e-01
3.552350193013972812e-01 3.471478588992615300e-01
6.594807995690190605e-01 5.023833561895212352e-01
7.808040834986391676e-01 7.090023894409782645e-01
4.616707029337674961e-01 4.764179693895682077e-01
5.984833594731441275e-01 6.100588058199932773e-01
9.008447314329028899e-01 8.834107541788822626e-01
6.652355449377632679e-01 6.775275439157796287e-01
4.777600881023708612e-01 5.791839094847868186e-01
6.613007930447969418e-01 6.965850903328505428e-01
7.783459768587127625e-01 8.417238638777465587e-01
6.197792303182603213e-01 5.367350450397683215e-01
5.909305402575301125e-01 4.763721832310207072e-01
7.481104312856698968e-01 6.805341368509665312e-01
5.109731875826759584e-01 5.986332320193181733e-01
6.782029366882021959e-01 6.479122114551633116e-01
4.550952592850047718e-01 4.812024652151169479e-01
4.482244498706198232e-01 5.165334060014207251e-01
6.758182093772395760e-01 6.997466339680376013e-01
8.450502227005488587e-01 7.149556639876902819e-01
6.694662066238763476e-01 5.815576509922686377e-01
6.301225000950568811e-01 5.993855921023513167e-01
6.032204641925799082e-01 6.505453705937430664e-01
5.278277164621146822e-01 5.776264431282015499e-01
4.484060638184920178e-01 4.959563500712584894e-01
5.763611380451593158e-01 5.587196027439690349e-01
5.915617503393972854e-01 6.537037868759207893e-01
2.882944259852783242e-01 1.774060137389215641e-01
4.816729211988559634e-01 4.635442397146196658e-01
4.458844155980080659e-01 3.893016739565381412e-01
3.825382756818437313e-01 4.750590185249142783e-01
6.006193469356271297e-01 6.394594074308637133e-01
7.762570403221330517e-01 8.057763782274690589e-01
5.548707807616501952e-01 5.341999550166183219e-01
5.782842085219077610e-01 5.090314529473884964e-01
5.676020374026775617e-01 5.269695385652977127e-01
4.011661025876688269e-01 4.759588612132251706e-01
6.934370759452048727e-01 7.202684100185303695e-01
5.656774760557429227e-01 6.647904330196302558e-01
7.556230643971229011e-01 6.219177428179407663e-01
6.678599636794461114e-01 6.385225946545712850e-01
7.317227756665682925e-01 7.620536787999807604e-01
4.778824627178578921e-01 5.397940944078765124e-01
4.866670307770575299e-01 4.725869716192395709e-01
4.809477460350141120e-01 4.167856235778762963e-01
6.063167038715123747e-01 7.062960390235358821e-01
6.556803486253902635e-01 6.176998373504835049e-01
6.116449066993833172e-01 5.514591122247408661e-01
4.527055508721659627e-01 4.915110820187268970e-01
5.599188755590197575e-01 6.223009898305248422e-01
6.291423042902396512e-01 6.580658916012912529e-01
6.148774057708767948e-01 5.918621542240396494e-01
7.992904291759718172e-01 8.016946972450035291e-01
4.773889333768922549e-01 6.526112298849390259e-01
6.939397506644213731e-01 6.873528815772149692e-01
6.509436524388501066e-01 6.256552976654035092e-01
5.689778050955499600e-01 5.718206210441109105e-01
6.989216491404641740e-01 5.790060053779508831e-01
5.465167998571665020e-01 6.259804165715026070e-01
3.159672918759054427e-01 4.410001354696454490e-01
3.186585881486141969e-01 3.810493906986274770e-01
5.520686159795179515e-01 5.701611164678307420e-01
6.139310917890746788e-01 6.265490650548176665e-01
5.692515435609607488e-01 5.836658011218959219e-01
6.133646448334192369e-01 6.197132256787601934e-01
7.827494453181339518e-01 7.222843341312726873e-01
3.994886418086558422e-01 4.962907548488245668e-01
8.206165471022001112e-01 7.585759713176417618e-01
6.979336652314617195e-01 5.966412994756523647e-01
3.769191052927702845e-01 2.983314740025764245e-01
8.085875143717473623e-01 7.959985120591799301e-01
5.805210602057767622e-01 4.853433336014921773e-01
3.129811370367459045e-01 2.410095029115206511e-01
6.628445316932999321e-01 5.613691078360992792e-01
6.409691633824187162e-01 5.598530855365621006e-01
2.074570530483557107e-01 2.525776091975763249e-01
5.473994309677703285e-01 4.608381430512034083e-01
7.093817176101323563e-01 6.195774564210906332e-01
5.703866941899731202e-01 5.484399048538270982e-01
6.795293376669289120e-01 7.339783034199340861e-01
8.207713201041993978e-01 8.486197809059902175e-01
7.340543383424149582e-01 6.387359395745171309e-01
6.907344414097713603e-01 7.125135149270078738e-01
5.584886178281717184e-01 4.990784728081563704e-01
5.114603981502610086e-01 5.987348857218659504e-01
5.440652658373262840e-01 5.525024401879031766e-01
6.033631950481164186e-01 5.423284300711055383e-01
3.927518500215650965e-01 3.373600640668739103e-01
7.527070913335749403e-01 8.437522155196388596e-01
4.710701708319895431e-01 5.186273363604460007e-01
5.203130214828164402e-01 4.725713823853184281e-01
7.268039812668684041e-01 7.324926515105737446e-01
3.417915146250073977e-01 3.234161714274326749e-01
4.502963612865083509e-01 4.387194141666760916e-01
7.033313730271618658e-01 6.756848620716714438e-01
3.498891834722802074e-01 4.641162752957727622e-01
9.026209203793885694e-01 8.282940462159299466e-01
5.524261114719126731e-01 5.715305112831829959e-01
7.921396143468578677e-01 7.478731666866135219e-01
5.881598378644720126e-01 4.477241165518323074e-01
4.414097798368324388e-01 5.129332166407564175e-01
8.784613553115906415e-01 8.890000958721940849e-01
5.325899649786218770e-01 6.166228910802888930e-01
7.303325777590881085e-01 8.199860974946850956e-01
4.551046001312296641e-01 4.249132929302258388e-01
6.527867841891479284e-01 5.501619786496805276e-01
7.875606135361341575e-01 8.838105124854620520e-01
4.943806983997090509e-01 4.236607630263261037e-01
7.082113299017163133e-01 5.050647484371479923e-01
3.895849172185198994e-01 5.004849911528872486e-01
5.345970934860202473e-01 5.112709627506235588e-01
2.432106898537952921e-01 3.201114754109200544e-01
3.882821326828375663e-01 3.336401667022440010e-01
6.039877594000669925e-01 5.869917069364246620e-01
6.485503563133179217e-01 6.808561967818795857e-01
6.811313945274291015e-01 7.734991102543320451e-01
4.379061630693213969e-01 4.527895550216147758e-01
6.004042030813147024e-01 6.044147020679869753e-01
2.680141236331041177e-01 3.964723426389177852e-01
9.634356571862021656e-01 9.239624488574553762e-01
4.816487138028803794e-01 5.277472387705897106e-01
5.998059967956640426e-01 6.509640162157416254e-01
8.149274337140473001e-01 7.978165839651500946e-01
5.475303601883784177e-01 5.275574232958274434e-01
5.966029979290231600e-01 6.565500355842869284e-01
5.274976892306951770e-01 6.460415735407537552e-01
6.247335441163748282e-01 6.373632619608726735e-01
5.273723625633802703e-01 5.471852692529067808e-01
4.394587654502006835e-01 3.730603645939744029e-01
5.472640242918143105e-01 6.068516645228321238e-01
5.478492791840026133e-01 6.020984406807703415e-01
6.910081083872881003e-01 5.669400364371255385e-01
5.879368019840797155e-01 5.152506366846810737e-01
6.391776265896013109e-01 6.778412130087555498e-01
3.965689880868946693e-01 2.994526085805349069e-01
7.676113640419901518e-01 6.561671308100265332e-01
5.617111206850937677e-01 4.166720173330182853e-01
4.831014945032638397e-01 4.754613520087335732e-01
6.896598183537250293e-01 7.276398457890254079e-01
7.421668914952511686e-01 7.364414829448965305e-01
6.058623659392429195e-01 6.059001539297682593e-01
4.202267436607400319e-01 4.671233805253767746e-01
5.293457740361748876e-01 3.929762804479736138e-01
6.563705655234018943e-01 6.429920322685903633e-01
6.017724541077986711e-01 7.027104629737248587e-01
4.771459144258595186e-01 5.804012183272754255e-01
4.299242595555426427e-01 4.086927078997609208e-01
7.021648169355287905e-01 7.641645417698414988e-01
5.969606848495775386e-01 5.428756605805146185e-01
7.218345639916159406e-01 7.431007697987748184e-01
7.796148501111301865e-01 7.927989990930288666e-01
4.754343113592413017e-01 6.315190289626210207e-01
4.918389000803050082e-01 4.876716992065489031e-01
4.685847580619424413e-01 4.950125509378150435e-01
5.250494889220345129e-01 5.494084089531028336e-01
6.010341187118233286e-01 6.472786557324079482e-01
6.638835296076646131e-01 8.393146587859343644e-01
6.256147989187430536e-01 5.550145527279870539e-01
4.965342502159673654e-01 6.120593423383721143e-01
5.394903786296567638e-01 5.735386163337805598e-01
5.635527327539110454e-01 5.484820130111948133e-01
6.833581934970632821e-01 8.312148399248452391e-01
6.251445467321241622e-01 6.240634448194577466e-01
4.009170907124132710e-01 4.496836452347877100e-01
6.947873676818235866e-01 8.426679790669567849e-01
4.089630748688053985e-01 3.103467798139767919e-01
7.008076152442253015e-01 6.570377055399538868e-01
9.248184363922091755e-01 8.538483315895730730e-01
6.667264542633333235e-01 7.651671966459328011e-01
5.432414189027044982e-01 5.742489914153957598e-01
6.931655468520305785e-01 6.539452323825036828e-01
5.517427542827229026e-01 6.039849219185557949e-01
7.195774518211726090e-01 7.244546597748722228e-01
6.732780150446550094e-01 6.302170539462802479e-01
5.484101412110627960e-01 4.752459785395343195e-01
8.207631092963662001e-01 7.183243394728594522e-01
4.012367944022250943e-01 4.424156287333536608e-01
5.213758400330850140e-01 4.257878119117031734e-01
7.796800194960518127e-01 7.745370387648258248e-01
5.268420598101708485e-01 6.154449246366280324e-01
6.731460008354669400e-01 7.261106714171955412e-01
6.838495735585151669e-01 7.092091503785612483e-01
4.246113819322953620e-01 4.975225098776953625e-01
7.477071789596594353e-01 7.442339206632557769e-01
7.570860075700327485e-01 8.053390667784339207e-01
8.482679605710253812e-01 8.357456985354564383e-01
7.219839864477561875e-01 8.245520472033283088e-01
4.888723427489066742e-01 4.584684041188932246e-01
8.912037632242332252e-01 7.951527122993397034e-01
6.357423459556493794e-01 5.945300035501853708e-01
5.366451859705376748e-01 5.114598358051631877e-01
8.345052222315243462e-01 7.329400966551242735e-01
4.208338219428804927e-01 4.024942501452042909e-01
4.125773163785583231e-01 3.432862577833696305e-01
6.704315822867421559e-01 6.945314761666345760e-01
4.527523138577579931e-01 4.561011079805712964e-01
5.535767248679821506e-01 4.265271570165556358e-01
4.408119202989258523e-01 4.972051838939073876e-01
7.544065892014761854e-01 7.486865370040320933e-01
6.588080896970003320e-01 7.243753021976468975e-01
7.589554823889330670e-01 7.627276308322701315e-01
5.013524558068543913e-01 5.391332148864246276e-01
7.944819227413644214e-01 8.177856398234890634e-01
8.236348533783345305e-01 7.537362434419548896e-01
5.805516055215278470e-01 6.170377491720198115e-01
8.818494292902154807e-01 8.486532314076018491e-01
4.595469416001720653e-01 6.561101759926315502e-01
6.464889547032965922e-01 7.025372526916151550e-01
5.736046747547065561e-01 5.809684322916601751e-01
5.194328035046722469e-01 5.715414507756095830e-01
5.093708769230200772e-01 6.460902087046727083e-01
5.403645889257566726e-01 5.076989978569981243e-01
7.142496639055880836e-01 7.166514540725484883e-01
6.644597868834115628e-01 6.288949850453385837e-01
5.638436852451430559e-01 4.680265225839251864e-01
5.274802632207334918e-01 5.179800269347679675e-01
5.301760092633658328e-01 4.935964263740113545e-01
3.671855678237879173e-01 4.772976458093575736e-01
7.020535033966748273e-01 6.978380157835837316e-01
5.966000359931389330e-01 5.190668861414078350e-01
6.423345340714435858e-01 7.246353483618056535e-01
6.501287393144519200e-01 6.553438290483384332e-01
7.233892062243360010e-01 7.646109671539432773e-01
6.227799041723083295e-01 6.244674298818377878e-01
6.816086403261173432e-01 5.687675907428780819e-01
7.129136392589949800e-01 7.759335301311851563e-01
4.453855282964382933e-01 5.176935794094793541e-01
4.922251299263378232e-01 4.731253835154293208e-01
5.903060186535530329e-01 4.762355197442829646e-01
5.913427157432085135e-01 5.991826046632175995e-01
5.235072194284754454e-01 5.474368585375485319e-01
5.878183834266766938e-01 5.876920823772809888e-01
7.619135053132896074e-01 6.511403553062619087e-01
5.274465193373918392e-01 4.376681136929369553e-01
6.333689032851755885e-01 6.580901955025612038e-01
7.199408628356658291e-01 6.777659244561784480e-01
8.836588998091613467e-01 9.165843001341723584e-01
6.624744709055211400e-01 5.754417189359072315e-01
5.704458996997215925e-01 5.468589980588510757e-01
4.598337467217811780e-01 4.556266421731478000e-01
4.695929126500676398e-01 3.970291111835383413e-01
6.617273293680188129e-01 5.854764538881873648e-01
7.189763254295920003e-01 6.385502973601577814e-01
5.911913098076364559e-01 5.746579973138949970e-01
4.791604520846587945e-01 4.805564296746070441e-01
5.068182904327199756e-01 4.230608884668864977e-01
7.461916129127011965e-01 7.607060861875668545e-01
5.672350766136876610e-01 5.258934800748115146e-01
6.894859921533228464e-01 6.701697470074580165e-01
7.596595291107923753e-01 7.022892815737047378e-01
5.026921323976771827e-01 6.171320088277088001e-01
4.567154195795865568e-01 4.800898920686888505e-01
6.889245680867341903e-01 6.600459004873746593e-01
6.964631066750479604e-01 6.956942199099229729e-01
7.191852874994322242e-01 6.716246568407717721e-01
7.186465941164091875e-01 7.747540743249815565e-01
6.053335939642111585e-01 5.461630799235640543e-01
6.268367198449141808e-01 6.176603889500426048e-01
5.325756545319431101e-01 4.904974797540824216e-01
6.517443107394071955e-01 6.119072316108322696e-01
6.519136716023232747e-01 5.800294186644339156e-01
4.707287298718091373e-01 6.028837163837222901e-01
3.708444909050311322e-01 3.469437764489541332e-01
7.035522562692534398e-01 8.075306620160825899e-01
4.062579971618489050e-01 3.493072952207109672e-01
7.593592058449153415e-01 6.368336614882964541e-01
6.935145909100686179e-01 6.712466618960948317e-01
6.602808114326809141e-01 6.068579761958400320e-01
8.389860533026471945e-01 8.345673896528196245e-01
7.810661168841338542e-01 8.083701166497131441e-01
5.319458338539381215e-01 5.288715044968305135e-01
4.755267994741547710e-01 4.361184995543572196e-01
6.463878560040636767e-01 6.403360360093210968e-01
7.729006908223853278e-01 8.240530501595527690e-01
6.444369774092548742e-01 7.751542058943674540e-01
3.884034652925796305e-01 3.987441934962956402e-01
5.550327268458620233e-01 5.330600472626255693e-01
6.578738095300684652e-01 6.477744405723921961e-01
8.518045129897143797e-01 7.495334486916643835e-01
7.639522565812043586e-01 7.083693715967672722e-01
6.580918049226495148e-01 6.815968305295899698e-01
8.401960875888451197e-01 7.622321246535478378e-01
6.157823974652116839e-01 5.692718267068437310e-01
4.961171694668429222e-01 3.604922312617496738e-01
4.747700407624024233e-01 5.126569311033117859e-01
7.005493644482462257e-01 6.551552131899046616e-01
6.392742124278726346e-01 6.779845931886357979e-01
6.975020579535438081e-01 6.544515798301266951e-01
4.491855212088974314e-01 3.694959101142765157e-01
3.921174289548299274e-01 3.745944436825672241e-01
4.028386930422004908e-01 4.318000250399186002e-01
4.578818610020033431e-01 5.248803531527225230e-01
4.098039823222689448e-01 4.572367910565368621e-01
5.108396168051480002e-01 4.904266001667258457e-01
7.168075577962040867e-01 6.152579246277161129e-01
7.073621523004427480e-01 5.621798605099868062e-01
6.014239002811010426e-01 6.721616898859967826e-01
4.409819281905513200e-01 5.282395479740590316e-01
8.016765121430876606e-01 6.983020476815996469e-01
8.592458272925516116e-01 8.669367538922720939e-01
7.048051223183026126e-01 6.267499388149760930e-01
5.275468622083573367e-01 5.637475540174009536e-01
5.372117764138919505e-01 6.075259398212702333e-01
4.349900956255768891e-01 4.543010203130615210e-01
7.176941449733266198e-01 7.443672226514842505e-01
3.511825965791646742e-01 4.384431537402566081e-01
5.173098949942240843e-01 5.567799504186603521e-01
3.964088244244468595e-01 4.304013015003374520e-01
7.127301262331776632e-01 7.747527205554226581e-01
3.508989299627492398e-01 3.392210576995827176e-01
7.284913524153621145e-01 6.572978428223280600e-01
9.718188810017884816e-01 9.256446126667337015e-01
6.645469391038493212e-01 6.783166572023141550e-01
4.842558853279619879e-01 4.798396330046026947e-01
6.098407906578552362e-01 5.978346569708580249e-01
6.087305616152268728e-01 5.004950035042131651e-01
4.894684595661760174e-01 4.712761917464181050e-01
6.976427367489292930e-01 7.181657564785093317e-01
6.404070851409271459e-01 6.061856548250308396e-01
7.380857492128484187e-01 6.364294785292495815e-01
6.867494149590225305e-01 6.447072041374803941e-01
2.985223041519772247e-01 4.028676932376572539e-01
5.852237308189106590e-01 6.147389825372749916e-01
6.136304589059090597e-01 5.880351381394629540e-01
3.747591970471395584e-01 3.374993999505819797e-01
7.097956253784087899e-01 6.432618460274670547e-01
5.127944299407014572e-01 5.914607142096559578e-01
4.496032374747970239e-01 5.081260398351982177e-01
6.514693971367055969e-01 6.463513542428396264e-01
5.471716530721407734e-01 5.917672795883842651e-01
5.984769002911591862e-01 6.167980255478833218e-01
3.436987718010414139e-01 3.961808915278576815e-01
4.864181253517113612e-01 4.299299704961637714e-01
5.581375208724088655e-01 5.491906332555280823e-01
6.234684731568039817e-01 6.156280707457225665e-01
6.391097039215091202e-01 5.284126150668614352e-01
4.134987684549044640e-01 4.945806360881505603e-01
6.417221510162156584e-01 6.806283050478429963e-01
4.771758708672931837e-01 4.810789760029852147e-01
5.552593533635366008e-01 5.405534001200624772e-01
5.955952877529061551e-01 4.843692723697799463e-01
5.456916019594537648e-01 4.922480864664655065e-01
4.141423836462337915e-01 3.969444604141519894e-01
8.319249331840146144e-01 8.817740104356466269e-01
5.028680853511241500e-01 4.833080048247182514e-01
5.712682042545316197e-01 5.778538649252351611e-01
8.896196298566890759e-01 8.965640529019754945e-01
6.085922342094584048e-01 6.454207962566286261e-01
5.833950900331433820e-01 6.598534977587245942e-01
6.857499449492461263e-01 5.604379725650872057e-01
6.514612074784056350e-01 6.578457472333631983e-01
5.350942978789463567e-01 4.978915053875543340e-01
5.494560927573365339e-01 5.151058259415536300e-01
4.005301044878628591e-01 3.494137276865980635e-01
5.395030390138833010e-01 5.306997838875431306e-01
8.184728661526954330e-01 8.377913098460336716e-01
7.788647429309583092e-01 8.962149835617698734e-01
2.669391312116784487e-01 2.346192175325481355e-01
3.854819651960205706e-01 3.869651212682634900e-01
5.157955702796707120e-01 4.909600144769913355e-01
3.870986472314907889e-01 4.266597545244141809e-01
6.069052524275336813e-01 6.512213828452236841e-01
5.310517774438261451e-01 5.577762269333883527e-01
6.516378474532688037e-01 6.348459484931058272e-01
5.054724184803394138e-01 3.493872254129607446e-01
7.961381740904435178e-01 8.612835113794671260e-01
5.706886883144817180e-01 4.466457453990930193e-01
4.841882592516517647e-01 4.445795966892189810e-01
6.924378693458600464e-01 5.273971123971480379e-01
4.571892778404758606e-01 4.029148795011880391e-01
4.324621711708449001e-01 5.090126807706387702e-01
5.416838123822255158e-01 5.569678456406400580e-01
7.079481823909486993e-01 7.145694349566481529e-01
5.380671071372501446e-01 4.274078051476107865e-01
6.414418520501428134e-01 7.186090759565344488e-01
7.899964766031615238e-01 7.526755806900222723e-01
4.648180972689840984e-01 4.198987298651584710e-01
7.249737225543996244e-01 6.611026635273421492e-01
4.785182270035867047e-01 4.272320861622604937e-01
6.605778998358550202e-01 6.716347240354062498e-01
5.616768976436000704e-01 5.052133242553203951e-01
6.370257179108909096e-01 4.948802930806233125e-01
4.836647331315869769e-01 4.683937452168691618e-01
7.491437961222832120e-01 6.602982145968795402e-01
4.040524209586338622e-01 3.715722216548720813e-01
7.423528146968548791e-01 6.295064077121484969e-01
6.095891418210047652e-01 6.732294168812685831e-01
5.497345500735363322e-01 3.615261455458046447e-01
5.457297451532218124e-01 5.107152309417556380e-01
6.590511012221669240e-01 6.219786128965196781e-01
6.819962121396632160e-01 7.063716378079685221e-01
6.741443000494795612e-01 6.866545802513850383e-01
5.077753547757130059e-01 4.931469916461749259e-01
8.203699952459877487e-01 7.178635229026424369e-01
6.370427343186364499e-01 6.503525197463104757e-01
5.821505958940501602e-01 5.022972390865895198e-01
5.962623234346544621e-01 6.978056011417426152e-01
6.513446128970344917e-01 5.995440495249807489e-01
8.984235785046045253e-01 9.183533848803308031e-01
7.146170807613002607e-01 7.784549587620418487e-01
8.533345662054333536e-01 8.239896931783602385e-01
1.562376975898842335e-01 1.636060309317494410e-01
6.385841588952687609e-01 6.837128144483655134e-01
4.790581894012780340e-01 4.418953727104762419e-01
5.113011203028274831e-01 6.125726440699499342e-01
5.869578858824737733e-01 5.356379544976170859e-01
4.976786611666061955e-01 5.495480715981786446e-01
2.447423857223083865e-01 1.877043334077355130e-01
7.747599044823805237e-01 7.686544185239083671e-01
5.624774278441896369e-01 6.234877213104658145e-01
6.043602048910240443e-01 5.424990486124726674e-01
7.988215020060802640e-01 8.209554874491562515e-01
7.346176540511748509e-01 7.167477201861425229e-01
4.264502956420553881e-01 5.136818448920550395e-01
4.846952836265083220e-01 5.546357507198783621e-01
4.809538324742837490e-01 5.959348663104711008e-01
4.704850256793127183e-01 5.036907235802217109e-01
8.445160507184744647e-01 8.225816374512845419e-01
4.842731612804958563e-01 5.443112839923852642e-01
5.715672233859802054e-01 5.614203933113149914e-01
4.972917102853049443e-01 6.205050880689018111e-01
3.686008389278950803e-01 4.753869457632784457e-01
5.160411977970446040e-01 5.179948694009796073e-01
4.381626798141095569e-01 4.557535747555276351e-01
5.770701868420244907e-01 5.840905474627540173e-01
5.175722342235402618e-01 5.829914249975758356e-01
5.990031989592372597e-01 5.717684612531599431e-01
7.666935850536586994e-01 6.345101097734928697e-01
6.970126653194239630e-01 5.769098942155566068e-01
4.742345533973280070e-01 4.404784043702154595e-01
7.711836722564099356e-01 7.631022204156404642e-01
7.078806731232013538e-01 5.573822705405312439e-01
8.883707545051706678e-01 8.499630720743005519e-01
3.953694811995434044e-01 5.077805692674940419e-01
7.324255751430881478e-01 6.944929663141483633e-01
6.550283628669137936e-01 6.304024032862416416e-01
7.259367375110852283e-01 6.464384644330820606e-01
6.626328834324117789e-01 6.532413437903490383e-01
6.807870957550047342e-01 7.493289820993843664e-01
6.266326102616908145e-01 5.855491187845842660e-01
6.590746254987288610e-01 6.582602024819314002e-01
6.647090086140745591e-01 6.107562502694159345e-01
8.362408983635141180e-01 7.675437015659367646e-01
5.566830582549548989e-01 5.790559594340800587e-01
5.163748371641208035e-01 4.409983965669116435e-01
7.895095678235826142e-01 7.262449906948897915e-01
4.913004725921925053e-01 5.498058067471559562e-01
