6.420121959512791188e-01 6.546078396688862489e-01 6.915701742283393294e-01
6.673241925916375550e-01 6.201991957617128959e-01 6.446667811243800283e-01
8.727350031164736732e-01 8.651069720444811706e-01 8.258436991668030025e-01
7.820910426173570684e-01 7.269889110452327774e-01 7.806046499672761874e-01
5.052384174401619576e-01 5.472160601427893400e-01 5.258153477539411202e-01
6.304772352630902965e-01 5.756854033090129663e-01 5.162806410591492812e-01
7.307814606786776634e-01 6.921022346520744328e-01 6.633033737095781479e-01
7.311745411039459741e-01 6.629968259359091398e-01 6.413862566514829666e-01
7.447630475989690524e-01 7.896332189130828016e-01 6.653459344264902597e-01
5.788560279255582364e-01 6.494465250994979622e-01 6.040227597182779018e-01
5.943342236278095214e-01 5.836953789676561088e-01 6.002884605296818776e-01
6.346005286294336134e-01 7.076233491552590404e-01 6.024497126710135486e-01
6.383422879806771588e-01 5.425073284350691027e-01 6.426609556178913829e-01
4.902642301352573284e-01 5.823334403038985529e-01 5.020491938132985998e-01
5.904333721364085630e-01 5.781232577280451812e-01 6.282629338967182786e-01
3.847372516565977785e-01 4.051098847430556482e-01 3.662944034203042265e-01
6.293735939335900476e-01 7.434930653626274921e-01 7.633174045862066714e-01
5.460494746259653143e-01 5.139455581054244160e-01 5.721262649946197154e-01
6.979898740054747419e-01 6.909138567560091371e-01 6.971933897270179425e-01
6.326901188110289898e-01 6.151240883631309275e-01 6.234975829295135163e-01
5.591596506591910432e-01 5.391796668147464944e-01 6.159770510375279784e-01
6.579468140581882230e-01 5.208776742708136620e-01 5.640788966847427588e-01
6.579617309482396204e-01 6.561700143435552635e-01 6.356421224968069605e-01
5.373029463735987665e-01 5.428589694735198590e-01 5.415702945269839086e-01
5.197242551311676007e-01 4.497729890988262924e-01 4.864857417688654984e-01
5.347842611382042088e-01 5.962872035074524568e-01 6.039950390371316979e-01
5.578984260595470923e-01 4.493816074133336058e-01 4.250057793055778688e-01
4.988994429885939552e-01 4.868417496226634666e-01 5.171815792705823922e-01
5.874196119114583059e-01 5.238931550941703374e-01 5.876385600437763479e-01
4.732112098879788231e-01 5.120114480995983097e-01 5.104748534953161831e-01
6.398330094332335127e-01 6.510208817867988440e-01 6.632354312470108981e-01
5.928574614685369060e-01 5.693997475113026230e-01 6.227125525973741249e-01
6.481725429437499297e-01 7.179315525518651375e-01 7.359668191545484239e-01
6.855397296011359609e-01 6.022155590616130594e-01 5.970685669433161147e-01
7.516480215281068356e-01 7.165454392078718371e-01 6.735224104560674219e-01
7.048357618137953695e-01 6.941252100701319483e-01 7.191345659458194817e-01
4.624692528886413245e-01 4.821404417745434046e-01 4.855662448714527235e-01
9.207505686479999785e-01 8.819026080360330422e-01 8.485273786083102898e-01
5.830129318929715421e-01 5.272143102513798807e-01 5.717003471144558313e-01
6.344900000522757377e-01 6.585990300566119116e-01 6.733877675971662313e-01
5.909951545894434055e-01 6.047014980510317939e-01 6.507142290223533188e-01
6.677808850921355122e-01 6.320415272243455895e-01 6.250970812425443723e-01
4.887066424668704001e-01 5.817173703014192343e-01 5.466788649804924516e-01
4.657525113325641231e-01 4.460967522154174469e-01 4.663094643205597523e-01
5.473728368611694428e-01 4.819823630428919370e-01 4.882737690260116614e-01
4.549967259539311470e-01 4.484825736117418193e-01 4.433431360989015801e-01
6.077076725035583937e-01 6.056483883800302115e-01 6.285284799178851856e-01
6.324300880388559198e-01 6.719022239449383704e-01 6.945105819872671171e-01
6.383985416060760087e-01 6.651229124514094204e-01 6.938598342868194102e-01
5.431151574626511547e-01 4.536789444616065037e-01 5.301983476829139619e-01
4.266006392512812218e-01 3.884446563066870084e-01 3.534612853376123964e-01
7.338908468826512710e-01 7.293298119453767159e-01 6.813075789079393596e-01
7.973318783327907333e-01 7.514307771295202221e-01 7.413804195536356501e-01
6.198133170920602231e-01 5.754951227632748578e-01 6.266114405249081365e-01
6.318030608535402104e-01 5.369983030800454804e-01 5.518592398182456948e-01
6.148969132024291184e-01 5.904816767780586284e-01 6.355347659635891544e-01
6.029770682114011793e-01 6.575369080912720765e-01 5.241894338710673118e-01
6.474321631179541514e-01 5.021184096068425085e-01 5.340858941892130396e-01
4.022545219410272321e-01 4.332934955805139432e-01 4.529554461635552642e-01
6.468044939009485184e-01 6.444022890375681323e-01 6.361741039826834809e-01
6.606028985303076251e-01 6.790627490287843848e-01 6.144106482230431432e-01
6.066512268921983031e-01 6.695475065819165295e-01 6.236707874557468889e-01
5.881277828384985362e-01 5.185255380376760925e-01 4.877545901133981676e-01
4.848430163576583629e-01 5.085277321820864671e-01 5.420050236295582691e-01
6.837098905445021524e-01 7.169688582281785738e-01 7.440116783361221398e-01
8.424630295727418838e-01 8.750866360374229824e-01 8.416271968902417910e-01
4.912055660389058609e-01 4.092990251857490658e-01 4.834651374251403566e-01
6.122009371462043825e-01 6.080970546384382169e-01 5.548937027182244686e-01
6.615378299831329301e-01 6.652205417973169332e-01 5.058799268265385951e-01
3.833795787304950520e-01 3.468850496821609397e-01 4.375919233205790015e-01
3.819390767219073002e-01 4.902905110144546996e-01 4.570132937427155428e-01
6.837652978902136747e-01 7.045319621171668434e-01 6.984537715022895998e-01
5.595157548934108771e-01 5.746955193937562933e-01 6.361300276446659741e-01
5.340801148474697557e-01 5.398342720421147600e-01 6.012704510459306873e-01
6.902237043825362184e-01 5.993292735663788839e-01 6.692145894506953407e-01
5.625760532535466485e-01 5.913943224249734731e-01 5.494797797893777869e-01
4.488699804397028315e-01 4.489338897185869981e-01 4.134817362393872764e-01
6.111875108403569401e-01 5.557408666258234486e-01 6.242557607444465528e-01
6.600298212424967614e-01 6.972763856335282284e-01 6.307270431173229719e-01
6.851938856813677425e-01 7.521633360549700997e-01 7.118486807532423688e-01
6.622152531087232008e-01 6.256257750471969636e-01 6.958830972777437784e-01
5.691972504212708950e-01 5.076645779088949650e-01 5.203457878530042269e-01
5.637802366083872752e-01 5.660307631193250977e-01 5.434197987300275479e-01
6.227067838642669217e-01 6.301982944120698704e-01 6.317565226889325647e-01
8.234873144883575469e-01 7.856008496305366684e-01 8.161404793098319121e-01
7.544152417781112563e-01 7.716445425852184181e-01 7.632969297226750438e-01
7.300700117206964102e-01 8.157920630642685467e-01 7.915881640280739706e-01
5.172729303987363414e-01 5.238988759064668876e-01 5.429006288335412878e-01
5.025540552084585277e-01 4.735822581491966332e-01 4.144986962752800763e-01
7.826411343471582072e-01 7.720383558141311608e-01 7.215893927032487332e-01
4.206028604021137540e-01 3.891206412055746022e-01 3.560513077112610336e-01
6.229452750020822993e-01 6.023162405690958288e-01 6.296413438910445359e-01
4.248501455379146696e-01 3.560361069562644198e-01 3.935603005307578561e-01
6.023042961964294451e-01 5.630445798051746387e-01 5.880315155267624716e-01
6.507504774482961718e-01 5.729439210037002850e-01 5.428950678625662496e-01
7.523047679155833167e-01 7.554097710584634084e-01 7.387809200346960870e-01
5.795938369259795442e-01 5.793446553749281858e-01 5.368206800818219326e-01
3.368343249944747431e-01 3.355754641297021279e-01 4.208898270555308518e-01
6.551117505112671324e-01 6.481106416121867886e-01 5.858949243084536906e-01
5.035379328684648215e-01 4.148888939999503256e-01 5.148550341022263277e-01
7.281275882182418613e-01 8.170222519049380461e-01 7.733571226845584734e-01
5.549755020379298909e-01 5.811506910430285222e-01 5.947123038950328233e-01
6.612603503411821348e-01 6.410394457171038063e-01 6.573735832055312978e-01
4.542460369124816655e-01 4.391643316165338429e-01 4.502359357002584939e-01
6.123335136929514144e-01 5.446365852694750043e-01 6.312963889721923127e-01
5.365507334417267682e-01 6.107800418892443961e-01 4.910556838537158408e-01
5.261425185945108884e-01 5.183026044281960898e-01 4.950780340850348682e-01
6.351249110081115257e-01 6.315216495221904758e-01 5.471009211535364791e-01
5.387978846590804061e-01 5.586888211512008873e-01 5.090979138729455622e-01
4.790915445461277344e-01 4.462912707589196670e-01 5.063824283743673105e-01
7.307750257803323768e-01 7.603512672977681408e-01 7.122609805937880623e-01
5.712513047545693112e-01 6.788729806974582726e-01 5.815290320280984693e-01
6.198855620986495341e-01 5.938709890153097692e-01 6.167335391364840991e-01
7.459416045883304758e-01 6.903682581225261128e-01 7.899641644971049370e-01
7.283045913570178609e-01 7.394442384734770668e-01 6.995316167639356042e-01
5.889259194359799388e-01 6.050619192215472841e-01 5.693276585978790383e-01
6.923192563433043789e-01 6.909263550478804694e-01 6.917824890468987631e-01
6.841316035584229516e-01 7.380444995335686542e-01 7.480504835127236296e-01
6.087835760769232385e-01 5.952258092958206959e-01 6.324249713582105192e-01
5.209491146405503814e-01 5.318565102686617641e-01 5.868117531722084612e-01
5.859022540380680599e-01 6.435982975311344001e-01 5.804007161757881450e-01
5.657834335370199863e-01 5.862809098062466973e-01 6.212493823957344619e-01
7.773464372867057159e-01 8.753218328691366734e-01 8.506594381257731596e-01
6.482578657041522252e-01 6.050690336740908171e-01 5.711694061275928158e-01
7.719483043098540609e-01 7.927207816054937517e-01 7.687927452386438265e-01
6.112982800872045486e-01 6.083652884628549806e-01 5.447868973984929530e-01
7.814999153836038603e-01 8.079337511298679830e-01 7.750481198870196042e-01
3.837544101238880012e-01 3.911838672092622926e-01 3.890206191906637190e-01
5.755718562895891788e-01 5.404245558341873590e-01 5.233385192612112213e-01
6.601113505493840794e-01 6.458487105894489266e-01 6.788052935028897616e-01
5.042002936575982197e-01 5.048845779511876852e-01 5.318818492095108708e-01
5.428899175932468957e-01 4.931592983916216477e-01 4.971872839239384612e-01
7.497397818734250485e-01 7.702969886247525988e-01 7.418187852179265462e-01
7.929883465759218764e-01 8.551130663289047140e-01 8.671236937351453067e-01
5.185089824877309184e-01 5.834658348169133868e-01 6.036732692215381890e-01
7.663242149006899151e-01 7.948970845906254690e-01 7.045503795273312386e-01
5.456569065103825666e-01 5.458636848740496816e-01 5.367966672254546046e-01
4.537490750501481096e-01 4.408329560181125095e-01 4.476565678041296015e-01
7.794601633075068925e-01 7.501732566529758506e-01 7.099532142527298362e-01
5.473963750341873657e-01 5.725464404170823585e-01 5.190817457467138407e-01
6.473925244407404689e-01 6.176975632218045797e-01 7.017976975760087388e-01
7.518572971637351721e-01 6.232510798500853211e-01 7.031348696340440352e-01
5.878038045414596402e-01 5.334677578957798261e-01 5.642266086925934454e-01
5.692236669473914601e-01 5.228291828595684754e-01 4.452280604300384859e-01
7.759070226251655322e-01 7.663249091337177576e-01 7.026514646042621992e-01
5.878841789324501521e-01 6.203361704405588872e-01 6.175499121760660293e-01
6.724675126834548378e-01 5.955391195585870712e-01 6.542111656177472812e-01
5.901273780020984683e-01 6.617370738407449826e-01 6.233280123307589626e-01
5.482055079996751568e-01 5.600089397536728297e-01 5.556989231613103097e-01
6.462535514455726160e-01 6.544620187025385061e-01 6.049776214392493801e-01
6.470521928841931336e-01 6.663864825465364294e-01 6.191377346848184748e-01
5.956587715998581389e-01 6.327984721618553632e-01 6.345281179198697386e-01
4.412804983714488372e-01 4.298018511116756812e-01 4.174739042430172797e-01
6.178571395034316849e-01 6.056357715630572569e-01 5.822315932521654469e-01
8.179780470089945688e-01 7.929104118128474932e-01 7.109349613315137928e-01
5.240569842545831358e-01 5.612251452680673269e-01 6.050116753835986794e-01
7.158972604342110913e-01 7.153550017150045459e-01 7.298161638466339474e-01
5.664249926293335458e-01 5.061576819211277556e-01 5.540537257571647167e-01
4.780622405018348231e-01 4.488405303184185846e-01 4.465774603061782311e-01
4.888669469055220707e-01 4.934072319296348708e-01 3.919636702237573878e-01
4.604712153052673562e-01 4.758313049370328507e-01 4.913090172808661782e-01
5.478549539022585790e-01 5.009109982110797610e-01 5.876333622075272656e-01
6.067282932598436762e-01 5.818238652885420192e-01 6.534412397996653965e-01
5.096796514064699801e-01 6.090798514283199960e-01 6.084459095964931397e-01
6.354332453892571619e-01 5.792503028577737911e-01 6.720857375757763874e-01
5.978299833215372505e-01 5.753635846326943248e-01 5.666501242878774214e-01
7.302620840926589141e-01 7.611345767311078481e-01 7.074103559275255471e-01
5.918789474408580054e-01 5.473059438376022268e-01 6.055523029867588836e-01
5.165068237849399502e-01 4.902187379072907025e-01 4.600772252961891629e-01
4.302903853241798471e-01 4.111077144231486402e-01 4.289139912350301009e-01
6.002219896276168587e-01 6.656924857315777988e-01 6.340307902075922319e-01
7.703899660434030405e-01 7.085284686489651262e-01 7.371421939594552386e-01
5.472779698720315888e-01 5.820875519209482984e-01 6.027513224060206953e-01
8.223203269277137295e-01 7.806475578484536326e-01 8.113466014128075665e-01
5.990015960671043471e-01 5.702196482603736349e-01 6.164535512251169136e-01
6.879490272686041852e-01 7.860909665401104585e-01 7.694799676421935075e-01
6.338801090696376539e-01 6.973571090955663632e-01 6.971517386752733580e-01
7.684623622461320691e-01 7.487669042712206124e-01 7.027056227505000807e-01
5.874687207861805094e-01 6.332009843218588951e-01 6.146489351894898201e-01
5.018290387447584822e-01 4.715897585393044045e-01 5.177945780699547695e-01
5.356673734969102929e-01 4.741944361178578315e-01 5.409848720909541386e-01
5.148402465738431966e-01 5.248800035539684661e-01 6.048343378669724935e-01
5.770318764877345741e-01 6.132810523939403735e-01 5.813519152677559809e-01
5.471615356854859780e-01 5.968057643268019907e-01 5.593852753078726314e-01
4.598539673670808958e-01 5.170165598038132249e-01 4.587344864689985036e-01
4.741165551131468203e-01 4.477945729714039591e-01 4.838204916347138562e-01
6.847672506346889065e-01 7.111937685542014664e-01 6.958279484691743955e-01
4.489987448727824071e-01 5.216695053471785970e-01 4.624246453365932763e-01
7.964214386099738308e-01 7.749984101520555058e-01 7.751683058955740613e-01
6.126460407888018045e-01 5.414761390885319825e-01 6.209319226944102210e-01
5.379612224061719461e-01 5.094733857224670315e-01 5.090208079594057411e-01
6.956321962404248271e-01 6.891621948737681747e-01 6.544807686797486923e-01
5.255943759881825939e-01 5.453214713263156987e-01 5.609193383529200716e-01
6.525803170807801257e-01 6.227447988244063648e-01 6.293508728715044853e-01
6.008352590976647756e-01 6.468242843619660398e-01 6.278440138549493676e-01
5.486290723071063358e-01 6.084043200408683072e-01 5.209081904401831054e-01
5.597069756166439536e-01 6.248284654665361426e-01 4.954612743574453582e-01
6.978035735225612823e-01 8.236101201974933561e-01 8.221153128707718860e-01
7.479490366716304850e-01 7.299877381665792475e-01 7.542189473644388409e-01
6.002322515589993968e-01 6.076118290138676770e-01 6.018198209292929812e-01
6.458362376747345257e-01 7.164948692026887889e-01 6.850609828993552419e-01
7.955514669551753126e-01 7.438899861024921289e-01 7.549324565375338247e-01
5.260255467592183098e-01 6.565951969231600405e-01 5.537072743042946721e-01
6.794255336172778659e-01 5.826910718857203353e-01 5.541534692772485116e-01
5.832120021818818500e-01 5.636237719998767881e-01 5.705957744156791023e-01
4.970547123903613085e-01 5.313480502136603834e-01 5.349032528893534755e-01
6.760197314618978659e-01 6.875507838749265188e-01 6.498240413012648098e-01
5.660000671770313296e-01 6.448235200284494484e-01 5.971415782605575817e-01
7.705785130604924094e-01 7.067498596568286828e-01 6.985857044370572533e-01
7.260293478507786613e-01 7.850794702039626261e-01 7.733775616618542292e-01
6.087686993265011282e-01 6.313823501278222894e-01 6.240006097404434682e-01
5.104610284534513154e-01 4.845513888878602016e-01 4.829553880378931741e-01
6.878025212283552792e-01 7.313656427097234847e-01 7.313765203954533112e-01
4.542207919245701553e-01 4.355067227073270986e-01 4.254235710093056677e-01
8.221327962197821915e-01 8.401077064670170458e-01 7.805394622291241813e-01
6.272584718237695922e-01 6.260892390364443116e-01 6.248944368192099752e-01
6.719604830983098021e-01 7.171138908323474448e-01 6.997889908404687498e-01
5.825703401149402438e-01 5.247929724442459420e-01 5.131284956262627261e-01
5.833212774470731832e-01 6.695715976437474071e-01 6.620189579789549361e-01
7.022248951618000889e-01 6.730273606308974088e-01 6.568474129034586051e-01
7.036943374662313344e-01 6.819142083410243416e-01 6.574662029374706007e-01
7.508736207980696298e-01 7.060088030104892942e-01 7.166952875855838734e-01
6.339748888391832926e-01 6.973650908772385248e-01 7.053203931108842362e-01
7.037613904629758110e-01 6.874321542057703072e-01 6.678945706644221492e-01
7.126951869179041221e-01 7.277337023353573908e-01 7.707403406838170268e-01
5.063819791311177099e-01 5.497979368267137401e-01 4.739020898554469063e-01
4.633993392576843395e-01 4.791256881665387213e-01 4.916311635527184642e-01
4.941199243819098252e-01 4.690221984340792738e-01 4.467573861534771540e-01
4.233814863912688797e-01 3.768667516865856215e-01 4.472783787541966816e-01
7.547155077658989075e-01 7.504798979824058858e-01 7.234665191882838631e-01
4.987834663698807458e-01 4.809171168120008888e-01 4.639517583650146770e-01
4.725758494182921154e-01 5.458831523277984932e-01 4.716904532996956667e-01
6.546066454726379158e-01 6.619570082501960995e-01 6.387206158920240018e-01
6.873254355576320362e-01 6.548004111916040371e-01 6.203495044594063978e-01
6.913830373214648883e-01 7.004705905717221182e-01 6.941717152681150527e-01
6.364171160067467747e-01 6.628340621176885827e-01 6.606692776622082874e-01
6.848665595439145104e-01 6.691842481775371887e-01 7.045132023362822293e-01
6.876589044362163561e-01 6.700117045966537122e-01 6.205983374923890183e-01
6.175076477569851896e-01 7.010667093223291735e-01 7.324257017692060723e-01
5.654995702214892228e-01 5.755929686191189054e-01 6.353314587996363727e-01
6.337458387907548563e-01 5.546389088939204237e-01 6.675413685974802558e-01
5.566729085545626399e-01 5.679131802288798214e-01 5.444641347475616122e-01
4.138412031553093118e-01 4.332740768506099793e-01 4.316502998845199723e-01
6.944034542432093726e-01 6.971952857491128253e-01 7.092855163951026221e-01
4.653654907504963245e-01 4.680168299052396286e-01 4.703666553139970175e-01
7.352372166718247337e-01 6.496420060994648749e-01 7.403569569390847649e-01
3.675435390881410247e-01 4.597337236904259217e-01 4.202678592929751100e-01
6.707963374141985291e-01 7.046315804840639352e-01 7.641995026787063994e-01
7.379216238631091107e-01 6.996401257365552073e-01 6.416891054860838217e-01
6.860151713506333904e-01 7.512347919202483348e-01 7.566679262581625931e-01
7.025722889253120940e-01 6.694221694174443682e-01 6.836686476526512291e-01
6.307638665831516445e-01 6.898470613081207903e-01 6.386804745949353768e-01
6.432029842632405181e-01 6.962190106688537217e-01 7.304308933424428218e-01
6.677451783661744189e-01 7.431437044867916786e-01 7.112997661747864075e-01
7.048832159400234554e-01 7.277114528145682826e-01 6.447032358618111081e-01
6.470069839417168511e-01 6.139442673915765925e-01 6.057906028264249398e-01
9.059571261801496744e-01 8.490082245577145192e-01 8.037667415513254365e-01
5.285536639190451247e-01 5.840756560261708419e-01 5.948379087789126274e-01
4.468490574206901433e-01 4.754923277369277335e-01 4.958607725741709382e-01
6.096960524043566476e-01 5.347348174660491171e-01 5.367898624231578486e-01
7.105615173409943752e-01 6.409318348411113808e-01 6.299568125635021110e-01
5.447792729638888387e-01 5.941829658250252777e-01 5.808454133887179793e-01
5.589376599151557601e-01 5.615954978519306362e-01 5.715664874544112983e-01
5.851350749382161487e-01 5.279354074867770308e-01 5.367873323527684315e-01
6.987028262237833243e-01 7.271824434871340115e-01 7.406397316325296076e-01
3.552678692734133614e-01 3.552082916472661944e-01 3.913596990142154675e-01
4.881895451249884665e-01 4.967898200123229691e-01 4.708676042217636026e-01
6.977052638660126149e-01 6.760256265644516427e-01 7.020191755391702593e-01
7.070400942014464230e-01 7.238554833466511740e-01 7.337890095357008091e-01
6.388496302702167950e-01 5.509804902688404393e-01 6.379459166684066096e-01
6.975070470883522056e-01 7.081633544905886479e-01 7.130986021264698049e-01
7.001330015595628176e-01 7.215897702000774183e-01 7.149647810928817515e-01
7.856379651067801895e-01 7.518391504177895923e-01 7.742114218791208424e-01
5.679059619548533222e-01 6.133619092374962278e-01 5.710737690957916612e-01
4.498739078025880134e-01 4.143246477380145842e-01 4.533657644092987660e-01
5.701389075748326540e-01 5.424410747946348810e-01 6.137147837837546582e-01
7.196816712102492852e-01 6.704499331169503362e-01 6.807182120711684492e-01
7.243354073260569459e-01 6.893039595382833840e-01 7.524253298612452179e-01
5.516842907010989228e-01 5.767582462633706886e-01 5.057265613633464829e-01
5.221537585625938283e-01 4.671305643361458038e-01 4.453333789994735614e-01
5.403382692161208256e-01 5.547767068838802551e-01 5.622803902939925713e-01
7.795255999526856661e-01 8.280609106635319350e-01 7.709204008344601178e-01
3.986054599698638512e-01 4.126693294063641382e-01 3.853371495909082567e-01
5.271913432817753042e-01 5.201207219646215574e-01 5.712111925523404299e-01
6.419114131513231625e-01 6.069816430416580255e-01 6.256586884278382277e-01
6.030487397934284344e-01 5.892175173143974209e-01 5.978293223987083405e-01
4.897959724994577768e-01 5.247635121228340083e-01 4.520299701417727078e-01
6.321025153016249787e-01 5.717638685257815379e-01 6.182919376106238429e-01
6.934095536516661218e-01 7.142356453138644090e-01 7.030954627822489922e-01
6.544586079464610462e-01 6.330932352283109577e-01 6.630140305206233542e-01
6.588761633421097441e-01 6.052650986508997244e-01 6.365812672822077634e-01
5.322309470158389511e-01 6.389359151973855733e-01 6.039960256147254292e-01
7.062063113949582638e-01 7.331282203931078767e-01 7.285076712902086582e-01
6.529324081013532233e-01 6.918557473018616122e-01 6.915823019290173734e-01
5.209777363297168895e-01 5.329772109517891820e-01 5.791935290259172531e-01
5.641191061290332653e-01 5.663801180328228435e-01 5.570292829511437338e-01
5.044975091625276686e-01 4.952536066438160689e-01 5.112602094642861861e-01
7.950592346320078940e-01 8.033398843835367620e-01 7.736893053123343744e-01
5.548717864223684515e-01 5.567290727989292476e-01 5.862293048850072408e-01
5.006440907581005684e-01 4.647032176488022359e-01 4.687265617437783582e-01
5.126120463341291567e-01 5.101079408799507053e-01 5.240819474651897680e-01
7.741180521615385057e-01 7.055738980681119932e-01 8.073080046124194720e-01
5.753509149161589731e-01 6.250272433571517627e-01 6.295165356750291874e-01
4.233015468563489092e-01 4.606964905978809810e-01 4.584450539038362193e-01
6.274067758536572281e-01 7.102876542986613639e-01 7.318093399053294812e-01
7.263124712118128601e-01 6.787822097675229038e-01 6.743973062215585790e-01
7.456865190949256705e-01 6.683604849929669633e-01 7.507208499175511696e-01
8.700699722984985840e-01 8.887207410445158162e-01 7.679626606746967621e-01
6.273975022556986803e-01 6.077696854208791688e-01 6.034468414679183823e-01
4.656627187042334248e-01 5.257831912618076142e-01 4.733427043204179174e-01
4.279323668479013132e-01 3.996975562351708922e-01 4.496305877289149544e-01
7.274638116840326241e-01 7.462507704209661030e-01 7.019622909705216518e-01
6.769821381568134067e-01 6.549818434987978444e-01 6.794188463299229985e-01
6.070354141016839344e-01 5.796173511230975350e-01 5.096702296228015072e-01
6.217907366554953352e-01 6.705913115084866094e-01 6.070710676429028618e-01
5.753768162982230150e-01 6.224116044154653915e-01 5.664596786519576765e-01
5.452155951696305847e-01 4.856693980703581381e-01 5.732896196210276463e-01
6.147194030014739852e-01 6.043968516800438673e-01 5.830509666574634764e-01
5.333072224781807424e-01 4.788505990256219369e-01 4.613012993991534860e-01
6.756975513470855343e-01 6.677278218323497994e-01 6.546643268635863322e-01
4.438895654229609300e-01 4.811569331980790065e-01 4.681565603387116137e-01
5.137536358538119519e-01 4.436410665796886588e-01 4.855143974722488931e-01
7.020362886321128704e-01 6.519028633710723941e-01 6.149400921148293619e-01
4.816469337784778371e-01 4.569040589722277446e-01 5.294404914912128612e-01
7.269444135631645265e-01 6.909284057768799725e-01 6.912296666518036314e-01
4.301840946229621432e-01 4.529063647013666372e-01 4.326693908617119111e-01
6.138430982873319675e-01 6.435691536550814940e-01 6.257107843072875486e-01
7.038928788591102270e-01 6.570939055273713469e-01 6.518792664306449769e-01
7.237457056600482552e-01 7.245847553501103544e-01 7.792903252132376002e-01
5.862608706407667070e-01 6.178114216154533267e-01 5.590284571909881484e-01
5.243683265082511591e-01 5.349964604468405716e-01 5.387234823901028147e-01
5.037012442088988351e-01 5.006572673983976651e-01 4.900761177135282698e-01
6.010746249290511711e-01 6.108900024065039291e-01 5.597976521772304315e-01
8.188468291200634575e-01 7.618229580244179067e-01 8.196119720471281012e-01
6.781523267793595489e-01 6.757524165406521011e-01 6.588525639266621381e-01
5.610428391664507020e-01 6.631319442052768798e-01 5.808487737236593951e-01
6.258873488600371626e-01 6.573108539708606424e-01 6.208725806193584607e-01
6.812702797857315140e-01 6.720430561278748494e-01 6.483102717226988387e-01
5.992733985861750101e-01 5.664970237690054589e-01 5.810292761622052327e-01
5.610206717322233638e-01 5.464563367001571415e-01 5.457376339254368380e-01
4.393405351651717416e-01 4.727892402760595081e-01 4.883445547221775818e-01
6.209995064605762227e-01 5.929589787264634149e-01 5.706825524317075127e-01
7.519672024693315748e-01 8.117082926174501445e-01 7.848741387563137328e-01
6.403711969739032117e-01 7.032839960995995732e-01 6.323504499547386581e-01
6.595986235981055046e-01 5.981559222460195446e-01 6.498374350419995338e-01
4.467660898018532833e-01 4.515875480668616881e-01 4.801017055588518434e-01
5.954927328107256779e-01 6.854458623485464308e-01 6.193504971693846173e-01
7.145804087807392513e-01 6.684436668866194919e-01 7.139787488031739127e-01
5.783055847768437951e-01 6.209200454778928124e-01 6.014144828305715285e-01
8.008439981987719447e-01 7.672957155359579895e-01 7.929924058861689273e-01
6.232717345519889207e-01 6.435898334169146695e-01 6.624327010664685655e-01
5.641957914085724557e-01 6.195196430118937725e-01 5.629701481318255540e-01
8.216754818199022425e-01 7.880135286728672250e-01 8.328030998959161657e-01
6.172216599193218745e-01 6.201086208194179772e-01 5.723868975941815984e-01
4.375475995965848464e-01 4.997191056255183006e-01 3.672512559974704383e-01
6.038946457491051190e-01 5.566662615960507043e-01 6.866385960045123804e-01
8.222733805891395686e-01 8.309186089692643939e-01 8.272711915999948484e-01
7.033071063420479607e-01 7.239321904821043319e-01 6.479294773271048191e-01
6.640851607049755856e-01 6.887140511708074175e-01 6.558781708894531048e-01
7.235340010453791271e-01 7.329778063048161263e-01 8.001106369421999709e-01
6.335271767028447520e-01 6.667958490395005100e-01 6.026901107004587477e-01
5.961333308703610223e-01 6.044757050204295767e-01 5.811835550704282927e-01
7.176768649389211330e-01 7.217462260504026172e-01 7.046724780439397318e-01
4.184544047275919887e-01 3.994162227892483208e-01 4.342534455936186699e-01
8.146597033518949704e-01 7.853760015869835076e-01 8.851495856140298990e-01
8.482107899094968317e-01 8.027574969354603907e-01 7.845017018432014488e-01
5.951994640553660565e-01 6.042886599519432522e-01 5.863187706289094692e-01
5.618658465669335023e-01 5.449825107669118429e-01 6.056623752381397052e-01
5.374665235346848258e-01 6.107054083120336818e-01 5.303183048388794285e-01
7.462108591928447998e-01 7.938355216406048909e-01 8.101044262284187170e-01
7.495270381679097760e-01 7.361503619224442074e-01 6.987383553304794548e-01
6.379995949651909859e-01 7.099239620922794813e-01 6.383908929971856550e-01
6.173375295208551883e-01 6.186362095836036579e-01 6.260798177067631309e-01
7.224382138206535409e-01 7.224379854159014291e-01 6.821539879339136858e-01
9.789587546892347669e-01 9.694276139343077636e-01 8.928421886173023569e-01
6.133303202638622498e-01 5.579967542659457491e-01 5.847474100368916794e-01
7.530368383859721293e-01 7.656070494669421356e-01 6.666364151778860769e-01
5.407515536251875643e-01 5.264429282692326684e-01 5.023437107901297383e-01
6.006664075053882446e-01 5.904875742153843365e-01 6.392384474699389640e-01
2.635587531251643578e-01 2.144708552030464843e-01 3.166353017875729314e-01
5.872756623534517439e-01 5.212512799745577796e-01 5.582235068209138174e-01
6.506553548736775383e-01 6.772687600673057418e-01 6.195894259667978909e-01
3.270052328937717578e-01 2.363313643860115165e-01 3.712259940876033171e-01
7.352706653248965996e-01 7.024073264973416109e-01 6.949308420494170191e-01
7.742273793996495845e-01 7.557745205927118848e-01 8.468827367685648477e-01
5.800668212824918735e-01 5.588687632630978674e-01 6.021204353334183024e-01
6.727079951154263382e-01 6.337603740697809185e-01 6.215920564654037195e-01
5.860257652982172605e-01 6.183943211409913543e-01 6.020030189858487368e-01
6.664692825495692752e-01 7.213741994015059333e-01 7.536576016420427626e-01
7.347822840004833989e-01 6.447022855354336279e-01 6.774866229541781637e-01
5.506934771078716429e-01 5.609969349553884932e-01 5.793014399223487265e-01
5.234205665895613757e-01 4.550853718065979159e-01 5.103527317360819771e-01
5.793044026117819545e-01 5.547611493889103018e-01 6.016381249896144423e-01
4.542052234137321509e-01 5.042700006598230811e-01 4.229885709786578851e-01
5.951543256550487770e-01 5.428359330576387753e-01 5.996624640526618810e-01
6.276607804926683798e-01 7.030277936651735393e-01 7.574709226049782806e-01
6.877126590741239331e-01 7.406003355526394882e-01 7.638503897345396698e-01
6.338101803951664559e-01 6.419034058662258513e-01 6.615326644316821270e-01
5.968471791818245054e-01 5.842359857260327471e-01 6.463732620179578614e-01
4.415803225131599286e-01 4.072802849321728869e-01 3.761674193188384030e-01
6.667495221634753833e-01 7.695403642681816203e-01 6.406371442492376778e-01
5.748733602474428439e-01 6.107233240639454719e-01 5.876956519292120262e-01
5.005705044134478587e-01 5.562150487872755678e-01 5.556235840121406255e-01
5.885384117915635205e-01 5.836511013978733509e-01 5.451637894702604514e-01
7.928545225270048347e-01 8.074450402484439904e-01 7.251198673591313648e-01
5.888451248770274482e-01 6.390763008116566724e-01 5.859277217205537402e-01
4.866054719035672882e-01 5.401443601695761210e-01 5.234995678313559830e-01
6.261553969592271729e-01 5.814782186044203938e-01 6.029716419542647809e-01
8.295075453639165763e-01 8.159076025887636030e-01 8.044070431948772137e-01
3.940056887710585154e-01 4.907903681542299945e-01 4.384600450851274811e-01
5.088418095691904508e-01 5.142020639175182151e-01 5.335090992274211796e-01
6.737247208517167518e-01 5.897841489801225467e-01 6.033822325106679152e-01
4.394493556238088239e-01 4.606087008521005388e-01 4.406853521820112696e-01
7.771381314643832638e-01 6.654747857129833521e-01 7.178965124700438238e-01
6.064969047212912523e-01 6.556738371727723891e-01 6.728210873636211176e-01
3.466274538151050688e-01 3.515515249611804727e-01 3.544488027390941265e-01
5.215979516766022783e-01 4.779480926883460379e-01 5.089055254267379480e-01
3.232747772900818051e-01 3.288290514229587069e-01 3.261861370599060117e-01
5.996933683779083202e-01 6.675773010804060270e-01 6.450892172916411482e-01
5.912490230591591622e-01 5.929690571454216963e-01 5.655210002138032488e-01
4.167038788161255281e-01 4.638037512360794756e-01 4.653334835742255482e-01
5.062168480155257999e-01 4.988535872748957045e-01 4.833130165118990629e-01
6.292884844609528683e-01 6.860456123836745634e-01 6.309209079875640613e-01
5.710279297446989588e-01 5.993424941633406222e-01 6.353506729867152147e-01
4.972812596577144140e-01 5.110238876592477775e-01 4.434271991227674570e-01
4.631352922883303358e-01 4.902560184193814341e-01 4.399565732952122610e-01
5.908615110517808633e-01 6.038611682493556509e-01 5.760385402584605741e-01
6.996817926708490676e-01 6.132202791826958377e-01 6.048907927323130540e-01
8.461714816005670992e-01 7.601487796034136490e-01 7.039142281510598620e-01
7.054331017462740494e-01 6.761777890130338253e-01 6.540401236368419413e-01
5.956706432724088174e-01 6.454496142357808441e-01 6.243665651999766864e-01
6.811704989213543948e-01 7.077617364879912332e-01 7.181953383590059525e-01
6.578641330205302618e-01 6.949981052792055802e-01 6.786288687215179527e-01
6.698433469567168785e-01 5.868001268855442820e-01 6.698132915336885151e-01
4.505668628191599745e-01 4.630233043258635828e-01 4.280235056959956763e-01
7.657041057407357743e-01 7.206490068837365648e-01 7.856478782398260696e-01
4.146162642537042919e-01 3.982334844114893690e-01 4.594114537368436113e-01
4.089570808671659785e-01 4.321343041616557690e-01 4.070590918907435740e-01
6.372112323558123403e-01 6.168949837767966349e-01 6.311423293661624356e-01
3.572377959946587689e-01 3.739876550023116808e-01 2.969985510262496686e-01
7.700188753465397884e-01 7.446250513512884250e-01 8.122370052239610283e-01
7.260284311700954119e-01 6.744220190716030405e-01 6.420436476080718657e-01
6.309067656628364329e-01 6.074246952089941143e-01 5.860801776978158406e-01
6.283260843070496149e-01 5.651378905765132021e-01 6.195456370882207464e-01
7.747452229696504267e-01 7.657757125788955399e-01 7.067908630859679464e-01
4.771990678607624381e-01 4.852890729131905667e-01 4.981152791114560885e-01
5.112299201119637759e-01 4.581652038065218702e-01 5.458113486887135046e-01
5.606577999250291766e-01 6.132825325670641092e-01 6.290404064573931198e-01
6.056901529852776189e-01 5.633439005795649601e-01 5.170797642524980198e-01
4.849191686656581513e-01 4.580573786896119937e-01 4.805153392869787599e-01
4.885305552728045342e-01 5.984474521102345346e-01 4.982637193145099119e-01
7.269981732970813848e-01 7.238564384748513714e-01 7.326946980640605123e-01
5.259099488266267830e-01 5.884443819079631099e-01 6.313026310831967303e-01
7.478820595389785719e-01 7.470995155347049943e-01 7.554405358924475289e-01
7.448155345021104656e-01 6.945079317473705771e-01 6.952228300275987705e-01
5.306040650247050294e-01 5.562259103799707116e-01 5.292051637561617783e-01
7.542296941662313126e-01 7.354012518496213513e-01 7.510909335523531238e-01
4.670310890815986271e-01 5.178805219089807066e-01 5.096150311801536104e-01
4.185148363554919704e-01 3.902095349235343291e-01 4.439213652407112964e-01
6.340284052277481708e-01 7.125780331567336257e-01 6.846169736925779015e-01
4.741921739117588852e-01 4.584057639178583665e-01 5.241324421401326594e-01
5.926811531318814108e-01 6.367586272228595856e-01 5.726828833657373607e-01
6.390807870841836991e-01 6.780319300615677003e-01 6.468563265496202197e-01
6.618247808991307712e-01 6.676823324497397349e-01 6.355465563260009887e-01
5.359568601985686964e-01 5.271246558575767294e-01 5.545571331233166701e-01
5.757361575875824533e-01 5.442043886598807445e-01 5.399022523015233332e-01
6.356307453178025035e-01 6.648227783342280928e-01 6.364472828463372256e-01
4.506311891313606321e-01 4.675293796361028598e-01 4.564291433904438811e-01
4.804239603049393348e-01 4.556019926481419402e-01 4.681505567082093755e-01
8.185337762865029232e-01 7.913747020962195178e-01 8.257239036921496522e-01
6.017229083581483451e-01 6.558396452716683811e-01 6.361306628138752028e-01
5.750105446435601619e-01 6.196922631863143183e-01 5.565031727949164564e-01
6.556604082955378443e-01 6.743293881535782353e-01 6.473298583134252659e-01
6.993830708385460060e-01 6.363892811391262949e-01 6.831552883985759772e-01
7.156770131242373711e-01 7.285852001655961363e-01 6.811798839400956540e-01
4.302631871208162373e-01 4.366075785934996900e-01 5.157581295006437028e-01
6.289792546205130730e-01 5.810714565083650029e-01 6.350297678169554150e-01
4.666856912496692988e-01 4.835174376482335168e-01 4.763395499897969954e-01
7.003623265605420922e-01 6.643518859944673727e-01 6.781407608500522599e-01
6.438513718540477271e-01 5.078729684157242685e-01 6.534783007191071746e-01
4.949910793920385688e-01 5.221056530787537842e-01 5.405750231856831789e-01
5.846437661339135561e-01 5.757189353487298655e-01 6.272443054288725506e-01
5.658103117426724893e-01 6.076352608440089842e-01 5.339102089057475853e-01
5.144145981074210727e-01 5.168738696610398753e-01 5.143816801773563041e-01
6.933558769491107165e-01 6.887511260384953093e-01 7.140512492260577826e-01
6.345619912890247960e-01 7.366464147924695061e-01 7.050126126242816094e-01
4.148603966656497777e-01 4.553572085618766141e-01 4.370705608977515366e-01
6.853028107858030182e-01 6.971840715937250854e-01 6.449457848359408940e-01
6.320319646434205962e-01 6.895161627813164440e-01 6.592859721176969057e-01
6.539947815288081889e-01 6.844789726299127519e-01 6.668472956336354285e-01
7.450922845602404587e-01 7.886856831448734173e-01 7.386506530757757094e-01
5.363368626904491121e-01 5.948090847320604002e-01 4.975824176076947825e-01
4.294166177532685591e-01 4.483548961464082772e-01 4.041591813605423522e-01
3.770291553900702031e-01 4.150257403582220395e-01 3.570859546141612051e-01
6.023394734452079957e-01 6.290778072769188656e-01 6.541501526683536349e-01
6.853450938439065165e-01 6.986793705134040078e-01 6.901684807724056681e-01
6.196367107680835762e-01 5.962544770961444307e-01 6.182204472568774145e-01
5.101993255629203583e-01 5.563899592520533677e-01 5.265737506328330708e-01
6.527095507366224014e-01 6.050239075000982680e-01 6.241678680495118536e-01
6.127527590273283975e-01 5.525764354068536388e-01 5.708550721092519042e-01
4.898743220823924549e-01 4.530563726910474820e-01 5.099829681103873469e-01
6.918309868645799998e-01 6.276317792322668732e-01 6.778042595975247719e-01
6.615927054392338746e-01 7.975342205279409846e-01 7.250879352225166885e-01
7.298726856799655494e-01 6.673098398513596097e-01 7.219289908066980344e-01
5.780765984162162807e-01 5.607683948994862666e-01 5.163191682967747109e-01
7.137111668962388134e-01 7.034905052190900676e-01 6.799205513018795610e-01
7.155714979222754790e-01 6.761610106669965203e-01 6.348439153484500830e-01
7.361640721557568545e-01 6.573029671571550825e-01 7.214057045927906309e-01
4.119842760592176689e-01 4.626906018494117423e-01 4.196646467071444286e-01
6.273838576331484118e-01 5.988951750557023335e-01 6.490703954776277929e-01
4.608819783463188324e-01 4.357770415885276472e-01 4.649085411005779989e-01
6.487888031861478444e-01 6.317773836110236463e-01 6.095414349931024267e-01
5.105568156352691123e-01 5.242770185978197217e-01 5.944848012407104587e-01
5.264056807216217493e-01 5.270406386386565778e-01 5.051741471250255078e-01
6.134281284110421062e-01 5.847971414317473249e-01 5.857743684343182933e-01
6.325501127855058803e-01 6.863214587098931396e-01 6.646880445020469930e-01
4.242495946387421779e-01 4.462068264143693730e-01 4.504564389924111123e-01
4.765769899249145958e-01 5.439104201893637525e-01 5.968300364486209819e-01
4.050425093174075952e-01 4.357875260959664376e-01 4.663637086436678847e-01
5.598515336884164473e-01 5.098473773893299477e-01 5.420247355945564394e-01
6.508358044051307800e-01 6.135150767421567730e-01 5.559682956005992382e-01
7.155393330067262303e-01 7.041959723841614283e-01 6.908236204410764802e-01
5.888967203179145127e-01 5.775331820755505996e-01 6.320888234452962662e-01
5.122218210397844196e-01 5.004237852409778586e-01 5.605947253292643540e-01
5.642770439763150625e-01 5.346906517263743108e-01 6.449034461422923359e-01
6.285126381723618039e-01 5.520618421506785500e-01 6.381458404755595559e-01
6.856435633350167480e-01 5.678826451835864431e-01 6.045360373757031613e-01
7.239216872599978370e-01 7.807468157751545901e-01 7.257509208666942380e-01
7.236248832396535713e-01 7.678492130164354945e-01 6.930301115598604955e-01
7.162317511779424661e-01 7.404658810135074098e-01 7.027921418450998603e-01
4.446856724926755433e-01 4.177401123510401382e-01 5.224821415398699376e-01
5.374033816320946677e-01 5.917076590395093927e-01 5.369819212558071264e-01
4.869124279644606590e-01 4.950163685331432362e-01 4.718508739815787667e-01
5.162005821758922641e-01 4.960175289188865633e-01 5.249264721772793907e-01
5.620862974580068672e-01 4.993491325530579616e-01 6.057415027598533896e-01
4.818169819157914202e-01 5.153739764608599172e-01 4.331181289275618518e-01
5.614884462869476067e-01 5.685871494879397581e-01 5.641252858871345088e-01
6.339690787576887088e-01 6.758921489844551544e-01 6.188889139417356189e-01
6.194560787910383670e-01 6.264082891101524497e-01 6.270914284521413862e-01
5.962159412941754333e-01 5.296100690971838887e-01 5.820681764429864735e-01
4.687851020311675221e-01 4.854771273035550228e-01 4.908024169532754222e-01
5.035446384313192469e-01 5.328838410406746551e-01 5.057394358368614284e-01
6.289875579973396302e-01 6.120656465147250591e-01 6.268763239972282575e-01
7.308787474755016333e-01 7.880891491039636598e-01 7.620130215620682934e-01
5.323332142286999469e-01 5.419130263771532174e-01 5.129027485119350693e-01
8.845194112453608204e-01 8.355283029128945937e-01 8.329876629137208388e-01
5.622447102150536224e-01 6.146619779034837583e-01 6.295936160894759492e-01
5.850571471825420922e-01 6.170551775218738877e-01 5.653291589103668358e-01
5.310991667479418865e-01 5.547204380062874529e-01 4.569632755159151460e-01
6.076672441487446230e-01 4.760311708552805166e-01 5.485423416962860177e-01
4.604176916333024283e-01 4.596994613169962385e-01 4.374835636041506381e-01
5.995156075532493967e-01 6.349881485221124944e-01 6.189739749214967501e-01
6.637693785497087440e-01 6.882071579579711607e-01 7.087063417693407752e-01
3.292501176153371789e-01 3.301103093938652089e-01 3.360681706196297913e-01
6.829955294474601146e-01 7.255746067287546230e-01 6.947044359674551250e-01
7.066297007181163714e-01 7.118670311676004170e-01 7.457233312806633707e-01
5.045419123264088812e-01 4.993601360160861979e-01 4.645956517343510783e-01
5.923693055120092810e-01 6.653142855727578464e-01 6.512467994015251893e-01
6.864680178890130158e-01 6.644552804285230874e-01 6.587948632069584587e-01
5.210181153877907478e-01 4.634740872267855138e-01 5.469677019445274846e-01
6.923167453885717970e-01 6.796234027241893072e-01 6.542913515004925573e-01
5.913664789571267955e-01 5.661653366363460504e-01 5.728342499786847064e-01
8.543448949058370934e-01 8.282949981181777499e-01 8.274252809755028304e-01
6.929965667725603851e-01 6.806401297859562272e-01 7.410622066004989295e-01
7.217411644925955105e-01 7.191851839764136223e-01 7.738039676274166556e-01
7.662258074525617468e-01 7.878284708979714779e-01 8.282493148266532046e-01
6.023417033919148400e-01 5.919587047951566650e-01 6.530881176428136037e-01
7.392251873864401635e-01 7.635068703842302629e-01 6.888799768763793629e-01
5.963118918758141263e-01 5.843825306302931066e-01 5.230261799117180699e-01
4.350703933764856202e-01 4.599227196536518347e-01 4.283055688916276305e-01
6.367317088619978138e-01 6.592788073460924547e-01 6.204816359190651331e-01
6.887198543438947107e-01 7.004072139010826259e-01 6.936373442827808988e-01
5.940642247820934196e-01 6.283303220728085892e-01 6.638449878831712558e-01
5.638229383582382681e-01 6.047814431124848289e-01 6.301478395182457115e-01
5.597831398157298022e-01 5.359670680936383658e-01 5.827231138097721530e-01
7.697137879489259760e-01 8.115478221512266721e-01 7.172051825717024043e-01
6.646171501105503365e-01 7.006221983732757730e-01 5.987817693457493373e-01
6.866146203332024189e-01 6.638347822830988898e-01 6.724292181767500542e-01
5.830308960648615813e-01 5.817786885298644739e-01 5.700227959925524557e-01
3.302728777748623057e-01 3.787278291088249649e-01 3.633531447948216697e-01
4.674072387212164226e-01 4.884547421217764196e-01 5.399337612617240989e-01
7.739835698899489858e-01 7.553601260591583655e-01 7.504110406504680419e-01
6.494358241361156692e-01 7.020718090679874956e-01 7.250467054049262172e-01
7.376164189128874282e-01 7.157550694204095620e-01 7.286447692895962058e-01
5.391737918747659952e-01 5.465216729343922442e-01 6.156768780277976916e-01
5.286293673985116293e-01 5.452889187313966213e-01 5.333353350870569942e-01
4.963763969101739337e-01 4.690811706377913115e-01 4.792402215258242393e-01
6.115897547296359482e-01 6.848431094793440144e-01 6.601567353453255960e-01
5.758365309075964555e-01 5.491280730723350212e-01 5.679580342267179782e-01
5.787556109538842808e-01 5.851641627312724747e-01 5.987966540931929371e-01
6.153845313502950276e-01 6.477473257482161406e-01 6.609790219834537073e-01
6.599800359308649611e-01 6.545623693399990062e-01 5.957464228918899485e-01
5.104114557828107746e-01 5.437050286640982000e-01 5.304538190852986501e-01
5.095985973811517633e-01 5.329393626667136008e-01 5.287412005857884401e-01
5.539068708522253415e-01 4.681952329165946503e-01 4.566453089981038493e-01
5.883308021651760811e-01 5.800149721658356405e-01 5.380634184413100041e-01
5.631143197770659414e-01 5.827499040972411448e-01 5.922137773552695883e-01
8.244932952705602558e-01 8.718376854134206599e-01 8.414582300340833765e-01
6.889678404190766603e-01 6.971800515049645375e-01 6.467578346605090678e-01
6.990182209781777845e-01 6.718355304883358858e-01 7.005063985637575152e-01
3.278884744731959677e-01 3.098801498132990884e-01 3.670030363765734993e-01
3.751333970845095456e-01 3.930023472626734127e-01 3.752872093064972270e-01
5.571219542269137959e-01 5.800850988227272964e-01 5.847790175800672285e-01
5.476772168344955505e-01 5.665721155558171018e-01 5.828363869344513892e-01
5.808448374332839670e-01 5.305014532191549836e-01 5.177499604762030305e-01
7.091966045453798051e-01 6.977340841171872921e-01 7.032604455401245680e-01
7.297233346955472877e-01 7.337905966345813491e-01 7.401206797725498054e-01
6.964673895487819566e-01 5.771688102037956236e-01 6.726991054384665603e-01
5.746315756367944561e-01 5.545798869270247566e-01 6.088100904043264316e-01
7.366452238855426549e-01 7.010107140854306973e-01 7.255900849318048795e-01
5.071232847884972195e-01 5.346144508237763437e-01 4.990301100419789471e-01
5.486005003784528711e-01 5.482792518675441151e-01 6.166936050901029587e-01
6.195266933095893158e-01 5.827933054817117098e-01 6.095648713801363749e-01
6.567060532802406758e-01 5.925867229277561599e-01 6.553694595989606464e-01
5.943653553870085204e-01 6.089411933989987702e-01 5.540976717242350746e-01
5.409137561820090978e-01 4.454703547094155391e-01 5.076879242208526266e-01
6.445796286751960258e-01 6.585510628123453225e-01 6.207102244774859168e-01
7.464609132981449013e-01 7.735501636458274044e-01 8.218228721805500570e-01
5.452611448896192980e-01 5.688541245066950358e-01 5.777812119526601897e-01
2.464972687818361985e-01 2.211377286236664019e-01 2.798563028055690016e-01
6.139434345209380250e-01 6.335540731800577419e-01 5.996290063739135867e-01
7.287684851936224728e-01 6.712454573280335346e-01 6.647006293029693591e-01
6.669518460060578358e-01 6.801859377520981242e-01 6.598045642396115351e-01
5.897103220206896257e-01 6.312930952262387763e-01 6.243711387044880157e-01
6.834247900252163888e-01 7.077815989875740899e-01 7.189127864360340681e-01
4.978772727386084340e-01 5.338456385960016481e-01 4.789359071130028234e-01
4.941429910163134820e-01 4.889209048224218979e-01 4.670025243059994224e-01
4.399802558300846544e-01 4.826986775253448436e-01 4.769765003107312440e-01
7.300616502480676839e-01 8.038350809006261644e-01 6.822296452600351557e-01
6.335435989122580880e-01 6.658021330871255472e-01 7.075555991444110182e-01
3.969863429374424491e-01 4.592578070573513083e-01 3.781943489059274577e-01
5.519890431251233132e-01 5.773300047968912274e-01 5.723456030665636796e-01
5.567562327508414066e-01 5.856994471246230738e-01 5.346934872912826320e-01
6.518993431447334119e-01 6.999783118888129874e-01 6.843827840037524091e-01
7.366667235866463104e-01 7.476686905252392101e-01 6.587213352410296041e-01
6.693874506603066932e-01 6.252847903803354646e-01 6.465982400097067817e-01
6.009711543474354212e-01 5.467608871121373282e-01 5.922446612366250029e-01
4.924934329980583114e-01 3.743950507757746737e-01 4.550740552276855699e-01
5.076030238117481552e-01 4.984210486610232693e-01 4.773626215815874874e-01
5.807073140707039727e-01 6.041553399729144846e-01 6.879239594468213870e-01
4.213449246204116760e-01 4.308775606910658085e-01 4.431393569537224741e-01
7.070742993457090897e-01 6.921003743727753843e-01 7.113358185184164295e-01
7.145574169745466664e-01 7.452378410722353408e-01 7.376540667055394573e-01
6.437632227910702332e-01 6.893254905454484494e-01 6.205557285557491420e-01
6.104295030426172275e-01 5.832586824037786499e-01 6.768170728652439516e-01
7.120322392735685124e-01 6.398483768666572979e-01 6.596145559869316388e-01
5.245763316441633961e-01 5.859827903564641671e-01 5.665228148170722289e-01
4.989499821256303536e-01 4.809403788584313832e-01 4.559678297318663365e-01
4.156676284871606009e-01 4.575794571354496743e-01 4.014857019679735628e-01
6.012225512215959577e-01 5.962065747443037189e-01 6.439940353014119712e-01
4.489587873947335495e-01 4.449758180397310747e-01 4.460664491609692694e-01
3.038077174834805660e-01 3.068622059043591421e-01 3.437979538598065488e-01
6.406090213600353911e-01 6.214243851880529856e-01 6.780777325678291056e-01
6.106009418482315487e-01 6.262778099784704899e-01 6.009777289286140078e-01
6.310908465934426115e-01 6.668012813394262883e-01 6.141046069342744884e-01
6.672030512651416778e-01 6.308666088897573188e-01 6.257039500105542329e-01
7.692467086703759227e-01 7.251711386749734034e-01 7.510595684751665280e-01
5.618590736791544415e-01 5.222192192234804686e-01 5.231968379140312653e-01
3.902286949279809014e-01 4.080802976671987770e-01 4.111258980257609941e-01
8.283266574082549516e-01 7.867709591553445625e-01 7.683417833063626023e-01
7.457105862104409510e-01 7.512789507556405511e-01 6.759924817041729206e-01
6.103280752914300722e-01 6.220593841630170928e-01 6.158812169562911665e-01
6.185300094450975061e-01 5.028794160148725156e-01 5.512113236515516768e-01
7.019862600534371166e-01 7.082083194462225340e-01 7.279158082755633474e-01
6.587883465797532700e-01 6.943513281544173577e-01 7.163456229257877395e-01
7.035558174727996050e-01 7.708436326942970096e-01 7.013736566948461926e-01
5.233290008463031828e-01 5.562892566829458207e-01 5.307677908728468674e-01
6.569589173876481114e-01 6.127575009629305791e-01 5.831015505108456676e-01
6.209084299150047226e-01 6.276360709800946625e-01 5.755095965591628948e-01
4.060364637882882821e-01 3.738025316456338176e-01 4.501448478537289910e-01
3.774635874923808476e-01 4.081304700334599800e-01 4.242397072097991995e-01
5.907320555576273113e-01 6.178959974317828063e-01 5.817792358110679407e-01
5.718813674595337737e-01 5.764276109392513225e-01 5.034422867945205216e-01
6.783892522090787525e-01 7.104853048405737059e-01 6.587878387288313986e-01
4.595012939546587183e-01 3.847582593160351339e-01 4.147356822623750605e-01
8.208000811328106661e-01 7.619680802710865342e-01 8.176651722702659164e-01
5.658685445515165835e-01 5.449411539137614113e-01 5.663584175730437265e-01
7.450204452757150930e-01 7.745360668922980363e-01 6.626700940053797950e-01
6.328914230002630203e-01 5.729890498427386847e-01 5.763700614136104683e-01
6.370354263370808789e-01 6.117645548780700215e-01 5.663481087174271345e-01
7.379319634312068166e-01 7.988801725354931493e-01 7.874231383053524880e-01
3.687242758257811004e-01 4.472500497722607382e-01 4.462056110139900889e-01
5.551981075873099192e-01 5.069019592609796954e-01 4.469741764052564403e-01
6.234327866646921512e-01 6.893171300816078872e-01 7.000070342623627706e-01
6.769201225067478234e-01 6.250906715115485124e-01 6.757545900060069055e-01
7.433568961038119483e-01 7.736407035466459359e-01 7.211809056965383657e-01
6.059159055010393535e-01 5.566213976694176502e-01 6.562279854530125300e-01
6.051927230094941157e-01 5.644018277843600995e-01 6.413468147105929607e-01
6.389940991902484102e-01 6.456199989222470847e-01 6.243395032007799106e-01
4.654710946364054580e-01 4.682421448173926248e-01 4.529620262838300881e-01
6.350635631922857405e-01 6.653190261370200975e-01 6.504971342804564127e-01
4.281765353959338660e-01 3.975224971130021379e-01 4.153638921767696113e-01
6.009631092172024180e-01 6.100030910164153664e-01 5.678739264896717209e-01
4.484355727314524032e-01 4.703154915930119473e-01 4.869907411182701207e-01
5.827851163788018152e-01 7.058252343725670563e-01 6.291199334573687185e-01
5.305302469037967983e-01 6.158667352212655599e-01 6.040700582185131173e-01
8.630162880995710939e-01 8.358038954244330077e-01 7.976618263343392412e-01
4.752968560385740227e-01 4.504579039738386137e-01 4.213966492649529050e-01
2.914010997820000171e-01 2.845960145793328122e-01 3.409875833246139853e-01
7.134491436139652754e-01 7.088950426993948506e-01 7.532789820218713794e-01
5.257844653721168715e-01 5.641953772630909913e-01 5.333513746222667828e-01
5.993997243796548302e-01 5.068470349578030332e-01 5.202690102586511323e-01
4.504535638404421616e-01 4.718413116884092595e-01 4.825632000267572885e-01
5.051843855550411932e-01 5.725932717893510437e-01 5.613343783281491417e-01
5.743007384029549245e-01 6.033247722958822168e-01 6.073565567590454295e-01
6.383109934894497517e-01 6.139472504508691753e-01 6.321449511656956899e-01
4.175871357740652545e-01 4.567504803626329934e-01 5.310050635838116095e-01
5.112992653387491426e-01 5.170490042297462008e-01 5.010697581327999695e-01
7.019840143226887541e-01 6.929334873343809820e-01 7.420885056900500265e-01
6.347571943170632336e-01 6.265162662739205413e-01 6.381111175198961316e-01
5.087046645609288875e-01 5.317250639865606088e-01 5.507155670275792891e-01
4.437743860417439623e-01 4.002360586936748454e-01 3.785693894954198502e-01
6.274008371493576819e-01 5.360438699618508274e-01 5.396760837698022506e-01
6.090558244386430342e-01 4.864255688719748005e-01 5.457770834211532751e-01
6.538433461658028634e-01 6.534250572275371871e-01 5.741589533035990067e-01
6.750948410873186534e-01 6.991497471972977218e-01 6.982673768282001703e-01
5.344914661834132552e-01 5.597688073849523827e-01 4.550886539764735783e-01
6.703890244348101879e-01 6.406745001645677284e-01 6.230343044150106202e-01
6.116802494097944853e-01 6.500541439659853760e-01 6.483810461442108819e-01
3.391359016181478836e-01 3.295440339975106991e-01 2.639825459534814733e-01
4.889470367742855816e-01 4.783903212384700288e-01 5.271219972436149703e-01
4.479622076009282527e-01 4.365532963019518875e-01 4.339829760760319233e-01
4.501884272370846873e-01 5.423386140309839343e-01 5.255500724058238537e-01
5.841186208303518201e-01 6.041200923520712029e-01 5.582810134168730842e-01
5.783776266929580023e-01 5.852303579692159641e-01 5.542220996570109692e-01
6.131255375583704037e-01 6.795112833778695904e-01 7.713147517196081715e-01
6.131156980303549275e-01 5.908666114951296455e-01 5.543521254025846057e-01
4.693220972390133028e-01 4.522365125216191717e-01 4.721919175088311049e-01
6.309000357809024795e-01 6.064397659102457316e-01 5.787031468156090819e-01
5.287413605918834802e-01 6.249333415135764902e-01 5.936514822582558137e-01
5.943458288242619014e-01 5.424622730518439129e-01 6.385356161558306543e-01
6.703895455680709548e-01 6.642531453380140505e-01 6.217659303382395697e-01
5.706954253082286987e-01 6.253583055704307059e-01 6.022703779830409498e-01
6.814573931431626708e-01 6.643427408665373290e-01 6.694848062785594411e-01
4.068314435647204519e-01 4.627960562049917570e-01 4.669056168909928028e-01
5.890927284000180286e-01 6.325508136154492922e-01 6.019298337883005612e-01
4.900635241524833874e-01 6.049779960202543716e-01 5.575378436597934195e-01
5.045031286936687565e-01 4.984818973969136202e-01 5.265669032021877971e-01
4.405242820592069619e-01 4.872353788959100651e-01 5.337577121592945728e-01
5.737416788523328481e-01 6.208309609961314424e-01 6.435119411684476765e-01
7.726587937384348237e-01 8.010345151683849751e-01 7.842928604960548444e-01
5.272428873628181023e-01 5.216557483882497959e-01 4.807878903881154242e-01
7.562637226589437045e-01 6.841088644808595021e-01 7.872591265166943852e-01
5.233451518655484191e-01 5.513170047067293966e-01 6.455315285195032393e-01
7.029461258180150773e-01 6.421108797772505650e-01 7.486814936723182878e-01
5.092178177242800974e-01 5.159891785047028279e-01 4.999024927082153513e-01
7.853139925051306758e-01 8.139329245599977725e-01 8.259358082558339031e-01
5.720542718461084641e-01 5.867160986675449275e-01 5.702761034031020859e-01
4.383743784286585066e-01 4.331926464910760277e-01 4.601471698539064126e-01
7.016267740837017763e-01 7.062432935147139323e-01 7.630456911376749529e-01
2.860432295648733247e-01 3.186254235435469484e-01 2.611448182954004826e-01
6.903779638943746688e-01 5.799677595098706728e-01 6.167220781981924693e-01
5.647425120106586149e-01 6.023101316587560206e-01 5.921661635598892692e-01
3.774614636437627624e-01 3.859962054004351661e-01 4.112672252297970843e-01
5.738986180360412526e-01 5.429386058168207407e-01 5.590147678358137195e-01
7.848133631364088147e-01 7.533858418036768478e-01 8.202365695215171337e-01
4.430285449660535946e-01 4.755560977313238458e-01 5.389856713919530806e-01
4.587823932481423506e-01 4.639769105231185686e-01 4.822699906033884321e-01
6.309757840742201696e-01 6.006666877666757554e-01 6.233000838721497461e-01
5.153133220953441951e-01 4.635564602274101498e-01 4.853798890695762425e-01
8.094534260712282769e-01 7.681345139978560388e-01 8.083631619122814138e-01
5.536409630503104085e-01 6.168784706696851527e-01 5.836330161374202463e-01
6.074521674713539987e-01 6.043139184511803208e-01 5.993216043337044052e-01
6.385433976961913949e-01 6.203406478142541314e-01 6.442950178203712408e-01
8.922067454489116534e-01 8.290119814924565844e-01 9.630514878460130213e-01
6.381492199592564418e-01 6.477151282625736028e-01 7.040983899291798354e-01
6.460784596559892012e-01 6.049168208248222323e-01 6.015233940634628906e-01
6.246155098036283437e-01 6.070532032584340376e-01 5.746585966531467804e-01
6.969077299555654914e-01 6.477294168265855800e-01 6.399800984349028887e-01
7.995499854906074066e-01 8.248355018504504033e-01 9.222065816049406228e-01
6.381630900499835057e-01 6.622915261080638549e-01 6.316336901173557061e-01
4.207824277351786546e-01 4.981757936648354979e-01 4.360166593682150427e-01
5.642045249031942822e-01 5.993744777569162130e-01 5.429053769788180217e-01
6.322901340943936077e-01 6.723522734110775056e-01 6.772979939333414467e-01
6.347060793194249095e-01 7.116681285908865728e-01 6.772898919515003557e-01
4.865584385063110306e-01 5.482721889129020809e-01 5.188443773471427267e-01
5.424988250222329000e-01 5.028038083687006443e-01 5.598365571040052613e-01
6.376436809925085658e-01 5.121324020156583501e-01 6.462359513848886516e-01
7.430223819785249928e-01 6.824893017245707849e-01 7.377447238827972154e-01
6.761973534236590533e-01 6.004523744476869540e-01 6.213879479449287979e-01
7.526883173944274308e-01 6.703039880211767443e-01 7.402608229879177326e-01
5.687307006787835073e-01 4.866382126816561349e-01 5.108014183954109333e-01
6.686885478234071423e-01 6.811981144667242916e-01 6.804401145345340129e-01
6.428070954268186865e-01 6.871467723430579877e-01 7.110255663169984253e-01
6.448712292628855369e-01 6.902579007686282520e-01 6.339220053792030685e-01
5.743528441358529690e-01 6.205677295308763552e-01 5.755452382260832778e-01
5.583338626762789358e-01 5.485640761691280565e-01 4.719587593457561514e-01
6.179453787015137811e-01 5.896005059264131098e-01 5.672015896558336712e-01
5.880914928870957237e-01 5.879656458027072707e-01 5.921288881662691850e-01
4.885806476520162533e-01 4.952210348445850729e-01 4.840211503424556860e-01
5.857347036324185297e-01 5.684024778936774824e-01 5.491969698004860456e-01
5.517867507180919118e-01 5.601223100010223055e-01 6.086332958815631189e-01
4.877591707311059732e-01 4.783755038173381213e-01 4.741028558262024850e-01
6.020866540139988565e-01 5.418973588737054925e-01 5.885409974984465720e-01
4.572779431115316373e-01 4.669017139871345923e-01 4.618681134848624525e-01
7.663788327983540594e-01 7.993997994620615222e-01 7.301017857844330772e-01
4.977274696634222950e-01 5.358828354008803307e-01 5.504185361539885024e-01
6.108248425469359200e-01 6.529208187991031309e-01 7.066378575631401260e-01
6.116260955576841019e-01 4.778617845758550420e-01 5.311676801653183455e-01
6.984747224409021404e-01 6.666791173441524165e-01 6.590219289752156095e-01
6.744298020737400368e-01 7.041481278549991396e-01 5.828494571510084432e-01
6.108978085148027981e-01 6.306721003280875149e-01 6.221803357393780320e-01
5.636257746945925184e-01 5.657795843669208846e-01 5.972186568782904548e-01
7.638057496603827268e-01 7.754803700447879811e-01 7.890821541667705219e-01
6.325167278632648493e-01 6.335695648680886860e-01 5.832515148726609144e-01
5.394666709102604596e-01 5.385287425049366528e-01 5.224267994892438649e-01
6.448314649553558153e-01 7.128268676390876468e-01 7.209345271298288615e-01
4.906187278324731782e-01 5.019674705046743846e-01 5.543546029349655235e-01
5.499517478124588132e-01 4.951174305260196418e-01 4.810097946649508072e-01
8.254105193084109171e-01 8.837323941386249215e-01 8.276506443941519242e-01
6.974806951511092201e-01 6.521498965421241856e-01 6.005220605024256253e-01
6.020909840909787203e-01 5.780427258838746196e-01 6.195584938077197679e-01
6.268678647578488361e-01 5.250830318488038939e-01 5.785618354674225694e-01
5.276974217183241223e-01 5.845629156591901632e-01 5.356676598315406324e-01
6.494492036005240498e-01 6.873012121707500199e-01 6.289782193091582041e-01
4.369905667600126886e-01 4.039278339517060057e-01 4.711415141592755762e-01
5.938989700053866061e-01 5.941932126979411199e-01 5.863954501318462409e-01
7.187177152506312172e-01 6.947954276464500811e-01 6.912822975619349331e-01
4.632189968192078622e-01 4.973104846626354991e-01 4.580155849496733711e-01
5.834575944017466043e-01 6.030812262187222883e-01 5.799147760067295820e-01
6.269336738875918025e-01 7.078557280345564307e-01 5.885963461681076314e-01
3.856235218679149868e-01 4.232775971833421802e-01 4.402936557615103053e-01
6.283825959318982690e-01 6.215264911905415968e-01 6.608393756056779589e-01
3.872923059054959594e-01 4.405864024989533112e-01 4.129003473507983357e-01
6.697330909750496275e-01 6.500310410370596648e-01 6.339184257401523359e-01
4.448011853782730674e-01 5.135249444740810354e-01 5.233053278929253871e-01
8.101721980920161270e-01 8.981087934823809293e-01 8.947717962130918856e-01
6.387725818920285681e-01 5.592349999687957762e-01 5.729113383000832282e-01
6.189944490453680448e-01 6.016701831748620943e-01 5.812647125073029386e-01
5.795772614050759275e-01 5.145758899633326999e-01 6.281983423908331643e-01
8.221247909755362571e-01 8.175800446624270634e-01 7.731952651665525700e-01
7.159845302458976990e-01 6.510956054970400420e-01 6.785738547150356181e-01
6.227900813027699156e-01 6.669308839016260260e-01 6.494076367146365270e-01
6.683256807122974763e-01 6.793573949798656919e-01 6.730683020027629082e-01
6.432638758359774389e-01 6.399128494689457769e-01 6.353976169062859336e-01
6.293543600057099896e-01 5.968681578573017399e-01 6.290984723053153482e-01
5.940341124006832674e-01 5.911584019066052909e-01 5.856103114281386857e-01
6.266060149860954720e-01 5.607200423347750151e-01 6.173701998221726717e-01
4.368937765916059979e-01 4.400085997867198007e-01 4.352508094629036761e-01
5.589823884752067595e-01 5.411252294558238640e-01 5.424908043204224040e-01
5.830789167154691865e-01 6.062980140913482030e-01 5.226849048586014179e-01
7.944847017701857084e-01 8.216941999154329102e-01 8.185222443512775170e-01
5.696495864900452677e-01 5.920376805083835681e-01 5.740163374135387464e-01
5.354805549267864784e-01 5.571977011815489877e-01 6.108833739301984256e-01
7.205144044284101934e-01 6.883795426670165085e-01 7.850893391231958951e-01
5.561435862608588021e-01 5.494663794122682798e-01 5.466133681684509638e-01
4.180254561417287018e-01 4.192200628136820706e-01 4.097406765346279234e-01
4.380388339576489765e-01 4.791251010741496286e-01 5.564496364222895064e-01
6.814753324051772143e-01 6.993373408222699483e-01 7.296811766818145362e-01
7.015543283480202286e-01 7.320773613825773962e-01 6.906663174261268301e-01
5.572790147390480620e-01 5.354133254682221787e-01 5.071768824548942289e-01
5.436031519644553001e-01 6.067479127048840404e-01 5.655462236444049884e-01
4.383803658909331546e-01 4.559870262726249401e-01 4.765324219398920369e-01
3.458057409962156381e-01 4.296953160765733526e-01 4.422695946124352018e-01
5.764480527945999855e-01 6.201063892538032363e-01 6.238699377431767834e-01
5.273023057703080108e-01 5.908710960922372024e-01 5.784174036157568866e-01
3.848312431979821757e-01 4.154602288304749536e-01 4.226760854606936291e-01
5.786995380202412109e-01 5.083139843402281199e-01 5.731863991494187127e-01
5.854649955792111671e-01 5.739952181720038293e-01 6.255771950944390980e-01
5.572574621603160194e-01 5.710331193481562595e-01 5.625815644031956220e-01
7.418926350641080747e-01 7.539418007095362029e-01 7.645967235019630603e-01
5.625645096062764638e-01 5.479865925190117171e-01 5.905689842902236419e-01
8.392784923812272035e-01 8.585082100378150782e-01 8.888947766132049289e-01
5.984736349820208856e-01 5.886600400662050925e-01 6.172793415997854805e-01
5.908888723181876523e-01 5.216925817979028990e-01 5.642618748781905724e-01
4.499300031171532543e-01 4.974333116041749214e-01 4.426104651404824120e-01
6.193113336448836659e-01 5.996677617606047672e-01 6.358534360628566029e-01
6.226561822024216930e-01 6.585645690824334375e-01 5.856234027485391902e-01
5.453876460684955463e-01 5.718570985788935523e-01 5.573785217733454589e-01
6.774568071640227895e-01 6.664966773485657692e-01 6.424651314732674479e-01
5.927172697643637855e-01 6.497416010228722616e-01 6.052347106430893131e-01
3.825694592022568785e-01 3.849023030905228682e-01 4.376774518703694383e-01
6.481163578829700622e-01 5.713192999849363574e-01 6.046477753660515209e-01
6.873984363310082779e-01 6.606128575199428088e-01 6.590810576655889985e-01
7.350048046468445895e-01 7.952340927726854192e-01 7.063426349677331961e-01
5.519460168820863322e-01 5.194095120161258405e-01 4.984226362346718675e-01
6.430392753757681046e-01 7.296294970407345426e-01 6.275892348802127874e-01
6.496338390059578360e-01 6.444678964867033288e-01 6.516263406621900511e-01
6.103083592483140585e-01 5.798505033241722062e-01 6.602430857436392131e-01
6.134680721720614516e-01 6.119771635047217551e-01 6.348662624475345240e-01
4.823822880090217757e-01 4.905254604504579730e-01 5.415393078459709297e-01
4.493515032967976275e-01 4.552677964036800917e-01 3.869081113383833759e-01
5.334017377141235805e-01 6.597997070817842591e-01 5.553687307571164578e-01
6.894305587894726806e-01 6.743528873643497290e-01 7.205728259236026112e-01
5.570568823835252426e-01 5.857817997504241037e-01 5.933013348761824179e-01
4.607114026323658740e-01 3.490352142938963342e-01 4.228573058077594871e-01
9.493921721530337310e-01 9.176147850227239777e-01 9.451199848466762532e-01
6.349609204568564813e-01 6.902579722638848558e-01 7.528782708254337930e-01
5.921130294715906128e-01 5.378103256872347471e-01 5.529413498773083635e-01
5.526634670339866107e-01 5.673965835185698081e-01 6.230159674334043718e-01
4.984965618548287680e-01 5.467878626582025614e-01 6.090408114674137341e-01
6.184607631790294269e-01 5.905051438196567970e-01 6.571521519751292173e-01
6.945383497288931673e-01 6.961357121151139360e-01 6.600848791262847737e-01
6.656266183803947190e-01 7.150165809776414250e-01 6.427318283369323204e-01
9.235695164650934430e-01 9.130934121069278486e-01 8.896323999076092282e-01
5.700696973553895930e-01 5.770588693987603879e-01 5.964861964408977313e-01
6.566303993850443055e-01 6.295188157413679209e-01 5.265159982459948207e-01
7.782999023075266587e-01 8.531633018996102047e-01 7.739149223012670165e-01
8.937448412025987832e-01 9.423841767200160646e-01 8.608448948414026969e-01
6.866983707244813662e-01 6.530425012872267398e-01 6.312479466791579563e-01
4.169811990071669583e-01 3.778011534912990577e-01 4.682479567447874746e-01
6.443662903979505696e-01 6.368897735671668059e-01 6.510110488567619758e-01
8.383952534794345546e-01 7.581400232596754440e-01 7.553504197395821684e-01
4.402041604267246666e-01 4.294008559132662106e-01 4.587260087614239978e-01
6.904885587830671412e-01 6.886467540383259811e-01 5.890245351497932491e-01
5.475191377915021862e-01 5.267116935832260038e-01 5.781480332714562520e-01
6.394273747251980611e-01 6.149301282069632446e-01 6.875702871252893367e-01
5.550052148004154251e-01 6.050412999693101090e-01 5.418881316810592041e-01
4.489717820944725268e-01 3.751362763615022078e-01 4.210636511575751584e-01
5.289080503606978789e-01 5.649137448927841199e-01 4.935469329540467798e-01
7.879123486752176442e-01 7.813830361930486079e-01 7.048926895345141164e-01
8.215202462339837863e-01 8.601393888035676616e-01 8.123758935412829230e-01
6.309236745219699571e-01 6.507663316057700209e-01 6.612137027249603838e-01
6.857395876896289488e-01 6.182812728013289405e-01 6.311351546564810677e-01
6.143492226893889629e-01 6.121712262953349359e-01 5.755428994603126736e-01
6.165962833531161147e-01 6.315953537577804200e-01 5.978014087209208016e-01
7.675769403405516833e-01 6.648944276832714495e-01 7.353826415199237188e-01
5.997477284758969684e-01 6.065632136309018207e-01 6.475029518074945090e-01
4.411081692615960725e-01 3.848266296032087919e-01 4.276779836528157297e-01
7.178686814754756673e-01 6.796070375904206262e-01 6.464828783778069354e-01
5.954658160174897130e-01 5.208758427378072930e-01 5.615031802745000800e-01
5.559774892320415995e-01 5.503858193459797432e-01 5.639311828294042428e-01
4.061384240707039406e-01 4.434815879305197828e-01 4.581570268654112654e-01
7.144277195113586387e-01 7.376761933150721706e-01 6.957743345082869624e-01
6.990369094181937415e-01 6.897402062576806214e-01 6.538380707634383615e-01
8.307940048528896781e-01 8.752914443377154408e-01 9.086908383230654085e-01
5.374892038200628219e-01 5.827143033994172105e-01 5.695577175448055529e-01
4.131912099019697804e-01 3.706852869882468759e-01 4.129310897281140980e-01
4.169282787640912202e-01 4.150767045580835424e-01 4.665684749794785646e-01
6.309130766689532432e-01 6.019526044479182048e-01 6.387900677941684702e-01
6.290869094017413898e-01 6.573121991230719274e-01 7.199722458619667309e-01
5.981881381360110161e-01 5.726692984978208889e-01 6.336078658691961518e-01
5.442605419771607833e-01 5.612953019884856509e-01 5.100206543225341838e-01
6.352267900419017455e-01 6.009389611511162244e-01 6.359189235332300960e-01
5.993926052782729830e-01 5.782236653714624142e-01 4.942131950290864495e-01
4.940633172124943573e-01 5.220204867201899690e-01 5.085835959141975504e-01
4.559618936796550615e-01 4.336451006672627506e-01 4.259008884937809380e-01
7.159800313482410639e-01 6.828562171210179610e-01 7.382415578192363936e-01
6.048444686199956344e-01 5.788979544760588514e-01 5.532898143236794075e-01
6.155368228388753415e-01 6.770937403463959114e-01 6.216858616163939422e-01
5.746748658692989453e-01 6.024869249694474460e-01 5.896746595433401961e-01
5.157305395133008341e-01 5.844183188985870858e-01 5.915592545095155197e-01
5.982945766591833969e-01 7.034886762433225638e-01 7.156975535084380002e-01
5.364399812894666830e-01 4.884949343019751589e-01 5.236184215164385591e-01
6.430790622789244182e-01 6.465259124496198773e-01 6.596175389009244494e-01
4.973634482817896330e-01 5.340304976497868283e-01 5.648360945727339821e-01
5.455066167705064917e-01 5.724564152277725748e-01 5.671993955277265798e-01
7.135165842915743850e-01 6.585040359835615531e-01 6.738068587869709969e-01
6.521377944089155054e-01 6.687712032680397378e-01 6.509731895128586521e-01
6.738717927979163136e-01 6.637514525153680456e-01 6.633400831216887950e-01
7.961725230502547657e-01 7.343672490277394216e-01 6.960955457335203933e-01
5.321954923378361402e-01 5.583364165518581723e-01 5.296505540877979312e-01
7.822723724755741292e-01 7.629436204373628572e-01 7.385862968895297032e-01
7.494966019396711587e-01 7.446399220882621295e-01 7.816961089119083272e-01
6.583446839254805116e-01 6.217222733820877423e-01 6.306636925102048208e-01
6.324528806975473483e-01 6.168357879588143300e-01 5.955898180535534880e-01
4.667338939522712726e-01 4.136999704518916077e-01 4.655599854327905351e-01
7.321720227240109402e-01 6.510061538232072564e-01 7.140030252200079142e-01
6.940639114817660493e-01 7.981254229536531852e-01 7.285101306763566154e-01
5.946233878230207104e-01 5.395170834921068082e-01 6.292206239105238019e-01
5.411385288769913204e-01 5.802985139108147727e-01 5.645777209462448099e-01
5.781318693761663408e-01 5.498352869225728856e-01 4.678127103500215322e-01
7.543792372510625954e-01 7.894777831622864506e-01 7.153450599173142299e-01
6.934023283257656489e-01 7.118040410075364699e-01 7.425145872764046251e-01
4.833125505261915977e-01 4.761883690293359228e-01 4.998803758574185130e-01
6.683924680951506270e-01 6.832882272151996617e-01 7.158424024439418165e-01
6.413523387831652212e-01 6.539150045479777962e-01 6.360696070450291284e-01
7.758292769527116439e-01 7.382078837378501790e-01 8.025328469313385282e-01
6.264871021052087485e-01 6.007569528253562385e-01 6.239199839347162602e-01
5.520052731460356465e-01 4.976864765276697300e-01 5.774847575423176504e-01
3.879883835516985680e-01 4.364949010734283097e-01 3.874583704296714615e-01
5.621926598617369430e-01 5.483113881933597833e-01 5.585528262744988703e-01
5.597656864783762121e-01 5.171847215228304595e-01 4.990228119486740388e-01
5.987400349375457953e-01 4.821039025805546330e-01 5.272826545779983887e-01
5.055896914361789340e-01 4.750131275456406788e-01 5.623624720740276750e-01
7.433168626789196098e-01 7.311544720086593507e-01 7.169079678833317759e-01
5.311748279243984072e-01 5.046595950978529643e-01 5.201394866799669003e-01
7.146307057853513722e-01 7.341678760722788466e-01 7.293390117572909892e-01
7.014250548618984338e-01 7.086471570982461055e-01 7.195937631705692228e-01
4.803046767875140954e-01 4.998056232786719510e-01 4.412921888826880079e-01
4.263820010241377023e-01 4.012461460668400592e-01 4.498741291746223836e-01
4.241738914184550735e-01 4.165768813870321940e-01 3.386710222196238074e-01
7.845372689199340277e-01 7.154961264198054227e-01 7.234088039504303902e-01
6.369861630273265796e-01 6.760795411745503802e-01 6.201664305164215074e-01
6.249499497678544513e-01 5.834446889180968654e-01 6.249330270021393741e-01
6.253313480435017668e-01 6.590498947820372377e-01 7.557620946286475183e-01
6.824462451688997344e-01 6.470905216283490136e-01 6.884597614908605223e-01
6.525214749621583987e-01 7.661197271650314056e-01 7.799070071479349275e-01
8.016557600848457366e-01 8.200940661333757653e-01 7.831971015828044225e-01
6.565286173555608951e-01 6.192597293719741547e-01 6.645079473955255445e-01
6.949661043239852010e-01 6.477053896366292696e-01 6.785704132546553913e-01
5.525844793713089453e-01 5.610040071396629191e-01 5.790562859747746538e-01
5.112291637484929208e-01 5.526231973950358478e-01 5.426298159258897691e-01
7.268095812359619545e-01 6.481739650638951300e-01 6.636113595449429914e-01
4.838307692573932117e-01 5.552142864380589238e-01 5.100771734549619518e-01
4.568986570333088970e-01 3.708124205550428765e-01 4.450804867613846194e-01
3.296401899783176770e-01 3.140748900670273791e-01 3.399214772958842889e-01
8.299777334882969537e-01 8.713074547504643386e-01 8.036262874089600272e-01
5.045343027685685877e-01 5.369408991218340699e-01 5.321109767940321866e-01
5.817227785368354054e-01 5.588012035833076485e-01 5.565681775219725180e-01
