6.147224148347745221e-01 6.058676538710994208e-01 6.277485670399625128e-01
7.856106085104438419e-01 7.700581903413148410e-01 7.571888870001055594e-01
4.021885726592777099e-01 4.107925738593956599e-01 4.454786943094320439e-01
6.007815156015269276e-01 5.590203841937748663e-01 5.895539907577569405e-01
4.788354058363184507e-01 4.928475120363605133e-01 5.560445591103876373e-01
3.300762518890249519e-01 3.063136432944739695e-01 2.887914750836448330e-01
5.175498584779421041e-01 4.971542300068114706e-01 5.024441122169071017e-01
7.153938054203619057e-01 7.131374145182364233e-01 6.837616030059129324e-01
8.041382348460264229e-01 7.971500368796032854e-01 9.104748685846951739e-01
5.428018155104605835e-01 5.825139881216718774e-01 5.967913614728638239e-01
5.619587900815644632e-01 5.274530180750774955e-01 5.568377624932191461e-01
5.376622358374101296e-01 5.433194783311088294e-01 5.408382993561186014e-01
5.069148206727902561e-01 5.200214151633890669e-01 5.023610198443925201e-01
5.985382775403276234e-01 6.549561325937459655e-01 6.457399726333735712e-01
7.417155119540934649e-01 7.237648249198667116e-01 6.940669185178139911e-01
6.946483770294160642e-01 6.545112897720659628e-01 7.090574010964620921e-01
6.242463683392348583e-01 6.132838983103617858e-01 6.050139612605397454e-01
5.496444950291944354e-01 5.452079959149526145e-01 4.863943543309324213e-01
5.367625694096180844e-01 5.749154292679070632e-01 5.706810295160212876e-01
5.869343706760133950e-01 5.877358674852466436e-01 6.263971567901822635e-01
5.881381367436426810e-01 5.041287587877932852e-01 5.437287958920555830e-01
3.486180770419098907e-01 3.425593502912657740e-01 3.533812576542395001e-01
6.393669296197934671e-01 6.212326140308013223e-01 6.268055670696197623e-01
6.271331873840986226e-01 5.528469485766039915e-01 6.808877432522318918e-01
5.441059584760572498e-01 4.738428641022166543e-01 4.977618647419835840e-01
5.785887803469861312e-01 6.214460351419185402e-01 5.974178622937235117e-01
5.776542860893695286e-01 6.373232558999185615e-01 5.671494514604146220e-01
6.374837975234181053e-01 5.798467957897041059e-01 5.846459554621531440e-01
5.657592447965830162e-01 5.704656539621862921e-01 5.402979307273165777e-01
5.802854827595904652e-01 6.347766586222585161e-01 5.464359028093509485e-01
4.388032978599505918e-01 4.774872254888047896e-01 5.092372684978994091e-01
6.642320808635782114e-01 6.229522739270435538e-01 6.171880620587277821e-01
6.064103439853061328e-01 5.613976200656221049e-01 5.568249533514613159e-01
4.989013408724463638e-01 4.245159004036527239e-01 4.829640918941492944e-01
6.671719568705647418e-01 6.980058540808284917e-01 6.880864443717344958e-01
4.455955007790988187e-01 4.328483729399965618e-01 4.857710669134116532e-01
3.975375697723275703e-01 3.755480186075690896e-01 4.410016478128667150e-01
4.351156288822984886e-01 4.096831756303176419e-01 3.795357645311861483e-01
5.886605222406444682e-01 5.976780909552138477e-01 6.207660129094111356e-01
7.074407003801359561e-01 7.158191984713964118e-01 6.589282425463979243e-01
5.003067755495272939e-01 4.928504080103892626e-01 5.294975935901168329e-01
6.200734585447335023e-01 5.723263567762633119e-01 5.740176139047952208e-01
4.451140854263649360e-01 4.948340421545353585e-01 4.382383597150960597e-01
6.928750856633579813e-01 6.480708113492865685e-01 6.545698421266269440e-01
5.627174130220303772e-01 5.329828907452427433e-01 5.829883891012386243e-01
6.312424205981136405e-01 6.354281381077747648e-01 5.622868168320620530e-01
8.667688793699985794e-01 8.596105476077227081e-01 8.214486070003657048e-01
6.602717995839679777e-01 6.543264713004202093e-01 6.801884549944755554e-01
7.689285854195873071e-01 7.273595613179117958e-01 7.261235771470162526e-01
6.960839496121106196e-01 7.445742706944663558e-01 7.072709355694769551e-01
5.446615333402395898e-01 5.702885326776726549e-01 5.110339524287832447e-01
7.857834390088084264e-01 7.762071843605780064e-01 7.926633148976288679e-01
6.698107215135473691e-01 6.597015231628122756e-01 6.922731804812540801e-01
7.768665933909143506e-01 7.734788308611447727e-01 8.031395567445818173e-01
7.644974556506327623e-01 7.684291304792564281e-01 7.463843962911373975e-01
6.624426294274866622e-01 6.982957404508208787e-01 7.645928700269555289e-01
6.803722811122683289e-01 6.976760679934369547e-01 7.380416569061007959e-01
5.531534924187491153e-01 5.635566741612738628e-01 5.533111108063588635e-01
5.334005245287241070e-01 6.465270108389011838e-01 6.118396083966096688e-01
7.182154790960610935e-01 7.135429585274394304e-01 6.749685110449110681e-01
6.177826195551516797e-01 5.767193590147496884e-01 5.882052636034932336e-01
6.211467139890503031e-01 6.381255908211259653e-01 6.623494944033940790e-01
5.917612703266850183e-01 6.491708909130335936e-01 6.055246066549959671e-01
6.191676324217498806e-01 6.519775015639439619e-01 6.593318191962846964e-01
5.613386975401639667e-01 5.766062154585472888e-01 5.495934022433360822e-01
6.908461848538102190e-01 7.021496943598531937e-01 6.979423231175110320e-01
6.208793799982171846e-01 5.600629554747054151e-01 5.671788292178621127e-01
5.177586977958659187e-01 5.380877477401093678e-01 5.703865251402243652e-01
6.456990096538726132e-01 6.488599826325042175e-01 6.779302421562826142e-01
7.263485690694724273e-01 7.568901518315592769e-01 7.540949587397663967e-01
7.182076366467191608e-01 7.466954795123649236e-01 7.877447504550980639e-01
5.050202574956228485e-01 5.944876298158516814e-01 5.303658579906022075e-01
6.653674554989127410e-01 6.509567983264974433e-01 6.113497992665332115e-01
6.588744215517430280e-01 6.701165640161084180e-01 6.952963458607391845e-01
5.059495526402620902e-01 4.798435405453959635e-01 4.413913343883474338e-01
7.828929598831270154e-01 7.367938408828613728e-01 7.556540420530349911e-01
7.095974716128913284e-01 6.954310228671231053e-01 6.882476919370854596e-01
6.749575825513434157e-01 7.395208934837896875e-01 7.344549335828898240e-01
5.933221361876461764e-01 6.888584569245157496e-01 6.676725232900723173e-01
7.589853417694626403e-01 8.217065742267889439e-01 7.352786535354208786e-01
6.161660410625829920e-01 6.127230039585219723e-01 6.122319498840018692e-01
6.031773548853048839e-01 6.500574778749691474e-01 6.293819904757366190e-01
4.663769056961307169e-01 4.343034064201105049e-01 4.486742601732758851e-01
6.693833236402190190e-01 6.651188349645625886e-01 6.295055830119384854e-01
6.569424758296720235e-01 6.669800549222810737e-01 6.473281712506602226e-01
6.515933125512781698e-01 6.594164491168996722e-01 6.970175442778077102e-01
5.639414776390285766e-01 6.133856604171220583e-01 5.966737403281385799e-01
4.646651818775333620e-01 4.527092927877870432e-01 4.370093229394139689e-01
6.394645861974409540e-01 6.553044037076668493e-01 5.985179806560105842e-01
4.976909320146238325e-01 5.282123814742214485e-01 5.104975619819306365e-01
7.656799602354977807e-01 7.109611125515336028e-01 7.037353233417854570e-01
5.141802224740702476e-01 5.181016124431806480e-01 5.396199785476164523e-01
5.075863252706255269e-01 5.066157458117921397e-01 5.002621379088156850e-01
7.181613371617368013e-01 7.185036195498175626e-01 6.911732234634625494e-01
6.699958343123749716e-01 6.676049034092310652e-01 6.728649707517668777e-01
5.398668338701225755e-01 5.474927583258828445e-01 6.080391413887855645e-01
6.413227024767782503e-01 6.530715564101343684e-01 6.753098746515775463e-01
7.052289742975559328e-01 7.481708192222635834e-01 7.016389972799981223e-01
6.312909706365550377e-01 7.077777062522436768e-01 7.032039433069181555e-01
7.281066319672430120e-01 7.020115247448862617e-01 7.498197782011453150e-01
4.891190621613496492e-01 5.021297249903972082e-01 4.782556825987201443e-01
5.987340945839860762e-01 5.981724349666490692e-01 6.395919712298546722e-01
6.152216383560081825e-01 6.194068783711972337e-01 5.920791232719200270e-01
6.321841145638406045e-01 6.432459242310144543e-01 6.235798442209873338e-01
5.434001258455981587e-01 5.299423478093886475e-01 5.131191775629015961e-01
7.369183774468921477e-01 8.012564752306172711e-01 7.978643933835625202e-01
5.689684097174488864e-01 5.289090536764097239e-01 5.615863267253294877e-01
7.820351811876703474e-01 7.450629203793017741e-01 8.016021282016438931e-01
8.266259235363084823e-01 8.481983367856319456e-01 8.419003468450443339e-01
5.188615388270890749e-01 5.241607865598297833e-01 5.261918139971306640e-01
5.310030251524072709e-01 4.844649141164718009e-01 4.919323955198706688e-01
5.981984309481490625e-01 6.056709402009067267e-01 6.008570345059295326e-01
6.371960982292307341e-01 6.286611467511125095e-01 5.913598816959376725e-01
5.463354662172219545e-01 5.819685166170621704e-01 5.863971323527632507e-01
6.312223572639471536e-01 6.732240669188832571e-01 7.100948665557696993e-01
6.550576150086800942e-01 6.534818538330084969e-01 6.669020765686658470e-01
5.125874967671797400e-01 5.210011145023150103e-01 5.279662222036564101e-01
4.408189717582369771e-01 4.241519355438486127e-01 3.904854468485308705e-01
7.031199103713122733e-01 6.661948499125912582e-01 6.465515883820904808e-01
7.994125163229174325e-01 7.989306581245869676e-01 7.700696360515569827e-01
7.256842234246899670e-01 7.411600886684480693e-01 7.178832943469620753e-01
5.484905758936767795e-01 5.248853405632526448e-01 5.439269745917767462e-01
4.951733532944661009e-01 4.713139153006591364e-01 5.142922112170813520e-01
4.987826036168728772e-01 4.462151001203147893e-01 4.363780911046942768e-01
5.697755431198395781e-01 5.018677578136807593e-01 5.298508339452219218e-01
6.275461105556900954e-01 6.306916189054724287e-01 6.756950745380718715e-01
5.351782690506007301e-01 5.267456758527652161e-01 5.058584491030500008e-01
6.607863072142677874e-01 6.381016676868195292e-01 5.725801201179624433e-01
6.361738594128172330e-01 6.627540460088685581e-01 6.215231526461175715e-01
6.566718572486286432e-01 6.401804144782844430e-01 6.380563828647465296e-01
6.120661043067884277e-01 6.496466682302626250e-01 6.493821622627744539e-01
4.562625869313040594e-01 4.877201712996750427e-01 4.938130617704167280e-01
9.241330957947546665e-01 9.037266743398670865e-01 8.473738639069156031e-01
3.861950040475592982e-01 3.660560856030453669e-01 3.661911846168995899e-01
6.668373103298599336e-01 6.634855489651813043e-01 6.270862721189083278e-01
5.932804591055439447e-01 5.969272624416877004e-01 5.930380787364488704e-01
4.122812920903906608e-01 3.750995184175458519e-01 4.243379469712876273e-01
5.833894844711825511e-01 5.903809174428972240e-01 5.675101350709108594e-01
8.299919898011813846e-01 8.013238906706325881e-01 8.253118117727136216e-01
8.364712496265316322e-01 7.335511969690664547e-01 7.872420969616924502e-01
6.163330393344432778e-01 6.718670316038120038e-01 6.163047484046614288e-01
5.894374525082193284e-01 6.356622934132860614e-01 5.920455400838379179e-01
5.953312316267651561e-01 6.223003299478603312e-01 5.942937968339199184e-01
5.121664928457292376e-01 4.529583806674776225e-01 4.946358525493118607e-01
6.313390269949763489e-01 6.417221055729507295e-01 6.212042235753508779e-01
6.536136543517061526e-01 6.196228717434801858e-01 6.710155313803717325e-01
6.605696177514281953e-01 7.022556515907697472e-01 6.485481992521875405e-01
5.451112638943992339e-01 5.806653685844255230e-01 5.366162085009850147e-01
4.561628364697739024e-01 4.031469087794755102e-01 5.117710837014842751e-01
5.348402787395271085e-01 4.838005087990292497e-01 5.043012507925233034e-01
8.461821844076481414e-01 7.756278131877991644e-01 7.941172042042584645e-01
5.213592606849601907e-01 5.939155679001035804e-01 5.342907495487730918e-01
5.536110381228904753e-01 5.112508627598547628e-01 5.411537557921717312e-01
6.693918811493119181e-01 7.025701382748954504e-01 6.551126496042650738e-01
5.630003004400773170e-01 5.489890044541301251e-01 6.020079157118222168e-01
4.901615563410128273e-01 4.912116053666316096e-01 5.178822033504920652e-01
4.914739664847350142e-01 4.686025195070519511e-01 4.544223640557669697e-01
7.388622231679196073e-01 7.023540311946483428e-01 7.152906130635879878e-01
7.315332928051099248e-01 7.385248195448522734e-01 7.162105913959694314e-01
4.188947333227444059e-01 4.831381768531690102e-01 4.869241651092586776e-01
7.140632064422510750e-01 7.063593446154786681e-01 7.325345889592550508e-01
6.546584583838586102e-01 7.249624835675949619e-01 6.680963297571708148e-01
3.111593737304609308e-01 3.662028169666839972e-01 2.916435870495526772e-01
5.253435709887507299e-01 6.039168293449299618e-01 5.482061517417304852e-01
5.992126583119478100e-01 5.765598281260810865e-01 5.618330724773029639e-01
7.911409479002500245e-01 8.010920863399668690e-01 7.914801766056319687e-01
8.376626772238907614e-01 8.544585345830886247e-01 8.318140363259379777e-01
5.045330471521749516e-01 4.170604388643431304e-01 4.444725325159215035e-01
4.408727731482384726e-01 4.258344224652301224e-01 4.069149562611717452e-01
5.612790126902739152e-01 6.405376095199041275e-01 5.733540348087714511e-01
5.483416347799242585e-01 4.895616242647214955e-01 5.299629880472049859e-01
4.791482269346377665e-01 4.412967040605794700e-01 5.267622156810556344e-01
7.367677982569463824e-01 6.942157447780935575e-01 6.182832201881098833e-01
6.534138080857558872e-01 6.530266490073786123e-01 6.464621933444009150e-01
4.618304063274988325e-01 4.934816948849944374e-01 4.899261690260153790e-01
4.983910968921818618e-01 5.191533113259244603e-01 5.012810911303874351e-01
4.915351592768537614e-01 4.678478627687706060e-01 4.527116780301166932e-01
3.377012861568654545e-01 3.939850496637823940e-01 3.937210872813838303e-01
5.422930658173015228e-01 5.542276150346152619e-01 5.634376941408326678e-01
4.335212668692033922e-01 3.950021406310949001e-01 4.189657409856112347e-01
6.651100840100619971e-01 7.239698101748105463e-01 6.544636320041727906e-01
6.908740566858607712e-01 7.421537384300395113e-01 7.578266844710248584e-01
6.072857044346472444e-01 6.140827396531705062e-01 6.659501764157906845e-01
5.104781323841562912e-01 4.989340476505020328e-01 5.550517287365730468e-01
5.069347037254429145e-01 4.546445909915388661e-01 4.557128057087644901e-01
8.589120383466680719e-01 7.862458066227092646e-01 7.312207015494528450e-01
6.071587908969692249e-01 6.030058409311814804e-01 6.370548743653101642e-01
6.308552584014434084e-01 6.152367191680753189e-01 5.897009515809888969e-01
5.289728474105406253e-01 5.091134688661583807e-01 4.782942577160278486e-01
4.480513226197991306e-01 4.701555132178310004e-01 4.723687313948368161e-01
5.251381672807700074e-01 5.629662186319972506e-01 5.744825236752533204e-01
6.498926984898086845e-01 7.132698871387496142e-01 6.694391791002233250e-01
5.211941101441464053e-01 5.623603179295341148e-01 5.269410629295048221e-01
6.636734328718821851e-01 6.302735123748703927e-01 6.559452946524557682e-01
5.602527410780552275e-01 5.708962157166301843e-01 5.844356646606042593e-01
6.781020911755266667e-01 6.329630327429561776e-01 6.105932256029060756e-01
4.299111948093916613e-01 4.300657928245547601e-01 4.403808131912586576e-01
7.386375561994427130e-01 7.592157021123974170e-01 6.795664305656897719e-01
5.997021726541807984e-01 5.879752016750995347e-01 6.154675623370015058e-01
5.620669792582750901e-01 5.724779690875450022e-01 5.648994658154929960e-01
7.852927595204374223e-01 8.547713681846281775e-01 8.040568716447396014e-01
5.319703686135286436e-01 5.486290867172389785e-01 5.568964070885688011e-01
7.327574368835189089e-01 7.280182033169394495e-01 7.690878883841605340e-01
6.300872925482067233e-01 6.642534536502212594e-01 6.523776190189217727e-01
5.987211343213656445e-01 6.388718038219902695e-01 6.358351702782724102e-01
8.366171530765591502e-01 8.323292732587322940e-01 8.194258649124522842e-01
6.064600135396222003e-01 5.922324699230178124e-01 6.284129311278766616e-01
4.196244092751965638e-01 4.017966778766760561e-01 4.373859337350126109e-01
6.270516453536533197e-01 5.855531130290287933e-01 5.534628746050418435e-01
5.619309540531293168e-01 5.118638201153402623e-01 5.464644044325088768e-01
5.405897909795766010e-01 5.479474366110566041e-01 5.386520606891557206e-01
6.026640806392302707e-01 5.751652748686555405e-01 6.034065399502492877e-01
6.986719670130324689e-01 6.647136545759285697e-01 6.025508462257226361e-01
6.370265721040585527e-01 6.154570460732455839e-01 6.656261961073652866e-01
6.931550688195775578e-01 6.886224875974745752e-01 6.728413251450794386e-01
6.146180332659839651e-01 6.432142887434099121e-01 6.618986877560614213e-01
6.657151797509894831e-01 6.719998633077456374e-01 6.250570212457129404e-01
6.160244872056288568e-01 6.300254812866968868e-01 6.181375520784099242e-01
4.356217006951098591e-01 3.875973343372604574e-01 3.840999221046341172e-01
7.930187535659636300e-01 7.296126748228041192e-01 7.534466069659946363e-01
5.763711475746547963e-01 5.671654331858773102e-01 5.535104917936122249e-01
5.565805395972086567e-01 6.098353212709329840e-01 6.128346953387681095e-01
5.036078918118928049e-01 4.287366230964281266e-01 4.749668320164094903e-01
6.681981310465689994e-01 6.737928833197494027e-01 6.049894062362920488e-01
7.010808959747254487e-01 7.068416092213398727e-01 7.122469337071410944e-01
7.153772403369107469e-01 6.618253582479181052e-01 7.189926159257140625e-01
4.820472469342659827e-01 5.555430653238087046e-01 5.243008313920312080e-01
6.213204768985424176e-01 5.836481266092183873e-01 6.464152928763752248e-01
6.370931044978445090e-01 6.259404864491040499e-01 6.719886715097365126e-01
5.619517316081555913e-01 6.213141869863556543e-01 6.224279860945087783e-01
7.113993213567521012e-01 6.870542366924137223e-01 6.768495721495656481e-01
8.972850609010052381e-01 8.890805763814187967e-01 9.652798878131209070e-01
6.810325349037060771e-01 6.273549141458548695e-01 6.123472692126302741e-01
6.469291235743239721e-01 7.046135087353654347e-01 6.468417974728465358e-01
7.046276529097026398e-01 7.221710582119288402e-01 7.168624737674150760e-01
5.069959818704944388e-01 5.734073514654305370e-01 5.488864613897102007e-01
5.224565901660858103e-01 6.023496339204440497e-01 6.216875171654469012e-01
6.155387905291396233e-01 6.152928636520043071e-01 6.322211650969435937e-01
7.040306442372041840e-01 7.225340731528631100e-01 7.234345905165233681e-01
5.866498280854056668e-01 5.995874854368615781e-01 5.605757243250852895e-01
6.653596897440618996e-01 6.116292472463091823e-01 6.923885831737764951e-01
7.672864391469423895e-01 7.507796051476213206e-01 7.161491091687408606e-01
4.551833095956973052e-01 5.311884305670431239e-01 5.444912727157170673e-01
7.799986553889833862e-01 7.628155898318292882e-01 7.935773978029312392e-01
4.877505905151860444e-01 3.798949742247345607e-01 3.933217608088621087e-01
5.604140115101585717e-01 6.214275189538698285e-01 6.632385008634739121e-01
5.175195785070176857e-01 5.779542732555356110e-01 5.173464092970372352e-01
6.267375881022988482e-01 6.396599044228902242e-01 5.780957700926755427e-01
5.863584347026684629e-01 5.299860298350334009e-01 5.559158242556269114e-01
7.218907604065437633e-01 7.172228945549790069e-01 7.148589508447197316e-01
6.876894692199514436e-01 6.433405354213235228e-01 6.709376855167973330e-01
4.061977266805956721e-01 3.934192502422899640e-01 4.522221082311992379e-01
7.997171530163019737e-01 6.767354210078484478e-01 8.059191041887296958e-01
5.551292865081566275e-01 5.178477563096625103e-01 5.849809869737768731e-01
5.443700981602328515e-01 5.664885354357160896e-01 5.739090159155220139e-01
4.406275712010149226e-01 5.170600337068859131e-01 5.413111222717850168e-01
5.204315676494064569e-01 5.378951297120290187e-01 5.588250581440974418e-01
5.704198127514221728e-01 5.540948843223723053e-01 5.711149769795424991e-01
7.310903613657685485e-01 7.573007510202893755e-01 7.206362245626248830e-01
7.824724757968758437e-01 7.538886314087864804e-01 7.534075172482825877e-01
4.884509859259013043e-01 4.664671858059998844e-01 4.923666676997893177e-01
5.128006895917424091e-01 4.853239628481477164e-01 4.723391859952131844e-01
7.478056344520742638e-01 7.286073859783159801e-01 7.282632665651498360e-01
5.316254217964635487e-01 5.542335554430354305e-01 6.074840933905539808e-01
5.695583869008850053e-01 5.683770221746888840e-01 5.682155058702625938e-01
5.451358562839633271e-01 5.501075390096095141e-01 5.404099565529845162e-01
6.010476811692904153e-01 5.683026960065949984e-01 6.062618223201402534e-01
6.654548078554984869e-01 6.550734750770415005e-01 6.849126329314199069e-01
3.837717815513089215e-01 4.043470232451840674e-01 4.539115332274698544e-01
7.603210125774704231e-01 7.292607056293454182e-01 8.340735216714731948e-01
6.300396718720536748e-01 6.511153340610007501e-01 6.398804546116663161e-01
6.918942033838675343e-01 7.104503668769656111e-01 6.921830538284500234e-01
4.926308307009639731e-01 4.740885175142707797e-01 5.188355694069956003e-01
5.328733558685645466e-01 4.869140142648465952e-01 5.030356689152710725e-01
6.839939050254745245e-01 6.337761693921868389e-01 6.584081559388673677e-01
7.387482134700229519e-01 6.989641411994398368e-01 6.910879452526959010e-01
4.467604599879385074e-01 4.333253217504564603e-01 4.545700142203624727e-01
4.930733497242247854e-01 5.048787240159380296e-01 5.177064483566357067e-01
5.705565384624299297e-01 6.259578114737959220e-01 6.465560342265346261e-01
6.464125985967318355e-01 6.229756348465547156e-01 6.805065903743060529e-01
5.515111864952332299e-01 5.691252292503956589e-01 5.504293000063088526e-01
4.459533470897595331e-01 4.596636988021688408e-01 4.544365746784316262e-01
5.541048625003609507e-01 5.450493462721859306e-01 5.349880904321361319e-01
7.146474857816833559e-01 7.448347194457042297e-01 7.622461209074997690e-01
5.946691903674343749e-01 5.966614427825904787e-01 6.068486999470854570e-01
6.469068757403776404e-01 6.846402169648511116e-01 7.289082745370291105e-01
4.363342807149444003e-01 4.349135052123588308e-01 4.443364833503922195e-01
5.771591528315007658e-01 5.961979386381043300e-01 5.836729353286977950e-01
6.143598406632871933e-01 6.578072401534748037e-01 5.946007953454705008e-01
6.338465966159056997e-01 6.773730848046506381e-01 6.259200095002886988e-01
5.815332036775051616e-01 5.761929876405676998e-01 5.261004335613259641e-01
5.220875493805431367e-01 4.596145228598800814e-01 5.009543044597055683e-01
4.895264487987273094e-01 5.438570499389466795e-01 4.581670192039057343e-01
4.107052156134673448e-01 4.329549228748500456e-01 4.085796359408087053e-01
6.225125208116412123e-01 6.136430692943550813e-01 6.617963576476666443e-01
6.397335617069453972e-01 6.680549459079836438e-01 6.248596130400031479e-01
5.222741420147073432e-01 4.848948761321578149e-01 4.739861362593781324e-01
7.691718452805568207e-01 6.967275810174289319e-01 7.017608132006848409e-01
5.222380897329594873e-01 5.233478146156806954e-01 5.623778878081651111e-01
7.148010926144614530e-01 7.572656459277322671e-01 7.048085760296395330e-01
6.129502467249642317e-01 5.405922233947690891e-01 5.445502533156934000e-01
5.913843859484495535e-01 6.187436669980301840e-01 5.666945546428927560e-01
7.278262510040043320e-01 7.085716893061216881e-01 7.095023619105054191e-01
7.098667509944738274e-01 7.044657252426446137e-01 6.679161794546489839e-01
6.252638180508528487e-01 6.203137176328561431e-01 6.299417694543580915e-01
6.248303564207079441e-01 6.570446419786719616e-01 6.803775956330826435e-01
8.492243608352662010e-01 8.372757997749150638e-01 8.557118502092053713e-01
5.255516121163548160e-01 5.012474134802620274e-01 5.574830908860505252e-01
4.688152433760574556e-01 5.067238489210583730e-01 5.268937893353571322e-01
5.679154344696885071e-01 5.944693395413540582e-01 6.050744899771108853e-01
6.079749110096478448e-01 6.598363983344934791e-01 6.356980698008174446e-01
4.959519055455606229e-01 5.346110730315695170e-01 5.222779523436188454e-01
5.184123766320343218e-01 5.172156621483039451e-01 5.434547362610143706e-01
6.735907056996337516e-01 6.907227231383579191e-01 6.858587566759762888e-01
5.739262944494545327e-01 5.851095036678750638e-01 6.760172132101506248e-01
4.149102376111323820e-01 4.386457873962292253e-01 4.555652327943159885e-01
4.785315678938844020e-01 5.328224917156854090e-01 5.252586677958731576e-01
6.320598203885497979e-01 6.193471240366511532e-01 6.264145932237802361e-01
7.383862651875320315e-01 7.197204021380322336e-01 7.494310260130534473e-01
4.873359481975763630e-01 5.227840032268586956e-01 5.048619140461325649e-01
3.833461514739444076e-01 3.976308902235608511e-01 4.160711495276107064e-01
5.494192332221784492e-01 5.476825386860488809e-01 5.052747123464372825e-01
6.801971724304872735e-01 6.333859116750282237e-01 6.168744432061766814e-01
6.213229656059692241e-01 6.830768366262143232e-01 6.689094481839357176e-01
6.353581141316687608e-01 7.028623438485462893e-01 6.791497593802555688e-01
5.082680269894966907e-01 4.010851874216950219e-01 5.004710758106636348e-01
6.854965957465433135e-01 6.537546871485149236e-01 6.726352060346880712e-01
5.574503076306343008e-01 5.052890745933978911e-01 5.044324574600420608e-01
5.899495578968404486e-01 6.139721679243462793e-01 6.086098131004789025e-01
5.865439206683631390e-01 6.333216142939948057e-01 6.505755273985907028e-01
4.723094016783962457e-01 4.864114019351484797e-01 5.057950214364496100e-01
6.084492112885316883e-01 6.322848783652947890e-01 7.100139177932848211e-01
5.936183394741997299e-01 5.709672743233015213e-01 5.815431465223610541e-01
5.169051624982891058e-01 5.030262446435714851e-01 4.922530978708932747e-01
7.043999920796032432e-01 6.846929055559385358e-01 6.553450653303657392e-01
4.176101722497005397e-01 3.996291975489609793e-01 4.028964502986051022e-01
5.334264671216121245e-01 5.245321991704504638e-01 4.967269247005376420e-01
7.361371857135573515e-01 7.500147232833741517e-01 7.442656676168124541e-01
4.957898838312449485e-01 4.462982306474317373e-01 4.847584945966957326e-01
5.176943427826480315e-01 5.402636661828745801e-01 5.501817612116938205e-01
5.119860726224999548e-01 5.892198405989997889e-01 5.597294963886318975e-01
5.443333255207754018e-01 5.269628754511929136e-01 5.150294238656357715e-01
7.082498786109363564e-01 7.139587067064027126e-01 7.266225334649797363e-01
5.165031639053578871e-01 5.316504888601693013e-01 5.909991793230479074e-01
6.407240837408014755e-01 6.341646309636592704e-01 6.363891537691208633e-01
5.056555762661073539e-01 4.985986121243104474e-01 4.800095151885900302e-01
5.229771623417356352e-01 5.347070143258855213e-01 5.422621247906080910e-01
6.381000551182357539e-01 6.784659070223293398e-01 6.354737280529201282e-01
5.164386132018193853e-01 5.581734538026872361e-01 4.878119458858081181e-01
5.735237230844772993e-01 5.409012065406137992e-01 5.702658482749231039e-01
5.959964221798444983e-01 5.714755305536094454e-01 5.317481792234506344e-01
7.225436253059486225e-01 7.185041005620790289e-01 6.943561567116175448e-01
4.171737732173535496e-01 3.690898232847990568e-01 3.746307846469664748e-01
7.243987720177988976e-01 6.845812998912584879e-01 7.399253116267651142e-01
6.241759661118252422e-01 6.957222124290913801e-01 6.589388443197368161e-01
7.851109079337873498e-01 7.368542399865339876e-01 7.292018901322508961e-01
7.784471991762952348e-01 7.453588335105135743e-01 7.581751885697879390e-01
4.505608376807369031e-01 4.939901503826261697e-01 4.466405669090413033e-01
3.593539008363087484e-01 3.094479245629451758e-01 3.345025653712140334e-01
5.954789061176477549e-01 5.997559839356197964e-01 5.892851400305366694e-01
8.015302888501312228e-01 8.438757519179075350e-01 8.537027660079963276e-01
6.605422138137694299e-01 6.526271332592675778e-01 6.477643203512558623e-01
7.430655711001779018e-01 7.864461999403631332e-01 6.739466572887616858e-01
5.816310928581746031e-01 5.751392840507965065e-01 5.510738452860763914e-01
9.902555326632878074e-01 9.726292374835352472e-01 9.416098924044808971e-01
6.530285346205085828e-01 6.696317096005953706e-01 6.412226326865525516e-01
4.723242864212890968e-01 4.843014364664119387e-01 4.643697406400344452e-01
4.360844033642735096e-01 3.560779505021556268e-01 4.092039159425719941e-01
7.815504827030539392e-01 7.973190304030358666e-01 7.881329942644333952e-01
4.722410795530714855e-01 4.473384517502692614e-01 4.783116946095712363e-01
5.874887684005500876e-01 5.701747502256464539e-01 5.487386371812217334e-01
6.226482702319566798e-01 6.457393812332349325e-01 6.956491891553391316e-01
6.378268159459887787e-01 6.102585854311568525e-01 6.308567118554333497e-01
4.186372158040688185e-01 4.646513026616915232e-01 4.122015857975303565e-01
7.201528619516931462e-01 6.391470354022558142e-01 6.884789790416592226e-01
5.052390180193582214e-01 5.182465851131469181e-01 4.788019778751149702e-01
6.856751056226825236e-01 7.207999916890697190e-01 6.622533553422309538e-01
6.881012553807641652e-01 6.731848805309184058e-01 7.171809087820156803e-01
4.953754957122163405e-01 4.477340533297580194e-01 4.077747232335286465e-01
5.101060334674234475e-01 4.753216399696818528e-01 4.533836704754625746e-01
6.655095592006411431e-01 6.773961316492193019e-01 7.184968174777780492e-01
5.037887617453493672e-01 5.103715374828277085e-01 5.169437369926795922e-01
5.120289530892261354e-01 5.099810428406290619e-01 5.281132620825139679e-01
7.123134761910105972e-01 6.942093795619481700e-01 7.034982917995160623e-01
7.676243691548295667e-01 7.712696155743344884e-01 7.505236208013071897e-01
7.057508990481219380e-01 7.102939044810084868e-01 7.278429624360056582e-01
5.504732497385349532e-01 5.217674633319683286e-01 5.223973441461955414e-01
8.977720787326547436e-01 9.133014983322443880e-01 8.467571035777052835e-01
5.976723446218472624e-01 5.544025272713534180e-01 5.479589441079018020e-01
6.564861377376568496e-01 6.201863325186008913e-01 6.203309598275416059e-01
6.410302545709415378e-01 6.376247076218595211e-01 6.256998857391394830e-01
6.815883776987270437e-01 6.875216499107900114e-01 6.681751984455523985e-01
5.792829951923167409e-01 6.195865045499550083e-01 5.817560735603481969e-01
4.973705374704395221e-01 5.074126578017156275e-01 4.708708646214061488e-01
6.331767953430426088e-01 6.243826894616292256e-01 6.240808309434494605e-01
7.675990600231951122e-01 8.129390851537436902e-01 7.935542918071035734e-01
8.648568546120479761e-01 9.028562311341052915e-01 8.699918907374626365e-01
4.867347688587694288e-01 4.844559299274149855e-01 4.872413111285789356e-01
5.099546915579834527e-01 4.991468867362484074e-01 4.861230219952211162e-01
6.558539484408792974e-01 6.693758172181895061e-01 6.120437074888599449e-01
6.587362621546083430e-01 6.741740380899223783e-01 6.796231300751892634e-01
4.921751247439972166e-01 4.756671660245114786e-01 4.442926163702309306e-01
8.312055353520810819e-01 8.313946783679820873e-01 9.017909872347006361e-01
6.546712636710457778e-01 5.620717468124202254e-01 6.250401265548251040e-01
6.370097997154592351e-01 6.076859624932554604e-01 6.499966702676486241e-01
7.807611784317524117e-01 7.443701577387011881e-01 7.531238922115058854e-01
4.481697725811125688e-01 5.091006963881200553e-01 4.656917196302662876e-01
5.216154762273920165e-01 5.649648497187399476e-01 4.703454708893913261e-01
4.761505202612122400e-01 5.332912724277434346e-01 4.740930159086362838e-01
5.933346991567005624e-01 5.488779993930226198e-01 5.575546892674086985e-01
7.135442033608133672e-01 7.422866867774597921e-01 6.643664420636841150e-01
5.470158240575225816e-01 6.339932545321991242e-01 5.463675706200454840e-01
7.842145989439016640e-01 7.540927447327009370e-01 7.570226201814798106e-01
7.284135538542862998e-01 7.292555415557333554e-01 7.068694706048839205e-01
4.682881265762428580e-01 4.142996438296067119e-01 4.301671272270267132e-01
4.530522819040114224e-01 4.283224136029131213e-01 5.135203742838841956e-01
7.296946763336933373e-01 7.694980536906947943e-01 7.672845045571561329e-01
5.687790521190381199e-01 5.835608558264936407e-01 5.754196380001179723e-01
6.099918339425595137e-01 6.420986757304790737e-01 6.473063940187550047e-01
6.226985009370851198e-01 6.744545964970209972e-01 6.229834761858114023e-01
8.771061862621644112e-01 9.333154180745596440e-01 8.266305074242432660e-01
5.916836686569032500e-01 6.027501417485314761e-01 6.246641097657643638e-01
7.003344483958137134e-01 7.154687239736291504e-01 7.143054437924865052e-01
5.758505105217750497e-01 5.562801357115971790e-01 5.636178067713287776e-01
6.390072276234149973e-01 6.194938398711218319e-01 5.973292398306793149e-01
7.294937067630917760e-01 7.478409221154986852e-01 7.137803572981152866e-01
5.866946135527307815e-01 5.860052182112926999e-01 5.737000703537392665e-01
5.778584639015040825e-01 5.824613789509207606e-01 6.304801368382176863e-01
5.771298840299169397e-01 5.625827039036025434e-01 5.990676740371021491e-01
7.340537067656668357e-01 7.241850088369898852e-01 7.473710681126740640e-01
4.260067628207246382e-01 4.241547592528316368e-01 4.331866716066259393e-01
5.792070913587393788e-01 6.304580622007884827e-01 5.923409803535369944e-01
8.284511750370695538e-01 8.304551779619759877e-01 8.033378248953766398e-01
5.262413809040216162e-01 4.939911310476472472e-01 4.453515944363022339e-01
4.744456653162749671e-01 4.841586858234805391e-01 5.076274015627669778e-01
7.894317938053759809e-01 7.649518846595532162e-01 7.592084929290873196e-01
7.000900849102534851e-01 6.767935377657833262e-01 6.518977658016213983e-01
6.796383713667782933e-01 6.474502052949723252e-01 6.378888535256589387e-01
7.671441718115061814e-01 7.710086522884006532e-01 7.999417272776062626e-01
5.963728921233910629e-01 6.045498811845915199e-01 6.369126497164040446e-01
6.531514369168255341e-01 6.201847183797580820e-01 6.272953545890811444e-01
7.933964896305447656e-01 7.366964637027769713e-01 7.327372687661145578e-01
3.859831681686706761e-01 3.594622507375647702e-01 3.925660235203111692e-01
5.595645686227166404e-01 5.512281555046063541e-01 5.275396758230816996e-01
5.030010985907268362e-01 4.828746593008511057e-01 4.542887326166910045e-01
7.962343623609968724e-01 7.654074109861687125e-01 7.877323115775214379e-01
8.608365871934258173e-01 8.278948288621421625e-01 8.671608836826010247e-01
7.508191645052872953e-01 7.497854675812599679e-01 7.859249598613806675e-01
6.521537947449068673e-01 6.118182722084861691e-01 5.996210556663034152e-01
4.919922533660722186e-01 5.053578054676508557e-01 4.658294734295644890e-01
6.037543517886176936e-01 6.028327041719104828e-01 6.513753776370444504e-01
5.351675499724957152e-01 4.241542479560760359e-01 5.029628004094860438e-01
7.771317654895248950e-01 8.024723679510331609e-01 7.557454744745855102e-01
6.625442591717579655e-01 6.818153022656352480e-01 7.125813389345193594e-01
5.285662318486531452e-01 6.090708666984760988e-01 5.384847689001257542e-01
5.463405347994636507e-01 4.967963423402501633e-01 5.261653158611189207e-01
2.947051812575351981e-01 3.275428279401069176e-01 3.464819995432010247e-01
4.947039610214528094e-01 5.540807958665929789e-01 4.755956055984037478e-01
4.653133638499980518e-01 5.282675415022690668e-01 5.030054135358263956e-01
4.985369176863477247e-01 4.427693222672952067e-01 4.298442806886669243e-01
6.186475393091673824e-01 6.153217373829679149e-01 6.392605718459561936e-01
4.882319286722488494e-01 4.894087501669520113e-01 4.490379213203874453e-01
7.129555044393833807e-01 7.284587298899424246e-01 6.800107859014078437e-01
6.279825638882402528e-01 6.150161582780167002e-01 6.067766621886667711e-01
7.569672001575467046e-01 7.696859990241209371e-01 7.827517448288531243e-01
6.548643843344547077e-01 6.908406698967903825e-01 6.889613880778809873e-01
6.173932266469217556e-01 6.354235746738845503e-01 6.435045692245765503e-01
5.875084123337690478e-01 5.786462610903573278e-01 6.090087734221752980e-01
5.244464935292293406e-01 5.399220378091723616e-01 5.106468489265235666e-01
5.885118222339844607e-01 5.836205065885777810e-01 6.277932923857399983e-01
6.113667067657736487e-01 6.132011162458308462e-01 5.970553125515787318e-01
5.026854034921843795e-01 5.472520038337772563e-01 6.255052117095574182e-01
6.189737015545079268e-01 6.387807371177472993e-01 6.457931266336244258e-01
8.051383022343018281e-01 7.945487643059632177e-01 7.680376129121652129e-01
5.706954122304960242e-01 5.526257731024826203e-01 5.741436146242759886e-01
3.675207344134371890e-01 3.220935958976753333e-01 3.705913611545142428e-01
7.137864234563827681e-01 7.422802449264174207e-01 6.972090479837940169e-01
5.219480258569281217e-01 4.682690922346091633e-01 5.275856283644687617e-01
7.083351823971197891e-01 7.141247211813256390e-01 7.084383514496589429e-01
4.212109272876642385e-01 4.245797067924034218e-01 4.753415608987943131e-01
4.683847806795107260e-01 4.547813500887489813e-01 4.676398223934933873e-01
6.436451176110257189e-01 6.778665534283396799e-01 6.803202099223684129e-01
7.393457177068846198e-01 6.821885477016612631e-01 6.739871476669019312e-01
6.080034834807610533e-01 6.231240979787328049e-01 5.820477280942958354e-01
5.110512133949656199e-01 4.771935701206855840e-01 5.180616470621911551e-01
4.720249454398838251e-01 4.944056403531619792e-01 4.829663990872704038e-01
4.994858911273551971e-01 5.556302054295912951e-01 4.601072706896955355e-01
6.988734415107945575e-01 7.473864377994221542e-01 7.360616374173084564e-01
6.738917296838908833e-01 6.598096798373944694e-01 6.695669545904380238e-01
7.578269239364533449e-01 6.931461456894030260e-01 7.393109235966086601e-01
6.668523598997248003e-01 6.563423477785629290e-01 6.741716832940014559e-01
5.867016056805374191e-01 5.963235230717796043e-01 5.810384950937645954e-01
5.575239092223206461e-01 5.356026859250870853e-01 5.747534083963762308e-01
6.215154199372409094e-01 5.981580155539365506e-01 6.209621787024097728e-01
7.629087900135465006e-01 7.265303186634118893e-01 7.339526432124938715e-01
7.297362777650424626e-01 7.339693324143623521e-01 7.339928644687152559e-01
4.609064536144062418e-01 4.380638799087979152e-01 4.274989378419113417e-01
5.714417068119208576e-01 6.270126995274081239e-01 6.674064651818322202e-01
3.976921472419054360e-01 3.535160319903588588e-01 4.309217962251640777e-01
6.175724197588727815e-01 6.238636489638538229e-01 6.252318100709370885e-01
4.856855275807897554e-01 5.069047170032405791e-01 4.479174694055438333e-01
5.388574458646987475e-01 5.432851838287853230e-01 5.146199129128166128e-01
6.349143919859797647e-01 6.278241267109727630e-01 6.457340647756527607e-01
5.954659572667992951e-01 5.809380471031336812e-01 5.966106041106642444e-01
7.342666811974700725e-01 7.159728830174316716e-01 7.725230328789034484e-01
5.775212366983466517e-01 5.316250091514570508e-01 6.018146193317533976e-01
6.185009002351962160e-01 6.316165001613204266e-01 6.396118077479031605e-01
3.593134652359059600e-01 3.925317186302990091e-01 4.038371387655378952e-01
6.222412185475089119e-01 6.217947193733532885e-01 6.366577054703344007e-01
4.775960068951606852e-01 5.034440102672115280e-01 4.343124075729743461e-01
8.058001575485467249e-01 7.894579301559824236e-01 8.148559971725827245e-01
6.825928856420196977e-01 6.949539850997662471e-01 6.678672051015354105e-01
4.132491432800817210e-01 3.870998073916889770e-01 3.744714008107092318e-01
5.671517871626170493e-01 5.525177492633810417e-01 5.730074997659994063e-01
5.671744314298291512e-01 5.565093403456690124e-01 6.007980171742123288e-01
6.950449004772120132e-01 6.767453576915340996e-01 6.149270351681830338e-01
8.206232607246078947e-01 7.813050684686255742e-01 7.960706145496562192e-01
5.362844853167938464e-01 5.586589883346954055e-01 4.696757330638193229e-01
7.872821410781833951e-01 7.801548518131395937e-01 7.592530026853299141e-01
5.762250125834048609e-01 6.220064819406565526e-01 5.409489979833767004e-01
7.063129810095686301e-01 6.049202873025771865e-01 6.357825819222562291e-01
5.005206758314036941e-01 5.469702419950502881e-01 5.338723348921431411e-01
5.165102816649366213e-01 4.834434168721365443e-01 4.442196625501534935e-01
7.688542346054227927e-01 7.472354996129894067e-01 7.333370352188482988e-01
4.632313555186203802e-01 4.955026389937259856e-01 4.875398282364998837e-01
8.633819517276934974e-01 7.876685145938598920e-01 8.076752726531329918e-01
6.317614913879023852e-01 5.953526088676484029e-01 6.412993296644242669e-01
6.188989301294561818e-01 6.256196395581072878e-01 6.328358663821797014e-01
6.396844385235944674e-01 5.624881076418111192e-01 5.887188782788369545e-01
6.441424891085721915e-01 6.556753868446159039e-01 7.036436779221150184e-01
6.587452544721553727e-01 6.557318488454065841e-01 5.979511617702714110e-01
3.396530581703641194e-01 3.425155820884363544e-01 3.851658395790731881e-01
4.380722975755425019e-01 4.897876265322368972e-01 4.056230744808707045e-01
6.044311131846112906e-01 5.741095331091707887e-01 5.643276796907263915e-01
5.182380720103446636e-01 5.909864370379034337e-01 6.539351978547639499e-01
3.499637773269842489e-01 3.894099649849920297e-01 3.529733065211770882e-01
4.475783867859157716e-01 4.614477887895260810e-01 4.655004079372038750e-01
6.509044060124635767e-01 7.302618366901878488e-01 6.904015242111571915e-01
6.464512325130350456e-01 5.874905673913567439e-01 6.015385790448251058e-01
5.884094307804097479e-01 6.319233709855254233e-01 5.929801309319605584e-01
5.935241281575278638e-01 5.654268624078085947e-01 6.100766305885356733e-01
6.447326734440032014e-01 6.111644932058994950e-01 6.424300695354941970e-01
5.225773593154953156e-01 4.982865547249336613e-01 4.771078284268204239e-01
6.020559313146881530e-01 6.040618885712042418e-01 5.833558667373953677e-01
5.671566230458300328e-01 5.443563033895083558e-01 4.879282336177558910e-01
6.751318210830923316e-01 6.440706498178665473e-01 5.694658465682952420e-01
5.149812366915860196e-01 5.158651711937372042e-01 4.640463761257247466e-01
7.582026467681095561e-01 8.011495364216443260e-01 7.364521772216328088e-01
6.491347596815769672e-01 6.257645034154823982e-01 7.069404348756143097e-01
5.276441808136373979e-01 4.894735730719360634e-01 5.569666000111794801e-01
4.940931778642705385e-01 4.507509866957839506e-01 4.565086053960002999e-01
6.451745896437541816e-01 6.101629347097453637e-01 6.136214416215892697e-01
5.477558257902223060e-01 5.385546469100899181e-01 5.939289674185810330e-01
5.505546320297615148e-01 5.268893097055993291e-01 6.150988069920058088e-01
7.195520834089643714e-01 7.440224773615525811e-01 7.472377588335540333e-01
4.675566679431636952e-01 4.560919477664746591e-01 5.168376793999547303e-01
6.367355735430870745e-01 6.699213677381259391e-01 6.929877230590953952e-01
6.620174339476000425e-01 6.137865340961629057e-01 6.499908526282343058e-01
8.945594171512913917e-01 8.464572953174125391e-01 8.467466578291010793e-01
4.609807618400578177e-01 4.941416503874018762e-01 4.273796463400003631e-01
4.185414349726894745e-01 3.677266526039273398e-01 3.997244331372085124e-01
6.602675014315473323e-01 6.469790366000198745e-01 6.572666368558232053e-01
6.485747308815374979e-01 6.674141493721934548e-01 6.546273183935573670e-01
6.914733022949232089e-01 7.064020725069073414e-01 7.393182517386359676e-01
5.231326877294650846e-01 5.510926478894891956e-01 5.379227687393267621e-01
6.355173061622358954e-01 6.685835138536438960e-01 6.601754972065437821e-01
6.754196023318344011e-01 6.646580882671179191e-01 6.953900806291946068e-01
8.087989509396802390e-01 7.738901647635453296e-01 7.832202070356667489e-01
5.361581145457745556e-01 6.258088299560563561e-01 5.670115787517484573e-01
8.120314542067741392e-01 7.623019357261348050e-01 7.362445163573271278e-01
5.459772625507254284e-01 5.805214742821792617e-01 5.207028120001695459e-01
5.343662380234672771e-01 5.136359711415351414e-01 5.962849419788777139e-01
5.379754558964172650e-01 5.342439571582167090e-01 4.990480674531945771e-01
6.206069358531585145e-01 6.880532768264406851e-01 5.640921798370597262e-01
4.871755264869228053e-01 5.103918717619890799e-01 4.839102255519003304e-01
5.251006285471699897e-01 4.667821860358931652e-01 5.137142579533053866e-01
8.004623742158782917e-01 8.101072596033198625e-01 8.315143732867624760e-01
6.820558752022364279e-01 7.108675480362439680e-01 6.990980555067358715e-01
4.949032854838796847e-01 5.013869946533493493e-01 6.075235110014217677e-01
5.903805831984790808e-01 6.164215573290473538e-01 6.046051354758509300e-01
5.894404914522706207e-01 5.719535245694267189e-01 6.101920679273670212e-01
8.687872020357937375e-01 8.766697021219771457e-01 8.859512833034528523e-01
6.018149932729921492e-01 5.760483686404513914e-01 6.193053738937219777e-01
4.811602523829065503e-01 4.744312999357385707e-01 4.754475319010036949e-01
5.090930192622133976e-01 5.060789958830516078e-01 5.469799836391989745e-01
6.673881964982243398e-01 7.682670700779156148e-01 6.507704088869232795e-01
4.739500390576472655e-01 5.440234759118152130e-01 5.148922070198594936e-01
4.283366407412755872e-01 4.462145295114470223e-01 3.909993295312467754e-01
5.991993202354966019e-01 6.006669813532895530e-01 5.877884348734541131e-01
5.154845683424623681e-01 5.344833605806464938e-01 5.397213094728722238e-01
5.830327714853041909e-01 5.704800925224837727e-01 5.562673171612831924e-01
6.483912824900158745e-01 6.502897678216148503e-01 6.045022290776189688e-01
4.808911504674285298e-01 4.855825761323190881e-01 5.328463304240085296e-01
5.045327494558884407e-01 5.653285704059249905e-01 5.112639336048371286e-01
7.616772837615319869e-01 7.418191203716160143e-01 7.495510347152378738e-01
7.250946379873629555e-01 7.167348623566924815e-01 6.974117778963376812e-01
5.551661281960387218e-01 4.960701566681536279e-01 5.892137351936191925e-01
6.635775941960164737e-01 6.122197500779331669e-01 6.070388898656827736e-01
7.046383226906632880e-01 7.003653238174647466e-01 6.989894932202574962e-01
5.497363245692339362e-01 5.067187991626248555e-01 4.738840651920140368e-01
5.282584126134353131e-01 5.118440812030908837e-01 5.256925503632756680e-01
5.931333881647088413e-01 6.457225801178386737e-01 6.504209365960211819e-01
7.330773643089296687e-01 6.895615292779345706e-01 6.853488046874154360e-01
6.450255927014874047e-01 6.703058223080230471e-01 6.532133157494878217e-01
5.194363272257594977e-01 4.977858041822851853e-01 5.275688771926454468e-01
7.261368411072989248e-01 6.962608398441751945e-01 7.072278117541898057e-01
5.765636800164358755e-01 6.058002475460448899e-01 6.296136967019505537e-01
5.945851570374361961e-01 6.017966115515147596e-01 6.094925237528964201e-01
3.910020066718807863e-01 4.182678648673895938e-01 3.623970868257520017e-01
5.628673241070187849e-01 5.700423146650963613e-01 5.345824133437520054e-01
6.023839217766809861e-01 5.373213074406285594e-01 5.472911971006277909e-01
5.642520460908264646e-01 6.422986020024545883e-01 5.760751755595491241e-01
6.299747963572908116e-01 6.220226757477005375e-01 6.114462636706310406e-01
4.843145568203042206e-01 5.194090768132413327e-01 4.483886926924424143e-01
5.591767346578441211e-01 4.880683123018454972e-01 5.301174824238392702e-01
5.409292099650744312e-01 5.373726824198795660e-01 5.134939901212650648e-01
5.224046302803786457e-01 5.513769565749218060e-01 5.219788273238168408e-01
6.724099117309373375e-01 6.125301745822963051e-01 5.918886187130740772e-01
6.534570442424124659e-01 5.858924732446805228e-01 5.875637542006932890e-01
6.539473561394394396e-01 6.929252111629005118e-01 6.749754066167746869e-01
6.138346119044737481e-01 6.035755450511264275e-01 6.541790970386419657e-01
6.555435463631387183e-01 6.893878638329664632e-01 6.324705545921408545e-01
5.129028910574991995e-01 5.271234920716920680e-01 5.210769251929809887e-01
7.495967335689950328e-01 7.264321442291337139e-01 6.868232930241308098e-01
7.790924774881080594e-01 7.736723459546430703e-01 7.594557617914775571e-01
6.363679198852908447e-01 7.356531051217545247e-01 6.869837324167781256e-01
6.739744419024970012e-01 6.990593026883248351e-01 6.768892450195167498e-01
4.290783226891329849e-01 5.119569202836975474e-01 4.051911266167915748e-01
4.058423623262185087e-01 3.447133366663424070e-01 3.999465762467527274e-01
5.578978099784398514e-01 5.737321400303007080e-01 5.422650462016329609e-01
5.679940491512337486e-01 5.040116144643446150e-01 5.287417767491412457e-01
4.139466825623089319e-01 4.438902603702580274e-01 4.177936089300250400e-01
4.562246712187087438e-01 4.562580868620384478e-01 4.338584341123810639e-01
4.699815406649707761e-01 4.703649798104551638e-01 4.404469720461559601e-01
4.982393816437865608e-01 5.531779135647914014e-01 5.260684835783433488e-01
3.451556501402074928e-01 3.657127278764826239e-01 3.576902373672152802e-01
5.329857746147201869e-01 5.329693578785930086e-01 4.824964943668097472e-01
5.073282252377243617e-01 5.374968060724898411e-01 4.680866441318128346e-01
6.136700817751483683e-01 5.516431167584610051e-01 6.368440442028873161e-01
5.160880742782913977e-01 4.921618502021302133e-01 4.949579847500502061e-01
8.010072813558714033e-01 7.969615876432466495e-01 8.270503741316915791e-01
4.805945626341855403e-01 5.167039217232594073e-01 5.508578368616698917e-01
6.333845904635095891e-01 5.542887238515460391e-01 6.076106661111351226e-01
6.759402638494709237e-01 7.046269773279009163e-01 7.146435798674284356e-01
7.204104036673364408e-01 7.459727461419217720e-01 7.152450390248813461e-01
4.964041710698309795e-01 5.133109490594547353e-01 5.191467794532615976e-01
6.570012532949336403e-01 6.268367099834205591e-01 6.836424968345382602e-01
4.720582181847709502e-01 4.703231540687101142e-01 4.922382829817937289e-01
7.787875396699156516e-01 8.122702210607952722e-01 8.393135337507874327e-01
5.383972990307522855e-01 5.567342347185405549e-01 5.719238125256368432e-01
6.499898551868406038e-01 6.726925078088348275e-01 6.286984522105697470e-01
4.868345363443348228e-01 5.159336731229883233e-01 5.055655982517355262e-01
5.716454093207803400e-01 5.403913677487309775e-01 5.692933478541328807e-01
5.562518247250463066e-01 5.773903301000404831e-01 5.463192933436599175e-01
5.765529668543928343e-01 5.880545231602094525e-01 5.657811745810824577e-01
7.087962517136709995e-01 6.481017788508177668e-01 6.894190110312188313e-01
5.886854187929372317e-01 6.256809586337684914e-01 6.233448381859311160e-01
4.568094856561706885e-01 5.249404076123475038e-01 5.015369353792943352e-01
3.958399588823320880e-01 4.260320434158543224e-01 3.528864325881529429e-01
7.525871869836742167e-01 7.512473872926422880e-01 7.652831156642738719e-01
6.249807504897642030e-01 5.725593626538206804e-01 5.619728749217507424e-01
5.861085689495283413e-01 5.995916050946044074e-01 6.862678462666667034e-01
4.235720177275492104e-01 4.103828157635531215e-01 3.669350868770653307e-01
5.509337376359331184e-01 5.437579285299768417e-01 5.755957528301884896e-01
6.174395937573806670e-01 6.124562495356725700e-01 6.098736101914815633e-01
4.099324525173617673e-01 4.615559249433424660e-01 4.534944865014311488e-01
5.467050391026745393e-01 5.824606396044631484e-01 6.124816770390424381e-01
6.081466921717614271e-01 6.016724083186882899e-01 6.355738312526105771e-01
6.540845101003172068e-01 6.608491394748148284e-01 7.396617319917222488e-01
6.649189902061053425e-01 6.867132952408867563e-01 7.094592693025267849e-01
5.443755714503398790e-01 5.788057338427812226e-01 5.312596285338307966e-01
6.455286613179488375e-01 6.922952286230923402e-01 6.702269119414695497e-01
5.260794348201855986e-01 5.447422751448433020e-01 4.747777190282886917e-01
6.044835360894800225e-01 5.973119430711694156e-01 6.231201193457831522e-01
4.611836310542415385e-01 4.452425864439792380e-01 4.186976919030355737e-01
5.566047643403823075e-01 6.116556329232124556e-01 5.272371013971604015e-01
6.191387689432087393e-01 6.296903585872314357e-01 6.503167378707921387e-01
5.774213726206678388e-01 6.287672314239899363e-01 5.423673636577495127e-01
6.174710737340174393e-01 6.047052235607757176e-01 5.876578484337734443e-01
7.660592596098403373e-01 7.353886610624438269e-01 6.866805447158914610e-01
3.823338195210185253e-01 4.355369890298027569e-01 3.667838585883770874e-01
6.019019437071385648e-01 6.675550783897928886e-01 6.933419924973792670e-01
6.181674263254863799e-01 6.079391727404744872e-01 6.244014767227642482e-01
7.455576120600394541e-01 7.649463459922495323e-01 7.843705301453166578e-01
8.393839046076192467e-01 8.001272787988652491e-01 7.990577853798003227e-01
7.063149474903536174e-01 6.926647505103660230e-01 6.468907140883248807e-01
9.964198793609333471e-01 9.498486050042039830e-01 9.053690873220401336e-01
6.205645221385873711e-01 6.004277736998725468e-01 5.852894010808130654e-01
3.892828975743067299e-01 4.230628367035113579e-01 4.126127545605674518e-01
5.550625627643499538e-01 5.602183729064555973e-01 5.175564454184272689e-01
7.622238209835936473e-01 7.934999642782305518e-01 7.607585174894343494e-01
6.989709913468575841e-01 6.381837792742738324e-01 7.029389300369316418e-01
4.740801422896438466e-01 4.621001827639439896e-01 4.817277878705322203e-01
4.958789571924613893e-01 5.060569883779921785e-01 4.612693500074635522e-01
7.860014998909709005e-01 8.022689786067797035e-01 8.229767282723033928e-01
6.321128471565666818e-01 6.941977547161163331e-01 6.852822902645953063e-01
4.528060231935620572e-01 4.562714612438781847e-01 5.192849778760045831e-01
4.591905235041243150e-01 5.020418657158300935e-01 4.775476185674419338e-01
4.525061605225862427e-01 4.229087350142919366e-01 4.746098072593864514e-01
4.300584536406888425e-01 4.320325193992525237e-01 4.546620537592499511e-01
4.243766698083575317e-01 4.466120001096899328e-01 4.199046169930569228e-01
6.603872130792385331e-01 7.013114899178095607e-01 7.437343476109766760e-01
6.574970995879959590e-01 6.440379862594469706e-01 6.663214264955676924e-01
7.448036352683463646e-01 6.941386491789030000e-01 6.507789492718295543e-01
8.009575740875174432e-01 8.161330687980800080e-01 9.174603704433668128e-01
5.899623624295230462e-01 5.891419504001722540e-01 6.533125183139316672e-01
6.492243639006044509e-01 6.701498508600448600e-01 6.000192450848315096e-01
6.967616288262763469e-01 6.773296906654339145e-01 6.987824491760133983e-01
5.632615110600081021e-01 5.478148575678927212e-01 6.162185930107769716e-01
8.238623927728728757e-01 8.908060176647157880e-01 9.182751917089684301e-01
9.319010350049279356e-01 8.639185870564191072e-01 8.062047578252751201e-01
7.334118363032916532e-01 6.992271746580122072e-01 7.158672543608781691e-01
4.970067950696961390e-01 4.516526929277761560e-01 4.981861279399525388e-01
4.553440259671517332e-01 4.597768608203517404e-01 4.508479636719388006e-01
6.922476715119643131e-01 6.979307030734926975e-01 6.798191377336600949e-01
5.294906940037694687e-01 5.813933676700039355e-01 5.961489236275866466e-01
6.342419998539302606e-01 6.438867955759191020e-01 6.304924793389782289e-01
4.975283705112183985e-01 4.850638479774717071e-01 4.552014340415870830e-01
4.817159900377893100e-01 4.554557963376847374e-01 4.593589327918767284e-01
4.034287535934146240e-01 4.521413861272937096e-01 4.181814527956090877e-01
7.010254614327227074e-01 6.492210025250046979e-01 6.900504129521730645e-01
8.129683249723822502e-01 8.294550079445022206e-01 7.875675983642346223e-01
5.544853503227037406e-01 5.612160221133029037e-01 5.334334581998594338e-01
3.693734061036673122e-01 3.820432756677932251e-01 4.038211981098034364e-01
5.949045224614259997e-01 6.502841750889004624e-01 6.297552864268762818e-01
5.262369812221787679e-01 5.379124703112766470e-01 5.417196814716728204e-01
6.390244360036319016e-01 5.583477213911127723e-01 5.792692187542463067e-01
5.633666440241104079e-01 5.242235893163017524e-01 5.771121766286588795e-01
5.180666994544936843e-01 5.599610131125385415e-01 5.513117360205141981e-01
7.395782739141449902e-01 6.896645396326881450e-01 6.854673130524077118e-01
4.307711373943232114e-01 4.686388184948721558e-01 4.115936572105603486e-01
4.144947405283401776e-01 4.337278727056677052e-01 5.224914802848189543e-01
3.525656422755156783e-01 2.887409034438104261e-01 3.107290010780551226e-01
5.565328106834014354e-01 6.132123684006572928e-01 6.457050939420817537e-01
5.913659581245552799e-01 6.222311353060461236e-01 6.756883007094414140e-01
6.737197137137961311e-01 6.424242586926145471e-01 6.871113867495185490e-01
5.182322172593203380e-01 5.909787889773968628e-01 5.572513899497784085e-01
4.797165203005127609e-01 4.941176825821610441e-01 4.473901240255589440e-01
4.146371572523954718e-01 4.404975192425787944e-01 4.276288701228061484e-01
4.572937555149417244e-01 5.110235736102891613e-01 5.195076597721163258e-01
5.863675738005925675e-01 5.645232691253188051e-01 6.342414421264144231e-01
5.414158656488304855e-01 5.552298994862134851e-01 5.136739993268224502e-01
5.383938198668770658e-01 5.738015889848026019e-01 5.713178289668424670e-01
5.924481766118464554e-01 5.880796155422773897e-01 5.762843727261950377e-01
6.618833613540866523e-01 7.147805171251606637e-01 6.642155533803083545e-01
4.214106186810965271e-01 4.811458312063914278e-01 4.879236852414305381e-01
5.784492220488050007e-01 5.633974748220872408e-01 5.610250651163068980e-01
5.274918321670076793e-01 5.358616948980131633e-01 4.905127637019036091e-01
6.628278318207797559e-01 7.497524333601764956e-01 6.890537696138696599e-01
6.555782449815595880e-01 7.192314191920794464e-01 7.100540980731168128e-01
7.548645502081074987e-01 7.668173859543334636e-01 7.816791134998368751e-01
6.074971954124960272e-01 6.064113023801012137e-01 5.966421856266815871e-01
6.205788856787228802e-01 6.157101424146446123e-01 6.694901584640021719e-01
4.031524475654691964e-01 3.897125252474812895e-01 3.373277654427239702e-01
5.605285970083873082e-01 6.036967791530225558e-01 5.957124868892376135e-01
3.383903528322284582e-01 3.414209399674124623e-01 3.781090821252880985e-01
6.760708687726554311e-01 6.939879095319383406e-01 6.856532494841495184e-01
4.635516982021667398e-01 4.279333255033991312e-01 5.211752901326724974e-01
5.193674538935907359e-01 5.790124570727026576e-01 4.824944240926913319e-01
5.620295439833178364e-01 5.241041150126751758e-01 5.233645789114155233e-01
6.481644912669651815e-01 6.530696295434303966e-01 6.286874650298364120e-01
5.871780699460179553e-01 5.808220158932917432e-01 5.374007791379610266e-01
5.829119053567105579e-01 5.542074934303099498e-01 5.057622901420048001e-01
6.722869064645710102e-01 6.069283661272616426e-01 6.379919809075955683e-01
5.671247246057411484e-01 5.455515305352816036e-01 5.145583931676240841e-01
4.298155614178128525e-01 4.974274247493246648e-01 4.957777164108825851e-01
6.300362283291309762e-01 5.891306031849509184e-01 5.397433177931595383e-01
6.661169871622893979e-01 6.751818582655495504e-01 7.063380752458173761e-01
4.547219234975863889e-01 4.112696912173043895e-01 4.241549876081956438e-01
6.025869026746614177e-01 5.533259793441490659e-01 5.359235881908772647e-01
5.114127055793927790e-01 4.371900532644503179e-01 4.767366628595735012e-01
5.187381973084019826e-01 5.623939819897663117e-01 5.691030930286491429e-01
5.849168702864534497e-01 6.201708447270224411e-01 5.601368835374456179e-01
4.867738315645128711e-01 4.294373517612208868e-01 4.673840429880186664e-01
5.554057271735308721e-01 5.014926986984131752e-01 5.324706541103303437e-01
4.685677158612915338e-01 4.684291094615256057e-01 4.551888961112619536e-01
6.553001756225661500e-01 7.023260385991229038e-01 6.944463085171955763e-01
6.777326377928817314e-01 5.980611457896783945e-01 6.379735913573741923e-01
6.405948942309090954e-01 6.134231468145324717e-01 6.474473443327825040e-01
6.325795471550363924e-01 6.241226670312381986e-01 6.201925394265689340e-01
7.554561681838143361e-01 7.586302963358939611e-01 6.982953894066947775e-01
5.283454589795510969e-01 5.077419521049665319e-01 5.087195320650440555e-01
4.320867576375468366e-01 4.356445198443030242e-01 4.449913719343397966e-01
7.505544119775979794e-01 7.102610751678417600e-01 7.306188876777667263e-01
7.573970830310225999e-01 7.448912923704955613e-01 7.430852694748161236e-01
5.845544338944109741e-01 6.054264562000589711e-01 6.152974360772749396e-01
5.816532489417305385e-01 5.716877425037226734e-01 5.624722164342628172e-01
6.753822806598405171e-01 6.602599836323457261e-01 6.631850629866561375e-01
7.634391579584696164e-01 7.726253255480608484e-01 7.835122043180882123e-01
7.033078549391006407e-01 7.556249072173881753e-01 7.274331362517750810e-01
6.170134216429032925e-01 6.036211222937587495e-01 5.923504620776379737e-01
5.808042988740574897e-01 5.147788451522029574e-01 5.091224523493713683e-01
5.402482649564960271e-01 4.979386906600812290e-01 5.840447191429208873e-01
5.146147629357135100e-01 5.013651452899002825e-01 5.906253330740692808e-01
4.763234413663007261e-01 5.007605872311188255e-01 4.927799453980712396e-01
4.657194339441309561e-01 3.991539397302835690e-01 4.324372717653274245e-01
4.962034216034269529e-01 5.295511247806993227e-01 5.427163888384405332e-01
5.324376946301639935e-01 5.612121333209408869e-01 5.876162124991438640e-01
5.074046800199976115e-01 6.038707542264249994e-01 5.661871031450093072e-01
6.023073963022664845e-01 6.664771456007061445e-01 6.077154176535372043e-01
8.128454623265702894e-01 8.181357337632119142e-01 8.204458488592221155e-01
5.136867902133444019e-01 5.489919411310902886e-01 5.203713079557711341e-01
6.165344242352426285e-01 6.391550913822957591e-01 6.253663614672115845e-01
4.613469749445323065e-01 4.771275543260679597e-01 4.656283424528567805e-01
4.892303935054779784e-01 5.069074174966883284e-01 5.169785512628612967e-01
5.424122657742233011e-01 5.267949640681536261e-01 5.971463204756539689e-01
6.465866771055187590e-01 6.019388292338339053e-01 6.377729302256388566e-01
6.780475145046943597e-01 6.407352954990521710e-01 5.984226555506443335e-01
6.288706340173085829e-01 6.258114514765126257e-01 5.835260666039784327e-01
5.863017056533758042e-01 6.148260340544321467e-01 5.842585414412324596e-01
6.821722952792796946e-01 6.382394933279392779e-01 6.548243549890723214e-01
6.517893940245383932e-01 5.957220095207749200e-01 6.120576904268854035e-01
6.169785406493891733e-01 6.648611691652069888e-01 6.932291107124686214e-01
3.927666067185570653e-01 4.264647114158236496e-01 4.450312064132124767e-01
5.364446188695926043e-01 5.068229793596371602e-01 5.396453391173920977e-01
6.701709756461304845e-01 7.577674026454883638e-01 7.045544544612111215e-01
7.203502416222729021e-01 7.996262534229824359e-01 7.876170554148173020e-01
4.601641388991580817e-01 4.917828977207572283e-01 5.482221364242516604e-01
7.376616201972894249e-01 8.443555182994957331e-01 7.766215613691708208e-01
6.142659774083683022e-01 6.087801070673202197e-01 6.419832635706386181e-01
5.905365047981967486e-01 6.260765697817598507e-01 6.181751751046594689e-01
4.803623738527672549e-01 4.320943446637294238e-01 5.063746773031484461e-01
5.086475246553933127e-01 5.199186707188284684e-01 4.858564026476845377e-01
5.589954922722892849e-01 5.508798154277274595e-01 5.430054957399698123e-01
6.906294624502469226e-01 6.469612405438317504e-01 5.966296317022784512e-01
6.199423004417438099e-01 5.931682281481471808e-01 6.120750389045161999e-01
5.301972715842130368e-01 4.622509541287150858e-01 4.482500890024279094e-01
6.402209676434579277e-01 7.090057374159746129e-01 6.711887306351144167e-01
6.155002142190837411e-01 6.231315078251774553e-01 5.522784662982955783e-01
7.436942925708633911e-01 7.686824467184523169e-01 7.686072332147458885e-01
5.614115934494060545e-01 5.759727265454930301e-01 5.637686845354613618e-01
5.754091058188600671e-01 5.624435699557622792e-01 5.831499298232954986e-01
5.334506968728877085e-01 5.789689411022315157e-01 5.280181438835388485e-01
5.031780481244352288e-01 5.426751164938998784e-01 5.388691948930275366e-01
5.510975609299166855e-01 5.603663123245486988e-01 5.868001857069147231e-01
6.889511010691193871e-01 6.984411919717720130e-01 6.619718003807494311e-01
6.080134824756888712e-01 6.685860899828918180e-01 6.239211233157508918e-01
6.360401677351322780e-01 6.093567322711387346e-01 6.261393752705878279e-01
5.468617689115286007e-01 5.393826514050955589e-01 5.685665791379616030e-01
6.322874554433299821e-01 6.241930219152205250e-01 6.098220742965301255e-01
4.622836407328190789e-01 4.726124507649926421e-01 4.731927058730296953e-01
5.588951553928187543e-01 5.234306648335433909e-01 4.673365574927639821e-01
4.749807151348099388e-01 5.590988771356965037e-01 4.871750974257874067e-01
4.988108178560621830e-01 4.903250041422200778e-01 4.620026658924833995e-01
7.572977616611841212e-01 7.294738305571032422e-01 7.218710370572366530e-01
7.386380648833288376e-01 8.026317810016087018e-01 8.047548262433744659e-01
6.281520761146174303e-01 6.003621980324485019e-01 5.845439186401562015e-01
7.805951992590034472e-01 8.738360063720090887e-01 9.125824779058275826e-01
4.701247962175831296e-01 5.381214665089537608e-01 4.870737109860460712e-01
6.326294087665348398e-01 5.996518314882803846e-01 5.762835468398551653e-01
8.677131495132334171e-01 9.127392048446272277e-01 8.965804364978327001e-01
6.215160592917303717e-01 5.903924278816593540e-01 6.283185128704819045e-01
7.504071436163370912e-01 7.276333442323168477e-01 7.774748916902636253e-01
7.154784808892156178e-01 6.864477452580246553e-01 7.135768745786532641e-01
7.584801067350406267e-01 7.414474219093214469e-01 7.422284507984041602e-01
5.518944217429122556e-01 5.790961359362502003e-01 6.161825428399528848e-01
5.092927070660294708e-01 5.126088007284061998e-01 4.885087491216076327e-01
5.613670619480354285e-01 5.878880183510284407e-01 5.199808911639313136e-01
6.974461832754290658e-01 6.787772592378648051e-01 6.624692684834199152e-01
7.377866840410725047e-01 7.339858588182531784e-01 7.378807856919177288e-01
8.903700591387924135e-01 8.713013490803120931e-01 8.905410581531773007e-01
6.623691292358105942e-01 6.603419440338614832e-01 6.543489249127846241e-01
5.936606752766562245e-01 6.607331657931445612e-01 6.009061560103725608e-01
6.799700400007152590e-01 6.583243910181810765e-01 7.228483806154025748e-01
6.658204082481163910e-01 7.095755196453713554e-01 6.157988374816143473e-01
6.576567593003985746e-01 6.823338519336220598e-01 6.546345055968029181e-01
5.038735169430119676e-01 5.588421530495368827e-01 5.243143336543494293e-01
6.287700078217405286e-01 6.164781990104460929e-01 5.811734517528741595e-01
5.607832392301594915e-01 5.888669566135297240e-01 4.680763178178272699e-01
5.325270135999399246e-01 5.640738424946678542e-01 5.607156812372799948e-01
7.216510638514745946e-01 7.118075274990880441e-01 7.280290313343152908e-01
5.241041647782587187e-01 5.258482713418071164e-01 5.179499222615838727e-01
6.958037197359629999e-01 6.650213326861111884e-01 6.761778799902246062e-01
5.752169668772134647e-01 6.131599008525373540e-01 5.855014740918905725e-01
7.714665413938204264e-01 7.966694622077524768e-01 7.559356386898599123e-01
4.148316322949102686e-01 3.715114228001306085e-01 3.994139179509254567e-01
7.367455361128885105e-01 7.655119213398065003e-01 6.866756166038245901e-01
5.817250289493136606e-01 6.237945384511409674e-01 5.361125103364352551e-01
6.590432879396983523e-01 6.358755576829419054e-01 6.447180125770414216e-01
5.472231509195081278e-01 5.930993207388904898e-01 5.490878876186361390e-01
8.108383667992358212e-01 7.527492028100876142e-01 7.509490349053392633e-01
5.717517652477777101e-01 6.403634413086929378e-01 6.382529594784496219e-01
6.896557860793611772e-01 6.552401585051801369e-01 7.400139610290173975e-01
4.238838289508525259e-01 3.621045966288076179e-01 4.072239870246119331e-01
7.608135152344163155e-01 7.638362323840285351e-01 7.155514486990824929e-01
6.238846788255293374e-01 5.611266775697436593e-01 6.225067900695601120e-01
6.914231765722880230e-01 7.067449110320805916e-01 6.502964575075973475e-01
5.636631253397006436e-01 6.267630062546568626e-01 6.100720363871078300e-01
4.636132668089934517e-01 4.608929569556977635e-01 4.833997345089237618e-01
5.333581723538342034e-01 4.757162519582626148e-01 4.975028107919691189e-01
5.041904904064865578e-01 5.759003109410790744e-01 5.506482342384625417e-01
6.192132686965565735e-01 5.751754756289065851e-01 5.689134381353331271e-01
6.149940003729511551e-01 6.182802258271724583e-01 6.501904539066424293e-01
7.338894855610414991e-01 7.119022553264743314e-01 7.004567627405486885e-01
3.931167712459490704e-01 3.983098230077100621e-01 4.354704003650959332e-01
6.024373704256795747e-01 6.311157520458486880e-01 6.656477600943888628e-01
6.119593266731198078e-01 5.304358799661629265e-01 5.228113637732773045e-01
4.580311767055267325e-01 4.447702789089278408e-01 5.113080323762918544e-01
5.786209643297532956e-01 6.385754202588359574e-01 6.026898050303276522e-01
6.807262009937941061e-01 5.829895506950972806e-01 5.845342733181551065e-01
6.268166359098721330e-01 6.208126837696748002e-01 5.837004148668849535e-01
5.611978481551317399e-01 5.906728710910774671e-01 5.463062392739133077e-01
6.898027778453792447e-01 7.928350822104702766e-01 7.396284932331383954e-01
3.526774581409137244e-01 3.552120600101534853e-01 3.435708919882192180e-01
5.537218387527422792e-01 6.085642325573915601e-01 5.638994781503112730e-01
5.837243923419744851e-01 6.354780329007716499e-01 6.701802109037334754e-01
5.151868352739912282e-01 5.742271484546481730e-01 5.631216551581633700e-01
7.015760476718674310e-01 6.852046566769141034e-01 6.648119780771334364e-01
7.012205505392644644e-01 6.557605555744374648e-01 7.064738056164480140e-01
5.409790650257705336e-01 4.780011091206258778e-01 5.141754645008206337e-01
6.456340617028697437e-01 6.503895552367224830e-01 6.202854262426958920e-01
5.461705199276222222e-01 4.819553853281790534e-01 4.803376392877548029e-01
5.556867961825270319e-01 5.951895657213694957e-01 5.635307978878750790e-01
6.455734900249765484e-01 6.471826933985375119e-01 6.542101849514390111e-01
8.513641105651376106e-01 7.878953790477807306e-01 7.960156729941449960e-01
7.946674493405936346e-01 7.154861669738604713e-01 7.669918640236867979e-01
4.759176670417500365e-01 4.520507626600291373e-01 4.328440651113204529e-01
6.141691197618091014e-01 6.268766353136341341e-01 6.274541588657069902e-01
5.395597577417685642e-01 6.264426111755251325e-01 5.633444616510377978e-01
6.150551075593845285e-01 5.876863236093796683e-01 5.777658110542351899e-01
5.449289715771096221e-01 5.005403643308135031e-01 5.335074731866246145e-01
5.392661874240229913e-01 5.745642343861159240e-01 5.472738582596115009e-01
5.117172443304790486e-01 5.291117578261897991e-01 4.887961505906373016e-01
6.779245036950932723e-01 6.515179746568837693e-01 6.624263673726888957e-01
4.954677678718611977e-01 5.047647695430460546e-01 4.334981902404660969e-01
7.028793992533146628e-01 7.044038463133273087e-01 7.523062765417284359e-01
7.135905226816159352e-01 7.268906769609545515e-01 7.097934421425318163e-01
5.699946740919347166e-01 5.044036554919810733e-01 5.683349617705300005e-01
4.545793488290039708e-01 5.301918499059705692e-01 4.946468482255171883e-01
6.576876727501801412e-01 6.340959913355139754e-01 6.773506152014638904e-01
6.420864798788072925e-01 6.175212936793098573e-01 5.905401777122023521e-01
7.011334675660244597e-01 6.318993459635310339e-01 6.479452275687133112e-01
6.206535112817963551e-01 6.555087009179518809e-01 6.894772323182951634e-01
5.187168888243995912e-01 4.814249185398294384e-01 4.486859950655567864e-01
6.968764503453532821e-01 6.642065715623405309e-01 7.338078876362630343e-01
7.028419302269089952e-01 7.007755349847818449e-01 6.890270023291936718e-01
5.190147029029960057e-01 5.325952412532284352e-01 4.888316138969919233e-01
5.032783076211895246e-01 4.901298894110975857e-01 4.969230162925349359e-01
5.895303850528773593e-01 5.855944029013818719e-01 5.793730691017213719e-01
6.571296486898897671e-01 6.492275276671689577e-01 7.072615895079151782e-01
6.654091785301533557e-01 6.614631171255024311e-01 6.254387909350025421e-01
5.484098333112382706e-01 5.963239211440626297e-01 6.108362186561322460e-01
8.453307019273273992e-01 8.619369139013653980e-01 7.707679707178404227e-01
7.388585169206867143e-01 6.540111301947174605e-01 7.270246536406623772e-01
5.921191476276226329e-01 5.976429675357795013e-01 6.114254896586761578e-01
5.323942694304285572e-01 4.747541810050244782e-01 4.516307578964467995e-01
8.703010680429302814e-01 9.029640768127707995e-01 8.808760783917819470e-01
5.310881941508940329e-01 5.298463043768069092e-01 5.670348700018466026e-01
4.484311357372058326e-01 4.140971496150988029e-01 4.062009357913074492e-01
5.991132501133072941e-01 5.752394846667950867e-01 5.973083895621166262e-01
5.694450162968499596e-01 5.677654704431075450e-01 6.145438973616353939e-01
6.890920844901196052e-01 6.983218580117130925e-01 6.724050778236884129e-01
5.285923335092671538e-01 5.031507205478364941e-01 4.877228419043039831e-01
6.935305426281543895e-01 6.982757822473373288e-01 7.194983621011428188e-01
6.601193042026970437e-01 6.526807712384078419e-01 6.555799892686043906e-01
6.428001521976266508e-01 6.104390688538564591e-01 6.506806786303985790e-01
6.303644628395097538e-01 6.550349404530411146e-01 6.561750814902934659e-01
3.162480724763993001e-01 3.000476793546121845e-01 3.584324067400961322e-01
8.114553584826090793e-01 7.838124894238795992e-01 8.031671793525420044e-01
4.968603632707619955e-01 5.014108043895710853e-01 4.783408114528772126e-01
5.219701869868921262e-01 4.717426809642113472e-01 4.512399131148281950e-01
4.828745789008584977e-01 5.183094983385957422e-01 4.689023456104182142e-01
5.474400241335456441e-01 5.735273058936021240e-01 5.940668174729434314e-01
5.804165163347604350e-01 5.868380620688303795e-01 5.803541995321648272e-01
7.746669595443863576e-01 7.154588385078046731e-01 7.167410354333472178e-01
7.328965829671973964e-01 7.339380869808402874e-01 7.256497888113451200e-01
5.938479685462284552e-01 5.789456118701685750e-01 6.079673171809903964e-01
7.273452368732895579e-01 6.981387245724952617e-01 6.792255022978849199e-01
6.954883850336882611e-01 6.626659600403951300e-01 6.675748736002486972e-01
4.939980651442056336e-01 5.486846407859612418e-01 5.610610080080614681e-01
6.584532045921650534e-01 6.125727443356367985e-01 6.950920642121977133e-01
8.296594551967572118e-01 8.272240889624912219e-01 7.544952243977105510e-01
3.591896551206938404e-01 3.928380691586702556e-01 3.548416686763593009e-01
4.071826162255383630e-01 3.402437276296929047e-01 4.158030052605635740e-01
5.336017540497581813e-01 5.435886038289839961e-01 5.097655775749043716e-01
4.261573882389020906e-01 4.214974673054822096e-01 4.202086812327477383e-01
4.820062043999038814e-01 4.616151665201427834e-01 5.030432686955537136e-01
6.805063530595786281e-01 6.671868981821651445e-01 6.587972246402583609e-01
7.380294250380969867e-01 6.686170882811385274e-01 7.786847817319298981e-01
4.279439071894463598e-01 4.384710368097535782e-01 4.678763386841345850e-01
4.795796769849151042e-01 4.969365268463757368e-01 4.630554858087837511e-01
8.075110807706492588e-01 8.293513309582254411e-01 6.991294136173603624e-01
6.270641590951216982e-01 6.082919645903828165e-01 5.965150110129331384e-01
7.079085397289531789e-01 6.931686930676189684e-01 6.684278179288201116e-01
6.635646227580341838e-01 6.682430185264276457e-01 6.464225285098347262e-01
5.580055387547002699e-01 5.248221563671335854e-01 5.428931626083791651e-01
5.030490792880366602e-01 4.922713523163593230e-01 5.150915950967092094e-01
6.353062642705098462e-01 5.833258432446118968e-01 6.118996878008360341e-01
8.116895641835378816e-01 8.125558290415536566e-01 8.378133126163078703e-01
7.785205827298593562e-01 8.013755272382193651e-01 7.516683830777604047e-01
4.361819730819058161e-01 4.955411603043592406e-01 4.300106898898007346e-01
4.501518336895575234e-01 4.075732228354749798e-01 4.565664573476409527e-01
5.954419137495949865e-01 5.602638289283109474e-01 5.125764236576496602e-01
5.997536218932687513e-01 6.103226235070754457e-01 5.466294360102864625e-01
6.242364630619042787e-01 5.747728699487255621e-01 6.808110107994382876e-01
6.554229785698439947e-01 6.018220151020201580e-01 6.546795575858420646e-01
5.208652995233206129e-01 5.269174725709929730e-01 5.149358025936621175e-01
4.636618344351448040e-01 4.063366885748672663e-01 4.485157458505414363e-01
6.491816101378816706e-01 6.844112679992783166e-01 6.935120198925242008e-01
6.728687210693449217e-01 6.247401667859241448e-01 6.451357445150877057e-01
