7.695387828635815719e-01 7.093856394049737890e-01
6.812732691709597610e-01 7.186042387210358484e-01
8.705054463008013999e-01 8.146278699918788613e-01
6.010263809592754081e-01 5.732836649941311924e-01
5.620620365245283523e-01 4.994011747622868480e-01
6.673143277039027543e-01 6.396604787086846988e-01
5.253566879160486147e-01 4.094799156647151994e-01
6.772431794769594449e-01 7.306253137137389553e-01
6.557134964762190155e-01 7.786649473516766840e-01
6.302813752451225104e-01 6.544569031296815220e-01
8.689549678333816640e-01 9.698688019967780516e-01
4.962936969442748314e-01 4.673306632822633588e-01
7.340820184310242746e-01 7.714389996466836097e-01
4.881887182225422839e-01 4.868485459851751296e-01
6.486140732078756743e-01 6.709028325939877524e-01
4.742464045478702594e-01 5.647693597734950721e-01
6.545741941067219072e-01 7.141643960839857419e-01
6.237865296866547116e-01 5.033793653893767761e-01
6.774369404304835252e-01 7.561199682084861484e-01
6.262748267295683569e-01 6.478249033340437446e-01
4.852920969074545066e-01 5.610096259194776724e-01
2.408633515513134982e-01 2.820053922344549213e-01
7.451171157762517261e-01 6.972076261606505732e-01
4.988994223987812671e-01 5.419892319570085437e-01
7.204806868015855015e-01 7.773661506162007351e-01
3.125015889758720466e-01 3.126307184122299465e-01
4.677268030816928435e-01 4.442020549480784619e-01
3.507143777916215122e-01 4.189082314729267731e-01
3.283383035179249232e-01 1.996515779845347283e-01
4.374579600015196523e-01 4.522798694730486013e-01
8.559220990446517741e-01 9.097520797626100775e-01
2.651376964002828407e-01 2.894402974271390594e-01
5.712695640280049947e-01 5.309722091578805703e-01
5.961571080785199594e-01 5.187774805996976379e-01
7.760058911886152933e-01 7.560750733299300697e-01
6.131689456074292943e-01 7.179518239720971140e-01
5.164012275180582812e-01 5.204332615931472894e-01
7.677595278522261202e-01 7.276355190874971290e-01
4.012629604342812240e-01 3.409295269737601108e-01
7.560917416716484984e-01 6.732835535595743659e-01
5.995127424187420839e-01 6.704776493217803335e-01
4.799367945373918531e-01 5.510046476673077231e-01
5.403871248215642575e-01 4.668512695115015765e-01
6.252039264216980863e-01 7.107013245691174985e-01
5.476967587088870104e-01 5.579115366907347884e-01
8.086317097968757084e-01 8.520765938238817894e-01
4.814799277013183110e-01 4.608234794528708322e-01
4.506372086917874720e-01 4.219700482344952430e-01
7.983650085051973155e-01 7.648202114379313299e-01
6.226124145323237435e-01 5.571880375850637446e-01
5.544837701919421713e-01 5.665004447713571922e-01
5.797067383599541213e-01 4.711926246804765683e-01
7.336971386123681826e-01 7.405817234583892406e-01
5.416482582159425352e-01 6.009701107575451395e-01
5.977025993026215955e-01 6.536565466003744218e-01
8.348958061770066497e-01 8.382870138946347804e-01
5.519634813990191846e-01 4.755001447275709614e-01
7.919442809929124749e-01 7.676363912770809428e-01
4.773082792596810009e-01 3.948355744198420725e-01
4.878832924233439394e-01 5.742835061762899818e-01
5.937624601375350863e-01 6.661353231855051682e-01
8.104691729612590878e-01 7.661294807452198041e-01
6.932352814862660084e-01 7.097104005088789025e-01
4.326765633737059691e-01 5.127257233717751328e-01
2.389505224564226760e-01 2.399940772084205309e-01
4.519817090797276782e-01 4.538658955479715207e-01
5.439562020722578106e-01 4.860377535679580308e-01
4.791588188928581071e-01 5.326618056055650863e-01
2.814180077783874356e-01 3.866497899587264531e-01
7.832392709887593396e-01 8.102515382554548173e-01
6.128641233109611841e-01 5.638712894497200923e-01
5.208897553750528875e-01 4.788462562341725404e-01
3.343464658834853775e-01 4.009386180326174332e-01
4.233514865938428628e-01 4.834003503657549605e-01
5.523660174560631742e-01 5.010498886231173898e-01
4.308603700406539172e-01 5.190549706187025381e-01
4.997593005194018168e-01 5.075750149684248314e-01
7.922730993783992925e-01 7.241877642060099429e-01
7.172643242811010955e-01 6.729929768647923138e-01
6.635525541285667295e-01 6.398054518200255725e-01
6.669723645899751086e-01 6.059379494402447053e-01
2.327968798174642195e-01 2.147347711203770326e-01
7.047421530271074097e-01 7.942764473272221348e-01
1.725313374953158785e-01 3.616796028186148870e-01
6.212989075432246988e-01 6.026006407890693861e-01
7.376794964812413147e-01 7.075330761969077509e-01
4.955914384346556401e-01 5.341999093794466136e-01
7.834754883177783569e-01 7.568697885660087277e-01
8.511812261597651030e-01 7.647139226823100877e-01
6.180872502158850645e-01 6.542929754698211253e-01
6.761888112731671008e-01 6.484962145686397061e-01
2.667006888957344501e-01 2.191286999232401889e-01
7.279654224453174782e-01 7.484720072317280204e-01
6.293350905883829949e-01 5.647784235808217534e-01
5.221773462255588916e-01 3.937016934061353668e-01
3.963257154591669496e-01 5.197705370414964499e-01
7.957676651047448368e-01 7.139502826516802569e-01
4.882390328727477802e-01 4.970956829059224868e-01
6.943849368871597427e-01 6.571576683430775390e-01
5.357852727624217160e-01 5.873771431359828821e-01
7.797519986071006493e-01 7.524468722155688294e-01
7.971956404918548733e-01 7.774658192466737949e-01
4.437102874761481019e-01 4.072267848571229920e-01
6.507043370489565826e-01 6.458200924773475071e-01
4.821338267081263784e-01 4.202357938645633895e-01
6.421193497494577240e-01 6.673710680154718577e-01
5.154993072902653850e-01 5.629084025791988299e-01
7.889917525600079751e-01 7.938388527246754700e-01
9.974207069879749143e-01 9.908224668993123041e-01
5.977965102015561083e-01 6.445177160495432211e-01
5.261421391023751726e-01 5.474976285618756711e-01
6.100400215200089127e-01 6.931428218056773227e-01
8.037608403578401228e-01 8.167860211857024266e-01
6.445766615558586876e-01 6.036141766183015234e-01
5.830282424900361526e-01 5.577791181805740184e-01
7.003172107162644044e-01 6.242630974091726292e-01
5.981652064993827622e-01 5.971152518094557937e-01
5.480098014001310025e-01 4.579476979024161287e-01
4.627832445466324440e-01 4.225676670361752096e-01
6.368490989381258016e-01 6.334481830127473012e-01
6.524351964658240410e-01 6.309290511671036272e-01
7.863466328827817264e-01 7.154104124894147265e-01
5.399372537824745910e-01 5.627192128151438100e-01
6.292699067996673223e-01 6.228705020397172776e-01
7.807363018461055404e-01 7.981071677302200573e-01
8.130497009070731806e-01 8.582532613188429416e-01
6.819731063386831327e-01 6.723838578837111335e-01
5.458110881345162868e-01 4.876533752688453349e-01
6.598767968478059798e-01 5.566983590395501169e-01
5.054910622938216802e-01 5.225583678832549372e-01
5.729011328154337557e-01 6.413218307377729355e-01
8.825030448927956295e-01 7.740250638488698209e-01
5.596177278980495329e-01 5.147563810908556414e-01
6.490965711470958466e-01 6.024425803952798697e-01
6.251268281514876790e-01 6.255547213440988408e-01
7.345646614266106988e-01 6.950990178820545262e-01
2.647783692278434797e-01 3.478625139345207229e-01
6.287335205216635359e-01 5.174414632862411878e-01
7.547741061770697479e-01 7.901322246242991065e-01
5.310630412024105462e-01 4.375312415400998134e-01
6.413373076091299918e-01 6.457582575869407204e-01
5.947591286310320857e-01 6.385652171138085365e-01
5.310369653203165230e-01 5.642311348771079649e-01
5.945817765603862437e-01 6.686017022771382212e-01
4.098863081802198161e-01 3.506917165500443301e-01
6.871689481222152951e-01 6.981353647050837496e-01
4.819687206148573488e-01 4.158241538077836474e-01
7.089715626243756619e-01 6.709582094460445623e-01
6.539436853247365677e-01 5.543024813133644590e-01
5.959133368532887332e-01 5.831698692557869546e-01
6.771987598018781584e-01 6.406812646757166219e-01
4.742558895557210663e-01 4.190912544211450319e-01
8.041232143309712255e-01 8.435386480741572379e-01
5.310697684281476816e-01 5.366220488340486261e-01
5.876396018189387060e-01 5.528358444140457628e-01
6.455336086808982632e-01 6.923921475376866308e-01
5.562623141742204513e-01 4.840873250246238158e-01
6.767647157329397256e-01 7.093767545464808588e-01
4.570033597641657286e-01 4.626923935978345392e-01
6.446364857106168245e-01 6.759011369599325914e-01
6.807828121500812957e-01 7.181034670334490722e-01
6.457045933845928509e-01 7.564202439079492635e-01
5.893053622596006180e-01 5.308982400376559552e-01
4.241415407709078211e-01 4.817635883423183607e-01
6.651912590454893692e-01 6.277670959028152087e-01
6.396438819220591210e-01 6.609854961022951780e-01
6.346476938222211928e-01 6.593578753991453656e-01
4.380749888196517339e-01 4.168553659923467936e-01
6.429490357343981000e-01 6.832364559435062379e-01
4.216093965435729896e-01 5.048008883360631804e-01
4.994261027536288089e-01 4.881705278449230412e-01
9.889931090722762219e-01 9.489475015336609198e-01
6.835012866920193719e-01 6.246254891167819512e-01
7.344052143402168831e-01 6.776634999590065433e-01
6.619838460120235357e-01 6.215561955483088763e-01
7.479593181638514165e-01 7.060148548260541945e-01
6.744692576242847792e-01 7.636980191774807025e-01
6.212165784732552876e-01 6.496677234567549419e-01
6.235324834860462850e-01 6.075512829340974363e-01
5.858334792499489962e-01 6.107803695183972037e-01
8.352936345953614339e-01 8.665214127755280771e-01
5.158086676605834198e-01 5.234791442097302960e-01
7.020384398475326693e-01 6.730757546494207100e-01
6.267289411496659302e-01 6.540098396332274522e-01
5.974160235778237515e-01 6.294274382864134543e-01
6.743371756950301554e-01 6.675006818646537221e-01
4.151054716625121599e-01 3.955647890830660818e-01
4.341387585504771218e-01 6.134325220696236203e-01
6.923364484714948919e-01 6.736236692459574016e-01
9.556254836603279568e-01 9.728149068037668101e-01
5.847110840388152209e-01 6.209842832604726137e-01
4.152302865429844947e-01 4.456523907025790598e-01
5.426679937330481929e-01 5.239547022420244504e-01
8.538207588680666316e-01 8.073654260886056200e-01
5.724265538621504668e-01 5.048719948028701499e-01
6.236729886212414309e-01 6.732991311671577828e-01
3.826240221474496717e-01 4.473625180800192003e-01
5.953142072043632327e-01 5.776042757481897327e-01
6.688859426126381180e-01 6.348039771718867463e-01
6.654629940565691681e-01 6.979268206205840874e-01
4.849474555002178389e-01 4.471454413248883708e-01
8.234163231598560229e-01 7.507339753519427505e-01
4.429696913224742127e-01 5.564656762711028826e-01
7.064203501467900548e-01 6.423842696364514548e-01
5.644044987484032605e-01 5.680471096756710692e-01
6.011697512333136206e-01 6.143807366505824596e-01
8.261284372930931541e-01 7.739539377712979507e-01
5.780958706005434600e-01 5.957358231656031400e-01
5.810035819451989658e-01 6.318613600097123806e-01
8.093330109502399061e-01 7.311153784245614240e-01
7.458502979283222478e-01 7.296654385366264650e-01
5.530677664403881311e-01 6.478720428562351197e-01
7.135986895470649571e-01 6.794442713056911831e-01
7.766584204162458871e-01 6.750399888957578920e-01
4.594360511812515258e-01 4.985800211020073869e-01
7.214896971310108542e-01 7.379567571367112722e-01
4.242583038586557054e-01 4.656350086079951156e-01
4.441468664668717925e-01 3.755471969022334267e-01
1.011629495357251329e+00 1.093555799406987994e+00
7.104781801689775689e-01 8.148290475932481458e-01
2.828922172439546356e-01 2.646548787050367890e-01
7.622709180002615881e-01 7.681443669008443109e-01
6.043079372230851787e-01 8.209581527113128940e-01
6.736319188095590826e-01 7.097204519480896368e-01
5.007292870346544689e-01 5.265609188067210678e-01
6.887693639289408365e-01 6.760806069247485839e-01
5.115628167322709974e-01 3.962158796628926227e-01
5.966916357608101906e-01 6.103634328015604682e-01
7.379480217303961975e-01 8.107350242710580357e-01
6.476379437088000124e-01 6.118152731400583466e-01
5.674167126487341672e-01 5.990216782079162972e-01
5.267752520437959385e-01 5.435737727769328620e-01
6.577270380918462944e-01 6.556766710866392955e-01
3.038888000137753287e-01 3.928390809654083715e-01
6.028070975551599320e-01 6.525558772360712245e-01
6.009994008850761960e-01 5.542460051791450182e-01
3.049191282422801796e-01 3.240550615623107866e-01
6.162382417553955438e-01 5.745286273378411579e-01
7.714259867533225234e-01 7.548806113590774691e-01
5.509261370121733004e-01 6.002047282556884911e-01
6.257147440863723986e-01 6.076290028331343684e-01
4.703254392032303888e-01 5.274893567785702286e-01
6.851835954537379703e-01 6.968279530291086044e-01
5.358292611542130324e-01 4.462942716529093579e-01
6.677655441664910319e-01 5.762415405660045176e-01
5.854657437909708273e-01 5.612908235758679032e-01
5.919322874859551664e-01 6.783754012872784678e-01
8.051630862315284354e-01 7.833081823878955685e-01
4.762561655780009895e-01 5.353854061853754454e-01
6.538076045580570872e-01 6.484434921186098544e-01
9.430239637006593290e-01 9.558218357102564733e-01
4.173524481048998536e-01 4.416261365195776611e-01
6.217921436832918314e-01 6.727338367992854451e-01
5.425553491181934751e-01 5.648027925013948680e-01
2.786582671448989412e-01 3.996970223709789272e-01
5.696741728098132507e-01 5.825772025242229590e-01
8.540988565553034872e-01 8.089621383133399624e-01
3.873060828487787655e-01 4.039009404003590653e-01
7.352748257706127610e-01 7.868237083396234510e-01
5.825881953280990233e-01 6.012177005615370051e-01
6.661340749787416637e-01 6.239932243544159540e-01
2.226188495498913622e-01 3.309577001418370634e-01
7.921731023474092304e-01 8.162943206808062069e-01
4.073095465395985548e-01 3.927624037276900570e-01
7.710379486437468621e-01 6.644323282036332934e-01
5.106433211945945461e-01 5.298015335666027559e-01
7.735691660128886094e-01 7.671890628212246765e-01
3.007544945003581272e-01 4.302045035003027595e-01
5.842627496129328968e-01 6.051684761537456936e-01
5.567376413053707340e-01 4.926550697084223218e-01
8.417866738263942716e-01 8.864091313591336840e-01
4.838674152536285855e-01 5.189600062178546525e-01
6.487654367720123716e-01 6.951266758841787574e-01
3.849264522779286546e-01 4.206288135571495390e-01
4.566409110621867384e-01 5.149035402214804380e-01
6.503199603235981785e-01 5.733517846221839465e-01
6.884130024691507144e-01 7.276679895080636618e-01
5.362086482961350153e-01 5.936941282365126860e-01
4.572008084515634119e-01 5.212364306928760627e-01
4.840085154706166848e-01 5.392321595994149508e-01
5.752664158620617307e-01 6.164325884103314390e-01
4.447708127861152994e-01 5.194661220772960331e-01
3.669644445164585989e-01 3.798038409496179435e-01
5.650273144103441503e-01 6.247278689252673267e-01
5.329722650273243101e-01 6.671405394759750695e-01
8.157495233720549743e-01 8.680309669490450242e-01
5.246397784642613527e-01 5.862668615748571899e-01
6.395129748048812290e-01 6.432758094441232144e-01
5.435600510125024876e-01 5.451184845781209543e-01
6.650269410632940748e-01 6.639565155914874950e-01
3.818448096186176643e-01 2.976252756845608749e-01
8.191087600950242020e-01 7.924865637322722201e-01
9.477838885266004487e-01 8.907396437318738647e-01
8.057211621375398591e-01 7.851732018146172498e-01
5.375909413171168216e-01 4.647222730909240651e-01
7.533040961929167167e-01 5.814967419831302831e-01
5.025425328610385600e-01 4.677616170612145519e-01
7.195653890362297966e-01 7.617944063692237977e-01
7.603171742741910988e-01 7.685928081187175520e-01
7.226276835129914478e-01 5.801112838407604944e-01
4.050432040220884877e-01 5.101314559615375277e-01
7.190334927268853260e-01 6.977402497767135614e-01
6.916996389369269860e-01 7.638556521838497648e-01
4.056733998812357411e-01 4.774754320628769033e-01
7.221510585221808665e-01 6.828731272314141343e-01
6.304995594768357803e-01 6.642410913776507497e-01
6.080129417648489909e-01 5.521252752219893978e-01
5.145853875151914503e-01 5.121246342009894148e-01
6.292785194918441016e-01 5.372421516760622628e-01
5.242320144146010996e-01 5.676698795765435790e-01
3.726884960813859338e-01 3.955162070763172388e-01
6.749531654455407370e-01 6.397634192580210488e-01
4.106161664014340018e-01 3.813739174665669585e-01
4.766902729289917429e-01 5.473765647244915877e-01
6.350627812331850475e-01 6.623113093554326980e-01
5.555824901527678383e-01 4.860682397991474835e-01
8.412538918433591917e-01 8.233782483448597311e-01
5.935123062454388254e-01 5.071306082700843820e-01
5.481092155444287073e-01 6.004626624633779830e-01
6.160130773960896811e-01 6.975796606866633276e-01
7.484002824516889918e-01 8.462960292808890950e-01
8.357747828297807935e-01 8.608248496135502137e-01
4.116702049817947962e-01 5.551262425802572231e-01
5.515022195476422251e-01 6.041338539747080905e-01
4.045232217017855625e-01 3.660111651363833207e-01
7.500978496886038238e-01 7.661550249865313189e-01
7.899162165843377492e-01 8.322514953819125649e-01
4.745985178029775153e-01 5.096941101403893448e-01
5.412592527457130709e-01 4.830027714759591029e-01
3.041807442793800220e-01 2.337234646389757531e-01
3.567105596692883851e-01 3.562285442369090283e-01
5.821328447524329874e-01 5.319301302373014018e-01
6.339580736516876591e-01 5.713100797477959070e-01
6.147823558126348509e-01 6.529541960641254139e-01
4.277975154376506550e-01 4.287969377975160423e-01
6.653946614545565019e-01 7.115164239595137552e-01
5.485920485078351616e-01 6.436313331806228222e-01
7.530805447485758863e-01 7.012054951732263897e-01
7.035416000678585968e-01 7.567478490911380140e-01
7.090234228579768150e-01 6.305925198568027579e-01
8.366386254786757348e-01 8.947249147189009211e-01
4.100295544544634296e-01 3.374340471749964765e-01
7.170776264115221732e-01 7.983544598101603995e-01
8.616299169505281519e-01 9.553888043550418097e-01
7.990096727157176559e-01 8.054749491322534816e-01
7.176936279786441109e-01 7.560179581658894588e-01
5.530497278335866351e-01 4.607874188532163906e-01
5.503894098621185949e-01 5.855739350482852545e-01
5.690088842950081771e-01 6.755415565675438883e-01
4.934161556658958059e-01 5.088815351940432219e-01
6.232832987332556085e-01 5.983518366378847153e-01
7.450956616922859155e-01 7.423393152071324774e-01
8.431190247675834915e-01 8.575719533719889931e-01
5.220683545928193059e-01 5.972732633539241665e-01
6.231341874701058492e-01 5.797453682933585428e-01
7.816398835332515338e-01 7.714468377395163889e-01
5.556112830638699762e-01 5.507936385454901274e-01
6.599771838635236643e-01 7.124350746246151944e-01
3.490681787682902715e-01 3.410816527901854855e-01
7.511513799407361081e-01 6.935520018187326663e-01
6.352840099414026609e-01 5.491673518784635499e-01
6.235009576929176900e-01 6.510775540003989059e-01
5.017509131019162183e-01 5.545826051094850939e-01
3.710478801027071727e-01 4.419614546611336792e-01
9.053700034193424839e-01 8.861037778129133846e-01
5.905217537919059678e-01 5.997438249477676786e-01
8.744481728772356410e-01 8.086673917874050987e-01
6.244037648838773880e-01 5.091238220556253413e-01
4.613996290416155777e-01 4.606926951596888031e-01
8.603056505496123885e-01 7.952933980064095243e-01
3.821194254620543518e-01 5.362506761246792486e-01
4.969985145169336649e-01 4.552182360533117977e-01
3.096378413446251310e-01 3.284154586277844290e-01
6.730807233083239138e-01 6.048446130048147351e-01
7.558987346535376295e-01 7.044244292380393846e-01
5.866524976187132978e-01 5.703234063842379520e-01
6.699794863420939217e-01 7.255517013158380157e-01
6.358577855499695231e-01 5.890358816337711856e-01
4.378488109946444551e-01 4.815223910381458694e-01
8.392032949059367031e-01 8.181426337332269316e-01
6.236681613668862978e-01 6.217138987666942507e-01
5.258850785276796280e-01 5.190195161185282569e-01
3.509567928771471501e-01 3.093005406403954161e-01
6.760860414710665456e-01 6.476752502067766315e-01
6.572175320748181448e-01 6.554694123069315648e-01
4.331905343668582820e-01 4.567982436532426194e-01
5.914862387832935386e-01 5.718401209541417174e-01
6.406210675775468877e-01 6.312688622127068383e-01
6.819131787103640541e-01 6.660779794990943081e-01
6.872724150966754708e-01 5.424697944517430370e-01
5.415448144054788582e-01 6.025741006093705554e-01
4.524288301125820033e-01 5.135751915952027069e-01
5.314249272002202762e-01 5.676339971992481193e-01
5.244328154447737145e-01 4.834680517089244289e-01
7.024124834998594080e-01 6.459251908081665716e-01
7.112577099212210596e-01 7.889569590974171431e-01
4.386819893992837116e-01 4.967665895499999706e-01
4.825921333058357243e-01 4.441058151585494107e-01
9.387652252957536803e-01 8.737821409937533979e-01
7.657702470643947823e-01 7.541844564947282059e-01
7.026561189562631204e-01 7.786481967285500128e-01
8.038829267158573710e-01 7.758028352636328062e-01
6.525874560707012328e-01 6.310982101219875240e-01
4.761740570056077759e-01 5.262552733304540764e-01
4.008861637194419680e-01 3.348946606395492021e-01
5.826661587989510060e-01 6.260674283543727903e-01
5.504424464763053582e-01 4.709585865000134874e-01
6.151480869452677913e-01 6.315876049446876861e-01
8.976935084259267672e-01 8.489667428562504004e-01
5.662747822840491496e-01 5.742086167609982139e-01
6.123063650855734563e-01 6.035629173131794589e-01
5.631137041815325039e-01 5.823998316455726298e-01
3.342122950698449002e-01 4.838662100068856220e-01
3.926376520611367105e-01 5.361847810037657647e-01
5.364529272013929262e-01 5.755708137276100977e-01
4.530181107421707987e-01 4.517463033001463124e-01
4.735855006921199095e-01 4.916717999676133433e-01
5.154353065885675100e-01 4.716881908755595210e-01
7.595787396517945655e-01 6.943596312518314217e-01
6.831045467846978969e-01 6.229999848319363043e-01
4.851734033361890797e-01 4.856092419892441558e-01
6.613045946481646009e-01 7.196118599106393621e-01
6.934033961495154053e-01 7.011832594596383306e-01
5.651880244684420740e-01 5.558305591962898751e-01
7.006798666409124188e-01 8.492068835618507006e-01
4.995494690681153704e-01 5.760453204970265029e-01
4.127087279218094595e-01 3.606436708774208855e-01
6.462317361707180519e-01 6.061258226557965090e-01
4.252255034719221727e-01 5.281991000361216937e-01
6.141875970272691054e-01 6.152324081306380643e-01
6.099153555974257124e-01 6.718395567942370139e-01
6.140670437278605842e-01 5.580280297270829859e-01
2.914936970039038178e-01 3.148853729299958548e-01
3.235836993531278072e-01 3.230799667071554415e-01
7.673101941073430243e-01 7.807659101842181482e-01
5.110117164279963653e-01 5.100964640094851621e-01
7.794344475889578572e-01 7.544706896850892353e-01
5.961390347687262059e-01 5.525497234922694956e-01
6.000855104444040578e-01 5.914201260929312642e-01
7.564138649748440857e-01 6.692907652408174313e-01
5.674281172046272692e-01 5.623945446761527966e-01
5.528872914543603301e-01 5.147900730462773300e-01
7.133753779767003644e-01 7.882954086680701300e-01
1.086453936964600908e+00 9.354159288365678782e-01
5.624949152103090322e-01 5.438223724970078221e-01
6.585939012031230000e-01 6.777346565087272179e-01
7.224212821785919170e-01 7.353724519879994981e-01
7.509791986547313947e-01 6.991214071113986961e-01
4.627361697510632976e-01 4.916167779241905067e-01
6.766929865610753492e-01 8.383930988980621279e-01
5.132254718493673984e-01 4.757008689828834402e-01
4.815941691761088661e-01 4.769505567555437642e-01
6.518028045948277560e-01 6.666251860251058980e-01
4.821902936121626460e-01 5.524105184359119347e-01
4.915310941971026137e-01 5.215865392430324432e-01
4.828260858384894605e-01 5.187680256292054315e-01
6.436514923633671614e-01 6.146954657120342613e-01
7.218683795804657910e-01 7.424491831197349567e-01
5.270235747746895294e-01 4.754575209645414691e-01
3.477221880535232845e-01 2.549845009722817579e-01
6.925974581140496023e-01 6.758566552276935591e-01
4.012386319291267878e-01 4.480794658871282143e-01
5.825155713998493301e-01 6.206723644929854622e-01
6.764916818165406243e-01 7.059756802259961050e-01
7.059791381640700969e-01 7.334461886666505670e-01
4.266016711194852151e-01 4.486685553755103140e-01
5.795841803323428243e-01 5.865752758548524737e-01
6.429156132148142744e-01 5.623457790527514044e-01
5.229879700245038121e-01 5.345541443374831614e-01
7.458899972735544281e-01 6.965422160241947491e-01
5.702809081970217076e-01 5.922093784094288882e-01
4.799006795836056050e-01 4.987177198804000344e-01
7.495044838094685469e-01 9.127200409976249373e-01
4.880904721513122380e-01 5.554640400686844393e-01
3.879911112964767872e-01 3.958225060630968795e-01
6.554448257784224463e-01 7.713805235537967153e-01
8.724922264325595256e-01 8.658003447586563039e-01
5.917347625744949768e-01 5.887413382653184923e-01
4.824540885077688857e-01 4.395932624471847183e-01
4.114020666113518132e-01 5.007205113151013132e-01
5.554519681842589041e-01 5.795214088780442641e-01
5.327834265891756571e-01 5.556551113169220235e-01
7.059949116059985874e-01 5.923055735218089035e-01
4.973520384978753484e-01 4.823716039624770247e-01
4.426414377527080890e-01 5.080822191222037487e-01
7.160193188427388389e-01 7.527709523607577502e-01
4.391408767479662578e-01 4.461317707474485306e-01
7.940325702508981287e-01 7.746176564351003879e-01
7.293314317320870321e-01 8.582533403684659001e-01
8.087028895002309481e-01 8.791125236758049466e-01
4.813334629923767816e-01 5.864619898038571089e-01
7.664857383169602079e-01 8.750528301301329082e-01
7.250091225058539202e-01 7.506681883978167935e-01
7.988835095669252206e-01 6.807733081943424525e-01
5.814455683848290812e-01 6.299163483484341297e-01
5.791218962054609509e-01 5.082281563258470580e-01
6.855696831783066880e-01 7.557528341223689328e-01
6.993012064973525010e-01 6.311639780392483967e-01
5.716807484103433312e-01 5.390683819178015979e-01
5.789823768194958253e-01 5.050612821864602919e-01
6.464161275036881538e-01 5.663026106165927054e-01
5.848068689355029326e-01 5.303043319912875697e-01
3.507714269237343085e-01 4.128664403173187836e-01
6.922799819310732072e-01 6.932828054554782682e-01
6.729710259232327685e-01 6.218818713655408503e-01
6.210487690084449675e-01 6.698853317137898333e-01
5.611843777584060167e-01 5.794708422414336368e-01
4.557398983893927724e-01 3.907225594659026191e-01
5.323607596748967108e-01 4.942906863471452361e-01
4.902434347275402282e-01 5.266132417195439341e-01
5.087729260751467919e-01 4.506931766852413923e-01
4.741601857504814665e-01 4.469141389854781599e-01
4.200316362421953609e-01 3.892242162403334871e-01
5.496330249047194361e-01 6.699488559274082711e-01
6.749467861672631130e-01 6.548712341830256189e-01
7.109428185471969863e-01 7.433440046399927281e-01
4.453112788609375761e-01 4.359812819638366754e-01
7.236004305743739540e-01 6.581746575448479408e-01
5.028482048501158319e-01 4.617795131372445794e-01
6.009578906279934296e-01 6.876622252492500253e-01
4.919174751162124215e-01 4.739117392673665163e-01
2.887856837534414356e-01 3.557991715772602093e-01
3.284995001287044913e-01 2.892315211868530800e-01
5.147329899917533202e-01 5.404690834701190161e-01
5.077963960102485075e-01 5.183866411918527373e-01
8.776878298370879294e-01 9.703292937334578871e-01
4.429217131240249516e-01 3.952496051869422988e-01
4.647388316539449726e-01 3.988615421416791817e-01
5.215716145738540366e-01 4.658354933886250104e-01
2.544907645717594535e-01 2.562646865019601039e-01
6.505209918949166337e-01 6.442880262600210184e-01
5.967563412282139712e-01 6.358112835965021858e-01
6.145493277231945939e-01 6.559325011557508578e-01
5.900793129051917774e-01 6.600262300665937776e-01
6.613960076584368686e-01 6.392495532337987285e-01
6.201747102408213808e-01 6.501866113461679531e-01
5.236863211765239168e-01 4.849395662323717215e-01
5.551851233367194327e-01 6.181485654707677968e-01
6.570506409719026886e-01 6.620435560844718514e-01
5.213044685239108800e-01 5.156112130649687098e-01
5.590091102620383667e-01 5.416592092132109793e-01
5.512128816998185243e-01 5.260978346571081321e-01
7.894801716560013727e-01 7.025434666432879283e-01
9.525390881106644558e-01 9.714973732050818933e-01
4.937688949251001214e-01 4.903796530019280953e-01
7.482680649341857393e-01 6.878105204105187109e-01
4.215474549253369063e-01 4.259956176504391956e-01
5.564508984238306644e-01 4.844734592051614386e-01
6.183122569575804084e-01 6.002345843733417619e-01
5.662392772214814851e-01 5.051084098714435644e-01
4.636606339806049193e-01 4.080800150105026725e-01
6.506167213715050579e-01 7.040412779104783247e-01
8.897536880331076148e-01 9.254313121980191070e-01
6.449657346293449223e-01 5.862032821226017543e-01
3.439474527041264107e-01 2.299827614060468706e-01
6.787877741890231409e-01 6.272818155798998152e-01
6.782753501482271519e-01 7.372093327686158881e-01
8.340938947359353151e-01 7.865030787623257247e-01
4.641560213182827632e-01 4.786195301430031246e-01
4.977720738558055191e-01 4.516906157260772159e-01
4.888078287868118377e-01 5.053882089604039285e-01
6.187829304136489572e-01 6.017046503482750275e-01
7.758558262968417996e-01 6.992951392065238636e-01
6.864057571688401138e-01 7.787627134571003529e-01
6.791825474959507503e-01 6.679197685693225583e-01
6.423853892640075669e-01 6.290473576230312114e-01
3.773704916054475000e-01 4.864255444219995339e-01
5.657217780117177464e-01 5.397219459447383239e-01
7.629523453233169050e-01 7.522546179955402756e-01
5.811938643638194790e-01 6.108358203119073071e-01
6.065211615377689158e-01 5.210136622237185877e-01
4.104119040924180117e-01 3.515184832095373801e-01
3.996473433828288679e-01 4.680066203283811954e-01
4.740193685859787065e-01 5.260264910457844723e-01
5.123105982566664718e-01 5.322049629103042800e-01
5.978133006673691519e-01 6.302839138293501176e-01
5.216947858548912631e-01 5.938052859200673161e-01
4.137727389522083410e-01 2.725104551624841775e-01
6.560329422684755274e-01 6.568665864747119665e-01
7.625462218269132286e-01 8.012011747612133306e-01
7.366171235684986218e-01 6.432603231975169145e-01
7.934546879975606926e-01 7.449145691833644056e-01
8.048945866728630660e-01 7.254895019290764635e-01
8.035575923703002221e-01 8.474914431788012070e-01
6.950140588343067805e-01 7.618579578768787108e-01
5.151163322617586804e-01 3.707484014624526369e-01
6.358211872746801774e-01 5.250137845035600659e-01
6.848253036175101505e-01 6.053816982025223004e-01
7.150886146920054642e-01 6.119983998042957118e-01
4.628530188222549357e-01 4.886426009265014692e-01
5.934075510252412311e-01 6.240462655573930650e-01
5.822496172652250612e-01 6.012337388398530935e-01
5.438450953766320595e-01 5.654955951455351570e-01
8.987602925050718339e-01 7.616658074168906056e-01
5.298283865112668467e-01 4.739389071611831983e-01
4.979612828251291368e-01 5.509670660340133530e-01
7.802006118677484725e-01 7.965965413184730171e-01
5.930039830679645352e-01 5.938310038512319977e-01
6.877475543465111363e-01 6.699815192526213936e-01
7.358176051663943840e-01 8.094946282312237562e-01
6.817083240632191288e-01 6.500537277175439943e-01
6.773163952476648486e-01 6.762763926953134774e-01
8.605096155614930797e-01 8.213960734731411417e-01
7.308533999023617556e-01 7.510116471244671077e-01
8.078371251566871525e-01 6.008169796584634792e-01
7.429737216386306242e-01 7.094448830419305407e-01
4.639811516877922482e-01 5.070879427994848809e-01
5.607853172139047881e-01 5.076656695354588855e-01
7.274958325531135639e-01 8.430235741839358088e-01
5.579269944381487489e-01 5.407682398642671417e-01
5.510958755013527499e-01 6.560750188639808966e-01
5.246592684848746524e-01 5.997781422541031970e-01
7.963184083380449030e-01 7.422492011294651304e-01
6.647141670088403398e-01 5.103835054141081518e-01
5.997379878347046667e-01 6.280075629662897896e-01
6.628421124630045069e-01 7.529527488782835620e-01
4.074159435248261851e-01 3.236362417711610706e-01
6.992652942539953065e-01 7.073400363006324687e-01
8.101547341190019624e-01 8.117458989284639381e-01
8.654572858034654814e-01 8.024324670325586606e-01
5.974045695619414342e-01 5.537063721506803038e-01
6.043213968592908714e-01 5.606551971345699048e-01
7.064077315866393869e-01 6.517295166353965774e-01
5.669327296417427942e-01 6.480433613261522563e-01
6.999174523784209567e-01 7.272770584202493671e-01
7.067618159104620545e-01 7.476832039040344213e-01
7.312843666721942082e-01 7.028510615702725506e-01
6.546651123839835051e-01 5.734022340421931485e-01
4.760999981259442793e-01 4.382133424378940045e-01
6.718997595414513135e-01 6.507513296360387667e-01
6.524156175334115959e-01 7.266130923989696511e-01
8.488896674470758352e-01 8.431784916260687268e-01
4.336916260207676066e-01 5.609304639453821517e-01
7.459173024623662052e-01 8.216886758716304140e-01
5.144548959182323467e-01 5.061178691191788870e-01
7.371156468124742123e-01 7.218179571340410661e-01
6.422710382706914300e-01 6.813129693551401855e-01
3.962192821446911539e-01 4.526127758622503494e-01
5.703841725109337624e-01 6.551837285932038402e-01
8.920411502512030077e-01 8.427477610956936038e-01
5.952784687722972867e-01 6.271520630799071183e-01
4.425286764534411832e-01 3.954161672862969157e-01
5.492810157264613746e-01 5.737895514265347607e-01
6.911474443157110681e-01 5.479085782222024026e-01
5.932627314242147065e-01 6.267560228615101092e-01
6.659860903486750638e-01 7.597537171688105717e-01
5.126821682727292773e-01 5.656506358472143114e-01
6.562538070104424470e-01 6.544519415438312393e-01
6.408577298130194722e-01 7.216807914301625049e-01
7.791206166979410819e-01 7.817484441234051618e-01
4.758443243244134258e-01 4.265784950279391530e-01
8.146155035938892341e-01 7.923135125220156505e-01
4.275668527306339395e-01 5.031328535111825317e-01
6.824626582632535854e-01 7.510454808470101717e-01
5.959455916290162802e-01 5.934877716321106389e-01
6.447749436611337481e-01 5.984551391050273450e-01
6.481117919685643880e-01 6.345579614921912359e-01
5.863778501180294533e-01 6.085289105460567338e-01
6.394422180688686952e-01 6.089660572600364974e-01
6.558274489731693579e-01 6.932200506892068903e-01
7.890350665423896404e-01 7.527785400297931639e-01
5.544211934443216139e-01 6.128653342071334054e-01
7.417865948859470038e-01 7.691335875711122760e-01
5.250117877449770321e-01 5.064884662309921959e-01
6.866048364084815780e-01 6.675043704328078586e-01
6.591167416887616648e-01 5.977882842328262614e-01
5.674435545576831386e-01 5.657512372126184408e-01
6.641513125009296248e-01 7.547933350711554246e-01
4.650685102883518329e-01 4.555018674333417561e-01
5.155867944785882395e-01 5.080067254737913318e-01
6.276141602318231483e-01 6.792205367547988759e-01
2.726100976594508785e-01 1.803081239028898330e-01
5.858054862429918908e-01 5.905775077623901526e-01
7.622117617971143622e-01 7.720529169106654654e-01
7.775825469160211334e-01 7.484859226002511523e-01
6.389883271331127101e-01 6.303467402607141334e-01
6.366315298479274798e-01 6.562393518022162642e-01
6.409273254659161312e-01 6.619685477600029122e-01
7.658499052657847805e-01 7.426307578757014305e-01
5.026112659949738548e-01 4.855975146682645072e-01
5.995195943741187250e-01 5.305957548147979264e-01
5.357710144977955169e-01 5.877040418330402582e-01
4.140436191492182783e-01 4.382641996710595622e-01
4.982396192655545453e-01 6.120377896193227585e-01
3.738044398966898219e-01 2.587332162887643894e-01
6.173004010299755207e-01 6.221796005970704480e-01
5.068134263481149926e-01 4.673389039299430392e-01
8.407628028878161297e-01 7.916636436121317066e-01
4.516227217462194798e-01 4.652815074056383948e-01
7.245582139787933862e-01 7.425908515675221366e-01
2.831391100982649234e-01 3.043549190266574000e-01
4.717930067403329764e-01 4.858511342286754298e-01
5.338621306557109758e-01 4.693755103876076085e-01
6.436564105476828557e-01 6.120129624755928921e-01
6.669350733505590156e-01 7.154954512471518591e-01
5.298928825799775755e-01 5.339640035408332874e-01
5.690775986963774180e-01 6.490598338950033241e-01
5.533192084526233900e-01 6.298377375470322059e-01
4.009233362163495129e-01 5.697689029511501246e-01
5.906824776118546616e-01 5.399228206920445583e-01
4.777995034235013039e-01 4.366436913409884601e-01
6.446509299655726055e-01 6.707876744944601954e-01
6.940192859383410573e-01 6.563655372928399734e-01
9.808076341462601544e-01 9.091223930817380339e-01
5.335114159619122054e-01 5.514317808392802389e-01
5.901635561531083374e-01 5.500658126081788835e-01
6.531098240204578076e-01 5.914108273638825075e-01
5.685176953939392597e-01 7.014121511501818507e-01
3.541408289908899443e-01 4.315916465884932496e-01
3.931123088302260760e-01 4.480520550001257929e-01
3.729796106937235955e-01 3.861731323484552392e-01
6.199856901378418828e-01 5.671732257749818595e-01
3.609184889205094282e-01 4.507532096218304640e-01
3.781598834294598310e-01 3.108694729061931561e-01
7.133267352212325774e-01 7.116809185126234949e-01
6.234460596636762775e-01 6.479799444210910808e-01
5.655973845283314150e-01 4.713630058575561388e-01
5.240155451357531025e-01 4.735454713183401831e-01
4.838060285088605639e-01 4.704845155601713458e-01
7.600669478378709876e-01 8.581627820831541076e-01
6.698665916414716648e-01 7.171400038118820319e-01
6.458180909568200789e-01 6.817391287514855680e-01
4.766033852205994181e-01 4.448003588144655573e-01
8.481775270763698416e-01 8.445798129421322464e-01
5.847143265986282090e-01 6.541281803330648570e-01
4.437674929344492258e-01 4.878771670561229956e-01
5.767204124099565288e-01 5.031042202878410752e-01
7.857135009968992945e-01 7.866508424048156423e-01
4.095567722401289856e-01 4.536338188867676813e-01
5.513643859518975177e-01 5.555034706347448115e-01
7.646113423767735284e-01 6.968646197556880306e-01
5.532906970273874236e-01 5.549038696561272577e-01
5.648613768185678508e-01 5.724153536367347916e-01
6.141932092447479619e-01 6.398596581166589026e-01
5.801895207410987521e-01 5.428809576117143987e-01
6.351444841125675200e-01 5.779106254964327949e-01
2.797344725350537353e-01 3.000270722785273736e-01
7.297821569086081483e-01 7.559343770046124122e-01
4.066352458823973559e-01 3.779120008950327958e-01
6.845133556406335362e-01 6.691713450917566863e-01
7.033060717236792048e-01 5.102142821263389028e-01
4.691446610454023669e-01 4.435632424418462505e-01
5.178974564915541645e-01 5.031232231192785953e-01
8.748605044285389098e-01 8.412039267569371148e-01
6.981015913199994927e-01 6.269460112446889610e-01
8.409651505177833108e-01 8.254979260442296685e-01
6.363370261925057614e-01 5.239735656672251940e-01
6.993725414320536293e-01 5.960452006344100218e-01
3.417496393413688160e-01 4.454561602785797048e-01
6.342437730639863824e-01 6.053842055202393047e-01
5.684869687045770448e-01 5.842454794805518326e-01
5.659961886823358101e-01 6.105889795877802451e-01
8.499638358311741859e-01 7.458775761543813276e-01
5.154949024284045667e-01 4.455034502488149362e-01
4.965966366783411967e-01 6.830887500692550685e-01
4.643280242350739107e-01 4.608773103132453031e-01
5.714094660143289595e-01 5.338029118674212370e-01
3.847752552729542530e-01 4.910072345661056770e-01
4.136657057173326324e-01 3.727774588770930153e-01
6.326535940820402493e-01 5.267812434011370781e-01
6.917717950408661665e-01 6.627829616680007696e-01
4.305925140746320046e-01 5.050453432769247408e-01
5.940026703885343817e-01 5.640247229473560608e-01
8.061879081572748129e-01 7.215527167512357787e-01
6.072801117989921060e-01 5.531092920847582306e-01
4.487854781448292751e-01 4.244416496683769413e-01
6.454914752799955080e-01 4.646282869643244551e-01
8.042527663601647392e-01 8.062177594961538185e-01
4.721388715578757056e-01 4.017602539077782531e-01
5.221649606069886929e-01 5.979968539339131084e-01
3.911971210892485340e-01 4.505635151950839745e-01
8.142476305865157249e-01 7.055859174548838597e-01
6.524015820365479668e-01 5.584168463667290583e-01
9.048391580777341847e-01 8.733920977824740639e-01
6.926037784712975043e-01 6.368199083280587924e-01
5.370785184789670375e-01 5.501956618663583765e-01
5.916846900310315238e-01 5.738556602767572734e-01
5.582381688647278795e-01 5.817553359497812382e-01
5.049195597596736196e-01 5.091674818784253098e-01
5.417522840084909586e-01 5.914301129290182590e-01
3.448985837059856951e-01 3.559625744741004016e-01
6.836832659640342813e-01 6.251316161489047785e-01
4.165406034230203502e-01 4.524726267038990946e-01
6.402733628669781130e-01 6.698664966871532567e-01
6.080219071123074137e-01 5.764444059949782595e-01
6.657263769046593005e-01 7.434912989913597947e-01
5.762634114082355596e-01 3.849029876069227085e-01
8.405330435150057955e-01 7.134173673425898698e-01
5.441719582020762003e-01 4.547915059878591126e-01
9.075463122953344453e-01 8.469049010265761179e-01
5.323232058906198771e-01 5.806743154464960588e-01
4.488234213854160326e-01 5.093390460085746030e-01
6.144224125201175335e-01 6.563126658378050093e-01
5.914704694603073465e-01 4.817617234064152099e-01
5.403816135089050121e-01 5.057148889992884033e-01
7.839130913915971499e-01 7.894514851358961360e-01
5.843953048009887796e-01 5.610760421624251260e-01
7.018522258317584361e-01 6.543888098274780463e-01
6.623234373250991291e-01 6.636405621305899727e-01
6.197386015879651211e-01 5.693998396266983786e-01
6.242834264941889977e-01 5.920255581710174297e-01
5.527279104976374757e-01 5.340697357691488456e-01
7.195393599082083869e-01 7.199195872121956219e-01
6.481023198168724964e-01 5.456821540225857969e-01
7.052492428612473496e-01 7.165057003743529052e-01
5.152589507368031674e-01 4.732957011770657085e-01
5.670203269317314332e-01 6.622753178235883942e-01
8.048772003801362152e-01 7.842739409205020662e-01
6.928650567030116836e-01 5.897199367363168410e-01
7.094000581547784678e-01 7.180154925350655803e-01
5.901644052897040416e-01 6.067021787063261451e-01
2.773987326960802857e-01 2.747605041019520744e-01
4.094583032738612349e-01 4.716870609961734129e-01
5.463216879180767815e-01 4.786009540124143147e-01
5.773129499553379951e-01 5.969621476563824469e-01
4.565648415681686778e-01 5.031809107445269769e-01
6.842556256858133290e-01 6.848177489237458060e-01
7.230189336116426002e-01 8.758925106049448850e-01
8.088744819860760327e-01 7.459677347876976228e-01
5.932200455019241980e-01 5.975383828927193219e-01
6.236564356020818378e-01 5.520764609941474221e-01
5.838208094764668621e-01 6.671167520978521503e-01
6.822899016720969101e-01 6.996336282694899378e-01
6.148357020491548308e-01 6.435211972412557824e-01
7.091055695035943796e-01 7.407993334870011104e-01
6.733009146018085200e-01 7.399382139166215122e-01
6.631514301318370830e-01 7.349604762723933593e-01
2.615218661637931929e-01 3.006969423983932299e-01
6.448616005144908181e-01 5.765002688270567388e-01
8.076885795662444023e-01 7.913450324658320989e-01
4.929686582261535999e-01 4.811618974755644262e-01
6.204796935076697384e-01 6.434241877080335570e-01
7.748005595468190343e-01 7.186209946033725871e-01
7.425491363045314541e-01 6.558677389734882679e-01
5.692166229150277257e-01 5.681584302955016152e-01
5.488776684536906814e-01 5.642628175983701588e-01
4.020594783039365683e-01 4.915860464222773785e-01
8.703603486931705824e-01 9.186259944658075050e-01
7.080005500640363936e-01 6.874863956090054851e-01
7.738745934975131968e-01 8.121722093774396134e-01
7.066486160975490316e-01 6.306999266625600287e-01
6.899363162370106828e-01 7.602129160048163303e-01
8.593247101591432457e-01 9.798827945356105573e-01
5.716152475711654413e-01 5.283275820336098549e-01
4.285236716626496523e-01 3.942075333843778062e-01
6.465271555420478711e-01 5.915337046618712735e-01
7.065607959142647942e-01 7.928893118422839503e-01
8.075084260987165363e-01 8.330132417138439438e-01
4.956526112884356294e-01 4.595374354878194456e-01
2.594914429535138956e-01 2.237936113583117725e-01
5.466830334512412515e-01 5.559763035619730287e-01
4.052108246501897604e-01 5.197453655575589027e-01
7.798425156724613228e-01 7.367725984100925718e-01
6.332508989320122517e-01 6.848275733276256716e-01
5.972838816178586141e-01 6.407632569424867031e-01
4.667555518596837039e-01 4.137666431861362626e-01
6.117230418659462821e-01 5.720999394606611776e-01
2.823011636363403354e-01 3.407281265526475589e-01
6.148312571355691869e-01 6.771206543737389172e-01
3.728974091030807236e-01 4.613618369134159791e-01
7.708073835879464264e-01 7.455519899670713935e-01
5.538417558867247958e-01 4.750901982462021889e-01
6.871992159193859306e-01 6.780385845845297021e-01
5.845807367476993921e-01 5.375876494989593191e-01
6.468665848424635101e-01 6.915704813568759324e-01
5.086597140637820758e-01 3.560485510430859701e-01
6.777706788193538223e-01 7.309191245206509979e-01
6.297483338886652460e-01 5.796148084677107404e-01
6.274703589285965943e-01 5.999700914444441313e-01
8.110305836883000552e-01 7.084736782634910579e-01
4.713766431344440511e-01 4.116802193284421207e-01
6.031736231393031167e-01 6.262178745345566844e-01
5.618943337196806720e-01 4.452561012450559907e-01
5.909122868781010451e-01 6.085920609960221439e-01
7.974428921616665278e-01 8.557803929192118186e-01
7.824977369053948140e-01 7.060607001361159929e-01
7.586940904553081122e-01 8.742618434156157470e-01
6.436833990433059594e-01 6.240810644299505938e-01
5.652440698585572409e-01 5.887469618774692215e-01
5.747312815444967082e-01 4.892719016168431967e-01
5.689211352554528478e-01 5.296424233908956225e-01
5.480550943866068225e-01 5.133360619418635418e-01
5.340551528275088167e-01 6.975553616991962969e-01
5.526737759266184824e-01 5.661848215795337591e-01
7.368649620821672297e-01 6.940767777206937605e-01
7.666503050492031734e-01 8.355725786203250793e-01
5.445593213341465288e-01 5.523252429791277729e-01
3.898143385720349019e-01 3.759590301849743965e-01
5.166410733574642311e-01 3.652347076116825297e-01
6.136822845947046412e-01 5.776692347382398340e-01
6.737842377872145239e-01 5.847735305152501617e-01
7.271516940875661916e-01 7.677388513879694898e-01
6.160535669729363395e-01 7.540807532876545594e-01
5.165037811249064692e-01 4.830301520436289242e-01
7.181889079289567324e-01 5.782040042080851538e-01
4.759950502716213117e-01 4.754618548511042042e-01
5.407006094190733858e-01 5.188357336619464633e-01
5.660838760434523387e-01 6.122175776566767258e-01
6.994628183950052369e-01 6.253638688685724256e-01
6.682731330172548834e-01 6.489279301366466246e-01
7.316670437452946762e-01 6.329102711842043982e-01
6.334808070715011175e-01 6.966350383223757214e-01
6.593443065292781124e-01 7.091624249230610300e-01
5.908920829642708705e-01 6.211288042086494654e-01
7.726430771982594203e-01 7.639643475300604836e-01
5.267992722988774634e-01 5.494142778755046752e-01
6.681988819517488132e-01 5.318936744921805015e-01
6.261323510354650512e-01 6.679272130514155581e-01
6.142130813455821681e-01 5.407123766102439610e-01
5.195181279700613608e-01 4.481472046983906443e-01
6.718836350355011922e-01 6.636930585918797698e-01
6.239828913640028674e-01 7.035934611474161660e-01
7.118950999318692796e-01 6.906007932699794738e-01
5.465169220956611618e-01 5.665285102309363108e-01
5.468504385391419476e-01 5.821790999669154143e-01
6.696574390419658407e-01 6.155534267548217198e-01
9.660362942629810989e-01 9.785611518097806494e-01
5.300991068029252684e-01 4.955122706557864576e-01
7.352781184004897330e-01 7.449587383589399980e-01
8.040381661561567528e-01 7.907674572009809610e-01
8.758814639824696879e-01 8.843696843768160676e-01
4.716244292814359973e-01 4.636703488732392131e-01
5.081584338396704092e-01 4.638702888610820030e-01
8.443925632981871265e-01 7.921664106621389978e-01
5.373387129652793526e-01 4.975595863676647301e-01
6.584451180637083123e-01 7.097357759051763360e-01
6.073852498163123670e-01 7.228284474238027002e-01
6.319437350186787317e-01 7.193114749067375246e-01
9.041370454154017411e-01 8.594180361845386029e-01
8.275312667869918482e-01 6.932262647155653656e-01
8.103307884027236563e-01 7.822550147564727441e-01
3.336131884536989722e-01 4.010601155460618572e-01
4.405461005667166141e-01 5.423517464624446616e-01
6.864538262649695355e-01 7.054062772536904280e-01
2.198423152965715277e-01 2.605392873465275372e-01
5.703963821305630955e-01 4.888530514425646345e-01
6.918110573708869948e-01 6.327933431846218815e-01
7.089148709208361598e-01 7.062226200787833363e-01
5.365882390814752378e-01 5.965205719913552196e-01
5.467178398920540250e-01 6.619937600921952381e-01
1.018452921688032253e+00 9.770872208775847056e-01
6.009533384773971809e-01 6.184911348368208328e-01
6.104721715585522679e-01 7.070566132395793568e-01
6.148725333472142562e-01 6.440863938565817293e-01
6.702726368214869668e-01 7.181550905318231370e-01
6.172374315702567893e-01 6.578429056511442274e-01
5.772008994976818297e-01 5.241887091024159950e-01
6.948682949083409000e-01 6.652348283954769848e-01
6.485215060102567097e-01 5.771558117648276642e-01
7.106467802190408189e-01 6.293861132302613903e-01
6.241501023279665272e-01 6.741489496763146683e-01
5.370281149035825985e-01 5.312944923822399135e-01
7.662628296601212696e-01 7.968536389002816023e-01
5.888117386103733919e-01 6.098338922278644381e-01
6.836209360323440842e-01 7.603981465563433018e-01
6.041393431403333514e-01 6.828459388917208495e-01
2.678120296375831044e-01 2.146491613905096019e-01
3.535325277345244266e-01 3.153056370778723472e-01
7.205049941417517312e-01 7.684807883986312094e-01
7.248862272845987276e-01 7.795647588709576636e-01
6.470442779153762203e-01 5.953372506254195340e-01
6.111024630602965857e-01 6.715117266251393602e-01
5.534642689330717680e-01 5.585912182077299448e-01
4.132613282251813014e-01 4.483671115579030420e-01
6.387544486195093629e-01 5.596109622528879779e-01
9.562954885562072738e-01 1.038693408519027805e+00
6.105810034086425198e-01 5.225598483464317656e-01
5.380629682266518943e-01 5.241354565313692815e-01
6.501428092861921693e-01 6.362925059254481708e-01
4.630256175304511279e-01 4.953322038531333682e-01
5.501463525413988753e-01 5.759386242398748523e-01
2.668759643225674938e-01 2.465609730674907796e-01
5.448140382522577152e-01 4.860582720915362920e-01
6.313407773692182312e-01 5.382820529638107088e-01
6.053819354198237690e-01 6.563295653707674759e-01
5.900534308740673639e-01 5.814727709185026905e-01
9.042277191317797946e-01 9.412490579492927001e-01
6.509031806262076669e-01 7.487877105470833738e-01
2.476972746902890987e-01 2.997041055758192796e-01
6.493567395530778219e-01 5.972078951943290415e-01
6.429019596774584455e-01 6.596384922790280436e-01
3.493424248116623887e-01 3.763472194733202270e-01
6.486542309686575969e-01 6.533413092091413521e-01
6.254572895850443182e-01 5.027577429033545098e-01
6.547568139911941199e-01 7.572340988578247778e-01
4.559466585619966206e-01 4.813456262607918590e-01
9.394897402181277002e-01 8.218198515194090614e-01
7.405977110227274229e-01 7.693135258462654447e-01
5.231327294925008919e-01 5.530202975876613580e-01
6.905127185138353330e-01 5.608837348156259228e-01
6.954396146983514715e-01 7.598894039904660058e-01
7.004489430699624153e-01 6.790760722909251479e-01
7.041709213866476080e-01 6.981461167525322420e-01
7.476989192796785755e-01 7.507671003463229908e-01
6.056833883541210550e-01 6.767134925567848125e-01
6.270270078863745544e-01 6.511192028853166613e-01
5.073771582016477488e-01 5.204828626524431456e-01
4.590394948587662727e-01 4.470435513999770905e-01
6.011726591307352541e-01 6.310502134182217615e-01
6.131962374441092267e-01 6.057790929867518104e-01
