4.834131600433956288e-01 4.908400414591518324e-01
5.769860331256263519e-01 5.955161011739592558e-01
6.940479952939313524e-01 5.236544693049136612e-01
7.242610557358855061e-01 5.871808761657897335e-01
7.618218042756815800e-01 7.773117331844400235e-01
4.640865267913963366e-01 4.826488294044690153e-01
5.840040312159512359e-01 4.342028896890112177e-01
5.316024307481903577e-01 4.864313135552901790e-01
4.125581367246282105e-01 3.611728330391049124e-01
5.543885255685520042e-01 4.457376271045824234e-01
4.616473796364661264e-01 4.729198088436581959e-01
6.309676865508334620e-01 7.514239091160749284e-01
4.507201165913023444e-01 4.433258488530640862e-01
9.183010762185851439e-01 8.146306653564684419e-01
6.702912090970564174e-01 6.481617704349836862e-01
4.966422054615911019e-01 5.488819736714851683e-01
5.346607252553071676e-01 5.559582298532238509e-01
5.513002598909739760e-01 5.639015511914482470e-01
7.026676781769546354e-01 6.052589662603443665e-01
6.044720799294780456e-01 5.469679166000411819e-01
6.224040301866405889e-01 6.782266127789867705e-01
8.668358615172627735e-01 8.911430384711157560e-01
4.781431459774457826e-01 5.620844905127792002e-01
8.474328776341106817e-01 8.133167330798414252e-01
5.781519972953385045e-01 5.541726819464377618e-01
4.661188859821271402e-01 4.838726788704615922e-01
6.862443121265825452e-01 7.320103513410501916e-01
5.340771292695964956e-01 5.624771727506172603e-01
5.610601635130524345e-01 6.595100028950903193e-01
3.941996097910866470e-01 3.804017482689561747e-01
5.708202917889458883e-01 6.571762347845083729e-01
6.832901023319001288e-01 5.736409238233554087e-01
3.756322740166302410e-01 3.406270549694896399e-01
6.052861112830676404e-01 6.277072589970922323e-01
1.660456565844299903e-01 2.093535242298860122e-01
7.170815509375140229e-01 7.759049063841269023e-01
4.388603131162248094e-01 4.704538577865547411e-01
6.311599872384332510e-01 6.455744031356474011e-01
6.490518159515270558e-01 6.066608359663492323e-01
5.673670089990676679e-01 5.981785928370264571e-01
6.420107634986119693e-01 4.405724179444556188e-01
6.350858819147819911e-01 6.390640619268401768e-01
5.780760899423954546e-01 5.569253835708930511e-01
7.547269753116163660e-01 7.870706022804732083e-01
4.540410207327355563e-01 3.998118909823422662e-01
4.952747048074011005e-01 5.301566118336560329e-01
4.832170016215062147e-01 3.854683397835773628e-01
6.424782071006942541e-01 4.881844901099017253e-01
4.267933543799104501e-01 4.328301319731110985e-01
5.374542840325817750e-01 5.165381796273631476e-01
4.777789420588382518e-01 5.814973623511696665e-01
6.180717514440520199e-01 6.162526306401995280e-01
4.802408057590175638e-01 4.671326125964246345e-01
5.890081845409350647e-01 5.833747391467464238e-01
3.704548510515155435e-01 3.849698378002617272e-01
6.127637645660564125e-01 5.296776952636965685e-01
4.552955970596224144e-01 7.211617879819727239e-01
4.138318762475098889e-01 3.538471749135316258e-01
6.553827031782374357e-01 5.959595345903586638e-01
4.995734185104925285e-01 5.514086673060221155e-01
6.968490112663706659e-01 6.997750246309447641e-01
5.242853713525061909e-01 5.752739988481536670e-01
6.126873966449525311e-01 6.605076534564514601e-01
7.643557758674615066e-01 7.013276934278325214e-01
2.555466026726023188e-01 3.323131026479327899e-01
5.164193934252901963e-01 4.882664759216063244e-01
3.881184244936274341e-01 3.798324083761879244e-01
8.315557292053880056e-01 7.390259363181427288e-01
5.931407076549759516e-01 6.231282519612402204e-01
5.452204442693354691e-01 6.772734075075491633e-01
3.612675144742752975e-01 4.560761703335315387e-01
5.234691519495734413e-01 4.336972455650845992e-01
5.747909068610611572e-01 6.249084790963345126e-01
5.438514707268805592e-01 4.968386200947439990e-01
5.213820320561723953e-01 5.896239053769218863e-01
5.567645627105284323e-01 6.576159492312927402e-01
4.876667392593269645e-01 4.532327382438381957e-01
4.486044080632777820e-01 4.983717698541637042e-01
5.397615073239813155e-01 6.387137744860448274e-01
8.772441785094130529e-01 8.668646532015794604e-01
9.033112558513752832e-01 8.782726962176145014e-01
7.707002483952132277e-01 6.791449979687758098e-01
4.841573579350765266e-01 4.986910710393843704e-01
9.092236986322357328e-01 8.180777970772261654e-01
1.019035024892261720e+00 8.934722589324247677e-01
6.252454122775985557e-01 6.302372486374381300e-01
5.121586405124656238e-01 6.706668709179375298e-01
2.713549641237771870e-01 2.570099327310674808e-01
7.738097057892509012e-01 8.788055417364001309e-01
4.877614958194346761e-01 4.416179646295798622e-01
5.220882591888639235e-01 5.312661160789219350e-01
5.859561739510165124e-01 6.374999188759732371e-01
1.006992215772118504e+00 9.884568130824589183e-01
4.713121680500877431e-01 4.300736622543461229e-01
4.474868641191421248e-01 4.890087408905675059e-01
7.335027525018483763e-01 6.889596184451193261e-01
6.594345042024224446e-01 7.656020134418067835e-01
6.066056273764610651e-01 5.336079268848297197e-01
3.178998328655531225e-01 4.331864374930909367e-01
5.993659448199584183e-01 5.928177141956223473e-01
4.067212388608449358e-01 4.109030989090929897e-01
3.341281793656941668e-01 4.266324259563094579e-01
5.915762111079307939e-01 6.484511149489189386e-01
6.443530521302309744e-01 6.693583638647329082e-01
6.771869605524245550e-01 5.599000321928622181e-01
4.644845765304077001e-01 4.927343882081307025e-01
5.991337080464332887e-01 6.152102161232478883e-01
8.875175122992264853e-01 7.655448599854814962e-01
4.999946168552296122e-01 4.604944684332888949e-01
7.515962015556745257e-01 6.883503047110992590e-01
6.223790820215063802e-01 5.639708539480779992e-01
7.416762896585693543e-01 6.020578601407746699e-01
7.739183705441659011e-01 7.486188320821367537e-01
5.536244612855388825e-01 5.224661706404384320e-01
8.293853508742462521e-01 7.802243771528242222e-01
6.921743441656693641e-01 6.713702679261002171e-01
5.729879541809347332e-01 6.853909081278347637e-01
6.127876308788466897e-01 6.621223319867526325e-01
7.523643589909251306e-01 7.641592128950377427e-01
7.304761798474670442e-01 8.245225850168107495e-01
5.916307900708023260e-01 7.001944411757842213e-01
7.611776471182968296e-01 8.517234782708639207e-01
6.901372474881583008e-01 6.930853920815672753e-01
7.457127901090550015e-01 8.507459232981346986e-01
7.515652031461661498e-01 7.896762466229598765e-01
6.887541896561319987e-01 5.778697688505327612e-01
5.197897324847401412e-01 5.102676470395125508e-01
6.620633036964401752e-01 5.903495438848026522e-01
7.174442352321327432e-01 6.855733540620002620e-01
3.305613250503930955e-01 3.490861941689016867e-01
7.516156364382350352e-01 8.590109656509180569e-01
5.067623693075172797e-01 5.330213461594964786e-01
6.424600859647564555e-01 5.693175124904568118e-01
7.069842201655306413e-01 6.494714653656218362e-01
4.050625280346360491e-01 4.836713972965014374e-01
6.970178136950334613e-01 6.512268663912973432e-01
6.380720927357771410e-01 6.135390332425226800e-01
5.595244372444917458e-01 5.181742922488773440e-01
6.173335963664894344e-01 5.890123429716298542e-01
6.854237857597471617e-01 5.406281645867121455e-01
9.242574024446501557e-01 9.450088676278025623e-01
5.634041790208101919e-01 5.251976157463040806e-01
7.134705666542472402e-01 7.005713002820567192e-01
6.529172898099198097e-01 8.005839893948036856e-01
7.349700043196469856e-01 7.331466077643924439e-01
4.418223072175347932e-01 4.523767547576582615e-01
6.648676719201279672e-01 7.349015003402473711e-01
6.320765017700623600e-01 7.377273840051142839e-01
5.345175741859878871e-01 5.037659930340582237e-01
8.949152802260192940e-01 7.492624328220071073e-01
4.938548405394286855e-01 5.222672406467651074e-01
7.012996300166561836e-01 6.694139753182172248e-01
4.496672880279811713e-01 4.683816764466326443e-01
7.485072281388766013e-01 7.299982693949819135e-01
5.221961672738323346e-01 6.220630320185011053e-01
7.014768214239480715e-01 6.790910065080831837e-01
5.963432515733594341e-01 5.373530617990075475e-01
7.568921444270650944e-01 7.005388729719690399e-01
6.450399199189588151e-01 7.111755573003611941e-01
7.234081661727586043e-01 7.804650903267015272e-01
3.158983278819627594e-01 4.816864699469974309e-01
7.266817924966505471e-01 6.413267282371898359e-01
4.691956079557972892e-01 5.426418103006271920e-01
6.473974052091865383e-01 6.107444691227464917e-01
8.173714836027157205e-01 8.034762821721952442e-01
3.562471817681822084e-01 4.185316186559527307e-01
5.757924283494014750e-01 6.662814791105654555e-01
4.410156705602936711e-01 5.157549456746217675e-01
4.689897482207077140e-01 5.540837999968217797e-01
6.227985080971184528e-01 6.989628367700947420e-01
6.732716639705988992e-01 6.629267063544188598e-01
7.259680247557021016e-01 7.612269931429378467e-01
5.933082222789480831e-01 6.867748581745432013e-01
6.771781058254097152e-01 6.039284029812549415e-01
3.814992635781787600e-01 4.277703371000194377e-01
7.476656724786895358e-01 6.303245427601144035e-01
4.689350520969889358e-01 4.769380543565654440e-01
5.695442125348156859e-01 5.383295251952094906e-01
5.604599020428685519e-01 4.546364175308809652e-01
6.970583997388052344e-01 7.371939813534101882e-01
7.543203946837535590e-01 7.565492749519049376e-01
5.216536934084400334e-01 4.646760689255862720e-01
7.970158325190616067e-01 7.444193289480182107e-01
7.549964850542404404e-01 7.637715623238688911e-01
6.429485247047252994e-01 7.269112014414325085e-01
5.924038522675355578e-01 6.066124779325000604e-01
4.873614639342088162e-01 6.840745778495623819e-01
4.546944271748196154e-01 4.385162569050675141e-01
7.043973337804195767e-01 6.644312299511129227e-01
2.290973466205091791e-01 2.177018696160094580e-01
7.002317572600251783e-01 7.505477977480592422e-01
8.675868169501058658e-01 7.936566166030928349e-01
7.184914951428740260e-01 7.558417213543517921e-01
4.669528989742157132e-01 4.274760540391862595e-01
4.634804437726469106e-01 4.699991019929943836e-01
4.533159955030535149e-01 3.646991994448000596e-01
5.246992883007797204e-01 5.425177996725611962e-01
5.555016561702446065e-01 5.479548112563539242e-01
6.155448177399193144e-01 5.984106052247911700e-01
6.734882600906966221e-01 5.997937569628037924e-01
7.101198699239494871e-01 5.854419125187986239e-01
5.848125978397411551e-01 5.298123517470834098e-01
5.203194068094328939e-01 5.174802157059991137e-01
9.466940652573405668e-01 8.426811050516900270e-01
4.972659411126010842e-01 2.695812291540614081e-01
3.701061989920649831e-01 3.752670688317438774e-01
6.811032952694546783e-01 6.904750110034898469e-01
3.776117769320199713e-01 4.559089302039137648e-01
5.906969852465868698e-01 4.841916680659393291e-01
4.869294553820206484e-01 5.844342661572252684e-01
4.670374324042491088e-01 5.390716454496072840e-01
2.782251444869171531e-01 2.968996783842865472e-01
7.715656283553047334e-01 7.343587832152143058e-01
8.518010148810346571e-01 8.497618910581614671e-01
6.517316700665160001e-01 6.304493803873078006e-01
3.924896173805068056e-01 5.030913845607974944e-01
5.045795269158005469e-01 6.414770908809833694e-01
5.764446405194348921e-01 5.319573596450474229e-01
5.622182401144261155e-01 4.452768572405635394e-01
5.187245524599174429e-01 5.334312409300044910e-01
8.464592220196252015e-01 7.410671887947630765e-01
8.869255505618668378e-01 8.103216911748557516e-01
5.010546058119644819e-01 4.868464851226437795e-01
9.002909054479298900e-01 9.707483532694692885e-01
6.996738826702197933e-01 6.309838587655887121e-01
6.062832867114038571e-01 6.979432079035809977e-01
6.478947436886773881e-01 6.948184824953481664e-01
3.950151809669581460e-01 3.577967639632129715e-01
3.868865601485499406e-01 4.726683987906569184e-01
4.250107810292445554e-01 4.881438382373711193e-01
3.598080770630633363e-01 2.900406917772626048e-01
7.319971277170809199e-01 7.022675610003228375e-01
8.223950741680915444e-01 9.383553934624321302e-01
5.873809139908011678e-01 5.946228631904756368e-01
8.363625371581875356e-01 7.548692065832038889e-01
6.426020300005966801e-01 4.951068764650669585e-01
4.479131211019711789e-01 3.377126405430200262e-01
5.312727676137558586e-01 5.419226017198806034e-01
8.813352998001078298e-01 8.375940562166119818e-01
5.251175148579095842e-01 5.403103213753414069e-01
5.900059680738444223e-01 5.483696178583775671e-01
5.351219788526018206e-01 5.338720001853027863e-01
7.474129221761248720e-01 7.069222478948703481e-01
4.318488362661737079e-01 4.456866077817859817e-01
7.393009168417854493e-01 6.139049406036043433e-01
5.450531136650575981e-01 5.047181957513244832e-01
3.917854349511558643e-01 3.657565255130270088e-01
4.651857426524703132e-01 4.678714408608735664e-01
9.404916946075827511e-01 9.297981427788133413e-01
3.920531421057886212e-01 4.241556414459818902e-01
5.988010772473623122e-01 5.357270440257276833e-01
6.505623853815297730e-01 6.497505897060523727e-01
4.757224295407478376e-01 3.772648067575675723e-01
5.981561162308310919e-01 6.580844805117611607e-01
5.410813571003918465e-01 4.802368160514533524e-01
4.838129155621151978e-01 5.132117457060118015e-01
6.159429418497850417e-01 5.474063585290793732e-01
4.835521525321864744e-01 5.326016546852199163e-01
6.819299593910156387e-01 6.495619886483400274e-01
5.202054126121836708e-01 6.598067068854339690e-01
5.092450610472313288e-01 4.372524433008220801e-01
8.516606806898028292e-01 7.932293654060389443e-01
7.763061666954251816e-01 7.159358199329437511e-01
6.386354101841855702e-01 8.184626184404077964e-01
6.464972247809681605e-01 6.615807041711769809e-01
6.513861178842721422e-01 5.791079391288977973e-01
7.302026491969351163e-01 7.121332090881713484e-01
5.090131291203157105e-01 4.604730773720741577e-01
6.594303275096276007e-01 6.776990174780319620e-01
6.923139596743000945e-01 5.828941028688522374e-01
5.484049233137143764e-01 4.880840156588511225e-01
4.082022031892311720e-01 3.893966194306244244e-01
6.299774462405329789e-01 6.748001039999429462e-01
5.669676001393902931e-01 6.894832601055672638e-01
7.138956450987009594e-01 6.620179784924556943e-01
7.508928936027723378e-01 7.289318220972740292e-01
8.010924671204773251e-01 7.834251469176263249e-01
7.061610370509984191e-01 6.848352284385080813e-01
6.034055822674162517e-01 6.732799962803948102e-01
7.020397737002461724e-01 6.786277357051200276e-01
8.027593884763635224e-01 8.104039273281549161e-01
4.890613869366628452e-01 5.580373032883600981e-01
3.489503998592488609e-01 4.215732072584344459e-01
4.446532553681099009e-01 4.136708902299957580e-01
6.956842613032050426e-01 5.990140991605266141e-01
4.130231284453528273e-01 3.970548039751319314e-01
6.833973202350531739e-01 6.302830482832753045e-01
7.809065812213954461e-01 7.474681717013887949e-01
5.294258781386858015e-01 4.489177938013196867e-01
4.401941335166540403e-01 4.410647096964516178e-01
5.225201175247856655e-01 4.664088841548529318e-01
6.568245926726061779e-01 5.706297000833178146e-01
4.419920946291321928e-01 4.733932574467642485e-01
4.824792016826415786e-01 4.248861766680025465e-01
5.428983163169259774e-01 6.105608210683185488e-01
6.930007143609078213e-01 7.518475870343783729e-01
3.371043115563844839e-01 4.099551649030677702e-01
6.581287504727283411e-01 6.899409467314253641e-01
4.090862022852861934e-01 5.459746955767744714e-01
6.958074662770769025e-01 5.629598903534124288e-01
7.593367642896933223e-01 7.977202279871602464e-01
6.599961567652603556e-01 6.872135734202517998e-01
5.088432123775188387e-01 5.123459715099458744e-01
4.869909830570986475e-01 5.843221019869375699e-01
3.922047552879383558e-01 3.952536497559317463e-01
6.142816144364816600e-01 5.844355630169538740e-01
5.749244623263247700e-01 5.505189972622206440e-01
8.247135359087608419e-01 8.935753392185578070e-01
6.354544627497694664e-01 6.715881891707272677e-01
6.080810095309666652e-01 6.323879086963278828e-01
7.003048857063506327e-01 6.910144662038982810e-01
6.674084447084384086e-01 6.934721225433763125e-01
7.133716703728605335e-01 7.220541676612199922e-01
6.286959295763145938e-01 6.591040845804245762e-01
6.735441107777534464e-01 5.614756554997920590e-01
6.832755317366536740e-01 5.965592839809694681e-01
8.861452463923988887e-01 8.071209555827785209e-01
3.442384756349396446e-01 3.974545227082003085e-01
7.807921762131548871e-01 7.915205784082466334e-01
3.694143430895546754e-01 3.424923578324935436e-01
6.391906898803700887e-01 5.797023583282772119e-01
4.251269119373178307e-01 4.665826875392316553e-01
5.014189234384996974e-01 5.136623095975879627e-01
6.047662620173728243e-01 6.271372570318878292e-01
7.164817641424581218e-01 6.446560605340543315e-01
6.129694494072887023e-01 5.577474702038184295e-01
6.871797239909887001e-01 6.050333631099040765e-01
5.489454701057366881e-01 4.912135265845235521e-01
7.117390736779600768e-01 6.959355417923438480e-01
6.220068173201115380e-01 5.918308236426249591e-01
4.938953370606945503e-01 5.466696786304380273e-01
7.350806062190629042e-01 7.613262698960934216e-01
6.157452754917545068e-01 5.689166379222641012e-01
6.293474606288482764e-01 6.759521871340903321e-01
4.429731890164805286e-01 4.701433731555735296e-01
5.027795703971174035e-01 6.944102141929591188e-01
5.010894096948801391e-01 3.815481789254018263e-01
6.557111197260407920e-01 6.334703528404834749e-01
4.144595965855347730e-01 5.481510072440122228e-01
3.851054185193751311e-01 5.199242994110956362e-01
5.946320161485502132e-01 4.714219082717950871e-01
3.635788863243571423e-01 2.838737941603645676e-01
6.676911711775037617e-01 5.123153297865534750e-01
7.283160873014684622e-01 7.314221998285581616e-01
9.100317072682846398e-01 1.047128981785578006e+00
8.185557831061016643e-01 7.538877121443272600e-01
5.696264718670852600e-01 7.333686459721923123e-01
7.814045336987121004e-01 6.074947484616020077e-01
5.593156537286944063e-01 5.444818231506599604e-01
5.081173350437937497e-01 4.436386021111061173e-01
7.130664147968865940e-01 7.464045658773503789e-01
7.019530210320110708e-01 7.770424078046245242e-01
6.010108436815208011e-01 5.895065495867696237e-01
5.393284621283783720e-01 5.312849322655598394e-01
6.866857504968995052e-01 6.732005533767573269e-01
5.130187434278998815e-01 5.086980935035700924e-01
6.075122908760307583e-01 5.266493584911372539e-01
4.901916411640382387e-01 4.457820371782907909e-01
8.468276664266961573e-01 8.147234131025024029e-01
6.619647314130486793e-01 5.897432799350786903e-01
6.541388649395450949e-01 7.588573039345757332e-01
4.152635486303387080e-01 4.446786547416932689e-01
5.660160887773303395e-01 3.331923285896555287e-01
6.119593835452599162e-01 6.258645605703350157e-01
4.184192700313061342e-01 5.195716501381035801e-01
3.906107009563504207e-01 3.638612529846428911e-01
6.859734639213334040e-01 7.960385245804869614e-01
4.967381601342316655e-01 5.620080347352408578e-01
5.898130832218705377e-01 6.352412052383170638e-01
7.070072805294888019e-01 6.484318616636882693e-01
5.316138429899571749e-01 5.860323467367362094e-01
2.312845896642019006e-01 3.688072917803853490e-01
3.162693209004093231e-01 3.685210890633655034e-01
4.501488690537764348e-01 4.396210932339694177e-01
7.024055048316896199e-01 5.832387878587431684e-01
3.681790719166136983e-01 4.166666015894837649e-01
6.384274103728883043e-01 5.871507955699529768e-01
6.892178524463600242e-01 6.700151338495788922e-01
8.684535229983787463e-01 8.533621489067158006e-01
4.599422585821617560e-01 5.450716429873454505e-01
6.885744815444033717e-01 7.108499327633465148e-01
5.391960074176461726e-01 6.456501049906172574e-01
7.028552413473079241e-01 7.599616584538899655e-01
5.521421452946534414e-01 5.776091062707794377e-01
5.988496908340901204e-01 5.780253265317638611e-01
5.323700039818639596e-01 5.222021130921044030e-01
5.541701146561268665e-01 5.646881899257802928e-01
5.216159306963896736e-01 5.333186602216015704e-01
3.047106183928424139e-01 3.132762322488084061e-01
6.475804826784238299e-01 7.376836133475052071e-01
6.307242611376222552e-01 6.517811381954621286e-01
6.421965391735336981e-01 5.941095427591610578e-01
7.420926003109711289e-01 6.704015538747938319e-01
5.680074617825381367e-01 4.177087083761125696e-01
6.910021530058052530e-01 8.231283847572192780e-01
6.609704303731981367e-01 6.589532715170675070e-01
5.797875099636774499e-01 6.728611110443191157e-01
7.279982947271410598e-01 6.388064865877027820e-01
5.556655974821808064e-01 4.816880697145821122e-01
7.553039311040583570e-01 7.604143087608892237e-01
7.640826980406602020e-01 7.759437410837531912e-01
4.489906991914303092e-01 4.534908946326459134e-01
4.749213269459404696e-01 3.557240393987686211e-01
5.200854849136126168e-01 5.319815610064330125e-01
8.373166752178923256e-01 8.635591097912412861e-01
8.058317437136524042e-01 8.563220347524982401e-01
9.128525197961455673e-01 8.312277523917653843e-01
5.654429072226452302e-01 6.978573392387077412e-01
6.818233510239928297e-01 6.498514212407255908e-01
4.591909972072428237e-01 4.642451360725394216e-01
3.176551074297059851e-01 3.009220116233806697e-01
6.584531933462900444e-01 6.385777453086163291e-01
6.916876915296106265e-01 6.058924740067874737e-01
6.977215531833560469e-01 7.155247344871678017e-01
7.039306164158855017e-01 6.170668283292964906e-01
6.039746154646068454e-01 7.158719419620354074e-01
6.830515400111270008e-01 8.243000466467964582e-01
8.238376431659397703e-01 7.592995398164279486e-01
9.770091316887362654e-01 9.340104205406097870e-01
7.795623013134918011e-01 6.913907965361394403e-01
6.063666017567387323e-01 5.924732221755130146e-01
4.394744668463840265e-01 4.181596537229923527e-01
5.962694293571270121e-01 3.824759953860747963e-01
5.182524237779272402e-01 4.726494234042734055e-01
7.219405404233342205e-01 6.205702146615982295e-01
4.897887802030933546e-01 4.239986019890508162e-01
5.695984902950218531e-01 6.687462635338242700e-01
6.668474473056003049e-01 5.675358525989491199e-01
3.788014975653616889e-01 4.298355974717506522e-01
8.047997531469159860e-01 7.918327743715787292e-01
5.179229136461421801e-01 4.647815915117533558e-01
6.175398692515829957e-01 6.824672988413067465e-01
5.091436622600173934e-01 5.115275348534167321e-01
6.713396026435928254e-01 6.655612298486760503e-01
7.438274197045025016e-01 6.295503638701811511e-01
4.365372545075950628e-01 2.811149983385221596e-01
4.620765969878078971e-01 3.995601663814738469e-01
5.628087780336807899e-01 4.413174591674773328e-01
5.628138479438061781e-01 5.227495076051061895e-01
7.891990817748888443e-01 8.741602231435459114e-01
5.352817381340591041e-01 5.714982960237322551e-01
5.292456353084133980e-01 6.023654567962368755e-01
6.978832298222080732e-01 6.763216505761192598e-01
5.215759209296227938e-01 7.100674705800326114e-01
8.077303414078897958e-01 7.856406413808363354e-01
7.850583382375568853e-01 6.979578277927043217e-01
8.381372235100068568e-01 7.400014258310569915e-01
2.792921924957614821e-01 3.402477145526563995e-01
2.878520555481294263e-01 2.763683983953684198e-01
5.497852960489431062e-01 6.471943665527546408e-01
5.114445623298161658e-01 4.517377772105100608e-01
9.458118020601931075e-01 9.955787538096514400e-01
8.188904454910789221e-01 7.741147781398550753e-01
6.167753866416851860e-01 6.032058066704664157e-01
5.580927913281658048e-01 5.705529989454448669e-01
4.712544306817544326e-01 3.875792368304178392e-01
7.231118954749443661e-01 6.670560710399434656e-01
5.335410437626213476e-01 4.901440123509265834e-01
7.270460194163271828e-01 6.792899052179824926e-01
4.293563379072519726e-01 4.073881881693000584e-01
3.788758257979427668e-01 4.594423398522086144e-01
5.791030113899262588e-01 6.879887484052724655e-01
1.006701574767616236e+00 8.889511642947792724e-01
8.211065562961866737e-01 7.872324253320818199e-01
6.454933105839171237e-01 5.869900508890637525e-01
6.967862399627985370e-01 8.576640810956789318e-01
7.352957907990154141e-01 7.882560402118090614e-01
6.317663853591017897e-01 5.602556074165858657e-01
7.124871108769561534e-01 7.440851496046079205e-01
4.910010768672099513e-01 4.045543114534297935e-01
6.546030652610277389e-01 6.010602670211413479e-01
6.200368693647556606e-01 5.860853360056924588e-01
7.758397228251466826e-01 8.313725394100649480e-01
6.583241723743115115e-01 6.808744259484383887e-01
4.302078931266144490e-01 4.713885894773772733e-01
6.015029524658914717e-01 6.089743420880222580e-01
7.464325061410114204e-01 6.810255001034376532e-01
5.432917508103608517e-01 6.281314834721877238e-01
2.988660987682889569e-01 5.792341909280940282e-01
6.199443633134195109e-01 6.513370062931845839e-01
9.306019322327382381e-01 7.662195387871316710e-01
6.676367271710249574e-01 7.202348537101840309e-01
6.271391606073467573e-01 5.903312504985970266e-01
5.951797507291198830e-01 6.328545098950775216e-01
6.385487941721093019e-01 7.027330172081365234e-01
6.696089959172933925e-01 7.702039131556354112e-01
6.444497869416215829e-01 7.799356093509931531e-01
6.543439467103622231e-01 5.934191735892249131e-01
7.049984491224819960e-01 5.902531020025628683e-01
8.640734791376766255e-01 8.351466835197013383e-01
3.650174743998501614e-01 3.586104418116073389e-01
6.330110638255851407e-01 7.313376770664937743e-01
6.682356430344109643e-01 6.278847517824786006e-01
7.455710792170560097e-01 6.657724157508488894e-01
4.684878943629616210e-01 5.620488902981883861e-01
6.240100145090184958e-01 6.764200247944452959e-01
6.446555923639938346e-01 6.161910816597817586e-01
5.438616177961080878e-01 5.471198586887858761e-01
5.345214733232505067e-01 4.663144328936296157e-01
6.717334929419744860e-01 7.603239087741104907e-01
6.433345794004209361e-01 7.175247552978524235e-01
6.016114735501578714e-01 5.942913554214364069e-01
6.076504971550136247e-01 5.941433309215806702e-01
3.406551481672684956e-01 3.588722535361351662e-01
5.265058626091092542e-01 6.690195367066145149e-01
6.669078179168580478e-01 5.768900775975779327e-01
5.453555855185435730e-01 5.964559876102201175e-01
5.784356496509140966e-01 6.651579478970300885e-01
2.950432721060888275e-01 4.730742797191614946e-01
6.497184975294213460e-01 6.465348182712661318e-01
5.025155134943306567e-01 5.315716448217042700e-01
3.538426197190247535e-01 5.000126638749001762e-01
5.712717443408160678e-01 4.438567977501074457e-01
6.825272336638438242e-01 6.525377303146918662e-01
6.095216367637087407e-01 6.113237684958195972e-01
7.255484496847850462e-01 6.666676592218485631e-01
5.775996294596051905e-01 6.338911756951651766e-01
6.602745273072625487e-01 6.535453519381628773e-01
5.189153179703990260e-01 5.222268007337270701e-01
5.159486482747963620e-01 6.422539464286924904e-01
6.686639685002190303e-01 5.699309305910916779e-01
5.492520383120090832e-01 4.114456784337915951e-01
1.250615175498588916e-01 1.786087246541036566e-01
4.436854019214543920e-01 5.685849445505275490e-01
6.246790259615129237e-01 6.672889948736442367e-01
8.347259720454853760e-01 7.021948395607338078e-01
9.644984604952767659e-01 1.026903919664970299e+00
5.685265336283302773e-01 4.897432774450943271e-01
5.986548723416007523e-01 5.811537697415694037e-01
6.203986937779472077e-01 6.108464041074693762e-01
4.257284349214874863e-01 6.026081318189796532e-01
4.360269319382950592e-01 5.151696356800703480e-01
4.462236667380311550e-01 5.422894386638706932e-01
4.541498440829607741e-01 5.803323959358637207e-01
4.786039675587118736e-01 5.229541225004487037e-01
5.182953059547856789e-01 5.930575724146478489e-01
5.651239754168098095e-01 6.703271764677944944e-01
5.148953146881762866e-01 6.438533069556551247e-01
4.725995447080312273e-01 4.001291036903829035e-01
8.239006783280398150e-01 8.782619093080730188e-01
4.683123865144809828e-01 5.049404095857402686e-01
5.644401159365773912e-01 5.830405849098257987e-01
5.726074536140792759e-01 4.555554183356344544e-01
5.678821271590015485e-01 5.284644383163985548e-01
6.330975815831165754e-01 5.699662853441949117e-01
7.010767408818388002e-01 6.518996493496849176e-01
7.223502316933767542e-01 6.769485194794884197e-01
6.377641487983498614e-01 6.295299655332946553e-01
6.143357787940028070e-01 7.256058984654120136e-01
6.455821035641946537e-01 7.659500957356837336e-01
4.030095014281421806e-01 4.117368605418689764e-01
5.494630983497093002e-01 6.638103628345475293e-01
3.956547979997750986e-01 5.106068575503455165e-01
6.916529517351716061e-01 7.185853251030910327e-01
6.278222777979535207e-01 6.225737763947073455e-01
5.350028088873686194e-01 4.544132246217832405e-01
5.698040904834981157e-01 5.053185247707040473e-01
6.760450047831157994e-01 7.201458727829962436e-01
7.163137037261877449e-01 9.268104193820874137e-01
5.257445078150931872e-01 6.096998192437036446e-01
5.010826591006419806e-01 5.301364123855961674e-01
6.534579538882010485e-01 5.161680802504757803e-01
5.082480340411884567e-01 5.347333946837459218e-01
6.172332250179930480e-01 6.984958654477522177e-01
5.818693073241942848e-01 6.839073664027650601e-01
5.141928317728126085e-01 4.763600819041183820e-01
5.606478130629870549e-01 6.060324311137472719e-01
5.999508590620000748e-01 6.596171456485148132e-01
6.903335950875542082e-01 4.874316077034822059e-01
3.639028268450292258e-01 5.696563088499522198e-01
4.240566583112182486e-01 4.545811417494402540e-01
7.357466984499135831e-01 6.265581458978289886e-01
3.757026207664378448e-01 3.243403760483827836e-01
5.268287270730123151e-01 5.235229404447880874e-01
6.469076758719140008e-01 6.922929506246328080e-01
7.673046069677401659e-01 7.917670315440877848e-01
5.458581284435357617e-01 5.169332073454593335e-01
4.572273788100059688e-01 4.545952845560545796e-01
7.345114372358877430e-01 6.327925766787950712e-01
3.464483310340340516e-01 4.001836679856030088e-01
4.578793706299417732e-01 3.432637692361403259e-01
7.012640909270871914e-01 6.784770489532808702e-01
3.724332997833234016e-01 4.216727408859543003e-01
8.575428293623376108e-01 7.989097900466110014e-01
3.571786067730760572e-01 4.168053479690606022e-01
6.074409369415171289e-01 5.698937806983809251e-01
5.592891701028946949e-01 6.427184111667488819e-01
1.974980690002719474e-01 2.071098483856883554e-01
9.748137556977223284e-01 9.275795158747888181e-01
8.734968139784745622e-01 8.377615413202142980e-01
6.065308393012244226e-01 5.514999739007119262e-01
4.738079689340789491e-01 5.902359418248844802e-01
3.969359939062713227e-01 3.789896637114829048e-01
3.652417503077249883e-01 4.303449116957769327e-01
5.262395917481971219e-01 4.663059963155326004e-01
4.870283953689129031e-01 4.980499419390349014e-01
5.930875139562670206e-01 6.549294676998180798e-01
5.288100312800798619e-01 4.574247722337755895e-01
6.702197020088815904e-01 6.735661346015278106e-01
7.365335620762681890e-01 7.718266002797294911e-01
6.963428979428341048e-01 7.280412542755554384e-01
5.530765641398529553e-01 5.174260260310055148e-01
8.375871764315113710e-01 7.832792290182716277e-01
4.481115675028313206e-01 4.366847814546463979e-01
8.672786962496531471e-01 7.961321402222015786e-01
5.310475530353306883e-01 5.752769775514485762e-01
7.392217722094557297e-01 7.333570856661791870e-01
7.724498214635746596e-01 9.054996784523821063e-01
5.427929238534805467e-01 6.265651433539458637e-01
5.203170996935286841e-01 6.048349776228765240e-01
6.317844474446162595e-01 6.474446830535843800e-01
5.008971828045274410e-01 5.182093899914905766e-01
8.241130190566132718e-01 7.763495764252614784e-01
5.163368763221509727e-01 5.121781537821181729e-01
4.478947048510144580e-01 3.779508902504120638e-01
4.703589397214870127e-01 5.282588011944056028e-01
4.152255282650212376e-01 4.920234124526167152e-01
4.800646723304555219e-01 5.399777385083521786e-01
5.162441369159856963e-01 5.663187099269074709e-01
6.351316978633977373e-01 7.124238724364962971e-01
5.430991907444100431e-01 6.638315649720720746e-01
3.963684304816036952e-01 3.349218765158178956e-01
4.860628064980347940e-01 6.006691553234941860e-01
4.769239173486756189e-01 5.430645591004112926e-01
3.466739715214958162e-01 3.832899594975143209e-01
4.858652225989136819e-01 5.285824973347907907e-01
7.899162186808059705e-01 7.289052283366981300e-01
7.992088257507157234e-01 7.746713849467210533e-01
3.825600540107353398e-01 4.408736598939447804e-01
7.051394164874145165e-01 8.014379354049219195e-01
5.905599538569664686e-01 6.319561400214847025e-01
7.050980632415854155e-01 7.388413514109878344e-01
8.214514051323112964e-01 7.146103404651732438e-01
7.141169853395458178e-01 6.638707175292398732e-01
6.337583420309828020e-01 6.183306141342431728e-01
7.270127552011862448e-01 6.847862544106149141e-01
4.752797560428007051e-01 4.391358331168012663e-01
6.799436267938828715e-01 6.608669141389892365e-01
5.068781673252107378e-01 3.913462164665401644e-01
6.060054638173573149e-01 5.563170752164834365e-01
7.326381417032061805e-01 8.335793261827884049e-01
6.136415166546398403e-01 6.425133145554808856e-01
7.895734582905530319e-01 8.328310466450866700e-01
5.993848844414869648e-01 5.966816179995534375e-01
4.698282271711837765e-01 5.051378875284994185e-01
6.750943213479478899e-01 6.242328394799645519e-01
5.918044157654013260e-01 6.322934961838949652e-01
6.102080873207029743e-01 6.136123116048028958e-01
3.101824990978061525e-01 4.279779172958947386e-01
4.874446223955679058e-01 6.095600099486981893e-01
7.406083081173906457e-01 7.124923787798249641e-01
8.515480590252620940e-01 8.195969380019635375e-01
7.626237249955103437e-01 7.853563956112563638e-01
6.778155401512955258e-01 5.784360738373670596e-01
5.287771201397928333e-01 6.406027807803424956e-01
6.993498986686460528e-01 7.794392755789357752e-01
6.214698475888940088e-01 5.800579402993322198e-01
6.652386724285670461e-01 6.062516437337310826e-01
6.803443328064051610e-01 7.028258783607161941e-01
3.545159578535844735e-01 1.655587871330691518e-01
5.400295143830897704e-01 6.871369002027181150e-01
5.241156302490669328e-01 4.438004412606844640e-01
6.428131185161113370e-01 5.314174498539067093e-01
6.592535445865960186e-01 6.929358204764864970e-01
6.024720879589882117e-01 6.616704072049641727e-01
3.841472748235289503e-01 3.940329140668972219e-01
6.944287408260877426e-01 7.030324481828443828e-01
2.804268566933652562e-01 3.920288012738029626e-01
5.275328257664518850e-01 6.020188466966550633e-01
5.647808840522172691e-01 6.423029968427367287e-01
3.978467812407999737e-01 4.311925665341851399e-01
7.429617888028726691e-01 8.083242360935428694e-01
5.511113001832170788e-01 4.314118302378366909e-01
2.854552366910793060e-01 1.730471302040179349e-01
7.324284925723267836e-01 7.668973417135998005e-01
5.570216425537504179e-01 6.611674864454870626e-01
5.575802677560290910e-01 6.549517122710788453e-01
9.946870613872201838e-01 1.010247624228480356e+00
5.688542754804428725e-01 5.140802172619254318e-01
5.127201670736549755e-01 4.982765265355029172e-01
4.000617177437808536e-01 4.402956058942139039e-01
4.743665404688066634e-01 5.298594631576176717e-01
8.590689896542662574e-01 9.581601251121254492e-01
5.551444516827753750e-01 5.257015549474092220e-01
7.098891714206763126e-01 7.074311024732495845e-01
6.024439056319461638e-01 5.341201358988840742e-01
6.083906187130161403e-01 4.824611466571584462e-01
7.474484083355733555e-01 7.932591145780915065e-01
4.816472827214887120e-01 4.309271921122269644e-01
8.281211109244805968e-01 9.052177204800782029e-01
7.034081053390126570e-01 7.750891770837535777e-01
6.562796773296081243e-01 6.650557183991133714e-01
8.823742928101112604e-01 7.997157525972264924e-01
5.776430131281341529e-01 6.289299736843957378e-01
6.076555693593433949e-01 6.684309209463646928e-01
4.328573277579634837e-01 3.584741854525199667e-01
3.841090478255250185e-01 4.350019999154417505e-01
3.826916383625628693e-01 5.907022344327688135e-01
7.668762945226705874e-01 6.563738364859617036e-01
6.380349181559139549e-01 6.449587160242453709e-01
5.123907902133281178e-01 6.879619056764770813e-01
5.061806432735778127e-01 5.938377577065327984e-01
6.886467960948134959e-01 7.254336635638123365e-01
4.420605603577733023e-01 5.619549320245825763e-01
6.591899499701048271e-01 6.020053093089086094e-01
6.959375420986245731e-01 5.668600828651121359e-01
2.415337160506356995e-01 3.043157922878027555e-01
6.711542559851968459e-01 6.847016168397335178e-01
4.620473152863845412e-01 5.104445790557007312e-01
4.671647781011488143e-01 4.866063102546027141e-01
5.785128515424863282e-01 6.566767145957900231e-01
7.511157368578574856e-01 8.050173906060452689e-01
5.059021131970816709e-01 4.875739401785862959e-01
5.337107860687944072e-01 4.722151395800656126e-01
4.493279424646174913e-01 5.560624825492763712e-01
6.932753990990870863e-01 7.717064357414503695e-01
4.273429984176431717e-01 4.123169269248783686e-01
6.189292153872224533e-01 6.499057649843799078e-01
3.730540856086962398e-01 4.100458846773903376e-01
7.857298798968171960e-01 6.812206031181681221e-01
3.760736053589302519e-01 3.729022494158667489e-01
5.334824620510383308e-01 5.325588061725674560e-01
3.584701528147606897e-01 4.522223127239773932e-01
4.018545717250985860e-01 3.806386469102446823e-01
6.430224452139030600e-01 6.330404613398852298e-01
9.215082252748295621e-01 9.053693293280823395e-01
4.672211033382205891e-01 6.030834218401955882e-01
4.738984407805986176e-01 5.457986945488435548e-01
6.287012579014109592e-01 4.919004187952809581e-01
7.576318083899854505e-01 8.737102184340684863e-01
1.017394054267735548e+00 1.010336459404895137e+00
4.200450771510874093e-01 3.773327891381036414e-01
3.649765937179675346e-01 3.918402418091553319e-01
8.695230372690634368e-01 8.132063249416094930e-01
4.815036577525851902e-01 5.684852677815906974e-01
7.085393169878229092e-01 6.124182285852814989e-01
7.070735808718560111e-01 5.998424533201405229e-01
8.596761412551638948e-01 7.117081242705785016e-01
6.253112783722264423e-01 5.335359262109872214e-01
5.085218741513536367e-01 5.085468419754556324e-01
5.842752262091792659e-01 6.231995988354386284e-01
6.416726258113638615e-01 6.255133991031520679e-01
4.826656644393714224e-01 4.821420106523879312e-01
6.725565651211213858e-01 6.170181404453813911e-01
8.432324224146254821e-01 8.331201440210020959e-01
7.697910590780591145e-01 7.714179911133426382e-01
7.431877807237434741e-01 7.445331373783745654e-01
7.673977427591984757e-01 6.521146943184323863e-01
6.056409501412201024e-01 5.542776948351344490e-01
5.382532249995308771e-01 5.605203588653333568e-01
9.408819694877008644e-01 8.956776506859571718e-01
5.664050239138009868e-01 6.162249412224123368e-01
4.352080010592827009e-01 4.413395157003831004e-01
3.963844829790764135e-01 5.318896562472958944e-01
4.744935625410499624e-01 5.016811577060600325e-01
8.098653608522353720e-01 8.860842510554610696e-01
5.411744515379293130e-01 5.016055790132829539e-01
4.755890114856248241e-01 4.467141556120883816e-01
5.417336993234912468e-01 7.306988424925687786e-01
6.558056247270734884e-01 4.474647614041847854e-01
4.472229081706689535e-01 3.909236591734063793e-01
5.307402150160994703e-01 5.640217827738013279e-01
5.673713372530977406e-01 7.182851884294236822e-01
5.667333440718568260e-01 5.074170992570598004e-01
3.512643705070980227e-01 3.757178235147351497e-01
6.186983531678392767e-01 6.494053605874662294e-01
6.333159476773897456e-01 6.376884560286164572e-01
4.925275400763516886e-01 6.029184715951881879e-01
6.304182424020796649e-01 5.883211084167352389e-01
6.000184600025422199e-01 7.434403035878558441e-01
4.788033493520135742e-01 5.856907542404902189e-01
3.916816633852148177e-01 3.504015229706705092e-01
6.231196140318098209e-01 6.129314122878719573e-01
3.218722448820442450e-01 2.804089593298294547e-01
5.351901527632680899e-01 6.278152299335255648e-01
6.990468166317519438e-01 8.007645464328526641e-01
4.401038047680781995e-01 5.799039977019188052e-01
7.195296581380972167e-01 7.521735097743087461e-01
7.053002008376137999e-01 5.947522558066903331e-01
9.537325264050551255e-01 8.993033869271058744e-01
6.228245256309884459e-01 6.056985670754239104e-01
4.819622341728866388e-01 5.482223049718948360e-01
5.341734101016792913e-01 6.481085793394882888e-01
4.584525314995617773e-01 5.338445977242822771e-01
4.893953038319286963e-01 6.306786530850543304e-01
6.177839902188089205e-01 5.440885857547810289e-01
6.118821760682892075e-01 6.450936462238711089e-01
8.294691283528432546e-01 8.066639877127566027e-01
6.509398168081726999e-01 5.184551055763902960e-01
3.686943876780141571e-01 3.501397084845614960e-01
5.314618969198432463e-01 5.402917725530622661e-01
6.135164382817496209e-01 5.408801265530550628e-01
5.780640436741073529e-01 6.668295979539968776e-01
5.393503299880930690e-01 5.029697003588664561e-01
7.234842606812853516e-01 7.618290133124204777e-01
5.843836322488324964e-01 7.542580999441874656e-01
5.232736354523337408e-01 5.104900112679433555e-01
4.052490283432679252e-01 4.952176917497312925e-01
2.409343014192843191e-01 2.947060967229193640e-01
6.568324304801256286e-01 6.576092292615998147e-01
6.339328289523442628e-01 6.734805478956142899e-01
5.899569717244050882e-01 5.575694418982204414e-01
6.674343267717343098e-01 7.715508906901461517e-01
4.484859017085581767e-01 4.325000133298591010e-01
4.717781596430560276e-01 4.637661278451502556e-01
5.603049539334349349e-01 5.860419923319745150e-01
5.431494735548568764e-01 4.842056982187633030e-01
7.370393959425581842e-01 8.163124583464457240e-01
6.532738226298883122e-01 5.367226859752948220e-01
4.017506932240628714e-01 4.821867999091511425e-01
7.655143393839412003e-01 7.293519672244519469e-01
6.810307618068291990e-01 6.438835268206779539e-01
4.046405468589893140e-01 3.865822890577156334e-01
5.700425035626370818e-01 6.690176605549924549e-01
7.252256460778342406e-01 7.230682315857300813e-01
5.133921858326623289e-01 5.162303142707945769e-01
5.383297150193473435e-01 5.520252211069165416e-01
5.858494970780505628e-01 5.885334899909211437e-01
5.928891230623033470e-01 6.493100068329779040e-01
4.416891638420341049e-01 4.154160437321870458e-01
5.456073109951109501e-01 6.528644324180352676e-01
4.574218618069670339e-01 5.072398983123338478e-01
2.645111229122401597e-01 2.521083188099178529e-01
5.483430581010783067e-01 5.843680194053927357e-01
5.416024318879186783e-01 6.091584316526812426e-01
4.048731566227445899e-01 3.908575530064205550e-01
6.697573154426247344e-01 6.437302203632980779e-01
6.493741755680050298e-01 6.140992358722682232e-01
5.006042672833309615e-01 5.293596123108402773e-01
4.288843698015694095e-01 3.522934481871285994e-01
8.397608925755631892e-01 8.473993365595412497e-01
6.548751411104009046e-01 7.091746721030071088e-01
3.928602529246834063e-01 4.591296743384646328e-01
7.282960940184738385e-01 5.807329267569366626e-01
5.037892649046171734e-01 4.863064330626448162e-01
6.349940841286307869e-01 7.078345836575743455e-01
5.351431367195524924e-01 6.533916638780055131e-01
4.400318659718520098e-01 5.086022184464923379e-01
5.798587297128188212e-01 5.749086750196878981e-01
6.849832353460875156e-01 6.693408708455480527e-01
4.886360184964052000e-01 6.507196567992589165e-01
5.064579670539779421e-01 4.313672479294982653e-01
5.772784963424245630e-01 5.089209852968615833e-01
7.851244434511905901e-01 6.859633223052856721e-01
7.613670960550938949e-01 7.175928191394173039e-01
5.842732758470245980e-01 5.819969125796258247e-01
5.570407792167165750e-01 6.030046632528768269e-01
7.910294878300090371e-01 7.640537883378970552e-01
5.485940967734322937e-01 6.434761455944019160e-01
6.392705033642291923e-01 5.664133952940344496e-01
5.882358675117665969e-01 5.385218162105064321e-01
4.054593415628617858e-01 4.263193494081907176e-01
5.067716942760202015e-01 4.746849035425410035e-01
5.702738369286649567e-01 5.321808744032378025e-01
7.554563275630927777e-01 7.955914254157439025e-01
4.728090763814467579e-01 5.935871905914116287e-01
7.010081014678477551e-01 6.183723929976567835e-01
6.584430888242667201e-01 6.811419855500284726e-01
4.209508082583182098e-01 3.500273692570918804e-01
7.707538320755512595e-01 6.357380212607265380e-01
7.058246833874068926e-01 7.601711777049298124e-01
7.500064059127974359e-01 7.744917188093317639e-01
7.590176927754629377e-01 7.494643191622142320e-01
6.054337741460785738e-01 6.353758177371459093e-01
4.306082167720480247e-01 5.892061756834603425e-01
5.127634880815113982e-01 5.498538396291391406e-01
5.110226292742303666e-01 5.346950631169493651e-01
4.890430593983087215e-01 5.316347298415683431e-01
7.430249432405554577e-01 6.386479029567541099e-01
2.010447478287132606e-01 2.241112483773575470e-01
9.319248941025215505e-01 9.629831500263124067e-01
3.488029386679823429e-01 3.965263625164039962e-01
6.846830579715480480e-01 7.020230576222811214e-01
7.403589865411944748e-01 7.699681376604073924e-01
4.353663333670059199e-01 3.509419492589817002e-01
7.228801674680657152e-01 7.551062670657094911e-01
5.119956185928394854e-01 4.926200563231778462e-01
6.105640069005103809e-01 5.991354603221080710e-01
5.756029843943955004e-01 6.175803048602677148e-01
6.545501584376715032e-01 8.027555065869561579e-01
5.749785184196866128e-01 5.383145099397180777e-01
4.643718333792254405e-01 4.558310220581140437e-01
6.643689864919331001e-01 5.638283581268592748e-01
3.460385824752362227e-01 3.131985408428772377e-01
6.333530543940932844e-01 5.960049349695659693e-01
6.469376221870056787e-01 6.516442243521144428e-01
3.802472878375613985e-01 4.957819003001184277e-01
4.846521442467368601e-01 6.109576502723559344e-01
7.402994076620382780e-01 8.701603257881841413e-01
4.634484156933694199e-01 4.521420155344311742e-01
4.787331577710018382e-01 5.003058269643092526e-01
5.789884518842595140e-01 6.816350196014492324e-01
7.715387559800974682e-01 7.621993477312343224e-01
4.198456613252800063e-01 4.860844141492992598e-01
6.730322602926523956e-01 6.637089685166355224e-01
6.367808959763203713e-01 6.173070315896769245e-01
4.315808302769638116e-01 4.858817137376051365e-01
6.190130777068891810e-01 5.084738257916763260e-01
3.911625620077274768e-01 4.777433334178314839e-01
7.539139543238612129e-01 6.957839090419798422e-01
5.683637517701269903e-01 6.591540714180494920e-01
4.153919453130890949e-01 3.990052069677192392e-01
6.313104263297274477e-01 5.807472720142882183e-01
5.581320359785058027e-01 4.771035912280650049e-01
4.931427346332293293e-01 4.566488401594689384e-01
5.546599846090568553e-01 3.897857892940273516e-01
7.433678200778650602e-01 7.002810226555882256e-01
7.698962120499582840e-01 7.087001888519200987e-01
8.222266458181767268e-01 8.205919929804176283e-01
5.931417061303008165e-01 5.143129813056210864e-01
7.171641307438936241e-01 8.697983318952426934e-01
6.757382475564367441e-01 6.716304556561157879e-01
6.364817404676094137e-01 5.810888909840935534e-01
5.635486016074877647e-01 5.745521068856591640e-01
4.679076750327816336e-01 4.828651680078461794e-01
6.157242809903215042e-01 5.127803252464605555e-01
6.503521611912058686e-01 5.333174527344609617e-01
3.928274506460673887e-01 3.892425517850696126e-01
7.446582147470219848e-01 6.267236583492825641e-01
6.711864165353281786e-01 7.613773691266424448e-01
2.657071457444465379e-01 2.821872683696098338e-01
4.683757777585758619e-01 4.953143966317090641e-01
6.416396094183097754e-01 5.899088033118794483e-01
5.700260507166756696e-01 5.592905677816264465e-01
7.563961604400497585e-01 6.845775752272986736e-01
6.163417960537679319e-01 5.039394699734099925e-01
7.066642197158454763e-01 7.294201334268324288e-01
7.061986363614566331e-01 7.489476649121084018e-01
7.537583001728825893e-01 7.453558385929194285e-01
5.564949431962199489e-01 5.870035313536280386e-01
7.755924639600324522e-01 7.232439860464838777e-01
7.937659614932174312e-01 8.515215410968829390e-01
5.869483164756653659e-01 5.323327589776994939e-01
7.716881678637683706e-01 7.429699458981215976e-01
5.339379455268785657e-01 4.900629240631476646e-01
5.485098429027728262e-01 4.706256255493968532e-01
3.961438208937245742e-01 3.951863154899060149e-01
4.917726205843240272e-01 3.670627313326653152e-01
4.510791536934279922e-01 3.904971794730017765e-01
6.922074109716748191e-01 6.146471389361939375e-01
2.998301987454678463e-01 3.413731780126559312e-01
6.749494676067161469e-01 6.421038803425539454e-01
7.470950621914369538e-01 7.597466974898616776e-01
5.030955071237328546e-01 3.936163486246168630e-01
6.431999983153495748e-01 5.881288597052458655e-01
7.823776389842653778e-01 8.738845356020652488e-01
7.028357915420851976e-01 5.494225856395226204e-01
5.723353938330115742e-01 5.516792055356067870e-01
5.867380513266581277e-01 6.093168980936668477e-01
8.257056682536352277e-01 7.815810639895257594e-01
4.759832579686037457e-01 5.505369896346431480e-01
5.213500761884063417e-01 3.421095690326426131e-01
7.423314460883448929e-01 7.105534509174028512e-01
7.762305668367911471e-01 8.621672556309295521e-01
5.441021318444274613e-01 6.564019262978939562e-01
6.784754855682004759e-01 6.215611279258954625e-01
5.964779752206599284e-01 6.679922969768359309e-01
5.767939142754922033e-01 5.892762795317784130e-01
7.394870489794241886e-01 8.231276558440497881e-01
6.592051587380620692e-01 5.755140955853050855e-01
6.496044215753414841e-01 7.109458112973493504e-01
7.287563669807106681e-01 6.640695915127454718e-01
6.793203509849082833e-01 6.974625247715674492e-01
6.444608116369719975e-01 6.623759323284629241e-01
4.930460405885800368e-01 5.108202250896237695e-01
5.199407763751076050e-01 4.136192373460516603e-01
4.740764235976877017e-01 4.525579394200049399e-01
7.311192041255802909e-01 6.806913558403684394e-01
7.452368452023268031e-01 7.510369674999921585e-01
5.030672168693757218e-01 5.149569453286615417e-01
5.349485867126801963e-01 5.779332521975177883e-01
7.460512072015800245e-01 7.312839362964488332e-01
6.183246276847067513e-01 6.623054488831641162e-01
6.587861082249998335e-01 7.176415654106805819e-01
5.148238172843807581e-01 4.675835263066830394e-01
5.290994130698342124e-01 5.199588708025054684e-01
5.715431692134123054e-01 5.623531026657881959e-01
7.176196000588693780e-01 6.846625072318132110e-01
5.481233589644077808e-01 5.536488276696552857e-01
3.557850136882997338e-01 3.454602277917837583e-01
6.600954223020655265e-01 7.439882233257698596e-01
6.306134661328126612e-01 6.866105748684716570e-01
4.533411517905736043e-01 3.925837836695961758e-01
6.735555375879065387e-01 7.943006212809804456e-01
6.345252955235333170e-01 6.598431131125653826e-01
4.821404579464375617e-01 4.862496954683274142e-01
6.730117751683075689e-01 5.832189841465313940e-01
7.555329981683187590e-01 7.209406210565929563e-01
4.807152894054855796e-01 3.657894770689915642e-01
5.790252592962298328e-01 5.058651346493786560e-01
5.655927075943102400e-01 5.267070733431543639e-01
3.681363928212744718e-01 5.043613202841353838e-01
5.512035958918649614e-01 5.489806373800404371e-01
7.033384377087187334e-01 7.537417621790155620e-01
7.581674038300857399e-01 7.934292627966311739e-01
5.346833693047179370e-01 5.827113114555959594e-01
4.733548528095899988e-01 6.649371667104629902e-01
2.965399833983100586e-01 3.701351671430317958e-01
3.049690780879224516e-01 2.781439603047017317e-01
6.728513014270011139e-01 7.078681466744566331e-01
